-------------------------------------------------------------------------------------------------       
 1971-2000 Daily/Monthly Station Normals                                                                
 Provided by National Climatic Data Center/NESDIS/NOAA                                                  
-------------------------------------------------------------------------------------------------       
 Station COOP ID:                           251450                                                      
 Station Name, State, Division, Call:       CANADAY STEAM PLANT                NE 08                    
 Latitude, Longitude, Elevation, Elements:  40 41 40 -099 42 03  2362 XNP                               
-------------------------------------------------------------------------------------------------       
 Minimum Temperature (deg F [tenths deg F for monthly])                                                 
 DAY  1  2  3  4  5  6  7  8  9 10 11 12 13 14 15 16 17 18 19 20 21 22 23 24 25 26 27 28 29 30 31  MONTH
-------------------------------------------------------------------------------------------------       
JAN  12 12 12 12 12 12 12 12 11 11 11 11 11 11 11 11 12 12 12 12 12 12 12 12 12 12 13 13 13 13 13    119
FEB  14 14 14 14 14 15 15 15 15 16 16 16 17 17 17 17 18 18 18 18 19 19 19 20 20 20 20 21             170
MAR  21 21 22 22 22 23 23 23 24 24 24 25 25 25 25 26 26 26 27 27 27 28 28 28 29 29 29 30 30 30 31    258
APR  31 31 32 32 32 33 33 33 34 34 34 35 35 35 36 36 36 37 37 38 38 38 39 39 39 40 40 41 41 41       360
MAY  42 42 43 43 44 44 44 45 45 46 46 46 47 47 47 48 48 49 49 49 50 50 50 51 51 51 52 52 52 53 53    477
JUN  53 54 54 54 55 55 55 56 56 56 56 57 57 57 58 58 58 58 59 59 59 59 59 60 60 60 60 61 61 61       575
JUL  61 61 62 62 62 62 62 62 63 63 63 63 63 63 63 63 63 63 63 63 64 64 64 64 64 64 64 63 63 63 63    629
AUG  63 63 63 63 63 63 63 63 62 62 62 62 62 62 61 61 61 61 60 60 60 60 59 59 59 58 58 58 57 57 57    607
SEP  56 56 55 55 55 54 54 53 53 53 52 52 51 51 51 50 50 49 49 49 48 48 47 47 47 46 46 45 45 45       504
OCT  44 44 43 43 42 42 42 41 41 40 40 39 39 39 38 38 37 37 36 36 35 35 35 34 34 33 33 32 32 31 31    376
NOV  31 30 30 29 29 28 28 27 27 27 26 26 25 25 25 24 24 23 23 23 22 22 22 21 21 21 20 20 20 19       246
DEC  19 19 19 18 18 18 17 17 17 17 16 16 16 16 15 15 15 15 15 14 14 14 14 14 13 13 13 13 13 12 12    154
                                                                                                        
-------------------------------------------------------------------------------------------------       
 Maximum Temperature (deg F [tenths deg F for monthly])                                                 
 DAY  1  2  3  4  5  6  7  8  9 10 11 12 13 14 15 16 17 18 19 20 21 22 23 24 25 26 27 28 29 30 31  MONTH
-------------------------------------------------------------------------------------------------       
JAN  35 35 35 35 35 35 35 35 35 35 35 35 35 35 35 35 35 35 35 36 36 36 36 36 36 37 37 37 37 37 38    356
FEB  38 38 38 39 39 39 39 40 40 40 41 41 41 41 42 42 42 42 43 43 43 44 44 44 44 45 45 45             415
MAR  46 46 46 46 47 47 47 48 48 48 49 49 49 50 50 51 51 51 52 52 52 53 53 54 54 54 55 55 56 56 57    507
APR  57 57 58 58 59 59 60 60 60 61 61 61 62 62 62 63 63 64 64 64 64 65 65 65 66 66 66 66 67 67       624
MAY  67 68 68 68 68 69 69 69 69 70 70 70 71 71 71 72 72 72 73 73 73 74 74 75 75 75 76 76 77 77 77    719
JUN  78 78 79 79 79 80 80 81 81 81 82 82 82 83 83 83 83 84 84 84 84 85 85 85 85 85 85 86 86 86       826
JUL  86 86 86 87 87 87 87 87 87 87 87 87 87 87 87 87 87 87 87 87 88 88 88 87 87 87 87 87 87 87 87    870
AUG  87 87 87 87 87 87 87 86 86 86 86 86 86 86 85 85 85 85 85 85 84 84 84 84 83 83 83 83 82 82 82    850
SEP  82 81 81 81 80 80 80 80 79 79 79 78 78 78 78 77 77 77 76 76 76 75 75 75 74 74 74 73 73 73       773
OCT  72 72 72 71 71 71 70 70 69 69 69 68 68 67 67 66 66 65 65 64 63 63 62 62 61 61 60 59 59 58 57    657
NOV  57 56 55 55 54 53 53 52 52 51 50 50 49 49 48 48 47 47 46 46 45 45 45 44 44 44 43 43 42 42       485
DEC  42 42 41 41 41 40 40 40 40 39 39 39 39 38 38 38 38 38 37 37 37 37 37 37 36 36 36 36 36 36 36    383
                                                                                                        
-------------------------------------------------------------------------------------------------       
 Average Temperature (deg F [tenths deg F for monthly])                                                 
 DAY  1  2  3  4  5  6  7  8  9 10 11 12 13 14 15 16 17 18 19 20 21 22 23 24 25 26 27 28 29 30 31  MONTH
-------------------------------------------------------------------------------------------------       
JAN  24 24 24 24 24 23 23 23 23 23 23 23 23 23 23 23 23 23 24 24 24 24 24 24 24 25 25 25 25 25 26    238
FEB  26 26 26 26 27 27 27 28 28 28 28 29 29 29 29 30 30 30 30 31 31 31 32 32 32 32 33 33             293
MAR  33 34 34 34 35 35 35 36 36 36 36 37 37 37 38 38 39 39 39 40 40 40 41 41 41 42 42 42 43 43 44    383
APR  44 44 45 45 45 46 46 47 47 47 48 48 48 49 49 49 50 50 50 51 51 52 52 52 53 53 53 54 54 54       492
MAY  55 55 55 56 56 56 57 57 57 58 58 58 59 59 59 60 60 60 61 61 62 62 62 63 63 63 64 64 64 65 65    598
JUN  66 66 66 67 67 67 68 68 68 69 69 69 70 70 70 71 71 71 71 72 72 72 72 72 73 73 73 73 73 74       701
JUL  74 74 74 74 74 74 75 75 75 75 75 75 75 75 75 75 75 75 75 75 76 76 76 76 76 76 75 75 75 75 75    750
AUG  75 75 75 75 75 75 75 75 74 74 74 74 74 74 73 73 73 73 73 72 72 72 72 71 71 71 71 70 70 70 69    729
SEP  69 69 68 68 68 67 67 67 66 66 65 65 65 64 64 64 63 63 63 62 62 62 61 61 61 60 60 59 59 59       639
OCT  58 58 58 57 57 56 56 56 55 55 54 54 53 53 52 52 51 51 51 50 49 49 49 48 47 47 46 46 45 45 44    517
NOV  44 43 42 42 41 41 40 40 39 39 38 38 37 37 36 36 36 35 35 34 34 34 33 33 33 32 32 32 31 31       366
DEC  31 30 30 30 29 29 29 29 28 28 28 28 27 27 27 27 26 26 26 26 26 26 25 25 25 25 25 24 24 24 24    269
                                                                                                        
-------------------------------------------------------------------------------------------------       
 Heating Degree Days                                                                                    
 DAY  1  2  3  4  5  6  7  8  9 10 11 12 13 14 15 16 17 18 19 20 21 22 23 24 25 26 27 28 29 30 31  MONTH
-------------------------------------------------------------------------------------------------       
JAN  41 41 41 41 41 42 42 42 42 42 42 42 42 42 42 42 42 42 41 41 41 41 41 41 41 41 40 40 40 40 39   1278
FEB  39 39 39 39 38 38 38 38 37 37 37 36 36 36 36 35 35 35 35 34 34 34 33 33 33 33 32 32            1001
MAR  32 31 31 31 30 30 30 30 29 29 29 28 28 28 27 27 27 26 26 25 25 25 24 24 24 23 23 23 22 22 21    830
APR  21 21 20 20 20 19 19 18 18 18 17 17 17 16 16 16 15 15 15 14 14 13 13 13 13 12 12 12 11 11       476
MAY  11 10 10 10  9  9  9  9  8  8  8  7  7  7  7  6  6  6  6  5  5  5  5  5  4  4  4  4  3  3  3    203
JUN   3  3  3  2  2  2  2  2  2  2  1  1  1  1  1  1  1  1  1  1  1  0  0  0  0  0  0  0  0  0        34
JUL -99-99-99  0  0  0  0  0  0  0  0  0  0  0  0  0  0  0  0  0  0  0  0  0  0  0  0  0  0  0  0      3
AUG   0  0  0  0  0  0  0  0  0  0  0  0  0  0  0  0  0  1  1  1  1  1  1  1  1  1  1  1  1  1  1     14
SEP   1  2  2  2  2  2  2  2  2  3  3  3  3  3  3  4  4  4  4  4  5  5  5  5  6  6  6  6  7  7       113
OCT   7  8  8  8  9  9  9 10 10 11 11 11 12 12 13 13 13 14 14 15 15 16 16 17 17 18 19 19 20 20 21    415
NOV  21 22 23 23 24 24 25 25 26 26 27 27 28 28 29 29 29 30 30 31 31 32 32 32 33 33 33 34 34 34       855
DEC  35 35 35 35 36 36 36 36 37 37 37 37 38 38 38 38 39 39 39 39 39 39 40 40 40 40 40 41 41 41 41   1182
                                                                                                        
-------------------------------------------------------------------------------------------------       
 Cooling Degree Days                                                                                    
 DAY  1  2  3  4  5  6  7  8  9 10 11 12 13 14 15 16 17 18 19 20 21 22 23 24 25 26 27 28 29 30 31  MONTH
-------------------------------------------------------------------------------------------------       
JAN   0  0  0  0  0  0  0  0  0  0  0  0  0  0  0  0  0  0  0  0  0  0  0  0  0  0  0  0  0  0  0      0
FEB   0  0  0  0  0  0  0  0  0  0  0  0  0  0  0  0  0  0  0  0  0  0  0  0  0  0  0  0               0
MAR   0  0  0  0  0  0  0  0  0  0  0  0  0  0  0  0  0  0  0  0  0  0  0  0  0  0  0  0  0  0  0      0
APR   0  0  0  0  0  0  0  0  0  0  0  0  0  0  0  0  0  0  0  0  0  0  0  0  0  0  0  0-99-99         2
MAY   0  0  0  0  0  0  0  1  1  1  1  1  1  1  1  1  1  1  2  2  2  2  2  2  2  2  3  3  3  3  3     42
JUN   4  4  4  4  4  4  5  5  5  5  5  6  6  6  6  6  6  7  7  7  7  7  8  8  8  8  8  8  8  9       185
JUL   9  9  9  9  9 10 10 10 10 10 10 10 10 10 10 10 10 10 10 10 11 11 11 11 11 11 10 10 10 10 10    311
AUG  10 10 10 10 10 10 10 10  9  9  9  9  9  9  9  9  8  8  8  8  8  8  7  7  7  7  6  6  6  6  6    258
SEP   5  5  5  5  4  4  4  4  3  3  3  3  3  3  2  2  2  2  2  2  2  1  1  1  1  1  1  1  1  1        77
OCT   1  0  0  0  0  0  0  0  0  0  0  0  0  0  0  0  0  0  0  0  0  0  0  0  0  0  0  0  0  0  0      1
NOV   0  0  0  0  0  0  0  0  0  0  0  0  0  0  0  0  0  0  0  0  0  0  0  0  0  0  0  0  0  0         0
DEC   0  0  0  0  0  0  0  0  0  0  0  0  0  0  0  0  0  0  0  0  0  0  0  0  0  0  0  0  0  0  0      0
                                                                                                        
-------------------------------------------------------------------------------------------------       
 Total  Precipitation (Hundreths of an Inch)                                                            
 DAY  1  2  3  4  5  6  7  8  9 10 11 12 13 14 15 16 17 18 19 20 21 22 23 24 25 26 27 28 29 30 31  MONTH
-------------------------------------------------------------------------------------------------       
JAN   1  1  1  1  1  1  1  1  2  2  2  2  2  2  2  2  2  2  2  1  1  1  1  1  1  1  1  1  1  1  1     42
FEB   1  1  1  1  1  1  1  1  1  1  1  1  1  1  1  1  1  2  2  2  2  2  2  2  2  3  3  3              42
MAR   3  3  3  4  4  4  4  4  4  4  5  5  5  5  5  5  5  5  5  5  5  5  6  6  6  6  6  6  6  6  6    151
APR   6  6  6  6  6  6  6  6  6  6  6  6  6  6  6  7  7  7  7  7  8  8  8  8  8  9  9  9  9 10       211
MAY  10 10 11 11 11 11 11 12 12 12 12 12 12 13 13 13 13 13 13 13 13 13 13 13 13 13 13 12 12 12 12    377
JUN  12 12 12 11 11 11 11 11 11 11 11 11 11 11 11 10 10 10 10 10 11 11 11 11 11 11 11 11 11 11       328
JUL  11 11 11 12 12 12 12 12 12 12 12 12 12 12 12 12 12 12 12 12 12 12 12 12 12 12 11 11 11 11 11    364
AUG  11 11 11 10 10 10 10 10 10 10 10  9  9  9  9  9  9  9  8  8  8  8  8  8  8  8  8  7  7  7  7    276
SEP   7  7  7  7  7  6  6  6  6  6  6  6  6  6  6  6  5  5  5  5  5  5  5  5  5  5  5  5  5  5       171
OCT   5  5  5  5  5  5  5  5  4  4  4  4  4  4  4  4  4  4  4  4  4  4  4  4  4  4  4  4  4  4  4    132
NOV   4  4  4  4  4  4  4  4  4  4  4  4  4  4  3  3  3  3  3  3  3  3  3  3  3  3  3  2  2  2       101
DEC   2  2  2  2  2  2  2  2  2  2  2  1  1  1  1  1  1  1  1  1  1  1  1  1  1  1  1  1  1  1  1     42
                                                                                                        
