-------------------------------------------------------------------------------------------------       
 1971-2000 Daily/Monthly Station Normals                                                                
 Provided by National Climatic Data Center/NESDIS/NOAA                                                  
-------------------------------------------------------------------------------------------------       
 Station COOP ID:                           250680                                                      
 Station Name, State, Division, Call:       BEEMER                             NE 03                    
 Latitude, Longitude, Elevation, Elements:  41 55 57 -096 48 39  1360   P                               
-------------------------------------------------------------------------------------------------       
 Total  Precipitation (Hundreths of an Inch)                                                            
 DAY  1  2  3  4  5  6  7  8  9 10 11 12 13 14 15 16 17 18 19 20 21 22 23 24 25 26 27 28 29 30 31  MONTH
-------------------------------------------------------------------------------------------------       
JAN   2  2  2  2  2  2  2  2  2  2  2  2  2  2  2  2  2  2  2  2  2  2  2  2  2  2  2  2  2  2  1     61
FEB   2  2  2  2  2  2  2  2  2  2  2  2  2  2  2  2  2  2  3  3  3  3  3  3  3  4  4  4              69
MAR   4  4  5  5  5  5  5  5  6  6  6  6  6  6  6  7  7  7  7  7  7  7  7  7  7  8  8  8  8  8  8    198
APR   8  8  8  8  8  8  8  9  9  9  9  9  9  9  9  9  9 10 10 10 10 10 10 11 11 11 11 11 11 12       284
MAY  12 12 12 12 12 13 13 13 13 13 13 13 14 14 14 14 14 14 14 14 14 14 14 14 14 14 14 15 15 15 15    421
JUN  15 15 15 15 15 14 14 14 14 14 14 14 14 14 14 14 14 14 14 14 14 14 13 13 13 13 13 13 13 13       417
JUL  13 13 12 12 12 12 12 12 12 12 12 12 12 12 12 11 11 11 11 11 11 11 11 11 11 11 11 11 11 11 11    358
AUG  11 11 11 11 12 12 12 12 12 12 12 12 11 11 11 11 11 11 11 11 11 11 11 11 11 11 11 10 10 10 10    345
SEP  10 10 10 10  9  9  9  9  9  9  9  9  9  9  8  8  8  8  8  8  8  8  8  8  8  8  8  8  8  7       257
OCT   8  8  7  7  7  7  7  7  7  7  7  7  7  7  7  7  7  7  7  7  7  7  6  6  6  6  6  6  6  6  6    210
NOV   6  6  6  6  6  6  5  5  5  5  5  5  5  5  5  5  5  5  5  4  4  4  4  4  4  4  4  4  4  3       144
DEC   3  3  3  3  3  3  3  3  3  3  3  3  2  2  2  2  2  2  2  2  2  2  2  2  2  2  2  2  2  2  2     74
                                                                                                        
