-------------------------------------------------------------------------------------------------       
 1971-2000 Daily/Monthly Station Normals                                                                
 Provided by National Climatic Data Center/NESDIS/NOAA                                                  
-------------------------------------------------------------------------------------------------       
 Station COOP ID:                           255105                                                      
 Station Name, State, Division, Call:       MALCOLM                            NE 06                    
 Latitude, Longitude, Elevation, Elements:  40 54 28 -096 52 03  1310   P                               
-------------------------------------------------------------------------------------------------       
 Total  Precipitation (Hundreths of an Inch)                                                            
 DAY  1  2  3  4  5  6  7  8  9 10 11 12 13 14 15 16 17 18 19 20 21 22 23 24 25 26 27 28 29 30 31  MONTH
-------------------------------------------------------------------------------------------------       
JAN   2  2  2  2  2  3  3  3  3  3  3  3  2  2  2  2  2  2  2  2  2  2  2  2  2  2  2  2  2  2  2     69
FEB   2  2  1  1  1  1  1  1  1  1  2  2  2  2  2  2  2  2  3  3  3  3  3  4  4  4  4  5              64
MAR   5  5  5  6  6  6  6  7  7  7  7  7  7  8  8  8  8  8  8  8  8  9  9  9  9  9  9  9  9  9  9    235
APR   9  9  9  8  9  9  9  9  9  9  9  9  9  9  9  9  9 10 10 10 10 10 11 11 11 11 12 12 12 12       294
MAY  13 13 13 14 14 14 14 15 15 15 15 15 15 15 15 15 16 16 16 16 16 16 16 15 15 15 15 15 15 15 15    462
JUN  14 14 14 14 14 13 13 13 13 13 13 13 13 12 12 12 12 12 12 12 12 12 12 12 12 12 12 12 12 12       378
JUL  11 11 11 11 11 11 11 12 12 12 12 12 12 12 12 12 12 12 12 12 12 12 12 12 12 12 12 12 12 12 12    365
AUG  12 12 12 12 12 12 12 12 12 12 12 12 12 12 12 12 12 12 12 12 12 12 12 11 11 11 11 11 11 11 11    364
SEP  11 10 10 10 10 10 10 10 10 10  9  9  9  9  9  9  9  9  9  9  8  8  8  8  8  8  8  8  8  7       270
OCT   7  7  7  7  7  7  7  7  7  7  7  7  7  7  7  7  7  6  6  6  6  6  6  6  6  6  6  6  6  6  7    204
NOV   6  6  6  7  7  7  7  7  6  6  6  6  6  6  6  6  6  6  6  6  6  6  6  5  5  5  5  5  5  5       178
DEC   4  4  4  4  4  4  4  3  3  3  3  3  3  3  3  3  3  3  3  3  2  2  2  2  2  2  2  2  2  2  2     89
                                                                                                        
