-------------------------------------------------------------------------------------------------       
 1971-2000 Daily/Monthly Station Normals                                                                
 Provided by National Climatic Data Center/NESDIS/NOAA                                                  
-------------------------------------------------------------------------------------------------       
 Station COOP ID:                           253037                                                      
 Station Name, State, Division, Call:       FRANKLIN #2                        NE 08                    
 Latitude, Longitude, Elevation, Elements:  40 05 54 -098 56 58  2010 XNP                               
-------------------------------------------------------------------------------------------------       
 Minimum Temperature (deg F [tenths deg F for monthly])                                                 
 DAY  1  2  3  4  5  6  7  8  9 10 11 12 13 14 15 16 17 18 19 20 21 22 23 24 25 26 27 28 29 30 31  MONTH
-------------------------------------------------------------------------------------------------       
JAN  12 12 12 12 12 12 12 12 12 11 11 11 11 11 11 11 11 11 11 12 12 12 12 12 12 12 12 13 13 13 13    118
FEB  13 14 14 14 14 15 15 15 15 16 16 16 16 17 17 17 18 18 18 19 19 19 19 20 20 20 21 21             170
MAR  21 22 22 22 23 23 24 24 24 25 25 25 25 26 26 26 27 27 27 28 28 28 29 29 29 30 30 30 31 31 31    264
APR  32 32 32 33 33 33 34 34 34 35 35 35 36 36 36 37 37 37 38 38 38 39 39 40 40 40 41 41 41 42       366
MAY  42 43 43 43 44 44 45 45 45 46 46 46 47 47 48 48 48 49 49 49 50 50 50 51 51 51 52 52 52 53 53    478
JUN  53 54 54 54 55 55 55 56 56 56 57 57 57 57 58 58 58 58 59 59 59 60 60 60 60 61 61 61 61 62       577
JUL  62 62 62 63 63 63 63 63 63 64 64 64 64 64 64 64 64 64 64 64 64 64 64 64 64 64 64 64 64 64 64    636
AUG  64 64 64 64 64 63 63 63 63 63 63 62 62 62 62 61 61 61 61 60 60 60 60 59 59 59 58 58 57 57 57    611
SEP  56 56 55 55 55 54 54 53 53 53 52 52 51 51 51 50 50 49 49 48 48 48 47 47 46 46 46 45 45 44       503
OCT  44 43 43 42 42 42 41 41 40 40 40 39 39 38 38 37 37 37 36 36 35 35 34 34 34 33 33 32 32 31 31    374
NOV  31 30 30 29 29 28 28 28 27 27 26 26 26 25 25 25 24 24 24 23 23 23 22 22 22 21 21 21 20 20       250
DEC  20 19 19 19 19 18 18 18 17 17 17 17 16 16 16 16 16 15 15 15 15 14 14 14 14 14 13 13 13 13 13    159
                                                                                                        
-------------------------------------------------------------------------------------------------       
 Maximum Temperature (deg F [tenths deg F for monthly])                                                 
 DAY  1  2  3  4  5  6  7  8  9 10 11 12 13 14 15 16 17 18 19 20 21 22 23 24 25 26 27 28 29 30 31  MONTH
-------------------------------------------------------------------------------------------------       
JAN  36 36 36 36 36 36 36 36 36 35 35 35 36 36 36 36 36 36 36 36 36 36 37 37 37 37 38 38 38 38 39    364
FEB  39 39 40 40 40 41 41 41 42 42 42 43 43 43 44 44 44 44 45 45 45 46 46 46 46 47 47 47             433
MAR  48 48 48 48 49 49 49 50 50 50 51 51 51 52 52 52 53 53 54 54 54 55 55 55 56 56 57 57 58 58 58    526
APR  59 59 60 60 61 61 61 62 62 62 63 63 64 64 64 65 65 65 65 66 66 66 67 67 67 67 68 68 68 68       641
MAY  69 69 69 69 70 70 70 70 71 71 71 72 72 72 72 73 73 73 74 74 75 75 75 76 76 76 77 77 78 78 79    731
JUN  79 79 80 80 81 81 81 82 82 83 83 83 84 84 84 85 85 85 85 86 86 86 87 87 87 87 87 88 88 88       841
JUL  88 88 88 89 89 89 89 89 89 89 89 90 90 90 90 90 90 90 90 90 90 90 90 90 90 90 90 90 90 90 89    895
AUG  89 89 89 89 89 89 89 89 89 88 88 88 88 88 88 87 87 87 87 87 86 86 86 86 85 85 85 85 84 84 84    871
SEP  83 83 83 83 82 82 82 81 81 81 80 80 80 79 79 79 79 78 78 78 77 77 77 76 76 76 75 75 75 75       790
OCT  74 74 74 73 73 72 72 72 71 71 70 70 69 69 69 68 67 67 66 66 65 65 64 64 63 62 62 61 60 60 59    675
NOV  58 58 57 56 56 55 55 54 53 53 52 52 51 51 50 50 49 49 48 48 47 47 46 46 46 45 45 44 44 44       503
DEC  44 43 43 43 42 42 42 41 41 41 41 40 40 40 40 39 39 39 39 39 38 38 38 38 37 37 37 37 37 37 36    396
                                                                                                        
-------------------------------------------------------------------------------------------------       
 Average Temperature (deg F [tenths deg F for monthly])                                                 
 DAY  1  2  3  4  5  6  7  8  9 10 11 12 13 14 15 16 17 18 19 20 21 22 23 24 25 26 27 28 29 30 31  MONTH
-------------------------------------------------------------------------------------------------       
JAN  24 24 24 24 24 24 24 24 24 23 23 23 23 23 23 24 24 24 24 24 24 24 24 24 25 25 25 25 25 26 26    241
FEB  26 27 27 27 27 28 28 28 29 29 29 29 30 30 30 31 31 31 32 32 32 32 33 33 33 34 34 34             302
MAR  35 35 35 35 36 36 36 37 37 37 38 38 38 39 39 39 40 40 40 41 41 42 42 42 43 43 43 44 44 44 45    395
APR  45 46 46 46 47 47 47 48 48 49 49 49 50 50 50 51 51 51 52 52 52 53 53 53 54 54 54 55 55 55       504
MAY  56 56 56 56 57 57 57 58 58 58 59 59 59 60 60 60 61 61 61 62 62 63 63 63 64 64 64 65 65 65 66    605
JUN  66 67 67 67 68 68 68 69 69 69 70 70 70 71 71 71 72 72 72 72 73 73 73 73 74 74 74 74 75 75       709
JUL  75 75 75 76 76 76 76 76 76 77 77 77 77 77 77 77 77 77 77 77 77 77 77 77 77 77 77 77 77 77 77    766
AUG  77 77 77 76 76 76 76 76 76 76 75 75 75 75 75 74 74 74 74 73 73 73 73 72 72 72 72 71 71 71 70    741
SEP  70 70 69 69 68 68 68 67 67 67 66 66 66 65 65 65 64 64 63 63 63 62 62 62 61 61 61 60 60 59       647
OCT  59 59 58 58 57 57 57 56 56 55 55 55 54 54 53 53 52 52 51 51 50 50 49 49 48 48 47 47 46 46 45    525
NOV  45 44 43 43 42 42 41 41 40 40 39 39 39 38 38 37 37 36 36 36 35 35 34 34 34 33 33 33 32 32       377
DEC  32 31 31 31 31 30 30 30 29 29 29 29 28 28 28 28 27 27 27 27 26 26 26 26 26 25 25 25 25 25 25    278
                                                                                                        
-------------------------------------------------------------------------------------------------       
 Heating Degree Days                                                                                    
 DAY  1  2  3  4  5  6  7  8  9 10 11 12 13 14 15 16 17 18 19 20 21 22 23 24 25 26 27 28 29 30 31  MONTH
-------------------------------------------------------------------------------------------------       
JAN  41 41 41 41 41 41 41 41 41 42 42 42 42 42 42 41 41 41 41 41 41 41 41 41 40 40 40 40 40 39 39   1268
FEB  39 38 38 38 38 37 37 37 37 36 36 36 35 35 35 34 34 34 34 33 33 33 32 32 32 31 31 31             976
MAR  30 30 30 30 29 29 29 28 28 28 27 27 27 26 26 26 25 25 24 24 24 23 23 23 22 22 22 21 21 20 20    789
APR  20 19 19 19 18 18 18 17 17 17 16 16 15 15 15 14 14 14 13 13 13 13 12 12 12 11 11 11 10 10       442
MAY  10  9  9  9  9  8  8  8  8  7  7  7  7  6  6  6  6  5  5  5  5  5  4  4  4  4  4  3  3  3  3    187
JUN   3  3  2  2  2  2  2  2  1  1  1  1  1  1  1  1  1  1  1  0  0  0  0  0  0  0  0  0  0  0        29
JUL -99  0  0  0  0  0  0  0  0  0  0  0  0  0  0  0  0  0  0  0  0  0  0  0  0  0  0  0  0  0  0      1
AUG   0  0  0  0  0  0  0  0  0  0  0  0  0  0  0  0  0  0  0  0  1  1  1  1  1  1  1  1  1  1  1     11
SEP   1  1  1  1  1  2  2  2  2  2  2  2  2  3  3  3  3  3  4  4  4  4  5  5  5  5  6  6  6  6        96
OCT   7  7  7  8  8  8  9  9  9 10 10 11 11 11 12 12 13 13 14 14 15 15 15 16 17 17 18 18 19 19 20    392
NOV  20 21 21 22 23 23 24 24 25 25 26 26 27 27 27 28 28 29 29 30 30 30 31 31 31 32 32 32 33 33       820
DEC  33 34 34 34 35 35 35 35 36 36 36 36 37 37 37 37 38 38 38 38 39 39 39 39 39 40 40 40 40 40 40   1154
                                                                                                        
-------------------------------------------------------------------------------------------------       
 Cooling Degree Days                                                                                    
 DAY  1  2  3  4  5  6  7  8  9 10 11 12 13 14 15 16 17 18 19 20 21 22 23 24 25 26 27 28 29 30 31  MONTH
-------------------------------------------------------------------------------------------------       
JAN   0  0  0  0  0  0  0  0  0  0  0  0  0  0  0  0  0  0  0  0  0  0  0  0  0  0  0  0  0  0  0      0
FEB   0  0  0  0  0  0  0  0  0  0  0  0  0  0  0  0  0  0  0  0  0  0  0  0  0  0  0  0               0
MAR   0  0  0  0  0  0  0  0  0  0  0  0  0  0  0  0  0  0  0  0  0  0  0  0  0  0  0  0  0  0  0      0
APR   0  0  0  0  0  0  0  0  0  0  0  0  0  0  0  0  0  0  0  0  0  0  0  0  0  0  0-99-99-99         3
MAY   0  0  0  0  0  0  0  1  1  1  1  1  1  1  1  1  1  1  2  2  2  2  2  2  3  3  3  3  3  3  4     45
JUN   4  4  4  5  5  5  5  5  6  6  6  6  6  7  7  7  7  7  8  8  8  8  8  9  9  9  9  9 10 10       207
JUL  10 10 10 11 11 11 11 11 11 11 12 12 12 12 12 12 12 12 12 12 12 12 12 12 12 12 12 12 12 12 12    359
AUG  12 12 12 11 11 11 11 11 11 11 11 10 10 10 10 10 10  9  9  9  9  9  8  8  8  8  7  7  7  6  6    294
SEP   6  6  5  5  5  5  4  4  4  4  3  3  3  3  3  2  2  2  2  2  2  2  1  1  1  1  1  1  1  1        85
OCT   1  0  0  0  0  0  0  0  0  0  0  0  0  0  0  0  0  0  0  0  0  0  0  0  0  0  0  0  0  0  0      1
NOV   0  0  0  0  0  0  0  0  0  0  0  0  0  0  0  0  0  0  0  0  0  0  0  0  0  0  0  0  0  0         0
DEC   0  0  0  0  0  0  0  0  0  0  0  0  0  0  0  0  0  0  0  0  0  0  0  0  0  0  0  0  0  0  0      0
                                                                                                        
-------------------------------------------------------------------------------------------------       
 Total  Precipitation (Hundreths of an Inch)                                                            
 DAY  1  2  3  4  5  6  7  8  9 10 11 12 13 14 15 16 17 18 19 20 21 22 23 24 25 26 27 28 29 30 31  MONTH
-------------------------------------------------------------------------------------------------       
JAN   2  2  2  2  2  2  2  2  2  2  2  2  2  2  2  2  2  2  2  2  2  2  2  2  2  2  2  2  2  2  2     62
FEB   2  2  2  2  2  2  2  2  2  2  2  2  2  2  2  2  2  3  3  3  3  3  3  4  4  4  4  4              72
MAR   5  5  5  5  6  6  6  6  6  7  7  7  7  7  7  7  7  7  8  8  8  8  8  8  8  8  8  8  8  8  8    217
APR   8  8  8  7  7  7  7  7  8  8  8  8  8  8  8  8  8  8  9  9  9  9  9  9 10 10 10 10 11 11       255
MAY  11 11 12 12 12 12 13 13 13 13 13 13 14 14 14 14 14 14 14 14 14 14 14 14 14 13 13 13 13 13 13    408
JUN  13 12 12 12 12 12 12 12 11 11 11 11 11 11 11 11 11 11 11 11 11 11 11 11 11 11 12 12 12 12       343
JUL  12 12 12 12 12 12 13 13 13 13 13 13 13 13 13 13 13 13 13 13 13 12 12 12 12 12 12 12 12 11 11    385
AUG  11 11 11 11 10 10 10 10 10 10  9  9  9  9  9  9  9  8  8  8  8  8  8  7  7  7  7  7  7  7  6    270
SEP   6  6  6  6  6  6  6  5  5  5  5  5  5  5  5  5  5  5  5  5  5  4  4  4  4  4  4  4  4  4       148
OCT   4  4  4  4  4  4  4  4  4  4  4  5  5  5  5  5  5  5  5  5  5  5  5  5  5  5  5  5  5  5  5    144
NOV   5  5  5  6  6  6  6  6  6  6  6  6  6  6  5  5  5  5  5  5  5  5  5  5  4  4  4  4  4  4       155
DEC   4  3  3  3  3  3  3  2  2  2  2  2  2  2  2  2  2  2  2  2  1  1  1  1  1  1  1  2  2  2  2     63
                                                                                                        
