-------------------------------------------------------------------------------------------------       
 1971-2000 Daily/Monthly Station Normals                                                                
 Provided by National Climatic Data Center/NESDIS/NOAA                                                  
-------------------------------------------------------------------------------------------------       
 Station COOP ID:                           252100                                                      
 Station Name, State, Division, Call:       CURTIS 3 NNE                       NE 07                    
 Latitude, Longitude, Elevation, Elements:  40 40 28 -100 29 35  2721 XNP                               
-------------------------------------------------------------------------------------------------       
 Minimum Temperature (deg F [tenths deg F for monthly])                                                 
 DAY  1  2  3  4  5  6  7  8  9 10 11 12 13 14 15 16 17 18 19 20 21 22 23 24 25 26 27 28 29 30 31  MONTH
-------------------------------------------------------------------------------------------------       
JAN   9  9  9  9  9  9  9  9  9  9  9  9  9  9  9  9  9  9  9  9  9  9  9 10 10 10 10 10 10 10 11     93
FEB  11 11 11 12 12 12 12 12 13 13 13 13 14 14 14 14 15 15 15 15 16 16 16 17 17 17 17 18             141
MAR  18 18 19 19 19 19 20 20 20 21 21 21 22 22 22 22 23 23 23 24 24 24 25 25 25 26 26 26 26 27 27    225
APR  27 28 28 28 29 29 29 30 30 30 31 31 32 32 32 33 33 33 34 34 34 35 35 36 36 36 37 37 38 38       325
MAY  39 39 39 40 40 41 41 41 42 42 43 43 43 44 44 45 45 45 46 46 46 47 47 48 48 48 49 49 49 50 50    445
JUN  50 51 51 51 52 52 52 53 53 53 54 54 54 54 55 55 55 56 56 56 56 57 57 57 57 57 58 58 58 58       547
JUL  58 59 59 59 59 59 59 60 60 60 60 60 60 60 60 60 61 61 61 61 61 61 61 61 61 61 61 61 61 61 60    602
AUG  60 60 60 60 60 60 60 60 60 59 59 59 59 58 58 58 58 57 57 57 57 56 56 56 55 55 54 54 54 53 53    575
SEP  52 52 51 51 51 50 50 49 49 48 48 48 47 47 46 46 45 45 44 44 44 43 43 42 42 41 41 41 40 40       460
OCT  39 39 39 38 38 37 37 36 36 36 35 35 34 34 33 33 33 32 32 31 31 30 30 29 29 29 28 28 27 27 26    329
NOV  26 25 25 25 24 24 23 23 22 22 22 21 21 20 20 20 19 19 19 18 18 18 17 17 17 16 16 16 15 15       201
DEC  15 15 14 14 14 14 13 13 13 13 12 12 12 12 12 11 11 11 11 11 10 10 10 10 10 10 10 10  9  9  9    116
                                                                                                        
-------------------------------------------------------------------------------------------------       
 Maximum Temperature (deg F [tenths deg F for monthly])                                                 
 DAY  1  2  3  4  5  6  7  8  9 10 11 12 13 14 15 16 17 18 19 20 21 22 23 24 25 26 27 28 29 30 31  MONTH
-------------------------------------------------------------------------------------------------       
JAN  38 37 37 37 37 37 37 37 37 37 37 37 37 37 37 37 37 38 38 38 38 38 38 38 39 39 39 39 40 40 40    378
FEB  40 41 41 41 41 42 42 42 43 43 43 43 44 44 44 45 45 45 45 46 46 46 46 47 47 47 48 48             441
MAR  48 48 49 49 49 50 50 50 51 51 51 52 52 52 53 53 53 54 54 54 55 55 55 56 56 57 57 57 58 58 59    531
APR  59 60 60 60 61 61 62 62 62 63 63 63 64 64 64 65 65 65 66 66 66 66 67 67 67 68 68 68 68 69       643
MAY  69 69 69 70 70 70 70 71 71 71 71 72 72 72 73 73 73 74 74 74 75 75 76 76 76 77 77 77 78 78 79    733
JUN  79 80 80 80 81 81 82 82 82 83 83 83 84 84 84 85 85 85 86 86 86 87 87 87 87 88 88 88 88 88       843
JUL  88 89 89 89 89 89 90 90 90 90 90 90 90 90 90 91 91 91 91 91 91 91 91 91 91 91 91 91 91 91 91    903
AUG  91 91 91 90 90 90 90 90 90 90 90 90 89 89 89 89 89 88 88 88 88 88 87 87 87 87 86 86 86 85 85    885
SEP  85 84 84 84 83 83 83 82 82 82 82 81 81 81 80 80 80 79 79 79 78 78 78 77 77 77 76 76 76 76       801
OCT  75 75 75 74 74 73 73 73 72 72 71 71 70 70 69 69 68 68 67 66 66 65 65 64 63 63 62 61 61 60 59    682
NOV  58 58 57 56 55 55 54 53 53 52 52 51 51 50 49 49 48 48 48 47 47 46 46 45 45 45 44 44 44 44       498
DEC  43 43 43 42 42 42 42 42 41 41 41 41 40 40 40 40 40 40 39 39 39 39 39 39 38 38 38 38 38 38 38    401
                                                                                                        
-------------------------------------------------------------------------------------------------       
 Average Temperature (deg F [tenths deg F for monthly])                                                 
 DAY  1  2  3  4  5  6  7  8  9 10 11 12 13 14 15 16 17 18 19 20 21 22 23 24 25 26 27 28 29 30 31  MONTH
-------------------------------------------------------------------------------------------------       
JAN  23 23 23 23 23 23 23 23 23 23 23 23 23 23 23 23 23 23 24 24 24 24 24 24 24 24 25 25 25 25 26    236
FEB  26 26 26 26 27 27 27 27 28 28 28 28 29 29 29 29 30 30 30 31 31 31 31 32 32 32 32 33             291
MAR  33 33 34 34 34 35 35 35 36 36 36 36 37 37 37 38 38 38 39 39 39 40 40 40 41 41 41 42 42 43 43    378
APR  43 44 44 44 45 45 45 46 46 47 47 47 48 48 48 49 49 49 50 50 50 51 51 51 52 52 52 53 53 53       484
MAY  54 54 54 55 55 55 56 56 56 57 57 57 58 58 58 59 59 60 60 60 61 61 61 62 62 63 63 63 64 64 64    589
JUN  65 65 66 66 66 67 67 67 68 68 68 69 69 69 70 70 70 70 71 71 71 72 72 72 72 72 73 73 73 73       695
JUL  73 74 74 74 74 74 75 75 75 75 75 75 75 75 75 76 76 76 76 76 76 76 76 76 76 76 76 76 76 76 76    753
AUG  76 76 75 75 75 75 75 75 75 75 74 74 74 74 74 73 73 73 73 72 72 72 72 71 71 71 70 70 70 69 69    730
SEP  69 68 68 67 67 67 66 66 65 65 65 64 64 64 63 63 63 62 62 61 61 61 60 60 60 59 59 58 58 58       631
OCT  57 57 57 56 56 55 55 55 54 54 53 53 52 52 51 51 51 50 49 49 48 48 47 47 46 46 45 45 44 43 43    506
NOV  42 42 41 40 40 39 39 38 38 37 37 36 36 35 35 34 34 33 33 33 32 32 32 31 31 31 30 30 30 29       350
DEC  29 29 29 28 28 28 28 27 27 27 27 26 26 26 26 26 25 25 25 25 25 25 25 24 24 24 24 24 24 24 23    259
                                                                                                        
-------------------------------------------------------------------------------------------------       
 Heating Degree Days                                                                                    
 DAY  1  2  3  4  5  6  7  8  9 10 11 12 13 14 15 16 17 18 19 20 21 22 23 24 25 26 27 28 29 30 31  MONTH
-------------------------------------------------------------------------------------------------       
JAN  42 42 42 42 42 42 42 42 42 42 42 42 42 42 42 42 42 42 42 41 41 41 41 41 41 41 40 40 40 40 40   1285
FEB  39 39 39 39 38 38 38 38 37 37 37 37 36 36 36 36 35 35 35 35 34 34 34 33 33 33 33 32            1006
MAR  32 32 31 31 31 30 30 30 29 29 29 29 28 28 28 27 27 27 26 26 26 25 25 25 24 24 24 23 23 22 22    843
APR  22 21 21 21 20 20 20 19 19 19 18 18 18 17 17 16 16 16 15 15 15 14 14 14 13 13 13 12 12 12       500
MAY  11 11 11 10 10 10 10  9  9  9  8  8  8  7  7  7  7  6  6  6  6  5  5  5  5  5  4  4  4  4  3    220
JUN   3  3  3  3  3  2  2  2  2  2  2  2  1  1  1  1  1  1  1  1  1  1  1  0  0  0  0  0  0  0        40
JUL -99-99-99-99-99  0  0  0  0  0  0  0  0  0  0  0  0  0  0  0  0  0  0  0  0  0  0  0  0  0  0      5
AUG   0  0  0  0  0  0  0  0  0  0  0  0  0  0  0  0  0  0  1  1  1  1  1  1  1  1  1  1  1  1  2     14
SEP   2  2  2  2  2  2  2  3  3  3  3  3  4  4  4  4  4  5  5  5  5  6  6  6  6  7  7  7  8  8       130
OCT   8  8  9  9 10 10 10 11 11 11 12 12 13 13 14 14 15 15 16 16 17 17 18 18 19 19 20 20 21 22 22    450
NOV  23 23 24 25 25 26 26 27 27 28 28 29 29 30 30 31 31 32 32 32 33 33 34 34 34 35 35 35 35 36       902
DEC  36 36 37 37 37 37 37 38 38 38 38 39 39 39 39 39 40 40 40 40 40 40 41 41 41 41 41 41 41 41 42   1214
                                                                                                        
-------------------------------------------------------------------------------------------------       
 Cooling Degree Days                                                                                    
 DAY  1  2  3  4  5  6  7  8  9 10 11 12 13 14 15 16 17 18 19 20 21 22 23 24 25 26 27 28 29 30 31  MONTH
-------------------------------------------------------------------------------------------------       
JAN   0  0  0  0  0  0  0  0  0  0  0  0  0  0  0  0  0  0  0  0  0  0  0  0  0  0  0  0  0  0  0      0
FEB   0  0  0  0  0  0  0  0  0  0  0  0  0  0  0  0  0  0  0  0  0  0  0  0  0  0  0  0               0
MAR   0  0  0  0  0  0  0  0  0  0  0  0  0  0  0  0  0  0  0  0  0  0  0  0  0  0  0  0  0  0  0      0
APR   0  0  0  0  0  0  0  0  0  0  0  0  0  0  0  0  0  0  0  0  0  0  0  0  0  0  0  0  0-99         1
MAY   0  0  0  0  0  0  0  0  0  0  0  1  1  1  1  1  1  1  1  1  1  1  2  2  2  2  2  2  3  3  3     32
JUN   3  3  3  4  4  4  4  4  5  5  5  5  5  6  6  6  6  6  6  7  7  7  7  7  8  8  8  8  8  9       174
JUL   9  9  9  9  9 10 10 10 10 10 10 10 10 10 11 11 11 11 11 11 11 11 11 11 11 11 11 11 11 11 11    322
AUG  11 11 10 10 10 10 10 10 10 10  9  9  9  9  9  9  9  8  8  8  8  8  7  7  7  7  6  6  6  6  5    262
SEP   5  5  5  4  4  4  4  3  3  3  3  3  3  2  2  2  2  2  2  1  1  1  1  1  1  1  1  1  1  1        72
OCT   0  0  0  0  0  0  0  0  0  0  0  0  0  0  0  0  0  0  0  0  0  0  0  0  0  0  0  0  0  0  0      0
NOV   0  0  0  0  0  0  0  0  0  0  0  0  0  0  0  0  0  0  0  0  0  0  0  0  0  0  0  0  0  0         0
DEC   0  0  0  0  0  0  0  0  0  0  0  0  0  0  0  0  0  0  0  0  0  0  0  0  0  0  0  0  0  0  0      0
                                                                                                        
-------------------------------------------------------------------------------------------------       
 Total  Precipitation (Hundreths of an Inch)                                                            
 DAY  1  2  3  4  5  6  7  8  9 10 11 12 13 14 15 16 17 18 19 20 21 22 23 24 25 26 27 28 29 30 31  MONTH
-------------------------------------------------------------------------------------------------       
JAN   1  1  1  1  1  1  1  1  1  1  1  1  1  1  2  2  2  2  2  2  2  2  2  2  2  2  1  1  1  1  1     43
FEB   1  1  1  1  1  1  1  1  1  1  2  2  2  2  2  2  2  2  2  2  2  2  2  2  3  3  3  3              50
MAR   3  3  3  3  3  4  4  4  4  4  4  4  4  4  4  5  5  5  5  5  5  5  5  5  5  5  5  5  5  5  5    135
APR   5  5  5  6  6  6  6  6  6  6  6  6  6  6  6  6  7  7  7  7  7  7  7  8  8  8  8  8  8  9       199
MAY   9  9  9  9 10 10 10 10 10 10 10 10 11 11 11 11 11 11 11 11 11 11 11 11 11 11 11 12 12 12 12    329
JUN  12 12 12 11 11 11 11 11 11 11 11 11 11 11 11 11 11 11 11 11 11 11 11 11 11 11 11 10 10 10       330
JUL  10 10 10 10 10 10 10 10 10 10  9  9  9  9  9  9  9  9  9  9  9  9  9  9  9  9  9  9  9  9  9    289
AUG   9  9  9  9  8  8  8  8  8  8  8  8  8  8  8  8  8  8  8  8  7  7  7  7  7  7  7  7  7  7  6    240
SEP   6  6  6  6  6  6  6  6  6  5  5  5  5  5  5  5  5  5  5  5  5  5  5  5  5  5  4  4  4  4       155
OCT   5  4  4  4  4  4  4  4  4  4  4  4  4  4  4  4  4  4  4  4  4  4  4  4  4  4  4  4  4  4  4    125
NOV   4  4  4  3  3  3  3  3  3  3  3  3  3  3  3  3  3  3  3  3  3  2  2  2  2  2  2  2  2  2        84
DEC   2  2  2  2  2  2  2  1  1  1  1  1  1  1  1  1  1  1  1  1  1  1  1  1  1  1  1  1  1  1  1     38
                                                                                                        
