-------------------------------------------------------------------------------------------------       
 1971-2000 Daily/Monthly Station Normals                                                                
 Provided by National Climatic Data Center/NESDIS/NOAA                                                  
-------------------------------------------------------------------------------------------------       
 Station COOP ID:                           253581                                                      
 Station Name, State, Division, Call:       HARBINE 1 WSW                      NE 09                    
 Latitude, Longitude, Elevation, Elements:  40 11 00 -097 00 00  1460   P                               
-------------------------------------------------------------------------------------------------       
 Total  Precipitation (Hundreths of an Inch)                                                            
 DAY  1  2  3  4  5  6  7  8  9 10 11 12 13 14 15 16 17 18 19 20 21 22 23 24 25 26 27 28 29 30 31  MONTH
-------------------------------------------------------------------------------------------------       
JAN   2  2  2  2  2  2  2  2  2  2  2  2  2  2  2  2  2  2  2  2  2  2  2  2  2  2  2  2  1  1  1     59
FEB   1  1  1  1  1  1  1  1  1  1  2  2  2  2  2  2  2  2  2  3  3  3  3  3  4  4  4  5              60
MAR   5  5  5  5  6  6  6  6  6  7  7  7  7  7  7  7  7  8  8  8  8  8  8  8  8  8  8  8  8  8  8    218
APR   8  8  7  7  7  7  7  7  7  8  8  8  8  8  8  8  8  9  9  9  9  9 10 10 10 11 11 11 12 12       261
MAY  12 13 13 13 14 14 14 14 15 15 15 15 15 15 15 16 16 16 16 16 16 16 16 16 15 15 15 15 15 15 15    461
JUN  14 14 14 14 14 13 13 13 13 13 13 13 13 13 13 13 13 12 13 13 13 13 13 13 13 13 13 13 13 13       394
JUL  14 14 14 14 14 14 14 15 15 15 15 15 15 15 15 15 15 15 15 15 15 15 15 15 15 15 15 15 14 14 14    455
AUG  14 14 14 14 14 14 13 13 13 13 13 13 13 13 13 13 13 12 12 12 12 12 12 12 12 12 12 12 12 12 12    395
SEP  12 12 12 12 12 11 11 11 11 11 11 11 11 11 11 11 10 10 10 10 10 10  9  9  9  9  9  9  8  8       311
OCT   8  8  7  7  7  7  7  7  6  6  6  6  6  6  6  6  6  6  6  6  6  6  5  5  5  6  6  6  6  6  6    193
NOV   6  6  6  6  6  6  6  6  6  6  6  6  6  6  6  6  6  6  6  6  6  6  6  5  5  5  5  5  5  5       173
DEC   4  4  4  4  4  4  4  4  3  3  3  3  3  3  3  3  3  3  2  2  2  2  2  2  2  2  2  2  2  2  2     88
                                                                                                        
