-------------------------------------------------------------------------------------------------       
 1971-2000 Daily/Monthly Station Normals                                                                
 Provided by National Climatic Data Center/NESDIS/NOAA                                                  
-------------------------------------------------------------------------------------------------       
 Station COOP ID:                           252715                                                      
 Station Name, State, Division, Call:       EMERSON                            NE 03                    
 Latitude, Longitude, Elevation, Elements:  42 16 56 -096 43 34  1445   P                               
-------------------------------------------------------------------------------------------------       
 Total  Precipitation (Hundreths of an Inch)                                                            
 DAY  1  2  3  4  5  6  7  8  9 10 11 12 13 14 15 16 17 18 19 20 21 22 23 24 25 26 27 28 29 30 31  MONTH
-------------------------------------------------------------------------------------------------       
JAN   2  2  2  2  2  2  2  2  2  3  3  3  3  3  3  3  3  3  2  2  2  2  2  2  2  2  2  2  2  2  2     71
FEB   2  2  2  2  2  2  2  2  2  2  2  2  2  2  2  3  3  3  3  3  3  4  4  4  4  4  5  5              78
MAR   5  5  5  6  6  6  6  7  7  7  7  7  7  8  8  8  8  8  8  8  8  9  9  9  9  9  9  9  9  9  9    235
APR   9  9  9  9  9  9 10 10 10 10 10 10 10 10 10 10 10 11 11 11 11 11 11 12 12 12 12 12 12 13       315
MAY  13 13 13 14 14 14 14 14 14 15 15 15 15 15 15 15 15 15 15 15 15 15 15 16 16 15 15 15 15 15 15    455
JUN  15 15 15 15 15 15 15 15 15 15 15 14 14 14 14 14 14 14 14 14 14 14 14 14 13 13 13 13 13 13       425
JUL  13 13 13 13 13 12 12 12 12 12 12 12 12 12 12 12 11 11 11 11 11 11 11 11 11 11 10 10 10 10 10    357
AUG  10 10 10 10 10  9  9  9  9  9  9  9  9  9  9  9  9  9  9  9  9  9  9  9  9  9  9  9  9  9  9    284
SEP   9  9  9  9  9  9 10 10 10 10 10 10 10 10 10 10  9  9  9  9  9  9  9  9  9  9  9  9  9  9       280
OCT   9  9  8  8  8  8  8  8  8  8  8  8  8  7  7  7  7  7  7  7  7  7  7  7  7  7  7  6  6  6  6    228
NOV   6  6  6  6  6  6  6  6  6  6  5  5  5  5  5  5  5  5  5  5  5  4  4  4  4  4  4  4  4  4       151
DEC   4  3  3  3  3  3  3  3  3  3  3  3  3  3  2  2  2  2  2  2  2  2  2  2  2  2  2  2  2  2  2     77
                                                                                                        
