-------------------------------------------------------------------------------------------------       
 1971-2000 Daily/Monthly Station Normals                                                                
 Provided by National Climatic Data Center/NESDIS/NOAA                                                  
-------------------------------------------------------------------------------------------------       
 Station COOP ID:                           253395                                                      
 Station Name, State, Division, Call:       GRAND ISLAND CTR NE AP             NE 05 GRI                
 Latitude, Longitude, Elevation, Elements:  40 57 40 -098 18 49  1840 XNP                               
-------------------------------------------------------------------------------------------------       
 Minimum Temperature (deg F [tenths deg F for monthly])                                                 
 DAY  1  2  3  4  5  6  7  8  9 10 11 12 13 14 15 16 17 18 19 20 21 22 23 24 25 26 27 28 29 30 31  MONTH
-------------------------------------------------------------------------------------------------       
JAN  12 12 12 12 12 12 12 12 12 12 12 12 11 12 12 12 12 12 12 12 12 12 12 12 12 13 13 13 13 13 14    122
FEB  14 14 15 15 15 15 16 16 16 16 17 17 17 17 18 18 18 19 19 19 20 20 20 20 21 21 21 22             177
MAR  22 22 23 23 23 24 24 24 25 25 25 26 26 26 27 27 27 28 28 28 29 29 29 30 30 30 31 31 31 32 32    270
APR  32 33 33 34 34 34 35 35 35 36 36 36 37 37 38 38 38 39 39 39 40 40 41 41 41 42 42 43 43 43       378
MAY  44 44 44 45 45 46 46 46 47 47 48 48 48 49 49 49 50 50 50 51 51 51 52 52 53 53 53 54 54 54 55    493
JUN  55 55 56 56 56 57 57 57 57 58 58 58 59 59 59 59 60 60 60 60 61 61 61 61 62 62 62 62 62 63       591
JUL  63 63 63 63 63 64 64 64 64 64 64 64 64 64 65 65 65 65 65 65 65 65 65 65 65 65 65 65 65 65 65    644
AUG  65 65 65 65 65 64 64 64 64 64 64 64 63 63 63 63 62 62 62 62 61 61 61 61 60 60 60 59 59 58 58    623
SEP  58 57 57 56 56 56 55 55 54 54 54 53 53 52 52 52 51 51 50 50 50 49 49 48 48 48 47 47 46 46       518
OCT  46 45 45 44 44 44 43 43 42 42 42 41 41 40 40 39 39 39 38 38 37 37 36 36 35 35 34 34 33 33 33    393
NOV  32 32 31 31 30 30 29 29 28 28 28 27 27 26 26 26 25 25 24 24 24 23 23 22 22 22 21 21 21 20       259
DEC  20 20 19 19 19 18 18 18 18 17 17 17 16 16 16 16 15 15 15 15 15 14 14 14 14 13 13 13 13 13 13    159
                                                                                                        
-------------------------------------------------------------------------------------------------       
 Maximum Temperature (deg F [tenths deg F for monthly])                                                 
 DAY  1  2  3  4  5  6  7  8  9 10 11 12 13 14 15 16 17 18 19 20 21 22 23 24 25 26 27 28 29 30 31  MONTH
-------------------------------------------------------------------------------------------------       
JAN  32 32 32 32 32 32 32 32 32 32 32 32 32 32 32 32 32 32 33 33 33 33 33 33 33 33 34 34 34 34 35    326
FEB  35 35 35 35 36 36 36 36 37 37 37 38 38 38 39 39 39 40 40 40 41 41 41 42 42 42 43 43             386
MAR  43 44 44 45 45 45 46 46 47 47 47 48 48 49 49 49 50 50 51 51 52 52 52 53 53 54 54 55 55 55 56    495
APR  56 57 57 58 58 58 59 59 60 60 60 61 61 62 62 62 63 63 63 64 64 64 65 65 65 66 66 66 66 67       619
MAY  67 67 67 68 68 68 69 69 69 70 70 70 71 71 71 72 72 72 73 73 74 74 74 75 75 76 76 76 77 77 78    719
JUN  78 79 79 79 80 80 81 81 81 82 82 82 83 83 83 84 84 84 84 85 85 85 85 85 86 86 86 86 86 86       830
JUL  87 87 87 87 87 87 87 87 87 87 87 87 87 87 87 87 87 87 88 88 88 87 87 87 87 87 87 87 87 87 87    871
AUG  87 87 87 87 87 86 86 86 86 86 86 86 86 85 85 85 85 85 85 84 84 84 84 83 83 83 83 82 82 82 82    848
SEP  81 81 81 81 80 80 80 79 79 79 78 78 78 77 77 77 77 76 76 76 75 75 75 74 74 73 73 73 72 72       769
OCT  72 71 71 71 70 70 69 69 68 68 68 67 67 66 66 65 64 64 63 63 62 62 61 60 60 59 59 58 57 57 56    646
NOV  55 54 54 53 53 52 51 51 50 49 49 48 48 47 47 46 46 45 45 44 44 43 43 42 42 41 41 41 40 40       468
DEC  39 39 39 38 38 38 37 37 37 37 36 36 36 35 35 35 35 34 34 34 34 34 34 33 33 33 33 33 33 33 32    353
                                                                                                        
-------------------------------------------------------------------------------------------------       
 Average Temperature (deg F [tenths deg F for monthly])                                                 
 DAY  1  2  3  4  5  6  7  8  9 10 11 12 13 14 15 16 17 18 19 20 21 22 23 24 25 26 27 28 29 30 31  MONTH
-------------------------------------------------------------------------------------------------       
JAN  22 22 22 22 22 22 22 22 22 22 22 22 22 22 22 22 22 22 22 22 22 22 23 23 23 23 23 23 24 24 24    224
FEB  24 25 25 25 25 26 26 26 27 27 27 27 28 28 28 29 29 29 30 30 30 30 31 31 31 32 32 32             282
MAR  33 33 33 34 34 35 35 35 36 36 36 37 37 37 38 38 39 39 39 40 40 41 41 41 42 42 42 43 43 44 44    383
APR  44 45 45 46 46 46 47 47 48 48 48 49 49 49 50 50 51 51 51 52 52 52 53 53 53 54 54 54 55 55       499
MAY  55 56 56 56 57 57 57 58 58 58 59 59 59 60 60 61 61 61 62 62 62 63 63 64 64 64 65 65 65 66 66    606
JUN  67 67 67 68 68 68 69 69 69 70 70 70 71 71 71 72 72 72 72 73 73 73 73 73 74 74 74 74 74 75       711
JUL  75 75 75 75 75 75 76 76 76 76 76 76 76 76 76 76 76 76 76 76 76 76 76 76 76 76 76 76 76 76 76    758
AUG  76 76 76 76 76 75 75 75 75 75 75 75 75 74 74 74 74 74 73 73 73 73 72 72 72 71 71 71 71 70 70    736
SEP  70 69 69 69 68 68 67 67 67 66 66 66 65 65 65 64 64 64 63 63 62 62 62 61 61 61 60 60 59 59       644
OCT  59 58 58 58 57 57 56 56 55 55 55 54 54 53 53 52 52 51 51 50 50 49 49 48 48 47 47 46 45 45 44    520
NOV  44 43 43 42 41 41 40 40 39 39 38 38 37 37 36 36 35 35 35 34 34 33 33 32 32 32 31 31 31 30       364
DEC  30 29 29 29 28 28 28 27 27 27 27 26 26 26 26 25 25 25 25 24 24 24 24 24 23 23 23 23 23 23 23    256
                                                                                                        
-------------------------------------------------------------------------------------------------       
 Heating Degree Days                                                                                    
 DAY  1  2  3  4  5  6  7  8  9 10 11 12 13 14 15 16 17 18 19 20 21 22 23 24 25 26 27 28 29 30 31  MONTH
-------------------------------------------------------------------------------------------------       
JAN  42 42 42 42 42 43 43 43 43 43 43 43 43 43 43 43 43 43 42 42 42 42 42 42 42 42 41 41 41 41 41   1310
FEB  40 40 40 40 40 39 39 39 39 38 38 38 37 37 37 37 36 36 36 35 35 35 34 34 34 33 33 32            1031
MAR  32 32 31 31 31 30 30 29 29 29 28 28 28 27 27 26 26 26 25 25 25 24 24 23 23 23 22 22 21 21 21    819
APR  20 20 20 19 19 18 18 18 17 17 17 16 16 16 15 15 15 14 14 13 13 13 12 12 12 11 11 11 10 10       452
MAY  10  9  9  9  8  8  8  8  7  7  7  6  6  6  6  5  5  5  5  5  4  4  4  4  3  3  3  3  3  3  2    175
JUN   2  2  2  2  2  2  1  1  1  1  1  1  1  1  1  1  1  0  0  0  0  0  0  0  0  0  0  0  0  0        23
JUL   0  0  0  0  0  0  0  0  0-99-99-99  0  0  0  0  0  0  0  0  0  0  0  0  0  0  0  0  0  0  0      3
AUG   0  0  0  0  0  0  0  0  0  0  0  0  0  0  0  0  0  0  0  0  0  0  0  0  1  1  1  1  1  1  1      7
SEP   1  1  2  2  2  2  2  2  2  3  3  3  3  3  4  4  4  4  4  5  5  5  5  5  6  6  6  6  7  7       114
OCT   7  8  8  8  8  9  9  9 10 10 11 11 11 12 12 13 13 13 14 14 15 15 16 16 17 17 18 18 19 20 20    401
NOV  21 21 22 22 23 24 24 25 25 26 26 27 27 28 28 29 29 30 30 30 31 31 32 32 32 33 33 34 34 34       843
DEC  35 35 35 36 36 36 37 37 37 38 38 38 39 39 39 39 39 40 40 40 40 41 41 41 41 41 41 42 42 42 42   1207
                                                                                                        
-------------------------------------------------------------------------------------------------       
 Cooling Degree Days                                                                                    
 DAY  1  2  3  4  5  6  7  8  9 10 11 12 13 14 15 16 17 18 19 20 21 22 23 24 25 26 27 28 29 30 31  MONTH
-------------------------------------------------------------------------------------------------       
JAN   0  0  0  0  0  0  0  0  0  0  0  0  0  0  0  0  0  0  0  0  0  0  0  0  0  0  0  0  0  0  0      0
FEB   0  0  0  0  0  0  0  0  0  0  0  0  0  0  0  0  0  0  0  0  0  0  0  0  0  0  0  0               0
MAR   0  0  0  0  0  0  0  0  0  0  0  0  0  0  0  0  0  0  0  0  0  0  0  0  0  0  0  0  0  0-99      1
APR   0  0  0  0  0  0  0  0  0  0  0  0  0  0  0-99-99-99-99-99-99-99-99-99-99-99  0  0  0  0        11
MAY   0  0  0  0  0  0  1  1  1  1  1  1  1  1  1  1  1  2  2  2  2  2  2  2  3  3  3  3  3  4  4     48
JUN   4  4  5  5  5  5  6  6  6  6  6  7  7  7  7  7  8  8  8  8  8  9  9  9  9  9 10 10 10 10       218
JUL  10 10 10 11 11 11 11 11 11 11 11 11 11 11 11 12 12 12 12 12 12 12 12 12 12 12 11 11 11 11 11    349
AUG  11 11 11 11 11 11 11 10 10 10 10 10 10 10 10  9  9  9  9  9  9  8  8  8  8  8  7  7  7  7  6    285
SEP   6  6  6  6  5  5  5  5  5  4  4  4  4  4  4  3  3  3  3  3  3  2  2  2  2  2  2  2  1  1       107
OCT   1  1  1  1  1  1  1  1  0  0  0  0  0  0  0  0  0  0  0  0  0  0  0  0  0  0  0  0  0  0  0      8
NOV   0  0  0  0  0  0  0  0  0  0  0  0  0  0  0  0  0  0  0  0  0  0  0  0  0  0  0  0  0  0         0
DEC   0  0  0  0  0  0  0  0  0  0  0  0  0  0  0  0  0  0  0  0  0  0  0  0  0  0  0  0  0  0  0      0
                                                                                                        
-------------------------------------------------------------------------------------------------       
 Total  Precipitation (Hundreths of an Inch)                                                            
 DAY  1  2  3  4  5  6  7  8  9 10 11 12 13 14 15 16 17 18 19 20 21 22 23 24 25 26 27 28 29 30 31  MONTH
-------------------------------------------------------------------------------------------------       
JAN   1  1  1  1  2  2  2  2  2  2  2  2  2  2  2  2  2  2  2  2  2  2  2  2  2  2  2  1  1  1  1     54
FEB   2  2  1  1  2  2  2  2  2  2  2  2  2  2  2  2  2  2  3  3  3  3  3  3  4  4  4  4              68
MAR   4  5  5  5  5  5  6  6  6  6  6  6  7  7  7  7  7  7  7  7  7  7  7  7  7  8  8  8  8  8  8    204
APR   8  7  8  8  8  8  8  8  8  8  8  8  8  8  8  8  8  9  9  9  9  9  9 10 10 10 10 10 11 11       261
MAY  11 11 11 12 12 12 12 12 13 13 13 13 13 13 13 13 14 14 14 14 14 14 14 14 14 14 14 14 14 14 14    407
JUN  14 14 13 13 13 13 13 13 13 13 13 13 13 13 13 12 12 12 12 12 12 12 12 12 12 11 11 11 11 11       372
JUL  11 11 11 11 10 10 10 10 10 10 10 10 10 10 10 10 10 10 10 10 10 10 10 10 10 10 10 10 10 10 10    314
AUG  10 10 10 10 10 10 10 10 10 10 10 10 10 10 10 10 10 10 10 10 10 10 10 10 10 10 10 10 10  9  9    308
SEP  10  9  9  9  9  9  9  9  9  9  9  9  9  8  8  8  8  8  8  8  8  7  7  7  7  7  7  7  6  6       243
OCT   6  6  6  6  6  5  5  5  5  5  5  5  5  5  5  5  5  4  4  4  4  4  4  4  4  4  5  5  5  5  5    151
NOV   5  5  5  5  5  5  5  5  5  5  5  5  5  5  5  5  5  5  5  5  5  4  4  4  4  4  4  4  4  4       141
DEC   3  3  3  3  3  3  3  3  2  2  2  2  2  2  2  2  2  2  2  2  2  2  2  2  2  1  1  1  1  2  2     66
                                                                                                        
