-------------------------------------------------------------------------------------------------       
 1971-2000 Daily/Monthly Station Normals                                                                
 Provided by National Climatic Data Center/NESDIS/NOAA                                                  
-------------------------------------------------------------------------------------------------       
 Station COOP ID:                           252805                                                      
 Station Name, State, Division, Call:       EWING                              NE 02                    
 Latitude, Longitude, Elevation, Elements:  42 15 40 -098 20 30  1850 XNP                               
-------------------------------------------------------------------------------------------------       
 Minimum Temperature (deg F [tenths deg F for monthly])                                                 
 DAY  1  2  3  4  5  6  7  8  9 10 11 12 13 14 15 16 17 18 19 20 21 22 23 24 25 26 27 28 29 30 31  MONTH
-------------------------------------------------------------------------------------------------       
JAN  10 10 10  9  9  9  9  9  9  9  9  9  9  9  9  9  9  9  9  9 10 10 10 10 10 10 11 11 11 11 11     96
FEB  12 12 12 13 13 13 13 14 14 14 15 15 15 15 16 16 16 17 17 17 17 18 18 18 19 19 19 20             156
MAR  20 20 21 21 21 22 22 22 23 23 23 24 24 24 25 25 25 26 26 26 27 27 28 28 28 29 29 29 30 30 30    251
APR  31 31 31 32 32 33 33 33 34 34 35 35 35 36 36 36 37 37 38 38 38 39 39 40 40 40 41 41 42 42       363
MAY  42 43 43 44 44 44 45 45 45 46 46 47 47 47 48 48 48 49 49 49 50 50 50 51 51 52 52 52 52 53 53    479
JUN  53 54 54 54 55 55 55 55 56 56 56 57 57 57 57 58 58 58 58 59 59 59 59 59 60 60 60 60 60 61       573
JUL  61 61 61 61 62 62 62 62 62 62 62 62 63 63 63 63 63 63 63 63 63 63 63 63 63 63 63 63 63 63 63    625
AUG  63 63 63 63 63 63 63 63 63 62 62 62 62 62 61 61 61 61 60 60 60 60 59 59 59 58 58 58 57 57 56    607
SEP  56 55 55 55 54 54 53 53 53 52 52 51 51 51 50 50 49 49 49 48 48 47 47 47 46 46 45 45 45 44       500
OCT  44 44 43 43 42 42 42 41 41 40 40 40 39 39 38 38 37 37 37 36 36 35 35 34 34 34 33 33 32 32 31    378
NOV  31 30 30 29 29 28 28 27 27 27 26 26 25 25 24 24 24 23 23 22 22 21 21 21 20 20 20 19 19 18       243
DEC  18 18 17 17 16 16 16 15 15 15 15 14 14 14 13 13 13 13 12 12 12 12 11 11 11 11 11 10 10 10 10    134
                                                                                                        
-------------------------------------------------------------------------------------------------       
 Maximum Temperature (deg F [tenths deg F for monthly])                                                 
 DAY  1  2  3  4  5  6  7  8  9 10 11 12 13 14 15 16 17 18 19 20 21 22 23 24 25 26 27 28 29 30 31  MONTH
-------------------------------------------------------------------------------------------------       
JAN  33 32 32 32 32 32 32 32 32 32 32 32 32 32 32 32 32 32 33 33 33 33 33 33 33 34 34 34 34 35 35    327
FEB  35 35 35 36 36 36 36 37 37 37 38 38 38 39 39 39 40 40 40 41 41 41 42 42 42 43 43 43             389
MAR  44 44 44 45 45 46 46 46 47 47 48 48 48 49 49 50 50 50 51 51 52 52 53 53 53 54 54 55 55 56 56    497
APR  57 57 57 58 58 59 59 60 60 60 61 61 62 62 62 63 63 63 64 64 65 65 65 66 66 66 67 67 67 68       624
MAY  68 68 69 69 69 70 70 70 70 71 71 71 72 72 72 73 73 74 74 74 75 75 75 76 76 76 77 77 77 78 78    729
JUN  78 79 79 80 80 80 80 81 81 81 82 82 82 83 83 83 83 83 84 84 84 84 85 85 85 85 85 85 86 86       826
JUL  86 86 86 86 86 87 87 87 87 87 87 87 87 87 87 87 87 87 87 87 87 87 87 88 88 87 87 87 87 87 87    869
AUG  87 87 87 87 87 87 87 87 87 87 86 86 86 86 86 86 85 85 85 85 85 84 84 84 84 84 83 83 83 82 82    853
SEP  82 82 81 81 81 80 80 80 79 79 79 79 78 78 78 77 77 77 76 76 76 75 75 75 74 74 74 73 73 73       774
OCT  73 72 72 71 71 71 70 70 69 69 68 68 68 67 66 66 66 65 64 64 63 62 62 61 60 60 59 58 57 57 56    653
NOV  55 54 54 53 52 51 51 50 49 49 48 48 47 46 46 45 45 44 44 43 43 42 42 41 41 41 40 40 40 39       461
DEC  39 39 38 38 38 37 37 37 37 36 36 36 36 35 35 35 35 35 34 34 34 34 34 34 33 33 33 33 33 33 33    353
                                                                                                        
-------------------------------------------------------------------------------------------------       
 Average Temperature (deg F [tenths deg F for monthly])                                                 
 DAY  1  2  3  4  5  6  7  8  9 10 11 12 13 14 15 16 17 18 19 20 21 22 23 24 25 26 27 28 29 30 31  MONTH
-------------------------------------------------------------------------------------------------       
JAN  21 21 21 21 21 21 21 21 20 20 20 20 20 21 21 21 21 21 21 21 21 21 21 22 22 22 22 22 23 23 23    212
FEB  23 24 24 24 24 25 25 25 26 26 26 26 27 27 27 28 28 28 29 29 29 30 30 30 30 31 31 32             273
MAR  32 32 33 33 33 34 34 34 35 35 35 36 36 37 37 37 38 38 38 39 39 40 40 40 41 41 42 42 42 43 43    374
APR  44 44 44 45 45 46 46 47 47 47 48 48 49 49 49 50 50 50 51 51 52 52 52 53 53 53 54 54 54 55       494
MAY  55 55 56 56 57 57 57 58 58 58 59 59 59 60 60 60 61 61 61 62 62 62 63 63 64 64 64 65 65 65 66    604
JUN  66 66 67 67 67 68 68 68 68 69 69 69 70 70 70 70 71 71 71 71 72 72 72 72 72 72 73 73 73 73       700
JUL  73 74 74 74 74 74 74 74 75 75 75 75 75 75 75 75 75 75 75 75 75 75 75 75 75 75 75 75 75 75 75    747
AUG  75 75 75 75 75 75 75 75 75 74 74 74 74 74 74 73 73 73 73 73 72 72 72 71 71 71 71 70 70 70 69    730
SEP  69 69 68 68 67 67 67 66 66 66 65 65 65 64 64 63 63 63 62 62 62 61 61 61 60 60 60 59 59 59       637
OCT  58 58 58 57 57 56 56 56 55 55 54 54 53 53 52 52 52 51 51 50 49 49 48 48 47 47 46 45 45 44 44    516
NOV  43 42 42 41 40 40 39 39 38 38 37 37 36 36 35 35 34 34 33 33 32 32 31 31 31 30 30 29 29 29       352
DEC  28 28 28 28 27 27 27 26 26 26 25 25 25 25 24 24 24 24 23 23 23 23 23 22 22 22 22 22 22 21 21    244
                                                                                                        
-------------------------------------------------------------------------------------------------       
 Heating Degree Days                                                                                    
 DAY  1  2  3  4  5  6  7  8  9 10 11 12 13 14 15 16 17 18 19 20 21 22 23 24 25 26 27 28 29 30 31  MONTH
-------------------------------------------------------------------------------------------------       
JAN  44 44 44 44 44 44 44 45 45 45 45 45 45 45 44 44 44 44 44 44 44 44 44 43 43 43 43 43 42 42 42   1360
FEB  42 41 41 41 41 40 40 40 39 39 39 39 38 38 38 37 37 37 36 36 36 36 35 35 35 34 34 33            1057
MAR  33 33 32 32 32 31 31 31 30 30 30 29 29 28 28 28 27 27 27 26 26 25 25 25 24 24 23 23 23 22 22    856
APR  21 21 21 20 20 19 19 19 18 18 17 17 17 16 16 16 15 15 14 14 14 13 13 13 12 12 12 11 11 11       475
MAY  10 10 10  9  9  9  8  8  8  8  7  7  7  6  6  6  6  5  5  5  5  4  4  4  4  4  3  3  3  3  3    189
JUN   3  2  2  2  2  2  2  2  2  1  1  1  1  1  1  1  1  1  1  1  1  0  0  0  0  0  0  0  0  0        31
JUL   0  0  0  0  0  0-99-99-99-99-99-99-99-99  0  0  0  0  0  0  0  0  0  0  0  0  0  0  0  0  0      8
AUG   0  0  0  0  0  0  0  0  0  0  0  0  0  0  0  0  0  1  1  1  1  1  1  1  1  1  1  1  1  1  1     14
SEP   1  1  1  2  2  2  2  2  2  2  3  3  3  3  3  3  4  4  4  4  4  5  5  5  5  6  6  6  7  7       107
OCT   7  7  8  8  8  9  9 10 10 10 11 11 12 12 13 13 14 14 14 15 16 16 17 17 18 18 19 19 20 21 21    417
NOV  22 23 23 24 25 25 26 26 27 27 28 28 29 29 30 30 31 31 32 32 33 33 34 34 34 35 35 36 36 36       894
DEC  37 37 37 38 38 38 39 39 39 39 40 40 40 40 41 41 41 41 42 42 42 42 42 43 43 43 43 43 44 44 44   1262
                                                                                                        
-------------------------------------------------------------------------------------------------       
 Cooling Degree Days                                                                                    
 DAY  1  2  3  4  5  6  7  8  9 10 11 12 13 14 15 16 17 18 19 20 21 22 23 24 25 26 27 28 29 30 31  MONTH
-------------------------------------------------------------------------------------------------       
JAN   0  0  0  0  0  0  0  0  0  0  0  0  0  0  0  0  0  0  0  0  0  0  0  0  0  0  0  0  0  0  0      0
FEB   0  0  0  0  0  0  0  0  0  0  0  0  0  0  0  0  0  0  0  0  0  0  0  0  0  0  0  0               0
MAR   0  0  0  0  0  0  0  0  0  0  0  0  0  0  0  0  0  0  0  0  0  0  0  0  0  0  0  0  0  0  0      0
APR   0  0  0  0  0  0  0  0  0  0  0  0  0  0  0  0  0  0  0  0  0  0  0  0  0-99-99-99-99-99         5
MAY   0  0  0  0  1  1  1  1  1  1  1  1  1  1  1  1  1  1  2  2  2  2  2  2  2  3  3  3  3  3  3     46
JUN   3  4  4  4  4  4  4  5  5  5  5  5  6  6  6  6  6  6  7  7  7  7  7  7  8  8  8  8  8  8       178
JUL   9  9  9  9  9  9  9 10 10 10 10 10 10 10 10 10 10 10 10 10 10 10 11 11 11 11 11 10 10 10 10    308
AUG  10 10 10 10 10 10 10 10 10 10  9  9  9  9  9  9  9  8  8  8  8  8  7  7  7  7  7  6  6  6  6    262
SEP   5  5  5  4  4  4  4  3  3  3  3  3  2  2  2  2  2  2  1  1  1  1  1  1  1  1  1  1  1  0        69
OCT   0  0  0  0  0  0  0  0  0  0  0  0  0  0  0  0  0  0  0  0  0  0  0  0  0  0  0  0  0  0  0      0
NOV   0  0  0  0  0  0  0  0  0  0  0  0  0  0  0  0  0  0  0  0  0  0  0  0  0  0  0  0  0  0         0
DEC   0  0  0  0  0  0  0  0  0  0  0  0  0  0  0  0  0  0  0  0  0  0  0  0  0  0  0  0  0  0  0      0
                                                                                                        
-------------------------------------------------------------------------------------------------       
 Total  Precipitation (Hundreths of an Inch)                                                            
 DAY  1  2  3  4  5  6  7  8  9 10 11 12 13 14 15 16 17 18 19 20 21 22 23 24 25 26 27 28 29 30 31  MONTH
-------------------------------------------------------------------------------------------------       
JAN   1  1  1  1  2  2  2  2  2  2  2  2  2  2  2  2  2  2  2  2  2  2  2  2  1  1  1  1  1  1  1     51
FEB   2  1  1  1  1  1  1  1  2  2  2  2  2  2  2  2  2  2  2  2  2  3  3  3  3  3  3  3              56
MAR   4  4  4  4  4  4  5  5  5  5  5  5  5  6  6  6  6  6  6  6  6  6  6  7  7  7  7  7  7  7  7    175
APR   7  7  7  7  8  8  8  8  8  8  8  8  8  8  8  9  9  9  9  9  9  9  9 10 10 10 10 10 10 11       259
MAY  11 11 11 11 11 11 12 12 12 12 12 12 12 12 12 12 13 13 13 13 13 13 13 13 13 13 13 13 13 13 13    381
JUN  13 13 13 13 13 13 13 13 13 13 13 13 13 13 13 13 13 12 12 12 12 12 12 12 12 12 12 12 12 12       377
JUL  12 12 12 12 12 11 11 11 11 11 11 11 11 11 11 11 11 11 11 11 11 11 11 11 11 10 10 10 10 10 10    340
AUG  10 10 10 10 10 10 10 10 10 10 10 10 10 10 10 10 10 10  9  9  9  9  9  9  9  9  9  9  9  9  9    297
SEP   9  8  8  8  8  8  8  8  8  8  8  8  8  8  8  7  7  7  7  7  7  7  7  7  7  7  7  7  7  6       225
OCT   6  6  6  6  6  6  6  6  6  6  6  6  6  6  6  6  6  5  5  5  5  5  5  5  5  5  5  5  5  5  5    172
NOV   5  5  5  5  5  5  5  5  4  4  4  4  4  4  4  4  4  4  4  4  4  4  3  3  3  3  3  3  3  3       120
DEC   3  3  3  2  2  2  2  2  2  2  2  2  2  2  2  2  2  2  2  2  1  1  1  1  1  1  1  1  1  2  2     56
                                                                                                        
