-------------------------------------------------------------------------------------------------       
 1971-2000 Daily/Monthly Station Normals                                                                
 Provided by National Climatic Data Center/NESDIS/NOAA                                                  
-------------------------------------------------------------------------------------------------       
 Station COOP ID:                           250781                                                      
 Station Name, State, Division, Call:       BENNINGTON 3 WSW                   NE 06                    
 Latitude, Longitude, Elevation, Elements:  41 21 17 -096 12 35  1245   P                               
-------------------------------------------------------------------------------------------------       
 Total  Precipitation (Hundreths of an Inch)                                                            
 DAY  1  2  3  4  5  6  7  8  9 10 11 12 13 14 15 16 17 18 19 20 21 22 23 24 25 26 27 28 29 30 31  MONTH
-------------------------------------------------------------------------------------------------       
JAN   3  3  3  3  3  3  2  2  2  2  2  2  2  2  2  2  2  2  2  2  2  2  2  2  2  2  2  2  2  2  2     68
FEB   2  2  2  2  2  2  2  2  2  2  2  2  2  2  2  2  2  2  3  3  3  3  3  3  3  4  4  4              69
MAR   4  5  5  5  5  6  6  6  6  6  6  7  7  7  7  7  7  7  7  8  8  8  8  8  8  8  8  8  8  8  9    213
APR   9  9  9  9  9  9  9  9  9  9  9  9  9  9  9 10 10 10 10 10 10 10 10 10 10 11 11 11 11 11       290
MAY  11 11 11 12 12 12 12 12 12 12 12 13 13 13 13 13 13 13 13 13 13 13 14 14 14 14 14 14 14 14 14    398
JUN  14 14 14 14 14 14 15 15 15 15 15 15 15 15 15 15 15 15 14 14 14 14 14 14 14 14 14 14 14 14       432
JUL  14 13 13 13 13 13 13 13 13 13 12 12 12 12 12 12 12 12 11 11 11 11 11 11 11 11 11 11 10 10 10    367
AUG  10 10 10 10 10 10 10 10  9  9  9  9  9  9  9  9  9  9  9  9  9  9  9  9 10 10 10 10 10 10 10    294
SEP  10 10 10 10 10 10 10 10 10 11 11 11 11 11 11 11 11 11 11 10 10 10 10 10 10 10 10 10 10 10       310
OCT  10  9  9  9  9  9  9  9  9  9  9  8  8  8  8  8  8  8  8  8  7  7  7  7  7  7  7  7  7  7  7    249
NOV   6  6  6  6  6  6  6  6  6  6  6  6  5  5  5  5  5  5  5  5  5  5  5  5  4  4  4  4  4  4       156
DEC   4  4  4  4  4  4  3  3  3  3  3  3  3  3  3  3  3  3  3  3  3  3  3  3  3  3  3  3  3  2  2     97
                                                                                                        
