-------------------------------------------------------------------------------------------------       
 1971-2000 Daily/Monthly Station Normals                                                                
 Provided by National Climatic Data Center/NESDIS/NOAA                                                  
-------------------------------------------------------------------------------------------------       
 Station COOP ID:                           186770                                                      
 Station Name, State, Division, Call:       OWINGS FERRY LANDING               MD 03                    
 Latitude, Longitude, Elevation, Elements:  38 41 00 -076 40 00   160 XNP                               
-------------------------------------------------------------------------------------------------       
 Minimum Temperature (deg F [tenths deg F for monthly])                                                 
 DAY  1  2  3  4  5  6  7  8  9 10 11 12 13 14 15 16 17 18 19 20 21 22 23 24 25 26 27 28 29 30 31  MONTH
-------------------------------------------------------------------------------------------------       
JAN  26 25 25 25 25 25 25 25 25 25 24 24 24 24 24 24 24 24 24 24 24 24 24 24 24 24 24 24 24 24 25    244
FEB  25 25 25 25 25 25 25 25 25 26 26 26 26 26 26 27 27 27 27 28 28 28 28 28 29 29 29 29             266
MAR  30 30 30 31 31 31 31 32 32 32 32 33 33 33 34 34 34 34 35 35 35 35 36 36 36 36 37 37 37 38 38    338
APR  38 38 39 39 39 39 40 40 40 40 41 41 41 42 42 42 43 43 43 44 44 44 44 45 45 45 46 46 46 47       422
MAY  47 47 48 48 49 49 49 50 50 50 51 51 51 52 52 52 52 53 53 53 54 54 54 55 55 55 56 56 56 57 57    521
JUN  57 57 58 58 58 59 59 59 59 60 60 60 60 61 61 61 61 62 62 62 62 63 63 63 63 63 64 64 64 64       609
JUL  65 65 65 65 65 65 66 66 66 66 66 66 66 66 66 66 66 66 66 66 66 66 66 66 66 66 66 66 66 66 66    658
AUG  66 66 66 65 65 65 65 65 65 65 65 65 64 64 64 64 64 64 64 64 63 63 63 63 63 63 63 62 62 62 62    640
SEP  62 62 61 61 61 61 61 60 60 60 60 59 59 59 58 58 58 57 57 57 56 56 55 55 55 54 54 53 53 52       578
OCT  52 51 51 50 50 50 49 49 48 48 47 47 47 46 46 46 45 45 45 44 44 44 43 43 43 42 42 42 42 41 41    459
NOV  41 41 40 40 40 40 39 39 39 39 38 38 38 38 37 37 37 37 36 36 36 35 35 35 34 34 34 34 33 33       371
DEC  33 32 32 32 31 31 31 31 30 30 30 30 29 29 29 29 28 28 28 28 27 27 27 27 27 27 26 26 26 26 26    288
                                                                                                        
-------------------------------------------------------------------------------------------------       
 Maximum Temperature (deg F [tenths deg F for monthly])                                                 
 DAY  1  2  3  4  5  6  7  8  9 10 11 12 13 14 15 16 17 18 19 20 21 22 23 24 25 26 27 28 29 30 31  MONTH
-------------------------------------------------------------------------------------------------       
JAN  44 44 44 44 43 43 43 43 43 43 43 43 43 43 43 43 43 43 43 43 43 43 43 43 43 43 44 44 44 44 44    433
FEB  44 44 45 45 45 45 45 46 46 46 46 47 47 47 47 47 48 48 48 49 49 49 49 50 50 50 51 51             473
MAR  51 52 52 52 53 53 53 54 54 55 55 55 56 56 56 57 57 57 58 58 59 59 59 60 60 60 61 61 61 62 62    567
APR  63 63 63 64 64 64 65 65 65 66 66 67 67 67 67 68 68 68 69 69 69 70 70 70 71 71 71 71 72 72       675
MAY  72 72 73 73 73 73 74 74 74 74 75 75 75 75 76 76 76 77 77 77 77 78 78 78 78 79 79 79 79 80 80    760
JUN  80 80 81 81 81 81 82 82 82 82 83 83 83 83 83 84 84 84 84 84 84 85 85 85 85 85 85 86 86 86       833
JUL  86 86 86 87 87 87 87 87 87 87 87 87 87 87 87 87 87 88 88 88 88 88 88 87 87 87 87 87 87 87 87    871
AUG  87 87 87 87 87 87 86 86 86 86 86 86 86 86 86 85 85 85 85 85 85 85 84 84 84 84 84 84 83 83 83    853
SEP  83 83 83 82 82 82 82 81 81 81 81 80 80 80 80 79 79 79 78 78 78 77 77 77 76 76 76 75 75 75       792
OCT  74 74 73 73 72 72 72 71 71 71 70 70 69 69 69 68 68 68 67 67 67 66 66 66 65 65 65 64 64 64 63    685
NOV  63 63 62 62 62 61 61 61 60 60 60 59 59 59 58 58 58 57 57 57 56 56 56 55 55 54 54 54 53 53       581
DEC  52 52 52 51 51 51 50 50 50 49 49 49 48 48 48 47 47 47 47 46 46 46 46 45 45 45 45 45 44 44 44    477
                                                                                                        
-------------------------------------------------------------------------------------------------       
 Average Temperature (deg F [tenths deg F for monthly])                                                 
 DAY  1  2  3  4  5  6  7  8  9 10 11 12 13 14 15 16 17 18 19 20 21 22 23 24 25 26 27 28 29 30 31  MONTH
-------------------------------------------------------------------------------------------------       
JAN  35 35 34 34 34 34 34 34 34 34 34 34 34 34 34 33 33 33 33 33 34 34 34 34 34 34 34 34 34 34 34    339
FEB  34 35 35 35 35 35 35 36 36 36 36 36 36 37 37 37 37 38 38 38 38 39 39 39 39 40 40 40             370
MAR  41 41 41 42 42 42 42 43 43 43 44 44 44 45 45 45 46 46 46 47 47 47 47 48 48 48 49 49 49 50 50    453
APR  50 51 51 51 52 52 52 53 53 53 54 54 54 54 55 55 55 56 56 56 57 57 57 58 58 58 58 59 59 59       549
MAY  60 60 60 61 61 61 61 62 62 62 63 63 63 64 64 64 64 65 65 65 66 66 66 66 67 67 67 68 68 68 68    641
JUN  69 69 69 69 70 70 70 70 71 71 71 71 72 72 72 72 73 73 73 73 73 74 74 74 74 74 75 75 75 75       721
JUL  75 75 75 76 76 76 76 76 76 76 76 77 77 77 77 77 77 77 77 77 77 77 77 77 77 77 77 77 77 77 76    765
AUG  76 76 76 76 76 76 76 76 76 76 75 75 75 75 75 75 75 75 74 74 74 74 74 74 74 73 73 73 73 73 73    747
SEP  72 72 72 72 72 71 71 71 71 70 70 70 70 69 69 69 68 68 68 67 67 67 66 66 66 65 65 64 64 63       685
OCT  63 63 62 62 61 61 60 60 60 59 59 58 58 58 57 57 57 56 56 56 55 55 55 54 54 54 53 53 53 52 52    572
NOV  52 52 51 51 51 51 50 50 50 49 49 49 48 48 48 47 47 47 47 46 46 46 45 45 45 44 44 44 43 43       476
DEC  43 42 42 41 41 41 41 40 40 40 39 39 39 39 38 38 38 38 37 37 37 37 36 36 36 36 36 35 35 35 35    383
                                                                                                        
-------------------------------------------------------------------------------------------------       
 Heating Degree Days                                                                                    
 DAY  1  2  3  4  5  6  7  8  9 10 11 12 13 14 15 16 17 18 19 20 21 22 23 24 25 26 27 28 29 30 31  MONTH
-------------------------------------------------------------------------------------------------       
JAN  30 30 31 31 31 31 31 31 31 31 31 31 31 31 32 32 32 32 32 32 31 31 31 31 31 31 31 31 31 31 31    965
FEB  31 30 30 30 30 30 30 30 29 29 29 29 29 28 28 28 28 28 27 27 27 26 26 26 26 25 25 25             786
MAR  24 24 24 24 23 23 23 22 22 22 21 21 21 20 20 20 19 19 19 18 18 18 18 17 17 17 16 16 16 15 15    612
APR  15 14 14 14 13 13 13 12 12 12 12 11 11 11 10 10 10 10  9  9  9  9  8  8  8  7  7  7  7  7       312
MAY   6  6  6  6  5  5  5  5  4  4  4  4  4  4  3  3  3  3  3  3  2  2  2  2  2  2  2  2  1  1  1    105
JUN   1  1  1  1  1  1  1  1  1  0  0  0  0  0  0  0  0  0  0  0  0  0  0  0  0  0  0  0  0  0         9
JUL   0  0  0  0  0  0  0  0  0  0  0  0  0  0  0  0  0  0  0  0  0  0  0  0  0  0  0  0  0  0  0      0
AUG   0  0  0  0  0  0-99  0  0  0  0  0  0  0  0  0  0  0  0  0  0  0  0  0  0  0  0  0  0  0  0      1
SEP   0  0  0  0  0  0  0  0  0  0  0  0  0  0  0  0  1  1  1  1  1  2  2  2  2  2  3  3  3  4        28
OCT   4  4  5  5  5  5  6  6  6  7  7  7  8  8  8  8  9  9  9 10 10 10 10 11 11 11 12 12 12 12 13    260
NOV  13 13 14 14 14 14 15 15 15 16 16 16 17 17 17 18 18 18 18 19 19 19 20 20 20 21 21 22 22 22       523
DEC  23 23 23 24 24 24 24 25 25 25 26 26 26 26 27 27 27 28 28 28 28 28 29 29 29 29 29 30 30 30 30    830
                                                                                                        
-------------------------------------------------------------------------------------------------       
 Cooling Degree Days                                                                                    
 DAY  1  2  3  4  5  6  7  8  9 10 11 12 13 14 15 16 17 18 19 20 21 22 23 24 25 26 27 28 29 30 31  MONTH
-------------------------------------------------------------------------------------------------       
JAN   0  0  0  0  0  0  0  0  0  0  0  0  0  0  0  0  0  0  0  0  0  0  0  0  0  0  0  0  0  0  0      0
FEB   0  0  0  0  0  0  0  0  0  0  0  0  0  0  0  0  0  0  0  0  0  0  0  0  0  0  0  0               0
MAR   0  0  0  0  0  0  0  0  0  0  0  0  0  0  0  0  0  0  0  0  0  0  0  0  0  0  0  0  0  0  0      0
APR   0  0  0  0  0  0  0  0  0  0  0  0  0  0  0  0  0  0  0  0  0  0  0  1  1  1  1  1  1  1         7
MAY   1  1  1  1  1  1  1  2  2  2  2  2  2  2  2  2  2  3  3  3  3  3  3  3  4  4  4  4  4  4  5     77
JUN   5  5  5  5  5  6  6  6  6  6  7  7  7  7  7  7  8  8  8  8  8  9  9  9  9  9  9 10 10 10       221
JUL  10 10 10 11 11 11 11 11 11 11 11 11 11 12 12 12 12 12 12 12 12 12 12 12 12 12 12 12 12 12 11    355
AUG  12 11 11 11 11 11 11 11 11 11 10 10 10 10 10 10 10 10  9  9  9  9  9  9  8  8  8  8  8  7  7    299
SEP   7  7  7  6  6  6  6  6  5  5  5  5  5  5  4  4  4  4  4  4  3  3  3  3  3  3  3  2  2  2       132
OCT   2  2  2  2  1  1  1  1  1  1  1  1  1  1  1  0  0  0  0  0  0  0  0  0  0  0  0  0  0  0  0     19
NOV   0  0  0  0  0  0  0  0  0  0  0  0  0  0  0  0  0  0  0  0  0  0  0  0  0  0  0  0  0  0         0
DEC   0  0  0  0  0  0  0  0  0  0  0  0  0  0  0  0  0  0  0  0  0  0  0  0  0  0  0  0  0  0  0      0
                                                                                                        
-------------------------------------------------------------------------------------------------       
 Total  Precipitation (Hundreths of an Inch)                                                            
 DAY  1  2  3  4  5  6  7  8  9 10 11 12 13 14 15 16 17 18 19 20 21 22 23 24 25 26 27 28 29 30 31  MONTH
-------------------------------------------------------------------------------------------------       
JAN  11 11 11 11 12 12 12 12 12 12 12 12 12 12 12 12 12 12 12 12 12 11 11 11 11 11 11 11 11 10 10    356
FEB  10 10 10 10 10  9  9  9  9  9  9  9  9  9  9  9  9  9 10 10 10 10 10 10 10 11 11 11             270
MAR  11 12 12 12 12 12 12 13 13 13 13 13 13 13 13 13 13 13 13 13 13 13 13 13 13 13 12 12 12 12 12    390
APR  11 11 11 11 10 10 10 10 10 10 10 10 10 10 10 10 10 10 10 10 10 10 10 10 10 11 11 11 11 12       310
MAY  12 12 13 13 13 13 13 13 14 14 14 14 14 14 14 14 14 14 14 14 14 14 14 14 14 14 14 14 14 14 14    424
JUN  13 13 13 13 13 13 13 12 12 12 12 12 12 12 12 12 12 12 12 12 12 12 12 12 12 12 13 13 13 13       371
JUL  13 13 13 13 13 13 13 13 14 14 14 14 14 14 14 14 14 14 14 14 14 14 13 13 13 13 13 13 13 13 13    417
AUG  12 12 12 12 12 12 12 12 12 12 12 12 11 11 11 11 11 12 12 12 12 12 12 12 12 12 12 12 13 13 13    370
SEP  13 13 13 13 14 14 14 14 14 14 14 14 14 14 14 14 14 14 14 14 14 14 14 13 13 13 13 13 13 12       408
OCT  12 12 12 12 12 11 11 11 11 11 11 11 11 10 10 10 10 10 10 10 10 10 10 10 10 10 10 11 11 11 11    332
NOV  11 11 11 11 11 11 11 11 12 12 12 12 12 12 12 12 12 12 12 12 12 12 12 11 11 11 11 11 11 11       345
DEC  11 11 11 11 11 10 10 10 10 10 10 10 10 10 10 10 10 10 10 10 10 10 10 10 10 11 11 11 11 11 11    321
                                                                                                        
