-------------------------------------------------------------------------------------------------       
 1971-2000 Daily/Monthly Station Normals                                                                
 Provided by National Climatic Data Center/NESDIS/NOAA                                                  
-------------------------------------------------------------------------------------------------       
 Station COOP ID:                           183355                                                      
 Station Name, State, Division, Call:       FREDERICK 3 E                      MD 06                    
 Latitude, Longitude, Elevation, Elements:  39 24 00 -077 22 00   385   P                               
-------------------------------------------------------------------------------------------------       
 Total  Precipitation (Hundreths of an Inch)                                                            
 DAY  1  2  3  4  5  6  7  8  9 10 11 12 13 14 15 16 17 18 19 20 21 22 23 24 25 26 27 28 29 30 31  MONTH
-------------------------------------------------------------------------------------------------       
JAN  11 11 11 11 11 11 11 11 11 12 12 12 12 11 11 11 11 11 11 11 11 11 11 11 11 11 11 11 10 10 10    342
FEB  10 10 10 10 10  9  9  9  9  9  9  9  9  9  9  9  9  9 10 10 10 10 10 10 10 10 11 11             269
MAR  11 11 11 11 12 12 12 12 12 12 12 12 12 13 13 13 13 13 13 13 13 13 13 12 12 12 12 12 12 12 12    378
APR  12 12 11 11 11 11 11 11 11 11 11 11 11 11 11 11 11 11 11 11 11 12 12 12 12 12 12 13 13 13       344
MAY  13 14 14 14 14 14 14 15 15 15 15 15 15 15 15 15 15 15 15 15 15 15 15 15 15 15 15 15 15 15 15    457
JUN  15 14 14 14 14 14 14 14 14 14 14 13 13 13 13 13 13 13 13 13 13 13 13 13 13 13 13 13 13 13       402
JUL  13 13 13 13 13 13 13 13 12 12 12 12 12 12 12 12 12 12 12 12 12 12 11 11 11 11 11 11 11 11 10    370
AUG  10 10 10 10 10 10 10 10 10  9  9  9  9  9  9 10 10 10 10 10 10 10 10 10 11 11 11 11 11 12 12    313
SEP  12 12 13 13 13 13 13 14 14 14 14 14 14 14 14 14 14 14 15 15 14 14 14 14 14 14 14 14 14 14       413
OCT  13 13 13 13 13 13 13 13 12 12 12 12 12 12 12 12 12 12 12 12 12 12 11 11 11 11 11 11 11 11 11    371
NOV  11 11 11 12 12 12 12 12 12 12 11 11 11 11 11 11 11 11 11 11 11 11 11 11 11 11 11 11 11 11       337
DEC  11 11 11 11 11 10 10 10 10 10 10 10 10 10 10 10 10 10 10 10 10 10 10 11 11 11 11 11 11 11 11    323
                                                                                                        
