-------------------------------------------------------------------------------------------------       
 1971-2000 Daily/Monthly Station Normals                                                                
 Provided by National Climatic Data Center/NESDIS/NOAA                                                  
-------------------------------------------------------------------------------------------------       
 Station COOP ID:                           280346                                                      
 Station Name, State, Division, Call:       AUDUBON                            NJ 02                    
 Latitude, Longitude, Elevation, Elements:  39 53 00 -075 05 00    39 XNP                               
-------------------------------------------------------------------------------------------------       
 Minimum Temperature (deg F [tenths deg F for monthly])                                                 
 DAY  1  2  3  4  5  6  7  8  9 10 11 12 13 14 15 16 17 18 19 20 21 22 23 24 25 26 27 28 29 30 31  MONTH
-------------------------------------------------------------------------------------------------       
JAN  26 26 26 25 25 25 25 25 25 25 25 25 24 24 24 24 24 24 24 24 24 24 24 24 24 24 24 24 24 24 24    245
FEB  24 24 25 25 25 25 25 25 25 25 25 26 26 26 26 26 26 27 27 27 27 27 28 28 28 28 29 29             262
MAR  29 30 30 30 30 31 31 31 31 32 32 32 33 33 33 33 34 34 34 35 35 35 35 36 36 36 36 37 37 37 37    334
APR  38 38 38 39 39 39 39 40 40 40 41 41 41 41 42 42 42 43 43 43 44 44 44 45 45 45 46 46 46 46       420
MAY  47 47 48 48 48 49 49 49 50 50 50 51 51 51 51 52 52 52 53 53 53 54 54 54 55 55 55 56 56 56 57    518
JUN  57 57 58 58 58 59 59 59 60 60 60 60 61 61 61 62 62 62 62 63 63 63 63 64 64 64 64 65 65 65       613
JUL  65 65 66 66 66 66 66 66 67 67 67 67 67 67 67 67 67 67 67 67 67 68 68 68 68 67 67 67 67 67 67    668
AUG  67 67 67 67 67 67 67 66 66 66 66 66 66 66 66 65 65 65 65 65 65 65 64 64 64 64 64 64 63 63 63    653
SEP  63 62 62 62 62 61 61 61 60 60 60 60 59 59 59 58 58 58 57 57 56 56 56 55 55 54 54 53 53 52       581
OCT  52 52 51 51 50 50 49 49 49 48 48 47 47 47 46 46 45 45 45 45 44 44 44 43 43 43 42 42 42 42 41    462
NOV  41 41 41 41 40 40 40 40 39 39 39 39 38 38 38 37 37 37 37 36 36 36 35 35 35 35 34 34 34 33       375
DEC  33 33 32 32 32 32 31 31 31 31 30 30 30 30 29 29 29 29 28 28 28 28 27 27 27 27 27 26 26 26 26    292
                                                                                                        
-------------------------------------------------------------------------------------------------       
 Maximum Temperature (deg F [tenths deg F for monthly])                                                 
 DAY  1  2  3  4  5  6  7  8  9 10 11 12 13 14 15 16 17 18 19 20 21 22 23 24 25 26 27 28 29 30 31  MONTH
-------------------------------------------------------------------------------------------------       
JAN  42 42 42 42 41 41 41 41 41 41 41 41 41 41 41 41 41 41 41 41 41 41 41 41 41 41 41 41 41 42 42    412
FEB  42 42 42 42 43 43 43 43 43 43 44 44 44 44 45 45 45 45 46 46 46 47 47 47 48 48 48 49             448
MAR  49 49 50 50 50 51 51 51 52 52 52 53 53 53 54 54 55 55 55 56 56 56 57 57 57 58 58 58 59 59 60    542
APR  60 60 61 61 61 62 62 62 63 63 63 64 64 64 65 65 65 66 66 66 66 67 67 67 68 68 68 69 69 69       647
MAY  70 70 70 70 71 71 71 72 72 72 73 73 73 73 74 74 74 75 75 75 75 76 76 76 77 77 77 78 78 78 78    740
JUN  79 79 79 80 80 80 80 81 81 81 82 82 82 82 82 83 83 83 83 84 84 84 84 84 85 85 85 85 85 85       824
JUL  86 86 86 86 86 86 87 87 87 87 87 87 87 87 87 87 87 87 87 87 87 87 87 87 87 87 87 87 87 87 87    868
AUG  87 87 87 87 87 87 87 87 87 86 86 86 86 86 86 86 85 85 85 85 85 85 84 84 84 84 84 83 83 83 83    854
SEP  83 82 82 82 81 81 81 81 80 80 80 79 79 79 79 78 78 78 77 77 77 76 76 75 75 75 74 74 74 73       782
OCT  73 72 72 72 71 71 70 70 70 69 69 69 68 68 67 67 67 66 66 66 65 65 65 64 64 64 63 63 63 62 62    672
NOV  62 61 61 61 60 60 60 59 59 59 58 58 58 57 57 57 56 56 56 55 55 54 54 54 53 53 53 52 52 51       567
DEC  51 51 50 50 49 49 49 48 48 48 47 47 47 46 46 46 46 45 45 45 44 44 44 44 44 43 43 43 43 42 42    461
                                                                                                        
-------------------------------------------------------------------------------------------------       
 Average Temperature (deg F [tenths deg F for monthly])                                                 
 DAY  1  2  3  4  5  6  7  8  9 10 11 12 13 14 15 16 17 18 19 20 21 22 23 24 25 26 27 28 29 30 31  MONTH
-------------------------------------------------------------------------------------------------       
JAN  34 34 34 34 33 33 33 33 33 33 33 33 33 33 33 33 32 32 32 32 32 32 32 33 33 33 33 33 33 33 33    329
FEB  33 33 33 33 34 34 34 34 34 34 35 35 35 35 35 36 36 36 36 37 37 37 37 38 38 38 38 39             355
MAR  39 39 40 40 40 41 41 41 42 42 42 43 43 43 43 44 44 44 45 45 45 46 46 46 47 47 47 48 48 48 49    438
APR  49 49 49 50 50 50 51 51 51 52 52 52 53 53 53 54 54 54 55 55 55 55 56 56 56 57 57 57 58 58       534
MAY  58 59 59 59 59 60 60 60 61 61 61 62 62 62 63 63 63 64 64 64 64 65 65 65 66 66 66 67 67 67 68    629
JUN  68 68 69 69 69 70 70 70 70 71 71 71 71 72 72 72 72 73 73 73 73 74 74 74 74 74 75 75 75 75       719
JUL  76 76 76 76 76 76 76 77 77 77 77 77 77 77 77 77 77 77 77 77 77 77 77 78 77 77 77 77 77 77 77    768
AUG  77 77 77 77 77 77 77 77 76 76 76 76 76 76 76 76 75 75 75 75 75 75 74 74 74 74 74 74 73 73 73    754
SEP  73 72 72 72 72 71 71 71 70 70 70 70 69 69 69 68 68 68 67 67 66 66 66 65 65 65 64 64 63 63       682
OCT  62 62 62 61 61 60 60 60 59 59 58 58 58 57 57 56 56 56 55 55 55 54 54 54 54 53 53 53 52 52 52    567
NOV  52 51 51 51 50 50 50 50 49 49 49 48 48 48 47 47 47 46 46 46 45 45 45 44 44 44 43 43 43 42       471
DEC  42 42 41 41 41 40 40 40 39 39 39 39 38 38 38 37 37 37 37 37 36 36 36 36 35 35 35 35 35 34 34    377
                                                                                                        
-------------------------------------------------------------------------------------------------       
 Heating Degree Days                                                                                    
 DAY  1  2  3  4  5  6  7  8  9 10 11 12 13 14 15 16 17 18 19 20 21 22 23 24 25 26 27 28 29 30 31  MONTH
-------------------------------------------------------------------------------------------------       
JAN  31 31 31 32 32 32 32 32 32 32 32 32 32 32 32 33 33 33 33 33 33 33 33 32 32 32 32 32 32 32 32    997
FEB  32 32 32 32 31 31 31 31 31 31 30 30 30 30 30 29 29 29 29 29 28 28 28 27 27 27 27 26             827
MAR  26 26 25 25 25 24 24 24 23 23 23 22 22 22 22 21 21 21 20 20 20 19 19 19 18 18 18 17 17 17 16    657
APR  16 16 15 15 15 15 14 14 14 13 13 13 12 12 12 11 11 11 11 10 10 10  9  9  9  9  8  8  8  7       350
MAY   7  7  7  6  6  6  6  5  5  5  5  4  4  4  4  4  3  3  3  3  3  3  2  2  2  2  2  2  2  1  1    119
JUN   1  1  1  1  1  1  1  1  0  0  0  0  0  0  0  0  0  0  0  0  0  0  0  0  0  0  0  0  0  0         8
JUL   0  0  0  0  0  0  0  0  0  0  0  0  0  0  0  0  0  0  0  0  0  0  0  0  0  0  0  0  0  0  0      0
AUG   0  0  0  0  0  0  0  0  0  0  0  0  0  0  0  0  0  0  0  0  0  0  0  0  0  0  0  0  0  0  0      0
SEP   0  0  0  0  0  0  0  0  0  0  0  0  0  0  0  0  0  1  1  1  1  1  2  2  2  2  3  3  3  4        26
OCT   4  5  5  5  5  6  6  6  7  7  7  8  8  8  9  9  9 10 10 10 10 11 11 11 12 12 12 12 13 13 13    274
NOV  13 14 14 14 15 15 15 15 16 16 16 17 17 17 18 18 18 19 19 19 20 20 20 21 21 21 22 22 22 23       537
DEC  23 23 24 24 24 25 25 25 26 26 26 27 27 27 27 28 28 28 28 29 29 29 29 30 30 30 30 30 30 31 31    849
                                                                                                        
-------------------------------------------------------------------------------------------------       
 Cooling Degree Days                                                                                    
 DAY  1  2  3  4  5  6  7  8  9 10 11 12 13 14 15 16 17 18 19 20 21 22 23 24 25 26 27 28 29 30 31  MONTH
-------------------------------------------------------------------------------------------------       
JAN   0  0  0  0  0  0  0  0  0  0  0  0  0  0  0  0  0  0  0  0  0  0  0  0  0  0  0  0  0  0  0      0
FEB   0  0  0  0  0  0  0  0  0  0  0  0  0  0  0  0  0  0  0  0  0  0  0  0  0  0  0  0               0
MAR   0  0  0  0  0  0  0  0  0  0  0  0  0  0  0  0  0  0  0  0  0  0  0  0  0  0  0  0  0  0  0      0
APR   0  0  0  0  0  0  0  0  0  0  0  0  0  0  0  0  0  0  0  0  0  0  0  0  0  0  0  0  0-99         1
MAY   0  0  0  0  1  1  1  1  1  1  1  1  1  1  1  2  2  2  2  2  2  2  2  3  3  3  3  3  4  4  4     54
JUN   4  4  5  5  5  5  5  6  6  6  6  6  7  7  7  7  7  8  8  8  8  8  9  9  9  9  9 10 10 10       213
JUL  10 10 11 11 11 11 11 11 12 12 12 12 12 12 12 12 12 12 12 12 12 12 13 13 13 13 12 12 12 12 12    366
AUG  12 12 12 12 12 12 12 12 12 11 11 11 11 11 11 11 10 10 10 10 10 10  9  9  9  9  8  8  8  8  7    320
SEP   7  7  7  6  6  6  6  5  5  5  5  4  4  4  4  4  3  3  3  3  3  3  3  2  2  2  2  2  2  2       120
OCT   2  2  1  1  1  1  1  1  1  1  1  1  1  1  1  0  0  0  0  0  0  0  0  0  0  0  0  0  0  0  0     17
NOV   0  0  0  0  0  0  0  0  0  0  0  0  0  0  0  0  0  0  0  0  0  0  0  0  0  0  0  0  0  0         0
DEC   0  0  0  0  0  0  0  0  0  0  0  0  0  0  0  0  0  0  0  0  0  0  0  0  0  0  0  0  0  0  0      0
                                                                                                        
-------------------------------------------------------------------------------------------------       
 Total  Precipitation (Hundreths of an Inch)                                                            
 DAY  1  2  3  4  5  6  7  8  9 10 11 12 13 14 15 16 17 18 19 20 21 22 23 24 25 26 27 28 29 30 31  MONTH
-------------------------------------------------------------------------------------------------       
JAN  12 12 12 12 12 12 12 12 12 13 13 13 13 12 12 12 12 12 12 12 12 12 12 12 12 12 11 11 11 11 11    371
FEB  10 10 10 10 10 10 10 10 10  9  9  9  9  9  9  9 10 10 10 10 10 10 10 10 10 11 11 11             276
MAR  11 11 12 12 12 12 12 13 13 13 13 13 13 13 13 13 14 14 14 14 14 14 14 14 14 14 14 14 14 14 13    408
APR  14 13 13 13 13 13 13 13 13 13 13 13 13 13 13 13 13 13 13 13 13 13 13 13 13 13 14 14 14 14       395
MAY  14 14 14 14 14 14 14 14 14 14 14 15 15 15 15 15 14 14 14 14 14 14 14 14 14 14 14 14 14 14 13    438
JUN  13 13 13 13 13 13 13 13 13 13 12 12 12 12 12 12 12 12 12 13 13 13 13 13 13 13 13 13 13 13       381
JUL  13 14 14 14 14 14 14 14 14 14 14 15 15 15 15 15 15 15 15 15 15 15 15 15 15 15 15 15 15 15 14    452
AUG  15 15 15 14 14 14 14 14 14 14 14 14 14 14 14 14 14 14 14 14 14 14 14 14 14 14 14 14 14 14 14    437
SEP  14 14 14 14 14 15 15 14 14 14 14 14 14 14 14 14 14 14 14 14 14 13 13 13 13 13 13 13 12 12       411
OCT  12 12 12 11 11 11 11 11 11 11 10 10 10 10 10 10 10 10 10 10 10 10 10 10 10 10 10 10 11 11 11    326
NOV  11 11 11 11 11 11 11 11 12 12 12 12 12 12 12 12 12 12 12 12 12 12 12 12 12 12 12 12 12 11       351
DEC  12 12 11 11 11 11 11 11 11 11 11 11 11 11 11 11 11 11 11 11 11 11 11 11 11 12 12 12 12 12 12    349
                                                                                                        
