-------------------------------------------------------------------------------------------------       
 1971-2000 Daily/Monthly Station Normals                                                                
 Provided by National Climatic Data Center/NESDIS/NOAA                                                  
-------------------------------------------------------------------------------------------------       
 Station COOP ID:                           280907                                                      
 Station Name, State, Division, Call:       BOONTON 1 SE                       NJ 01                    
 Latitude, Longitude, Elevation, Elements:  40 53 32 -074 24 12   280 XNP                               
-------------------------------------------------------------------------------------------------       
 Minimum Temperature (deg F [tenths deg F for monthly])                                                 
 DAY  1  2  3  4  5  6  7  8  9 10 11 12 13 14 15 16 17 18 19 20 21 22 23 24 25 26 27 28 29 30 31  MONTH
-------------------------------------------------------------------------------------------------       
JAN  21 20 20 20 20 20 19 19 19 19 19 19 19 19 19 18 18 18 18 18 18 18 18 18 18 18 18 18 18 18 18    187
FEB  18 18 18 19 19 19 19 19 19 19 19 20 20 20 20 20 21 21 21 21 22 22 22 22 23 23 23 24             204
MAR  24 24 25 25 25 26 26 26 27 27 28 28 28 29 29 29 30 30 30 31 31 31 32 32 32 33 33 33 33 34 34    292
APR  34 35 35 35 36 36 36 37 37 37 38 38 38 39 39 39 40 40 40 41 41 41 42 42 42 42 43 43 43 44       391
MAY  44 44 45 45 45 46 46 46 47 47 47 48 48 48 48 49 49 49 50 50 50 51 51 51 52 52 52 53 53 53 54    488
JUN  54 54 54 55 55 55 56 56 56 57 57 57 57 58 58 58 58 59 59 59 59 59 60 60 60 60 61 61 61 61       578
JUL  61 62 62 62 62 62 62 62 63 63 63 63 63 63 63 63 63 63 63 63 63 63 63 63 63 63 63 63 63 63 63    627
AUG  63 63 63 63 63 63 62 62 62 62 62 62 62 61 61 61 61 61 61 60 60 60 60 60 59 59 59 59 58 58 58    609
SEP  58 57 57 57 57 56 56 56 55 55 55 54 54 53 53 53 52 52 52 51 51 50 50 49 49 49 48 48 47 47       527
OCT  46 46 45 45 44 44 43 43 43 42 42 42 41 41 40 40 40 40 39 39 39 38 38 38 38 38 37 37 37 37 37    406
NOV  37 36 36 36 36 36 36 35 35 35 35 35 34 34 34 34 33 33 33 33 32 32 32 31 31 31 31 30 30 29       335
DEC  29 29 28 28 28 27 27 27 27 26 26 26 25 25 25 24 24 24 24 23 23 23 23 22 22 22 22 21 21 21 21    246
                                                                                                        
-------------------------------------------------------------------------------------------------       
 Maximum Temperature (deg F [tenths deg F for monthly])                                                 
 DAY  1  2  3  4  5  6  7  8  9 10 11 12 13 14 15 16 17 18 19 20 21 22 23 24 25 26 27 28 29 30 31  MONTH
-------------------------------------------------------------------------------------------------       
JAN  37 37 37 36 36 36 36 36 36 36 36 36 36 36 36 36 36 36 36 36 36 36 36 36 36 36 36 36 36 36 36    361
FEB  37 37 37 37 37 37 37 38 38 38 38 38 39 39 39 39 40 40 40 40 41 41 41 41 42 42 42 43             392
MAR  43 44 44 44 45 45 45 46 46 46 47 47 47 48 48 49 49 49 50 50 50 51 51 52 52 52 53 53 53 54 54    486
APR  54 55 55 56 56 56 57 57 58 58 58 59 59 59 60 60 61 61 61 62 62 62 63 63 64 64 64 65 65 66       600
MAY  66 66 67 67 67 68 68 68 69 69 70 70 70 71 71 71 72 72 72 73 73 73 73 74 74 74 75 75 75 75 76    711
JUN  76 76 77 77 77 77 78 78 78 78 79 79 79 79 79 80 80 80 80 81 81 81 81 81 82 82 82 82 83 83       795
JUL  83 83 83 83 84 84 84 84 84 84 84 85 85 85 85 85 85 85 85 85 85 85 85 85 85 85 85 85 85 85 85    845
AUG  85 85 85 84 84 84 84 84 84 84 84 84 83 83 83 83 83 83 82 82 82 82 82 81 81 81 81 81 80 80 80    827
SEP  80 79 79 79 79 78 78 78 77 77 77 77 76 76 76 75 75 75 74 74 73 73 73 72 72 72 71 71 70 70       752
OCT  70 69 69 68 68 67 67 67 66 66 65 65 65 64 64 64 63 63 62 62 62 61 61 61 60 60 59 59 59 58 58    636
NOV  58 57 57 57 56 56 56 55 55 55 54 54 53 53 53 52 52 51 51 51 50 50 49 49 49 48 48 47 47 46       523
DEC  46 46 45 45 44 44 44 43 43 43 42 42 42 41 41 41 40 40 40 39 39 39 39 39 38 38 38 38 38 37 37    410
                                                                                                        
-------------------------------------------------------------------------------------------------       
 Average Temperature (deg F [tenths deg F for monthly])                                                 
 DAY  1  2  3  4  5  6  7  8  9 10 11 12 13 14 15 16 17 18 19 20 21 22 23 24 25 26 27 28 29 30 31  MONTH
-------------------------------------------------------------------------------------------------       
JAN  29 29 28 28 28 28 28 28 28 28 27 27 27 27 27 27 27 27 27 27 27 27 27 27 27 27 27 27 27 27 27    274
FEB  27 27 28 28 28 28 28 28 28 29 29 29 29 29 30 30 30 30 31 31 31 31 32 32 32 33 33 33             298
MAR  34 34 34 35 35 35 36 36 36 37 37 38 38 38 39 39 39 40 40 40 41 41 41 42 42 42 43 43 43 44 44    389
APR  44 45 45 46 46 46 47 47 47 48 48 48 49 49 49 50 50 50 51 51 52 52 52 53 53 53 54 54 54 55       496
MAY  55 55 56 56 56 57 57 57 58 58 59 59 59 59 60 60 60 61 61 61 62 62 62 63 63 63 64 64 64 64 65    600
JUN  65 65 66 66 66 66 67 67 67 67 68 68 68 68 69 69 69 69 70 70 70 70 71 71 71 71 71 72 72 72       687
JUL  72 72 73 73 73 73 73 73 73 73 74 74 74 74 74 74 74 74 74 74 74 74 74 74 74 74 74 74 74 74 74    736
AUG  74 74 74 74 73 73 73 73 73 73 73 73 72 72 72 72 72 72 72 71 71 71 71 71 70 70 70 70 69 69 69    718
SEP  69 68 68 68 68 67 67 67 66 66 66 66 65 65 64 64 64 63 63 63 62 62 61 61 61 60 60 59 59 58       640
OCT  58 57 57 57 56 56 55 55 54 54 54 53 53 53 52 52 51 51 51 50 50 50 50 49 49 49 48 48 48 48 47    521
NOV  47 47 47 46 46 46 46 45 45 45 44 44 44 44 43 43 43 42 42 42 41 41 41 40 40 39 39 39 38 38       429
DEC  38 37 37 37 36 36 35 35 35 34 34 34 33 33 33 33 32 32 32 31 31 31 31 30 30 30 30 30 29 29 29    328
                                                                                                        
-------------------------------------------------------------------------------------------------       
 Heating Degree Days                                                                                    
 DAY  1  2  3  4  5  6  7  8  9 10 11 12 13 14 15 16 17 18 19 20 21 22 23 24 25 26 27 28 29 30 31  MONTH
-------------------------------------------------------------------------------------------------       
JAN  36 36 36 37 37 37 37 37 37 37 38 38 38 38 38 38 38 38 38 38 38 38 38 38 38 38 38 38 38 38 38   1165
FEB  38 38 37 37 37 37 37 37 37 36 36 36 36 36 35 35 35 35 35 34 34 34 33 33 33 32 32 32             987
MAR  31 31 31 30 30 30 29 29 29 28 28 28 27 27 26 26 26 25 25 25 24 24 24 23 23 23 22 22 21 21 21    809
APR  20 20 20 19 19 19 18 18 18 17 17 17 16 16 16 15 15 15 14 14 14 13 13 12 12 12 11 11 11 11       463
MAY  10 10 10  9  9  9  8  8  8  7  7  7  7  6  6  6  6  5  5  5  5  4  4  4  4  3  3  3  3  3  3    187
JUN   2  2  2  2  2  2  1  1  1  1  1  1  1  1  1  1  0  0  0  0  0  0  0  0  0  0  0  0  0  0        22
JUL   0  0  0  0  0  0  0  0  0  0  0  0  0  0  0  0  0  0  0  0  0  0  0  0  0  0  0  0  0  0-99      1
AUG   0  0  0  0  0  0  0  0  0  0  0  0  0  0  0  0  0  0  0  0  0  0  0  0  0-99-99-99-99-99-99      6
SEP   0  0  0  0  0  1  1  1  1  1  1  1  2  2  2  2  2  3  3  3  4  4  4  5  5  5  6  6  6  7        78
OCT   7  8  8  9  9  9 10 10 11 11 11 12 12 13 13 13 14 14 14 15 15 15 16 16 16 16 17 17 17 17 18    403
NOV  18 18 18 19 19 19 19 20 20 20 21 21 21 21 22 22 22 23 23 23 24 24 24 25 25 26 26 26 27 27       663
DEC  27 28 28 29 29 29 30 30 30 31 31 31 32 32 32 32 33 33 33 34 34 34 34 35 35 35 35 35 36 36 36    999
                                                                                                        
-------------------------------------------------------------------------------------------------       
 Cooling Degree Days                                                                                    
 DAY  1  2  3  4  5  6  7  8  9 10 11 12 13 14 15 16 17 18 19 20 21 22 23 24 25 26 27 28 29 30 31  MONTH
-------------------------------------------------------------------------------------------------       
JAN   0  0  0  0  0  0  0  0  0  0  0  0  0  0  0  0  0  0  0  0  0  0  0  0  0  0  0  0  0  0  0      0
FEB   0  0  0  0  0  0  0  0  0  0  0  0  0  0  0  0  0  0  0  0  0  0  0  0  0  0  0  0               0
MAR   0  0  0  0  0  0  0  0  0  0  0  0  0  0  0  0  0  0  0  0  0  0  0  0  0  0  0  0  0  0  0      0
APR   0  0  0  0  0  0  0  0  0  0  0  0  0  0  0  0  0  0  0  0  0  0  0  0  0  0  0  0  0  0         0
MAY   0  0  0  0  0  0  0  0  0  1  1  1  1  1  1  1  1  1  1  1  1  1  1  1  2  2  2  2  2  2  2     29
JUN   2  2  3  3  3  3  3  3  3  3  4  4  4  4  4  4  4  5  5  5  5  5  6  6  6  6  6  6  7  7       131
JUL   7  7  7  8  8  8  8  8  8  9  9  9  9  9  9  9  9  9  9  9  9  9  9  9  9  9  9  9  9  9  9    267
AUG   9  9  9  9  9  8  8  8  8  8  8  8  8  7  7  7  7  7  7  7  6  6  6  6  6  5  5  5  5  4  4    216
SEP   4  4  4  3  3  3  3  2  2  2  2  2  2  2  1  1  1  1  1  1  1  1  1  0  0  0  0  0  0  0        47
OCT -99-99  0  0  0  0  0  0  0  0  0  0  0  0  0  0  0  0  0  0  0  0  0  0  0  0  0  0  0  0  0      2
NOV   0  0  0  0  0  0  0  0  0  0  0  0  0  0  0  0  0  0  0  0  0  0  0  0  0  0  0  0  0  0         0
DEC   0  0  0  0  0  0  0  0  0  0  0  0  0  0  0  0  0  0  0  0  0  0  0  0  0  0  0  0  0  0  0      0
                                                                                                        
-------------------------------------------------------------------------------------------------       
 Total  Precipitation (Hundreths of an Inch)                                                            
 DAY  1  2  3  4  5  6  7  8  9 10 11 12 13 14 15 16 17 18 19 20 21 22 23 24 25 26 27 28 29 30 31  MONTH
-------------------------------------------------------------------------------------------------       
JAN  13 13 13 13 13 14 14 14 14 14 14 14 14 14 14 14 14 14 14 14 14 14 13 13 13 13 13 13 12 12 12    417
FEB  12 12 12 11 11 11 11 11 11 11 11 10 10 10 10 10 10 10 11 11 11 11 11 11 11 11 11 12             305
MAR  12 12 12 12 13 13 13 13 13 13 13 14 14 14 14 14 14 14 14 14 14 14 14 14 14 15 15 15 15 15 14    424
APR  15 14 14 14 14 14 14 14 14 14 14 14 14 14 15 15 15 15 15 15 15 15 15 15 15 15 15 15 15 15       437
MAY  15 15 15 15 15 15 15 15 15 16 16 16 16 16 16 16 16 16 16 16 16 16 16 16 16 16 16 15 15 15 15    483
JUN  16 16 15 15 15 15 15 15 15 15 15 15 15 15 15 15 15 15 15 15 15 15 15 15 15 15 15 16 16 16       455
JUL  15 15 16 16 16 16 16 16 16 16 16 16 15 15 15 15 15 15 15 15 15 15 15 15 14 14 14 14 14 14 13    467
AUG  13 13 13 13 13 13 13 12 12 12 12 12 12 12 12 12 13 13 13 13 13 13 13 14 14 14 14 14 15 15 15    405
SEP  15 16 16 16 17 17 17 17 17 17 18 18 18 18 18 18 18 18 18 17 17 17 17 17 17 16 16 16 16 15       508
OCT  15 15 15 14 14 14 13 13 13 13 13 13 12 12 12 12 12 12 12 12 12 12 12 12 12 12 12 12 13 13 13    396
NOV  13 13 13 14 14 14 14 14 14 14 14 14 14 14 15 15 15 14 14 14 14 14 14 14 14 14 14 14 14 13       419
DEC  13 13 13 13 12 12 12 12 12 12 12 12 12 12 12 12 12 12 12 12 12 12 12 12 12 12 12 12 12 13 13    378
                                                                                                        
