-------------------------------------------------------------------------------------------------       
 1971-2000 Daily/Monthly Station Normals                                                                
 Provided by National Climatic Data Center/NESDIS/NOAA                                                  
-------------------------------------------------------------------------------------------------       
 Station COOP ID:                           281327                                                      
 Station Name, State, Division, Call:       CANISTEAR RESERVOIR                NJ 01                    
 Latitude, Longitude, Elevation, Elements:  41 06 00 -074 30 00  1100   P                               
-------------------------------------------------------------------------------------------------       
 Total  Precipitation (Hundreths of an Inch)                                                            
 DAY  1  2  3  4  5  6  7  8  9 10 11 12 13 14 15 16 17 18 19 20 21 22 23 24 25 26 27 28 29 30 31  MONTH
-------------------------------------------------------------------------------------------------       
JAN  13 13 13 13 13 14 14 14 14 14 14 14 14 14 14 14 14 14 14 14 13 13 13 13 13 13 13 13 13 12 12    416
FEB  12 12 12 12 12 12 11 11 11 11 11 11 11 11 11 11 11 11 11 11 11 11 12 12 12 12 12 12             320
MAR  12 12 13 13 13 13 13 13 13 14 14 14 14 14 14 14 14 14 14 14 14 15 15 15 15 15 15 15 15 15 15    433
APR  15 15 15 15 15 15 15 15 15 15 15 15 15 15 15 15 14 14 14 14 14 14 14 14 14 14 14 14 14 14       436
MAY  14 14 14 14 14 14 14 14 14 14 14 14 15 15 15 15 15 15 15 15 15 15 15 15 15 15 15 15 15 15 15    453
JUN  15 15 15 15 15 15 15 15 15 15 16 16 16 16 16 16 16 16 16 16 16 16 16 16 16 16 16 16 16 16       470
JUL  16 16 16 16 16 16 15 15 15 15 15 15 15 15 15 15 15 15 15 15 14 14 14 14 14 14 14 14 14 14 13    459
AUG  13 13 13 13 13 13 13 13 13 13 13 12 13 13 13 13 13 13 13 13 13 13 13 13 13 14 14 14 14 14 15    409
SEP  15 15 15 16 16 16 16 16 16 16 16 16 16 17 17 17 16 16 16 16 16 16 16 16 16 16 15 15 15 15       476
OCT  15 14 14 14 14 14 13 13 13 13 13 13 13 13 13 12 12 12 12 12 12 12 12 13 13 13 13 13 13 13 13    402
NOV  13 14 14 14 14 14 14 14 14 14 14 14 14 14 14 14 14 14 14 14 14 14 14 14 14 14 14 14 14 13       418
DEC  13 13 13 13 13 13 13 13 13 13 12 12 12 12 12 12 12 12 12 12 12 12 12 13 13 13 13 13 13 13 13    390
                                                                                                        
