-------------------------------------------------------------------------------------------------       
 1971-2000 Daily/Monthly Station Normals                                                                
 Provided by National Climatic Data Center/NESDIS/NOAA                                                  
-------------------------------------------------------------------------------------------------       
 Station COOP ID:                           179593                                                      
 Station Name, State, Division, Call:       WEST ROCKPORT 1 NNW                ME 03                    
 Latitude, Longitude, Elevation, Elements:  44 11 32 -069 08 50   380 XNP                               
-------------------------------------------------------------------------------------------------       
 Minimum Temperature (deg F [tenths deg F for monthly])                                                 
 DAY  1  2  3  4  5  6  7  8  9 10 11 12 13 14 15 16 17 18 19 20 21 22 23 24 25 26 27 28 29 30 31  MONTH
-------------------------------------------------------------------------------------------------       
JAN  12 12 12 11 11 11 11 10 10 10 10 10 10 10 10  9  9  9  9  9  9  9  9  9  9  9  9  9  9  9  9     98
FEB   9 10 10 10 10 10 10 10 11 11 11 11 11 12 12 12 13 13 13 13 14 14 14 15 15 16 16 16             122
MAR  17 17 18 18 19 19 19 20 20 21 21 21 22 22 23 23 23 24 24 24 25 25 25 26 26 27 27 27 28 28 28    228
APR  29 29 29 30 30 30 31 31 31 32 32 32 33 33 33 34 34 34 35 35 35 36 36 36 37 37 37 38 38 38       335
MAY  39 39 40 40 40 41 41 41 42 42 42 43 43 43 44 44 44 45 45 45 46 46 46 46 47 47 47 48 48 48 49    439
JUN  49 49 50 50 50 50 51 51 51 52 52 52 52 53 53 53 53 54 54 54 55 55 55 55 56 56 56 56 56 57       530
JUL  57 57 57 57 58 58 58 58 58 59 59 59 59 59 59 59 59 59 60 60 60 60 60 60 60 60 60 60 60 60 60    590
AUG  60 60 60 60 60 60 60 59 59 59 59 59 59 59 59 58 58 58 58 58 58 57 57 57 57 57 56 56 56 56 55    582
SEP  55 55 55 54 54 54 54 53 53 53 52 52 52 51 51 51 50 50 50 49 49 48 48 48 47 47 46 46 46 45       506
OCT  45 44 44 44 43 43 42 42 42 41 41 41 40 40 39 39 39 38 38 38 38 37 37 37 36 36 36 36 35 35 35    394
NOV  35 34 34 34 34 33 33 33 32 32 32 31 31 31 30 30 30 29 29 29 28 28 27 27 26 26 25 25 25 24       299
DEC  23 23 23 22 22 21 21 20 20 19 19 19 18 18 17 17 17 16 16 16 15 15 14 14 14 14 13 13 13 12 12    173
                                                                                                        
-------------------------------------------------------------------------------------------------       
 Maximum Temperature (deg F [tenths deg F for monthly])                                                 
 DAY  1  2  3  4  5  6  7  8  9 10 11 12 13 14 15 16 17 18 19 20 21 22 23 24 25 26 27 28 29 30 31  MONTH
-------------------------------------------------------------------------------------------------       
JAN  30 30 30 30 30 29 29 29 29 29 29 29 29 29 28 28 28 28 28 28 28 28 28 28 28 29 29 29 29 29 29    288
FEB  29 29 29 29 30 30 30 30 30 30 31 31 31 31 31 32 32 32 32 32 33 33 33 33 34 34 34 34             314
MAR  35 35 35 36 36 36 36 37 37 37 38 38 38 39 39 39 39 40 40 41 41 41 41 42 42 43 43 43 44 44 44    393
APR  45 45 45 46 46 47 47 47 48 48 48 49 49 50 50 50 51 51 52 52 52 53 53 53 54 54 55 55 55 56       502
MAY  56 57 57 57 58 58 59 59 59 60 60 60 61 61 61 62 62 62 63 63 63 64 64 64 65 65 65 66 66 66 67    616
JUN  67 67 67 68 68 68 68 69 69 69 69 70 70 70 70 71 71 71 71 72 72 72 72 73 73 73 73 74 74 74       705
JUL  74 74 74 75 75 75 75 75 75 76 76 76 76 76 76 76 76 76 76 77 77 77 77 77 77 77 77 77 77 77 77    760
AUG  77 77 77 77 77 76 76 76 76 76 76 76 76 76 75 75 75 75 75 74 74 74 74 74 73 73 73 73 72 72 72    749
SEP  71 71 71 71 70 70 70 69 69 69 68 68 68 67 67 67 66 66 66 65 65 65 64 64 64 63 63 63 62 62       668
OCT  62 61 61 60 60 60 59 59 59 58 58 58 57 57 57 56 56 55 55 55 54 54 54 53 53 53 52 52 52 51 51    562
NOV  51 50 50 50 49 49 49 48 48 47 47 47 46 46 46 45 45 45 44 44 43 43 43 42 42 41 41 41 40 40       454
DEC  40 39 39 38 38 38 37 37 37 36 36 36 35 35 35 34 34 34 34 33 33 33 32 32 32 32 31 31 31 31 30    346
                                                                                                        
-------------------------------------------------------------------------------------------------       
 Average Temperature (deg F [tenths deg F for monthly])                                                 
 DAY  1  2  3  4  5  6  7  8  9 10 11 12 13 14 15 16 17 18 19 20 21 22 23 24 25 26 27 28 29 30 31  MONTH
-------------------------------------------------------------------------------------------------       
JAN  21 21 21 20 20 20 20 20 19 19 19 19 19 19 19 19 19 19 19 19 19 18 18 19 19 19 19 19 19 19 19    193
FEB  19 19 19 20 20 20 20 20 20 21 21 21 21 21 22 22 22 22 23 23 23 24 24 24 24 25 25 25             218
MAR  26 26 26 27 27 28 28 28 29 29 29 30 30 30 31 31 31 32 32 33 33 33 33 34 34 35 35 35 36 36 36    311
APR  37 37 37 38 38 38 39 39 40 40 40 41 41 41 42 42 42 43 43 44 44 44 45 45 45 46 46 46 47 47       419
MAY  48 48 48 49 49 49 50 50 50 51 51 52 52 52 53 53 53 54 54 54 55 55 55 55 56 56 56 57 57 57 58    528
JUN  58 58 59 59 59 59 60 60 60 60 61 61 61 62 62 62 62 63 63 63 63 63 64 64 64 64 65 65 65 65       618
JUL  66 66 66 66 66 67 67 67 67 67 67 67 68 68 68 68 68 68 68 68 68 68 68 68 68 68 68 69 68 68 68    675
AUG  68 68 68 68 68 68 68 68 68 68 68 68 67 67 67 67 67 67 66 66 66 66 66 65 65 65 65 65 64 64 64    666
SEP  63 63 63 62 62 62 62 61 61 61 60 60 60 59 59 59 58 58 58 57 57 57 56 56 55 55 55 54 54 54       587
OCT  53 53 52 52 52 51 51 51 50 50 49 49 49 48 48 48 47 47 47 46 46 46 45 45 45 44 44 44 44 43 43    478
NOV  43 42 42 42 41 41 41 41 40 40 40 39 39 38 38 38 37 37 37 36 36 35 35 35 34 34 33 33 32 32       377
DEC  32 31 31 30 30 29 29 29 28 28 28 27 27 26 26 26 25 25 25 24 24 24 23 23 23 23 22 22 22 22 21    260
                                                                                                        
-------------------------------------------------------------------------------------------------       
 Heating Degree Days                                                                                    
 DAY  1  2  3  4  5  6  7  8  9 10 11 12 13 14 15 16 17 18 19 20 21 22 23 24 25 26 27 28 29 30 31  MONTH
-------------------------------------------------------------------------------------------------       
JAN  44 44 45 45 45 45 45 45 46 46 46 46 46 46 46 46 46 46 46 46 46 47 46 46 46 46 46 46 46 46 46   1417
FEB  46 46 46 45 45 45 45 45 45 44 44 44 44 44 43 43 43 43 42 42 42 41 41 41 41 40 40 40            1210
MAR  39 39 39 38 38 37 37 37 36 36 36 35 35 35 34 34 34 33 33 33 32 32 32 31 31 30 30 30 29 29 29   1053
APR  28 28 28 27 27 27 26 26 26 25 25 24 24 24 23 23 23 22 22 22 21 21 20 20 20 19 19 19 18 18       695
MAY  17 17 17 16 16 16 15 15 15 14 14 14 13 13 13 12 12 12 11 11 11 10 10 10  9  9  9  8  8  8  8    383
JUN   7  7  7  7  6  6  6  6  5  5  5  5  5  4  4  4  4  4  4  3  3  3  3  3  3  2  2  2  2  2       129
JUL   2  2  2  2  1  1  1  1  1  1  1  1  1  1  1  1  1  1  1  1  1  1  1  1  0  0  0  0  0  0  0     28
AUG   0  0  1  1  1  1  1  1  1  1  1  1  1  1  1  1  1  1  1  2  2  2  2  2  2  2  2  2  3  3  3     44
SEP   3  3  3  4  4  4  4  4  5  5  5  5  6  6  6  6  7  7  7  8  8  8  9  9  9 10 10 11 11 11       198
OCT  12 12 12 13 13 14 14 14 15 15 16 16 16 17 17 17 18 18 18 19 19 19 20 20 20 21 21 21 22 22 22    533
NOV  22 23 23 23 24 24 24 25 25 25 26 26 26 27 27 27 28 28 29 29 29 30 30 30 31 31 32 32 33 33       822
DEC  33 34 34 35 35 36 36 36 37 37 38 38 38 39 39 39 40 40 40 41 41 41 42 42 42 42 43 43 43 43 44   1211
                                                                                                        
-------------------------------------------------------------------------------------------------       
 Cooling Degree Days                                                                                    
 DAY  1  2  3  4  5  6  7  8  9 10 11 12 13 14 15 16 17 18 19 20 21 22 23 24 25 26 27 28 29 30 31  MONTH
-------------------------------------------------------------------------------------------------       
JAN   0  0  0  0  0  0  0  0  0  0  0  0  0  0  0  0  0  0  0  0  0  0  0  0  0  0  0  0  0  0  0      0
FEB   0  0  0  0  0  0  0  0  0  0  0  0  0  0  0  0  0  0  0  0  0  0  0  0  0  0  0  0               0
MAR   0  0  0  0  0  0  0  0  0  0  0  0  0  0  0  0  0  0  0  0  0  0  0  0  0  0  0  0  0  0  0      0
APR   0  0  0  0  0  0  0  0  0  0  0  0  0  0  0  0  0  0  0  0  0  0  0  0  0  0  0  0  0  0         0
MAY   0  0  0  0  0  0  0  0  0  0  0  0  0  0  0  0  0  0  0  0  0  0  0  0  0  0  0  0  0-99-99      2
JUN   0  0  0  0  0  0  1  1  1  1  1  1  1  1  1  1  1  1  1  1  1  1  2  2  2  2  2  2  2  2        32
JUL   2  2  2  3  3  3  3  3  3  3  3  3  3  3  3  3  4  4  4  4  4  4  4  4  4  4  4  4  4  4  4    105
AUG   4  4  4  4  4  4  4  4  3  3  3  3  3  3  3  3  3  3  3  3  3  3  2  2  2  2  2  2  2  2  2     92
SEP   1  1  1  1  1  1  1  1  1  0  0  0  0  0  0  0  0  0  0  0  0  0  0  0  0  0  0  0  0  0         9
OCT   0  0  0  0  0  0  0  0  0  0  0  0  0  0  0  0  0  0  0  0  0  0  0  0  0  0  0  0  0  0  0      0
NOV   0  0  0  0  0  0  0  0  0  0  0  0  0  0  0  0  0  0  0  0  0  0  0  0  0  0  0  0  0  0         0
DEC   0  0  0  0  0  0  0  0  0  0  0  0  0  0  0  0  0  0  0  0  0  0  0  0  0  0  0  0  0  0  0      0
                                                                                                        
-------------------------------------------------------------------------------------------------       
 Total  Precipitation (Hundreths of an Inch)                                                            
 DAY  1  2  3  4  5  6  7  8  9 10 11 12 13 14 15 16 17 18 19 20 21 22 23 24 25 26 27 28 29 30 31  MONTH
-------------------------------------------------------------------------------------------------       
JAN  16 16 16 16 16 16 16 16 16 16 16 16 16 16 16 16 16 16 15 15 15 15 15 15 15 14 14 14 14 14 13    476
FEB  13 13 13 13 12 12 12 12 12 12 12 12 12 12 12 12 12 12 12 12 12 12 12 12 12 13 13 13             343
MAR  13 14 14 14 14 14 14 15 15 15 15 15 15 15 15 16 16 16 16 16 16 16 16 16 16 16 16 16 16 16 16    473
APR  16 16 16 16 16 16 16 16 16 16 16 16 16 16 16 16 16 16 16 16 16 16 16 16 15 15 15 15 15 15       474
MAY  15 15 15 15 15 15 15 14 14 14 14 14 14 14 14 14 14 14 14 14 14 14 14 14 14 14 14 14 13 13 13    438
JUN  13 13 13 13 13 13 13 13 13 13 13 13 13 13 13 13 13 13 13 13 12 12 12 12 12 12 12 12 12 12       380
JUL  12 12 11 11 11 11 11 11 11 11 11 11 11 11 10 10 10 10 10 10 10 10 10 10  9  9  9  9  9  9  9    319
AUG   9  9  9  9  9  8  8  8  8  8  9  9  9  9  9  9  9  9  9  9  9 10 10 10 10 10 11 11 11 11 12    290
SEP  12 12 13 13 13 13 14 14 14 14 14 14 15 15 15 15 15 15 15 15 15 15 15 15 15 16 15 15 15 15       431
OCT  15 15 15 15 15 15 15 15 15 15 15 15 15 15 15 15 15 15 15 16 16 16 16 16 16 16 16 16 16 17 17    479
NOV  17 17 17 17 17 17 17 17 17 18 18 18 18 18 18 18 18 18 18 18 18 18 18 18 17 17 17 17 17 17       525
DEC  17 17 17 16 16 16 16 16 16 16 16 16 16 16 16 16 16 16 16 16 16 15 16 16 16 16 16 16 16 16 16    498
                                                                                                        
