-------------------------------------------------------------------------------------------------       
 1971-2000 Daily/Monthly Station Normals                                                                
 Provided by National Climatic Data Center/NESDIS/NOAA                                                  
-------------------------------------------------------------------------------------------------       
 Station COOP ID:                           047953                                                      
 Station Name, State, Division, Call:       SANTA MONICA PIER                  CA 06                    
 Latitude, Longitude, Elevation, Elements:  34 00 29 -118 29 56    14 XNP                               
-------------------------------------------------------------------------------------------------       
 Minimum Temperature (deg F [tenths deg F for monthly])                                                 
 DAY  1  2  3  4  5  6  7  8  9 10 11 12 13 14 15 16 17 18 19 20 21 22 23 24 25 26 27 28 29 30 31  MONTH
-------------------------------------------------------------------------------------------------       
JAN  50 50 50 50 50 50 50 50 50 50 50 50 50 50 50 50 50 50 50 50 50 50 50 50 50 51 51 51 51 51 51    502
FEB  51 51 51 51 51 51 51 51 51 51 51 51 51 51 51 51 51 51 51 52 52 52 52 52 52 52 52 52             513
MAR  52 52 52 52 52 52 52 52 52 52 52 52 52 52 52 52 52 52 52 52 52 52 52 52 52 52 52 52 53 53 53    521
APR  53 53 53 53 53 53 53 53 53 53 54 54 54 54 54 54 54 54 54 54 54 54 54 55 55 55 55 55 55 55       539
MAY  55 55 55 55 55 56 56 56 56 56 56 56 56 56 56 56 57 57 57 57 57 57 57 57 57 57 58 58 58 58 58    565
JUN  58 58 58 58 58 58 59 59 59 59 59 59 59 59 59 59 60 60 60 60 60 60 60 60 60 60 61 61 61 61       594
JUL  61 61 61 61 61 61 61 62 62 62 62 62 62 62 62 62 62 62 62 62 62 63 63 63 63 63 63 63 63 63 63    621
AUG  63 63 63 63 63 63 63 63 63 63 63 63 63 63 63 63 63 63 63 63 63 63 63 63 63 64 64 64 63 63 63    631
SEP  63 63 63 63 63 63 63 63 63 63 63 63 63 63 63 63 63 63 62 62 62 62 62 62 62 62 62 62 62 62       626
OCT  61 61 61 61 61 61 61 61 60 60 60 60 60 60 60 60 59 59 59 59 59 59 58 58 58 58 58 58 57 57 57    594
NOV  57 57 56 56 56 56 56 56 55 55 55 55 55 54 54 54 54 54 54 54 53 53 53 53 53 53 52 52 52 52       543
DEC  52 52 52 51 51 51 51 51 51 51 51 51 51 50 50 50 50 50 50 50 50 50 50 50 50 50 50 50 50 50 50    505
                                                                                                        
-------------------------------------------------------------------------------------------------       
 Maximum Temperature (deg F [tenths deg F for monthly])                                                 
 DAY  1  2  3  4  5  6  7  8  9 10 11 12 13 14 15 16 17 18 19 20 21 22 23 24 25 26 27 28 29 30 31  MONTH
-------------------------------------------------------------------------------------------------       
JAN  64 64 64 64 64 64 64 64 64 64 64 64 64 64 64 64 64 64 64 63 63 63 63 63 63 64 64 64 63 63 63    637
FEB  63 63 64 64 64 64 64 64 64 64 64 64 64 64 64 64 64 64 64 63 63 63 63 62 62 62 62 62             634
MAR  62 62 62 62 62 62 62 62 62 62 62 62 62 62 62 62 62 62 62 62 62 62 62 62 62 62 62 62 62 63 63    621
APR  63 63 63 63 63 63 63 63 63 63 63 63 63 63 63 64 64 64 64 64 64 64 64 64 64 64 64 63 63 63       634
MAY  64 64 64 63 63 63 63 63 63 63 63 63 63 63 63 64 64 64 64 64 64 64 64 64 64 64 64 64 64 64 64    636
JUN  64 65 65 65 65 65 65 65 65 65 65 66 66 66 66 66 66 66 66 66 66 67 67 67 67 67 67 67 67 67       659
JUL  67 68 68 68 68 68 68 68 68 68 68 69 69 69 69 69 69 69 69 69 69 69 69 69 69 70 70 70 70 70 70    688
AUG  70 70 70 70 70 70 70 70 70 70 70 70 70 70 70 70 70 70 70 70 70 70 71 71 71 71 71 71 71 71 71    703
SEP  71 71 71 71 71 71 71 71 71 71 71 71 71 71 71 70 70 70 70 70 70 70 70 70 70 70 70 70 70 70       705
OCT  70 70 70 70 70 70 70 70 70 70 70 70 70 70 70 70 70 70 70 69 69 69 69 69 69 69 69 69 69 69 69    696
NOV  69 69 68 68 68 68 68 68 68 68 68 68 68 67 67 67 67 67 67 67 67 67 67 67 66 66 66 66 66 66       673
DEC  66 66 66 66 66 65 65 65 65 65 65 65 65 65 65 65 65 65 65 65 64 64 64 64 64 64 64 64 64 64 64    648
                                                                                                        
-------------------------------------------------------------------------------------------------       
 Average Temperature (deg F [tenths deg F for monthly])                                                 
 DAY  1  2  3  4  5  6  7  8  9 10 11 12 13 14 15 16 17 18 19 20 21 22 23 24 25 26 27 28 29 30 31  MONTH
-------------------------------------------------------------------------------------------------       
JAN  57 57 57 57 57 57 57 57 57 57 57 57 57 57 57 57 57 57 57 57 57 57 57 57 57 57 57 57 57 57 57    570
FEB  57 57 57 57 57 57 57 57 57 57 57 57 57 58 58 58 58 58 58 58 58 58 58 57 57 57 57 57             574
MAR  57 57 57 57 57 57 57 57 57 57 57 57 57 57 57 57 57 57 57 57 57 57 57 57 57 57 57 57 58 58 58    571
APR  58 58 58 58 58 58 58 58 58 58 59 59 59 59 59 59 59 59 59 59 59 59 59 59 59 59 59 59 59 59       587
MAY  59 59 59 59 59 60 60 60 60 60 60 60 60 60 60 60 60 60 60 60 60 60 60 61 61 61 61 61 61 61 61    601
JUN  61 61 61 62 62 62 62 62 62 62 62 62 62 63 63 63 63 63 63 63 63 63 63 64 64 64 64 64 64 64       627
JUL  64 64 65 65 65 65 65 65 65 65 65 65 65 65 66 66 66 66 66 66 66 66 66 66 66 66 66 66 66 66 66    655
AUG  66 66 66 66 66 66 66 66 66 67 67 67 67 67 67 67 67 67 67 67 67 67 67 67 67 67 67 67 67 67 67    667
SEP  67 67 67 67 67 67 67 67 67 67 67 67 67 67 67 67 67 67 66 66 66 66 66 66 66 66 66 66 66 66       666
OCT  66 66 66 66 66 66 65 65 65 65 65 65 65 65 65 65 64 64 64 64 64 64 64 64 64 63 63 63 63 63 63    645
NOV  63 63 62 62 62 62 62 62 62 61 61 61 61 61 61 61 61 60 60 60 60 60 60 60 60 60 59 59 59 59       608
DEC  59 59 59 59 59 58 58 58 58 58 58 58 58 58 58 58 58 57 57 57 57 57 57 57 57 57 57 57 57 57 57    577
                                                                                                        
-------------------------------------------------------------------------------------------------       
 Heating Degree Days                                                                                    
 DAY  1  2  3  4  5  6  7  8  9 10 11 12 13 14 15 16 17 18 19 20 21 22 23 24 25 26 27 28 29 30 31  MONTH
-------------------------------------------------------------------------------------------------       
JAN   8  8  8  8  8  8  8  8  8  8  8  8  8  8  8  8  8  8  8  8  8  8  8  8  8  8  9  9  9  9  9    253
FEB   8  8  8  8  9  9  9  9  9  9  9  9  9  8  8  8  8  8  8  8  8  8  8  8  8  8  8  8             233
MAR   8  8  8  8  8  8  8  8  8  8  8  8  8  8  8  8  7  7  7  7  7  7  7  7  7  7  7  7  7  7  7    233
APR   7  7  7  7  7  7  7  7  7  7  7  7  7  7  7  7  7  7  7  7  6  6  6  6  6  6  6  6  6  6       200
MAY   6  6  6  6  6  6  6  6  6  6  6  6  6  6  6  6  5  5  5  5  5  5  5  5  5  5  5  5  5  5  5    171
JUN   5  5  4  4  4  4  4  4  4  4  4  4  4  4  4  3  3  3  3  3  3  3  3  3  3  3  3  3  2  2       105
JUL   2  2  2  2  2  2  2  2  2  2  2  2  2  2  2  2  2  2  1  1  1  1  1  1  1  1  1  1  1  1  1     49
AUG   1  1  1  1  1  1  1  1  1  1  1  1  1  1  1  2  2  2  2  2  2  2  2  2  2  2  2  2  2  2  2     47
SEP   1  1  1  1  2  2  2  2  2  2  2  2  2  2  2  2  2  2  2  2  2  2  2  2  2  2  2  2  2  2        56
OCT   2  2  2  2  2  2  2  2  2  2  2  2  2  2  2  2  2  2  2  2  2  3  3  3  3  3  3  3  3  3  3     72
NOV   4  4  4  4  4  4  4  4  4  5  5  5  5  5  5  5  5  5  6  6  6  6  6  6  6  6  6  6  7  7       155
DEC   7  7  7  7  7  7  7  7  7  7  7  7  8  8  8  8  8  8  8  8  8  8  8  8  8  8  8  8  8  8  8    236
                                                                                                        
-------------------------------------------------------------------------------------------------       
 Cooling Degree Days                                                                                    
 DAY  1  2  3  4  5  6  7  8  9 10 11 12 13 14 15 16 17 18 19 20 21 22 23 24 25 26 27 28 29 30 31  MONTH
-------------------------------------------------------------------------------------------------       
JAN   0  0  0  0  0  0  0  0  0  0  0  0  0  0  0  0  0  0  0  0  0  0  0  0  0  0  0  0-99-99-99      3
FEB   0  0  0  0  0  0  0  0  0  0  0  0  0-99-99-99-99  0  0  0  0  0  0  0  0  0  0  0               4
MAR   0  0  0  0  0  0  0  0  0  0  0  0  0  0  0  0  0  0  0  0  0  0  0  0  0  0  0-99-99-99-99      4
APR   0  0  0  0  0  0  0  0  0  0  0  0  0  0  0  0  0  0  0  0  0-99-99-99-99-99-99-99-99-99         9
MAY   0  0  0  0  0  0  0  0  0  0  0  0  0  1  1  1  1  1  1  1  1  1  1  1  1  1  1  1  1  1  1     18
JUN   1  1  1  1  1  1  1  1  1  1  1  1  1  1  1  1  1  1  1  1  1  1  1  1  1  1  2  2  2  2        34
JUL   1  2  2  2  2  2  2  2  2  2  2  2  2  2  2  2  2  2  2  2  2  2  2  2  2  2  2  2  2  3  3     63
AUG   3  3  3  3  3  3  3  3  3  3  3  3  3  3  3  3  3  3  3  3  3  3  3  3  3  3  4  4  4  4  4     98
SEP   4  4  4  4  4  4  4  4  4  4  4  4  4  3  3  3  3  3  3  3  3  3  3  3  3  3  3  3  3  3       103
OCT   3  3  3  2  2  2  2  2  2  2  2  2  2  2  2  2  2  2  2  2  2  1  1  1  1  1  1  1  1  1  1     55
NOV   1  1  1  1  1  1  1  1  1  1  1  1  1  1  1  1  1  1  1  1  1  1  1  1  1  1  1  1  1  0        29
DEC -99-99-99-99-99-99-99-99-99  0  0  0  0  0  0  0  0  0  0  0  0  0  0  0  0  0  0  0  0  0  0      9
                                                                                                        
-------------------------------------------------------------------------------------------------       
 Total  Precipitation (Hundreths of an Inch)                                                            
 DAY  1  2  3  4  5  6  7  8  9 10 11 12 13 14 15 16 17 18 19 20 21 22 23 24 25 26 27 28 29 30 31  MONTH
-------------------------------------------------------------------------------------------------       
JAN   8  8  8  8  9  9  9  9  9  9  9  9 10 10 10 10 10 10 10 10 11 11 11 11 11 11 11 11 11 11 12    306
FEB  11 12 12 12 12 12 12 12 12 12 12 12 12 12 12 12 12 12 12 12 12 12 11 11 11 11 11 11             329
MAR  11 11 11 11 10 10 10 10 10 10  9  9  9  9  9  8  8  8  8  8  7  7  7  7  6  6  6  6  5  5  5    256
APR   4  4  4  3  3  3  3  3  2  2  2  2  2  1  1  1  1  1  1  1  1  1  1  1  1  1  0  1  1  1        53
MAY   0  0  1  1  1  1  1  1  1  1  1  1  1  1  1  1  1  1  1  1  1  1  1  1  1  1  1  0  0  0  0     25
JUN   1  1  1  1  0  0  0  0  0  0  0  0  0  0  0  0  0  0  0  0  0  0  0  0  0  0  0  0  0  0         4
JUL   0  0  0  0  0  0  0  0  0  0  0  0  0  0  0  0  0  0  0  0  0  0  0  0  0  0  0  0  0  0  1      1
AUG   0  0  0  0  0  0  0  0  0  0  0  0  0  0  0  0  0  0  1  1  1  1  1  1  1  1  1  1  1  1  1     13
SEP   0  0  0  0  0  0  0  0  0  0  0  0  0  1  1  1  1  1  1  1  1  1  1  1  1  1  1  1  1  1        17
OCT   0  1  1  1  1  1  1  1  1  1  1  1  1  1  1  1  1  1  1  1  1  1  1  1  1  2  2  2  2  2  2     36
NOV   2  2  2  2  3  3  3  3  3  3  3  3  3  3  3  4  4  4  4  4  4  4  4  4  4  4  4  4  4  5       102
DEC   5  5  5  5  5  5  5  5  5  5  5  5  5  6  6  6  6  6  6  6  6  7  7  7  7  7  7  7  7  8  8    185
                                                                                                        
