-------------------------------------------------------------------------------------------------       
 1971-2000 Daily/Monthly Station Normals                                                                
 Provided by National Climatic Data Center/NESDIS/NOAA                                                  
-------------------------------------------------------------------------------------------------       
 Station COOP ID:                           045790                                                      
 Station Name, State, Division, Call:       MONTEBELLO                         CA 06                    
 Latitude, Longitude, Elevation, Elements:  34 01 09 -118 06 14   240 XNP                               
-------------------------------------------------------------------------------------------------       
 Minimum Temperature (deg F [tenths deg F for monthly])                                                 
 DAY  1  2  3  4  5  6  7  8  9 10 11 12 13 14 15 16 17 18 19 20 21 22 23 24 25 26 27 28 29 30 31  MONTH
-------------------------------------------------------------------------------------------------       
JAN  47 47 47 47 48 48 48 48 48 48 48 48 48 48 48 48 48 48 48 48 48 48 48 48 48 48 48 48 48 48 49    479
FEB  48 48 48 48 48 48 48 48 49 49 49 49 49 49 49 49 49 49 49 49 49 49 49 49 49 49 49 49             487
MAR  49 50 50 50 50 50 50 50 50 50 50 50 50 50 50 50 51 51 51 51 51 51 51 51 51 51 51 51 51 52 52    505
APR  52 52 52 52 52 52 52 52 52 52 53 53 53 53 53 53 53 53 53 54 54 54 54 54 54 54 54 54 55 55       531
MAY  55 55 55 55 55 56 56 56 56 56 56 56 57 57 57 57 57 57 57 57 58 58 58 58 58 58 58 58 59 59 59    569
JUN  59 59 59 59 60 60 60 60 60 60 60 60 61 61 61 61 61 61 61 61 62 62 62 62 62 62 62 63 63 63       609
JUL  63 63 63 63 63 63 64 64 64 64 64 64 64 64 64 64 65 65 65 65 65 65 65 65 65 65 65 65 65 65 65    643
AUG  65 65 65 65 65 65 65 65 66 66 66 66 66 66 66 66 66 66 66 66 65 65 65 65 65 65 65 65 65 65 65    654
SEP  65 65 65 65 65 65 65 65 65 65 64 64 64 64 64 64 64 64 64 63 63 63 63 63 63 62 62 62 62 62       638
OCT  62 61 61 61 61 60 60 60 60 60 59 59 59 59 59 58 58 58 58 58 57 57 57 57 57 56 56 56 56 55 55    584
NOV  55 55 55 54 54 54 54 54 53 53 53 53 53 52 52 52 52 51 51 51 51 51 50 50 50 50 50 49 49 49       520
DEC  49 48 48 48 48 48 48 48 48 47 47 47 47 47 47 47 47 47 47 47 47 47 47 47 47 47 47 47 47 47 47    473
                                                                                                        
-------------------------------------------------------------------------------------------------       
 Maximum Temperature (deg F [tenths deg F for monthly])                                                 
 DAY  1  2  3  4  5  6  7  8  9 10 11 12 13 14 15 16 17 18 19 20 21 22 23 24 25 26 27 28 29 30 31  MONTH
-------------------------------------------------------------------------------------------------       
JAN  70 70 70 70 69 69 69 69 69 69 69 69 69 70 70 70 70 70 70 70 70 70 70 70 70 70 70 70 70 70 70    697
FEB  70 71 71 71 71 71 71 71 71 71 71 71 71 71 71 71 71 71 72 72 72 72 72 72 72 72 72 71             713
MAR  72 71 71 71 72 72 72 72 72 72 72 72 72 72 72 72 72 72 73 73 73 73 73 73 74 74 74 74 74 75 75    726
APR  75 75 76 76 76 76 77 77 77 77 77 77 78 78 78 78 78 78 78 78 78 78 78 78 78 78 79 79 78 78       774
MAY  78 78 78 78 78 78 78 78 78 79 79 79 79 79 79 79 79 79 79 79 80 80 80 80 80 80 80 81 81 81 81    792
JUN  81 82 82 82 82 82 83 83 83 83 83 84 84 84 84 84 84 85 85 85 85 85 86 86 86 86 86 87 87 87       842
JUL  87 87 87 88 88 88 88 88 88 88 89 89 89 89 89 89 89 89 89 89 89 90 90 90 90 90 90 90 90 90 90    889
AUG  90 90 90 90 90 90 90 90 90 90 90 90 89 89 89 89 89 89 89 89 89 89 89 89 89 89 89 89 89 89 89    894
SEP  89 89 89 89 89 89 88 88 88 88 88 88 88 88 88 88 87 87 87 87 87 87 87 87 86 86 86 86 86 85       875
OCT  85 85 85 85 85 84 84 84 84 84 83 83 83 83 83 82 82 82 82 81 81 81 81 80 80 80 80 79 79 79 79    822
NOV  78 78 78 78 77 77 77 77 76 76 76 76 76 75 75 75 75 75 74 74 74 74 74 73 73 73 73 73 73 73       752
DEC  72 72 72 72 72 72 71 71 71 71 71 71 71 71 71 71 70 70 70 70 70 70 70 70 70 70 70 70 70 70 70    707
                                                                                                        
-------------------------------------------------------------------------------------------------       
 Average Temperature (deg F [tenths deg F for monthly])                                                 
 DAY  1  2  3  4  5  6  7  8  9 10 11 12 13 14 15 16 17 18 19 20 21 22 23 24 25 26 27 28 29 30 31  MONTH
-------------------------------------------------------------------------------------------------       
JAN  58 58 58 58 58 58 59 59 59 59 59 59 59 59 59 59 59 59 59 59 59 59 59 59 59 59 59 59 59 59 59    588
FEB  59 60 60 60 60 60 60 60 60 60 60 60 60 60 60 60 60 60 60 60 60 60 60 60 60 60 60 60             600
MAR  60 61 61 61 61 61 61 61 61 61 61 61 61 61 61 61 61 62 62 62 62 62 62 62 62 63 63 63 63 63 63    616
APR  63 64 64 64 64 64 64 65 65 65 65 65 65 65 65 65 66 66 66 66 66 66 66 66 66 66 66 67 67 67       653
MAY  67 67 67 67 67 67 67 67 67 67 67 67 68 68 68 68 68 68 68 68 69 69 69 69 69 69 69 70 70 70 70    681
JUN  70 70 71 71 71 71 71 71 72 72 72 72 72 72 73 73 73 73 73 73 73 74 74 74 74 74 74 75 75 75       726
JUL  75 75 75 76 76 76 76 76 76 76 76 76 77 77 77 77 77 77 77 77 77 77 77 77 77 77 77 77 78 78 78    766
AUG  77 78 78 78 78 78 78 78 78 78 78 78 78 77 77 77 77 77 77 77 77 77 77 77 77 77 77 77 77 77 77    774
SEP  77 77 77 77 77 77 77 77 76 76 76 76 76 76 76 76 76 76 75 75 75 75 75 75 75 74 74 74 74 74       757
OCT  73 73 73 73 73 72 72 72 72 72 71 71 71 71 71 70 70 70 70 70 69 69 69 69 68 68 68 68 67 67 67    703
NOV  67 67 66 66 66 66 65 65 65 65 64 64 64 64 64 63 63 63 63 63 62 62 62 62 62 61 61 61 61 61       636
DEC  61 60 60 60 60 60 60 60 60 59 59 59 59 59 59 59 59 59 59 59 59 58 58 58 58 58 58 58 58 58 58    590
                                                                                                        
-------------------------------------------------------------------------------------------------       
 Heating Degree Days                                                                                    
 DAY  1  2  3  4  5  6  7  8  9 10 11 12 13 14 15 16 17 18 19 20 21 22 23 24 25 26 27 28 29 30 31  MONTH
-------------------------------------------------------------------------------------------------       
JAN   7  7  7  7  7  7  7  7  7  7  7  7  7  7  6  6  6  6  6  6  6  6  6  6  6  6  6  6  6  6  6    200
FEB   6  6  6  6  6  6  6  6  6  6  6  6  5  5  5  5  5  5  5  5  5  5  5  5  5  5  5  5             152
MAR   5  5  5  5  5  5  5  5  5  5  5  5  5  5  5  5  5  5  5  5  5  5  4  4  4  4  4  4  4  4  4    146
APR   4  4  4  3  3  3  3  3  3  3  3  3  3  3  3  3  3  2  2  2  2  2  2  2  2  2  2  2  2  2        80
MAY   2  2  2  2  2  2  2  2  2  2  2  2  2  2  1  1  1  1  1  1  1  1  1  1  1  1  1  1  1  1  1     45
JUN   1  1  1  1  1  1  1  1  1  0  0  0  0  0  0  0  0  0  0  0  0  0  0  0  0  0  0  0  0  0         9
JUL   0  0  0  0  0  0  0  0  0  0  0  0  0  0  0  0  0  0  0  0  0  0  0  0  0  0  0  0  0  0  0      0
AUG   0  0  0  0  0  0  0  0  0  0  0  0  0  0  0  0  0  0  0  0  0  0  0  0  0  0  0  0  0  0  0      0
SEP   0  0  0  0  0  0  0  0  0  0  0  0-99-99-99-99  0  0  0  0  0  0  0  0  0  0  0  0  0  0         4
OCT   0  0  0  0  0  0  0  0  0  0  0  0  0  0  0  0  0  1  1  1  1  1  1  1  1  1  1  1  1  1  2     15
NOV   2  2  2  2  2  2  2  2  2  2  3  3  3  3  3  3  3  3  4  4  4  4  4  4  4  5  5  5  5  5        97
DEC   5  5  5  6  6  6  6  6  6  6  6  6  6  7  7  7  7  7  7  7  7  7  7  7  7  7  7  7  7  7  7    201
                                                                                                        
-------------------------------------------------------------------------------------------------       
 Cooling Degree Days                                                                                    
 DAY  1  2  3  4  5  6  7  8  9 10 11 12 13 14 15 16 17 18 19 20 21 22 23 24 25 26 27 28 29 30 31  MONTH
-------------------------------------------------------------------------------------------------       
JAN -99-99-99  0  0  0  0  0  0  0  0  0  0  0  0  0  0  0  0  0  0  0  0  0  0  0-99-99-99-99-99      8
FEB   0  0  0  0  0  0  0  0  0  0  0  0  0  0  0  0-99-99-99  1  1  1  1  1  1  1  1  1              12
MAR   1  1  1  1  1  1  1  1  1  1  1  1  1  1  1  1  1  1  1  1  1  1  1  2  2  2  2  2  2  2  2     39
APR   2  2  2  2  2  2  3  3  3  3  3  3  3  3  3  3  3  3  3  3  3  3  3  3  3  3  4  4  4  4        88
MAY   4  4  4  4  4  4  4  4  4  4  4  4  4  4  4  4  4  4  5  5  5  5  5  5  5  5  5  5  5  6  6    139
JUN   6  6  6  6  6  7  7  7  7  7  7  7  7  8  8  8  8  8  8  8  9  9  9  9  9  9  9 10 10 10       235
JUL  10 10 10 11 11 11 11 11 11 11 11 11 12 12 12 12 12 12 12 12 12 12 12 12 12 12 12 12 13 13 13    360
AUG  13 13 13 13 13 13 13 13 13 13 13 13 13 12 12 12 12 12 12 12 12 12 12 12 12 12 12 12 12 12 12    385
SEP  12 12 12 12 12 12 12 12 12 11 11 11 11 11 11 11 11 11 10 10 10 10 10 10 10  9  9  9  9  9       322
OCT   8  8  8  8  8  7  7  7  7  7  7  6  6  6  6  6  6  5  5  5  5  5  5  4  4  4  4  4  4  4  3    179
NOV   3  3  3  3  3  3  3  2  2  2  2  2  2  2  2  2  2  2  1  1  1  1  1  1  1  1  1  1  1  1        55
DEC   1  1  1  1  1  1  1  1  1  1  1  1  1  1  1  0  0  0  0  0  0  0  0  0  0  0  0  0  0  0  0     15
                                                                                                        
-------------------------------------------------------------------------------------------------       
 Total  Precipitation (Hundreths of an Inch)                                                            
 DAY  1  2  3  4  5  6  7  8  9 10 11 12 13 14 15 16 17 18 19 20 21 22 23 24 25 26 27 28 29 30 31  MONTH
-------------------------------------------------------------------------------------------------       
JAN   8  9  9  9 10 10 10 10 10 11 11 11 11 11 12 12 12 12 12 12 12 12 13 13 13 13 13 13 13 13 13    353
FEB  13 13 13 13 13 13 13 13 13 13 13 13 13 13 13 13 13 13 13 13 13 13 13 13 12 12 12 12             360
MAR  12 12 12 12 11 11 11 11 11 11 11 10 10 10 10 10 10  9  9  9  9  8  8  8  8  8  7  7  7  6  6    294
APR   6  6  5  5  5  5  4  4  4  4  4  3  3  3  3  3  2  2  2  2  2  2  2  2  2  1  1  1  1  1        90
MAY   1  1  1  1  1  1  1  1  1  1  1  1  1  1  1  1  1  1  1  1  1  1  1  0  0  0  0  0  0  0  0     23
JUN   1  1  1  1  1  1  0  0  0  0  0  0  0  0  0  0  0  0  0  0  0  0  0  0  0  0  0  0  0  0         6
JUL   1  0  0  0  0  0  0  0  0  0  0  0  0  0  0  0  0  0  0  0  0  0  0  0  0  0  0  0  0  0  0      1
AUG   0  0  0  0  0  0  0  0  0  0  0  0  0  0  0  0  0  0  0  0  0  0  0  0  0  0  0  0  0  1  1      2
SEP   0  0  0  0  0  0  0  0  0  0  0  1  1  1  1  1  1  1  1  1  1  1  1  1  1  1  1  1  0  0        17
OCT   1  0  0  0  0  0  0  1  1  1  1  1  1  1  1  1  1  1  1  1  1  1  1  1  1  2  2  2  2  2  2     31
NOV   2  2  2  2  3  3  3  3  3  3  3  3  3  3  3  3  4  4  4  4  4  4  4  4  4  4  4  4  4  4       100
DEC   4  4  4  4  4  4  4  4  4  4  4  5  5  5  5  5  5  5  6  6  6  6  6  6  7  7  7  7  8  8  8    167
                                                                                                        
