-------------------------------------------------------------------------------------------------       
 1971-2000 Daily/Monthly Station Normals                                                                
 Provided by National Climatic Data Center/NESDIS/NOAA                                                  
-------------------------------------------------------------------------------------------------       
 Station COOP ID:                           047735                                                      
 Station Name, State, Division, Call:       SANDBERG                           CA 06 SDB                
 Latitude, Longitude, Elevation, Elements:  34 44 37 -118 43 27  4510 XNP                               
-------------------------------------------------------------------------------------------------       
 Minimum Temperature (deg F [tenths deg F for monthly])                                                 
 DAY  1  2  3  4  5  6  7  8  9 10 11 12 13 14 15 16 17 18 19 20 21 22 23 24 25 26 27 28 29 30 31  MONTH
-------------------------------------------------------------------------------------------------       
JAN  36 36 36 36 36 36 36 37 37 37 37 37 37 37 37 37 37 37 37 37 37 38 38 38 38 38 38 38 38 38 38    371
FEB  38 38 38 38 38 38 38 38 38 38 38 38 38 39 39 38 38 38 38 38 38 38 38 38 38 38 38 38             381
MAR  38 38 38 38 38 38 38 38 38 38 38 38 38 38 38 38 38 38 38 38 38 38 38 38 38 39 39 39 39 39 39    382
APR  39 40 40 40 40 40 40 40 41 41 41 41 41 41 41 42 42 42 42 42 42 43 43 43 43 43 43 44 44 44       416
MAY  44 44 45 45 45 45 45 46 46 46 46 47 47 47 47 48 48 48 48 49 49 49 49 50 50 50 51 51 51 51 52    477
JUN  52 52 53 53 53 54 54 54 55 55 55 55 56 56 56 57 57 57 57 58 58 58 58 59 59 59 59 60 60 60       563
JUL  60 61 61 61 61 62 62 62 62 62 62 63 63 63 63 63 63 63 63 63 64 64 64 64 64 64 64 64 64 64 64    628
AUG  64 64 64 64 64 64 64 64 64 64 64 63 63 63 63 63 63 63 63 63 63 63 63 63 63 63 62 62 62 62 62    632
SEP  62 62 62 62 61 61 61 61 61 61 61 60 60 60 60 60 59 59 59 59 59 58 58 58 58 57 57 57 56 56       595
OCT  56 56 55 55 55 54 54 54 54 53 53 53 52 52 52 51 51 51 50 50 50 50 49 49 49 48 48 48 47 47 47    514
NOV  46 46 46 45 45 45 44 44 44 44 43 43 43 42 42 42 41 41 41 41 40 40 40 40 39 39 39 39 38 38       420
DEC  38 38 37 37 37 37 37 36 36 36 36 36 36 36 36 35 35 35 35 35 35 35 35 35 35 35 35 36 36 36 36    359
                                                                                                        
-------------------------------------------------------------------------------------------------       
 Maximum Temperature (deg F [tenths deg F for monthly])                                                 
 DAY  1  2  3  4  5  6  7  8  9 10 11 12 13 14 15 16 17 18 19 20 21 22 23 24 25 26 27 28 29 30 31  MONTH
-------------------------------------------------------------------------------------------------       
JAN  48 48 48 48 48 48 48 48 48 48 48 49 49 49 49 49 49 49 49 49 49 49 49 49 49 49 50 50 50 50 50    488
FEB  50 50 50 50 50 50 50 50 51 51 51 51 51 51 51 51 51 51 51 51 51 51 51 52 52 52 52 52             509
MAR  52 52 52 52 52 52 52 52 52 52 53 53 53 53 53 53 53 53 53 54 54 54 54 54 55 55 55 55 55 55 56    533
APR  56 56 56 57 57 57 57 57 58 58 58 58 59 59 59 59 59 60 60 60 60 61 61 61 61 61 62 62 62 62       591
MAY  63 63 63 63 64 64 64 64 65 65 65 66 66 66 67 67 67 68 68 68 69 69 69 70 70 70 71 71 71 72 72    671
JUN  73 73 73 74 74 75 75 75 76 76 76 77 77 77 78 78 78 79 79 79 80 80 80 80 81 81 81 82 82 82       777
JUL  82 83 83 83 83 83 84 84 84 84 84 85 85 85 85 85 85 85 85 85 85 85 86 86 86 86 86 86 86 86 86    847
AUG  86 86 86 85 85 85 85 85 85 85 85 85 85 85 85 85 84 84 84 84 84 84 84 84 83 83 83 83 83 83 83    844
SEP  82 82 82 82 82 82 81 81 81 81 80 80 80 80 79 79 79 79 78 78 78 77 77 77 76 76 76 75 75 75       790
OCT  74 74 74 73 73 72 72 72 71 71 70 70 70 69 69 68 68 68 67 67 66 66 65 65 65 64 64 63 63 63 62    683
NOV  62 61 61 60 60 60 59 59 58 58 58 57 57 57 56 56 56 55 55 55 54 54 54 53 53 53 52 52 52 52       563
DEC  51 51 51 51 51 50 50 50 50 50 49 49 49 49 49 49 49 49 48 48 48 48 48 48 48 48 48 48 48 48 48    491
                                                                                                        
-------------------------------------------------------------------------------------------------       
 Average Temperature (deg F [tenths deg F for monthly])                                                 
 DAY  1  2  3  4  5  6  7  8  9 10 11 12 13 14 15 16 17 18 19 20 21 22 23 24 25 26 27 28 29 30 31  MONTH
-------------------------------------------------------------------------------------------------       
JAN  42 42 42 42 42 42 42 42 43 43 43 43 43 43 43 43 43 43 43 43 43 43 43 44 44 44 44 44 44 44 44    430
FEB  44 44 44 44 44 44 44 44 44 44 44 44 44 45 45 45 45 45 45 45 45 45 45 45 45 45 45 45             445
MAR  45 45 45 45 45 45 45 45 45 45 45 45 45 45 46 46 46 46 46 46 46 46 46 46 47 47 47 47 47 47 48    458
APR  48 48 48 48 48 49 49 49 49 49 50 50 50 50 50 50 51 51 51 51 51 52 52 52 52 52 53 53 53 53       504
MAY  53 54 54 54 54 55 55 55 55 56 56 56 56 57 57 57 57 58 58 58 59 59 59 60 60 60 61 61 61 62 62    574
JUN  62 63 63 63 64 64 64 65 65 65 66 66 66 67 67 67 68 68 68 69 69 69 69 70 70 70 70 71 71 71       670
JUL  71 72 72 72 72 73 73 73 73 73 73 74 74 74 74 74 74 74 74 74 75 75 75 75 75 75 75 75 75 75 75    738
AUG  75 75 75 75 75 75 75 74 74 74 74 74 74 74 74 74 74 74 74 74 73 73 73 73 73 73 73 73 73 72 72    738
SEP  72 72 72 72 72 71 71 71 71 71 71 70 70 70 70 69 69 69 69 68 68 68 68 67 67 67 66 66 66 66       693
OCT  65 65 65 64 64 63 63 63 62 62 62 61 61 61 60 60 60 59 59 59 58 58 57 57 57 56 56 56 55 55 54    599
NOV  54 54 53 53 53 52 52 52 51 51 50 50 50 50 49 49 49 48 48 48 47 47 47 46 46 46 46 45 45 45       492
DEC  44 44 44 44 44 43 43 43 43 43 43 42 42 42 42 42 42 42 42 42 42 42 42 42 42 42 42 42 42 42 42    425
                                                                                                        
-------------------------------------------------------------------------------------------------       
 Heating Degree Days                                                                                    
 DAY  1  2  3  4  5  6  7  8  9 10 11 12 13 14 15 16 17 18 19 20 21 22 23 24 25 26 27 28 29 30 31  MONTH
-------------------------------------------------------------------------------------------------       
JAN  23 23 23 23 23 23 23 23 23 22 22 22 22 22 22 22 22 22 22 22 22 22 22 22 22 21 21 21 21 21 21    685
FEB  21 21 21 21 21 21 21 21 21 21 21 21 21 20 20 20 20 20 20 20 20 20 20 20 20 20 20 20             573
MAR  20 20 20 20 20 20 20 20 19 19 19 19 19 19 19 19 19 19 19 19 19 18 18 18 18 18 18 18 18 18 18    587
APR  17 17 17 17 17 17 17 17 16 16 16 16 16 16 15 15 15 15 15 15 14 14 14 14 14 13 13 13 13 13       457
MAY  12 12 12 12 12 11 11 11 11 11 10 10 10 10  9  9  9  9  8  8  8  8  7  7  7  7  6  6  6  6  5    280
JUN   5  5  5  4  4  4  4  3  3  3  3  3  3  2  2  2  2  2  2  2  1  1  1  1  1  1  1  1  1  1        73
JUL   1  1  1  1  1  1  1  1  1  0  0  0  0  0  0  0  0  0  0  0  0  0  0  0  0  0  0  0  0  0  0      9
AUG   0  0  0  0  0  0  0  0  0  0  0  0  0  1  1  1  1  1  1  1  1  1  1  1  1  1  1  1  1  1  1     18
SEP   1  2  2  2  2  2  2  2  2  2  2  2  3  3  3  3  3  3  3  3  3  3  4  4  4  4  4  4  4  4        85
OCT   5  5  5  5  5  5  6  6  6  6  6  6  7  7  7  7  8  8  8  8  9  9  9  9 10 10 10 11 11 11 11    236
NOV  12 12 12 13 13 13 14 14 14 15 15 15 16 16 16 16 17 17 17 18 18 18 18 19 19 19 19 20 20 20       485
DEC  21 21 21 21 21 22 22 22 22 22 23 23 23 23 23 23 23 23 23 23 23 23 23 23 23 23 23 23 23 23 23    698
                                                                                                        
-------------------------------------------------------------------------------------------------       
 Cooling Degree Days                                                                                    
 DAY  1  2  3  4  5  6  7  8  9 10 11 12 13 14 15 16 17 18 19 20 21 22 23 24 25 26 27 28 29 30 31  MONTH
-------------------------------------------------------------------------------------------------       
JAN   0  0  0  0  0  0  0  0  0  0  0  0  0  0  0  0  0  0  0  0  0  0  0  0  0  0  0  0  0  0  0      0
FEB   0  0  0  0  0  0  0  0  0  0  0  0  0  0  0  0  0  0  0  0  0  0  0  0  0  0  0  0               0
MAR   0  0  0  0  0  0  0  0  0  0  0  0  0  0  0  0  0  0  0  0  0  0  0  0  0-99-99-99-99-99-99      6
APR   0  0  0  0  0  0  0  0  0  0  0  0  0  1  1  1  1  1  1  1  1  1  1  1  1  1  1  1  1  1        17
MAY   1  1  1  1  1  1  1  1  1  1  1  1  1  1  1  1  1  1  2  2  2  2  2  2  2  2  2  2  2  2  2     44
JUN   2  3  3  3  3  3  3  3  3  3  4  4  4  4  4  4  5  5  5  5  5  5  6  6  6  6  6  6  7  7       133
JUL   7  7  7  8  8  8  8  8  8  9  9  9  9  9  9  9  9  9 10 10 10 10 10 10 10 10 10 10 10 10 10    280
AUG  10 10 10 10 10 10 10 10 10 10 10  9  9  9  9  9  9  9  9  9  9  9  9  9  9  9  9  9  9  9  9    290
SEP   9  9  9  8  8  8  8  8  8  8  8  8  8  7  7  7  7  7  7  7  6  6  6  6  6  6  5  5  5  5       212
OCT   5  5  4  4  4  4  4  3  3  3  3  3  3  3  2  2  2  2  2  2  2  2  1  1  1  1  1  1  1  1  1     76
NOV   1  1  1  1  1  1  1  1  0  0  0  0  0  0  0  0  0  0  0  0  0  0  0  0  0  0  0  0  0  0         8
DEC   0  0  0  0  0  0  0  0  0  0  0  0  0  0  0  0  0  0  0  0  0  0  0  0  0  0  0  0  0  0  0      0
                                                                                                        
-------------------------------------------------------------------------------------------------       
 Total  Precipitation (Hundreths of an Inch)                                                            
 DAY  1  2  3  4  5  6  7  8  9 10 11 12 13 14 15 16 17 18 19 20 21 22 23 24 25 26 27 28 29 30 31  MONTH
-------------------------------------------------------------------------------------------------       
JAN   8  7  7  7  7  7  7  7  7  7  7  7  7  8  8  8  8  8  8  8  8  8  9  9  9  9  9  9 10 10 10    248
FEB  10 10 11 11 11 11 11 11 12 12 12 12 12 12 12 12 12 12 12 12 12 12 12 11 11 11 11 11             321
MAR  11 10 10 10 10 10  9  9  9  9  8  8  8  8  8  7  7  7  7  7  6  6  6  6  5  5  5  5  5  4  4    229
APR   4  4  4  3  3  3  3  3  3  2  2  2  2  2  2  2  2  2  1  1  1  1  1  1  1  1  1  1  1  1        60
MAY   1  1  1  1  1  1  1  1  1  1  1  1  1  1  1  1  1  1  1  1  1  1  1  1  1  1  1  1  0  0  0     28
JUN   1  1  1  1  1  1  1  0  0  0  0  0  0  0  0  0  0  0  0  0  0  0  0  0  0  0  0  0  0  0         7
JUL   0  0  0  0  0  0  0  0  0  0  0  0  0  0  0  0  0  0  0  0  0  0  0  0  0  0  0  0  0  1  1      2
AUG   0  0  0  0  0  0  0  0  0  0  0  0  0  0  0  0  0  0  0  0  0  0  1  1  1  1  1  1  1  1  1      9
SEP   0  0  0  0  0  1  1  1  1  1  1  1  1  1  1  1  1  1  1  1  1  1  1  1  1  1  1  1  1  1        25
OCT   1  1  1  1  1  1  1  1  1  1  1  1  1  1  1  1  1  1  1  1  1  1  1  1  1  1  1  1  1  1  2     32
NOV   1  1  1  1  2  2  2  2  2  2  2  2  2  2  2  3  3  3  3  3  3  3  4  4  4  4  4  5  5  5        82
DEC   5  5  6  6  6  6  6  6  7  7  7  7  7  7  7  7  7  7  7  8  8  8  8  8  8  8  8  8  8  7  7    217
                                                                                                        
