-------------------------------------------------------------------------------------------------       
 1971-2000 Daily/Monthly Station Normals                                                                
 Provided by National Climatic Data Center/NESDIS/NOAA                                                  
-------------------------------------------------------------------------------------------------       
 Station COOP ID:                           040379                                                      
 Station Name, State, Division, Call:       AUBERRY 2 NW                       CA 05                    
 Latitude, Longitude, Elevation, Elements:  37 05 31 -119 30 46  2090 XNP                               
-------------------------------------------------------------------------------------------------       
 Minimum Temperature (deg F [tenths deg F for monthly])                                                 
 DAY  1  2  3  4  5  6  7  8  9 10 11 12 13 14 15 16 17 18 19 20 21 22 23 24 25 26 27 28 29 30 31  MONTH
-------------------------------------------------------------------------------------------------       
JAN  36 36 36 36 36 36 36 36 36 36 36 36 37 37 37 37 37 37 37 37 37 37 37 37 37 38 38 38 38 38 38    368
FEB  38 38 38 38 39 39 39 39 39 39 39 39 39 39 39 39 40 40 40 40 40 40 40 40 40 40 40 40             393
MAR  40 40 40 40 40 40 41 41 41 41 41 41 41 41 41 41 41 41 41 42 42 42 42 42 42 42 42 42 43 43 43    413
APR  43 43 43 43 43 44 44 44 44 44 44 44 45 45 45 45 45 46 46 46 46 46 46 47 47 47 47 48 48 48       452
MAY  48 49 49 49 49 49 50 50 50 50 51 51 51 51 52 52 52 52 53 53 53 53 54 54 54 54 55 55 55 55 56    519
JUN  56 56 56 57 57 57 58 58 58 58 59 59 59 60 60 60 60 61 61 61 62 62 62 62 63 63 63 64 64 64       600
JUL  65 65 65 65 66 66 66 66 66 67 67 67 67 67 67 68 68 68 68 68 68 68 68 68 68 68 68 68 68 68 68    671
AUG  68 68 68 68 67 67 67 67 67 67 67 67 67 67 66 66 66 66 66 66 66 66 66 65 65 65 65 65 65 65 64    663
SEP  64 64 64 64 64 64 63 63 63 63 63 62 62 62 62 62 61 61 61 61 60 60 60 60 59 59 59 59 58 58       615
OCT  58 57 57 57 56 56 56 56 55 55 55 54 54 53 53 53 52 52 52 51 51 51 50 50 49 49 49 48 48 47 47    526
NOV  47 46 46 45 45 45 44 44 43 43 43 43 42 42 42 41 41 41 40 40 40 40 40 39 39 39 39 39 38 38       418
DEC  38 38 38 38 38 37 37 37 37 37 37 37 37 37 36 36 36 36 36 36 36 36 36 36 36 36 36 36 36 36 36    366
                                                                                                        
-------------------------------------------------------------------------------------------------       
 Maximum Temperature (deg F [tenths deg F for monthly])                                                 
 DAY  1  2  3  4  5  6  7  8  9 10 11 12 13 14 15 16 17 18 19 20 21 22 23 24 25 26 27 28 29 30 31  MONTH
-------------------------------------------------------------------------------------------------       
JAN  56 56 56 56 56 56 56 56 56 56 56 56 56 56 56 57 57 57 57 57 57 57 57 57 58 58 58 58 58 58 58    567
FEB  58 58 59 59 59 59 59 59 59 59 60 60 60 60 60 60 60 60 60 60 60 60 61 61 61 61 61 61             598
MAR  61 61 61 61 61 61 61 61 62 62 62 62 62 62 62 62 63 63 63 63 63 63 64 64 64 64 65 65 65 65 66    627
APR  66 66 66 67 67 67 67 68 68 68 69 69 69 69 70 70 70 71 71 71 71 72 72 72 73 73 73 74 74 74       699
MAY  75 75 75 76 76 76 77 77 77 77 78 78 78 79 79 79 80 80 80 81 81 81 82 82 82 83 83 84 84 84 85    795
JUN  85 85 86 86 86 87 87 87 88 88 88 88 89 89 89 90 90 90 91 91 91 91 92 92 92 92 93 93 93 93       894
JUL  94 94 94 94 95 95 95 95 95 95 96 96 96 96 96 96 96 96 96 97 97 97 97 97 97 97 97 97 97 97 96    959
AUG  97 96 96 96 96 96 96 96 96 96 96 95 95 95 95 95 95 95 95 94 94 94 94 94 94 93 93 93 93 93 93    948
SEP  92 92 92 92 91 91 91 91 91 90 90 90 90 89 89 89 88 88 88 88 87 87 87 86 86 86 85 85 85 85       887
OCT  84 84 83 83 83 82 82 82 81 81 80 80 80 79 79 78 78 77 77 76 76 75 75 74 74 73 73 72 72 71 71    779
NOV  70 70 69 68 68 67 67 67 66 66 65 65 64 64 63 63 63 62 62 62 61 61 61 60 60 60 60 59 59 59       637
DEC  59 58 58 58 58 58 58 57 57 57 57 57 57 57 57 56 56 56 56 56 56 56 56 56 56 56 56 56 56 56 56    567
                                                                                                        
-------------------------------------------------------------------------------------------------       
 Average Temperature (deg F [tenths deg F for monthly])                                                 
 DAY  1  2  3  4  5  6  7  8  9 10 11 12 13 14 15 16 17 18 19 20 21 22 23 24 25 26 27 28 29 30 31  MONTH
-------------------------------------------------------------------------------------------------       
JAN  46 46 46 46 46 46 46 46 46 46 46 46 46 47 47 47 47 47 47 47 47 47 47 47 48 48 48 48 48 48 48    468
FEB  48 48 49 49 49 49 49 49 49 49 49 50 50 50 50 50 50 50 50 50 50 50 50 50 50 50 51 51             496
MAR  51 51 51 51 51 51 51 51 51 51 51 51 51 51 52 52 52 52 52 52 52 53 53 53 53 53 53 54 54 54 54    520
APR  54 55 55 55 55 55 56 56 56 56 56 57 57 57 57 58 58 58 58 59 59 59 59 60 60 60 60 61 61 61       576
MAY  61 62 62 62 63 63 63 63 64 64 64 65 65 65 65 66 66 66 67 67 67 67 68 68 68 69 69 69 69 70 70    657
JUN  70 71 71 71 72 72 72 73 73 73 73 74 74 74 75 75 75 75 76 76 76 77 77 77 77 78 78 78 79 79       747
JUL  79 79 80 80 80 80 81 81 81 81 81 82 82 82 82 82 82 82 82 82 82 82 82 83 83 83 82 82 82 82 82    815
AUG  82 82 82 82 82 82 82 82 82 81 81 81 81 81 81 81 81 80 80 80 80 80 80 80 79 79 79 79 79 79 79    806
SEP  78 78 78 78 78 77 77 77 77 77 76 76 76 76 75 75 75 75 74 74 74 74 73 73 73 72 72 72 72 71       751
OCT  71 71 70 70 70 69 69 69 68 68 67 67 67 66 66 65 65 65 64 64 63 63 63 62 62 61 61 60 60 59 59    653
NOV  58 58 57 57 57 56 56 55 55 54 54 54 53 53 53 52 52 52 51 51 51 50 50 50 50 49 49 49 49 49       528
DEC  48 48 48 48 48 48 48 47 47 47 47 47 47 47 47 46 46 46 46 46 46 46 46 46 46 46 46 46 46 46 46    467
                                                                                                        
-------------------------------------------------------------------------------------------------       
 Heating Degree Days                                                                                    
 DAY  1  2  3  4  5  6  7  8  9 10 11 12 13 14 15 16 17 18 19 20 21 22 23 24 25 26 27 28 29 30 31  MONTH
-------------------------------------------------------------------------------------------------       
JAN  19 19 19 19 19 19 19 19 19 19 19 19 19 19 18 18 18 18 18 18 18 18 18 18 18 17 17 17 17 17 17    566
FEB  17 17 16 16 16 16 16 16 16 16 16 16 15 15 15 15 15 15 15 15 15 15 15 15 15 15 15 15             434
MAR  15 14 14 14 14 14 14 14 14 14 14 14 14 14 14 13 13 13 13 13 13 13 13 12 12 12 12 12 12 11 11    409
APR  11 11 11 11 10 10 10 10 10  9  9  9  9  9  9  9  8  8  8  8  8  8  7  7  7  7  7  7  6  6       259
MAY   6  6  6  6  6  5  5  5  5  5  5  5  4  4  4  4  4  4  4  3  3  3  3  3  3  2  2  2  2  2  2    123
JUN   2  1  1  1  1  1  1  1  1  1  1  0  0  0  0  0  0  0  0  0  0  0  0  0  0  0  0  0  0  0        12
JUL   0  0  0  0  0  0  0  0  0  0  0  0  0  0  0  0  0  0  0  0  0  0  0  0  0  0  0  0  0  0  0      0
AUG   0  0  0  0  0  0  0  0  0  0  0  0  0  0  0  0  0  0  0  0  0  0  0  0  0  0  0  0  0  0  0      0
SEP   0  0  0  0  0  0  0  0  0  0  0  0  0  0  0  0  0  1  1  1  1  1  1  1  1  1  1  1  1  1        13
OCT   1  1  1  1  1  1  2  2  2  2  2  2  3  3  3  3  3  4  4  4  4  5  5  5  5  6  6  6  7  7  8    109
NOV   8  8  9  9  9 10 10 10 11 11 11 12 12 12 13 13 13 13 14 14 14 15 15 15 15 15 16 16 16 16       375
DEC  16 17 17 17 17 17 18 18 18 18 18 18 18 18 19 19 19 19 19 19 19 19 19 19 19 19 19 19 19 19 19    568
                                                                                                        
-------------------------------------------------------------------------------------------------       
 Cooling Degree Days                                                                                    
 DAY  1  2  3  4  5  6  7  8  9 10 11 12 13 14 15 16 17 18 19 20 21 22 23 24 25 26 27 28 29 30 31  MONTH
-------------------------------------------------------------------------------------------------       
JAN   0  0  0  0  0  0  0  0  0  0  0  0  0  0  0  0  0  0  0  0  0  0  0  0  0  0  0  0  0  0  0      0
FEB   0  0  0  0  0  0  0  0  0  0  0  0  0  0  0  0  0  0  0  0  0  0  0  0  0  0  0  0               0
MAR   0  0  0  0  0  0  0  0  0  0  0  0  0  0  0  0  0  0  0  0  0  0  0  0  0  0-99-99-99-99-99      5
APR   0  0  0  0  0  1  1  1  1  1  1  1  1  1  1  1  1  1  1  1  2  2  2  2  2  2  2  2  2  2        35
MAY   3  3  3  3  3  3  3  3  4  4  4  4  4  4  4  5  5  5  5  5  5  6  6  6  6  6  6  6  7  7  7    145
JUN   7  7  7  8  8  8  8  8  9  9  9  9  9 10 10 10 10 11 11 11 11 12 12 12 12 13 13 13 13 14       304
JUL  14 14 15 15 15 15 16 16 16 16 16 17 17 17 17 17 17 17 17 17 17 17 17 18 18 18 17 17 17 17 17    511
AUG  17 17 17 17 17 17 17 16 16 16 16 16 16 16 16 16 16 15 15 15 15 15 15 15 14 14 14 14 14 14 14    482
SEP  13 13 13 13 13 13 12 12 12 12 12 11 11 11 11 11 10 10 10 10  9  9  9  9  9  8  8  8  7  7       316
OCT   7  7  6  6  6  6  5  5  5  5  5  4  4  4  4  4  3  3  3  3  3  3  2  2  2  2  2  2  2  1  1    117
NOV   1  1  1  1  1  1  1  0  0  0  0  0  0  0  0  0  0  0  0  0  0  0  0  0  0  0  0  0  0  0         7
DEC   0  0  0  0  0  0  0  0  0  0  0  0  0  0  0  0  0  0  0  0  0  0  0  0  0  0  0  0  0  0  0      0
                                                                                                        
-------------------------------------------------------------------------------------------------       
 Total  Precipitation (Hundreths of an Inch)                                                            
 DAY  1  2  3  4  5  6  7  8  9 10 11 12 13 14 15 16 17 18 19 20 21 22 23 24 25 26 27 28 29 30 31  MONTH
-------------------------------------------------------------------------------------------------       
JAN  14 15 15 15 16 16 16 16 17 17 17 17 17 18 18 18 18 18 18 18 18 18 18 18 18 18 18 18 18 18 18    532
FEB  17 17 17 17 17 17 17 17 17 17 17 17 17 17 17 17 16 17 17 17 17 17 17 17 17 17 17 17             475
MAR  17 17 17 17 17 17 17 17 17 17 17 17 17 17 17 16 16 16 16 16 15 15 15 14 14 14 13 13 12 12 11    483
APR  11 10 10 10  9  9  8  8  8  7  7  7  6  6  6  6  5  5  5  5  4  4  4  4  4  4  4  4  3  3       186
MAY   4  3  3  3  3  3  3  3  3  3  3  3  3  3  3  3  3  3  3  3  3  2  2  2  2  2  2  2  2  2  2     84
JUN   2  2  2  2  1  1  1  1  1  1  1  1  1  1  1  1  1  1  1  1  1  1  1  1  1  1  1  0  0  0        31
JUL   1  1  1  1  1  1  1  1  0  0  0  0  0  0  0  0  0  0  0  0  0  0  0  0  0  0  0  0  0  0  0      8
AUG   0  0  0  0  0  0  0  0  0  0  0  0  0  0  0  0  0  0  0  0  0  0  0  0  0  0  1  1  1  1  1      5
SEP   1  1  1  1  1  1  1  1  1  1  1  1  2  2  2  2  2  2  2  2  2  2  2  2  2  2  3  3  3  3        52
OCT   3  3  3  3  3  3  3  3  4  4  4  4  4  4  4  4  5  5  5  5  5  5  6  6  6  6  6  6  7  7  7    143
NOV   7  7  8  8  8  8  8  8  9  9  9  9  9  9  9  9  9 10 10 10 10 10 10 10 10 10 10 10 10 10       273
DEC  10 10 10 10 10 10 10 10 10 10 10 10 10 10 10 10 11 11 11 11 11 11 12 12 12 12 13 13 13 14 14    341
                                                                                                        
