-------------------------------------------------------------------------------------------------       
 1971-2000 Daily/Monthly Station Normals                                                                
 Provided by National Climatic Data Center/NESDIS/NOAA                                                  
-------------------------------------------------------------------------------------------------       
 Station COOP ID:                           044278                                                      
 Station Name, State, Division, Call:       INYOKERN                           CA 07                    
 Latitude, Longitude, Elevation, Elements:  35 38 57 -117 49 06  2440 XNP                               
-------------------------------------------------------------------------------------------------       
 Minimum Temperature (deg F [tenths deg F for monthly])                                                 
 DAY  1  2  3  4  5  6  7  8  9 10 11 12 13 14 15 16 17 18 19 20 21 22 23 24 25 26 27 28 29 30 31  MONTH
-------------------------------------------------------------------------------------------------       
JAN  30 30 30 30 30 30 30 30 30 30 30 31 31 31 31 31 31 31 31 31 32 32 32 32 32 32 32 32 33 33 33    311
FEB  33 33 33 34 34 34 34 34 34 34 35 35 35 35 35 35 35 36 36 36 36 36 36 37 37 37 37 37             351
MAR  37 37 38 38 38 38 38 38 38 38 39 39 39 39 39 39 39 40 40 40 40 40 40 40 41 41 41 41 41 41 41    393
APR  42 42 42 42 42 42 43 43 43 43 43 44 44 44 44 45 45 45 45 45 46 46 46 47 47 47 47 48 48 48       446
MAY  49 49 49 50 50 50 51 51 51 51 52 52 52 53 53 53 53 54 54 54 55 55 55 55 55 56 56 56 56 57 57    530
JUN  57 57 57 58 58 58 58 59 59 59 59 59 60 60 60 60 61 61 61 61 62 62 62 62 63 63 63 63 63 64       603
JUL  64 64 64 64 65 65 65 65 65 66 66 66 66 66 66 66 66 66 67 67 67 67 67 67 67 67 67 67 67 67 67    660
AUG  67 66 66 66 66 66 66 66 66 66 66 66 65 65 65 65 65 65 65 64 64 64 64 64 64 63 63 63 63 63 62    648
SEP  62 62 62 61 61 61 61 60 60 60 60 59 59 59 59 58 58 58 57 57 57 57 56 56 56 55 55 55 54 54       583
OCT  54 53 53 53 52 52 52 51 51 50 50 50 49 49 49 48 48 48 47 47 46 46 46 45 45 44 44 44 43 43 42    482
NOV  42 42 41 41 40 40 40 39 39 39 38 38 37 37 37 36 36 36 36 35 35 35 34 34 34 34 33 33 33 33       369
DEC  32 32 32 32 31 31 31 31 31 31 30 30 30 30 30 30 30 30 30 30 30 30 30 30 29 29 30 30 30 30 30    304
                                                                                                        
-------------------------------------------------------------------------------------------------       
 Maximum Temperature (deg F [tenths deg F for monthly])                                                 
 DAY  1  2  3  4  5  6  7  8  9 10 11 12 13 14 15 16 17 18 19 20 21 22 23 24 25 26 27 28 29 30 31  MONTH
-------------------------------------------------------------------------------------------------       
JAN  59 59 59 59 59 59 59 59 59 59 59 60 60 60 60 60 60 60 60 61 61 61 61 61 61 62 62 62 62 63 63    603
FEB  63 63 64 64 64 64 64 65 65 65 65 66 66 66 66 66 66 67 67 67 67 67 68 68 68 68 68 68             659
MAR  68 69 69 69 69 69 69 69 70 70 70 70 70 71 71 71 71 71 72 72 72 72 72 73 73 73 73 74 74 74 74    711
APR  75 75 75 76 76 76 76 77 77 77 77 78 78 78 78 79 79 79 80 80 80 80 81 81 81 81 82 82 82 82       786
MAY  83 83 83 83 84 84 84 85 85 85 85 86 86 86 87 87 87 88 88 88 88 89 89 90 90 90 91 91 91 92 92    871
JUN  92 93 93 93 94 94 95 95 95 96 96 96 96 97 97 97 98 98 98 98 99 99 99100100100100100101101       970
JUL 101101102102102102102102103103103103103103103103103103103104104104104104104104103103103103103   1029
AUG 103103103103103103103102102102102102102102101101101101101101100100100100100 99 99 99 99 99 98   1011
SEP  98 98 98 97 97 97 97 96 96 96 95 95 95 95 94 94 94 93 93 93 93 92 92 92 91 91 91 90 90 90       941
OCT  89 89 89 88 88 87 87 87 86 86 86 85 85 84 84 83 83 83 82 82 81 81 80 80 79 79 78 78 77 77 76    832
NOV  76 75 75 74 74 73 73 72 72 71 71 70 70 70 69 69 68 68 67 67 67 66 66 66 65 65 65 64 64 64       692
DEC  63 63 63 63 62 62 62 62 61 61 61 61 61 60 60 60 60 60 60 60 60 59 59 59 59 59 59 59 59 59 59    605
                                                                                                        
-------------------------------------------------------------------------------------------------       
 Average Temperature (deg F [tenths deg F for monthly])                                                 
 DAY  1  2  3  4  5  6  7  8  9 10 11 12 13 14 15 16 17 18 19 20 21 22 23 24 25 26 27 28 29 30 31  MONTH
-------------------------------------------------------------------------------------------------       
JAN  44 44 44 45 45 45 45 45 45 45 45 45 45 45 45 45 46 46 46 46 46 46 46 47 47 47 47 47 47 48 48    457
FEB  48 48 48 49 49 49 49 49 50 50 50 50 50 51 51 51 51 51 51 51 52 52 52 52 52 52 53 53             505
MAR  53 53 53 53 53 53 54 54 54 54 54 54 55 55 55 55 55 55 56 56 56 56 56 57 57 57 57 57 58 58 58    552
APR  58 58 59 59 59 59 60 60 60 60 60 61 61 61 61 62 62 62 62 63 63 63 63 64 64 64 65 65 65 65       616
MAY  66 66 66 67 67 67 67 68 68 68 69 69 69 70 70 70 70 71 71 71 72 72 72 72 73 73 73 74 74 74 74    701
JUN  75 75 75 76 76 76 77 77 77 77 78 78 78 78 79 79 79 79 80 80 80 80 81 81 81 81 82 82 82 82       787
JUL  83 83 83 83 83 84 84 84 84 84 84 85 85 85 85 85 85 85 85 85 85 85 85 85 85 85 85 85 85 85 85    845
AUG  85 85 85 85 85 84 84 84 84 84 84 84 84 83 83 83 83 83 83 83 82 82 82 82 82 81 81 81 81 81 80    830
SEP  80 80 80 79 79 79 79 78 78 78 78 77 77 77 77 76 76 76 75 75 75 74 74 74 73 73 73 72 72 72       762
OCT  72 71 71 70 70 70 69 69 69 68 68 67 67 67 66 66 65 65 65 64 64 63 63 63 62 62 61 61 60 60 59    657
NOV  59 58 58 57 57 57 56 56 55 55 55 54 54 53 53 53 52 52 52 51 51 51 50 50 50 49 49 49 49 48       531
DEC  48 48 48 47 47 47 47 46 46 46 46 46 46 45 45 45 45 45 45 45 45 45 45 44 44 44 44 44 44 44 44    455
                                                                                                        
-------------------------------------------------------------------------------------------------       
 Heating Degree Days                                                                                    
 DAY  1  2  3  4  5  6  7  8  9 10 11 12 13 14 15 16 17 18 19 20 21 22 23 24 25 26 27 28 29 30 31  MONTH
-------------------------------------------------------------------------------------------------       
JAN  21 21 21 21 21 20 20 20 20 20 20 20 20 20 20 20 19 19 19 19 19 19 19 18 18 18 18 18 17 17 17    599
FEB  17 17 16 16 16 16 16 16 15 15 15 15 15 14 14 14 14 14 14 14 13 13 13 13 13 13 13 12             406
MAR  12 12 12 12 12 12 12 12 11 11 11 11 11 11 11 10 10 10 10 10 10 10  9  9  9  9  9  9  9  8  8    322
APR   8  8  8  8  7  7  7  7  7  7  6  6  6  6  6  6  6  5  5  5  5  5  5  5  4  4  4  4  4  4       175
MAY   4  3  3  3  3  3  3  3  3  2  2  2  2  2  2  2  2  2  1  1  1  1  1  1  1  1  1  1  1  1  1     59
JUN   1  1  0  0  0  0  0  0  0  0  0  0  0  0  0  0  0  0  0  0  0  0  0  0  0  0  0  0  0  0         2
JUL   0  0  0  0  0  0  0  0  0  0  0  0  0  0  0  0  0  0  0  0  0  0  0  0  0  0  0  0  0  0  0      0
AUG   0  0  0  0  0  0  0  0  0  0  0  0  0  0  0  0  0  0  0  0  0  0  0  0  0  0  0  0  0  0  0      0
SEP   0  0  0  0  0  0  0  0  0  0  0  0  0  0  0  0  0  0  0  0  0  0  0  0  0  0  0  1  1  1         3
OCT   1  1  1  1  1  1  1  1  1  1  2  2  2  2  2  3  3  3  3  3  4  4  4  5  5  5  6  6  6  7  7     94
NOV   7  8  8  8  9  9  9 10 10 11 11 11 12 12 12 12 13 13 13 14 14 14 15 15 15 16 16 16 16 17       366
DEC  17 17 17 18 18 18 18 19 19 19 19 19 20 20 20 20 20 20 20 20 20 20 21 21 21 21 21 21 21 21 21    607
                                                                                                        
-------------------------------------------------------------------------------------------------       
 Cooling Degree Days                                                                                    
 DAY  1  2  3  4  5  6  7  8  9 10 11 12 13 14 15 16 17 18 19 20 21 22 23 24 25 26 27 28 29 30 31  MONTH
-------------------------------------------------------------------------------------------------       
JAN   0  0  0  0  0  0  0  0  0  0  0  0  0  0  0  0  0  0  0  0  0  0  0  0  0  0  0  0  0  0  0      0
FEB   0  0  0  0  0  0  0  0  0  0  0  0  0  0  0  0  0  0  0  0  0  0  0  0  0  0  0  0               0
MAR   0  0  0  0  0  0  0  0  0  0  0  0  0  1  1  1  1  1  1  1  1  1  1  1  1  1  1  1  1  1  1     18
APR   1  1  1  1  1  2  2  2  2  2  2  2  2  2  2  2  2  3  3  3  3  3  3  3  3  4  4  4  4  4        73
MAY   4  4  5  5  5  5  5  5  6  6  6  6  6  6  7  7  7  7  7  8  8  8  8  8  9  9  9  9 10 10 10    215
JUN  10 11 11 11 11 11 12 12 12 12 13 13 13 13 14 14 14 14 15 15 15 15 16 16 16 16 16 17 17 17       412
JUL  18 18 18 18 18 19 19 19 19 19 19 19 20 20 20 20 20 20 20 20 20 20 20 20 20 20 20 20 20 20 20    603
AUG  20 20 20 20 20 19 19 19 19 19 19 19 19 19 18 18 18 18 18 18 17 17 17 17 17 16 16 16 16 15 15    558
SEP  15 15 15 14 14 14 14 13 13 13 13 12 12 12 11 11 11 11 10 10 10 10  9  9  9  8  8  8  8  7       339
OCT   7  7  7  6  6  6  5  5  5  5  5  4  4  4  4  3  3  3  3  3  3  2  2  2  2  2  2  2  1  1  1    115
NOV   1  1  1  1  1  1  1  0  0  0  0  0  0  0  0  0  0  0  0  0  0  0  0  0  0  0  0  0  0  0         7
DEC   0  0  0  0  0  0  0  0  0  0  0  0  0  0  0  0  0  0  0  0  0  0  0  0  0  0  0  0  0  0  0      0
                                                                                                        
-------------------------------------------------------------------------------------------------       
 Total  Precipitation (Hundreths of an Inch)                                                            
 DAY  1  2  3  4  5  6  7  8  9 10 11 12 13 14 15 16 17 18 19 20 21 22 23 24 25 26 27 28 29 30 31  MONTH
-------------------------------------------------------------------------------------------------       
JAN   2  2  2  2  2  2  2  3  3  3  3  3  3  3  3  3  3  3  3  3  3  3  3  3  3  3  3  3  4  4  4     89
FEB   3  4  4  4  4  4  4  4  4  4  4  4  4  4  4  4  4  4  4  4  4  4  4  4  4  4  4  4             111
MAR   4  4  4  3  3  3  3  3  3  3  3  3  3  3  3  3  3  2  2  2  2  2  2  2  2  2  2  2  2  2  1     81
APR   1  1  1  1  1  1  1  1  1  1  1  1  1  1  1  1  1  1  1  0  0  0  0  0  0  0  0  0  0  0        19
MAY   0  0  0  0  0  0  1  1  1  1  1  1  1  1  1  1  0  0  0  0  0  0  0  0  0  0  0  0  0  0  0     10
JUN   1  1  0  0  0  0  0  0  0  0  0  0  0  0  0  0  0  0  0  0  0  0  0  0  0  0  0  0  0  0         2
JUL   0  0  0  0  0  0  0  0  0  0  0  0  0  0  0  0  0  0  0  1  1  1  1  1  1  1  1  1  1  1  1     12
AUG   1  1  1  1  1  1  1  1  1  1  1  1  1  1  1  1  1  1  1  1  1  2  2  2  1  1  1  1  1  1  1     34
SEP   1  1  1  1  1  1  1  1  1  1  1  1  1  1  1  1  1  1  1  1  1  1  1  1  1  0  0  0  0  0        25
OCT   1  1  1  0  0  0  0  0  0  0  0  0  0  0  0  0  0  0  0  0  0  0  0  0  0  0  0  1  1  1  1      7
NOV   0  0  1  1  1  1  1  1  1  1  1  1  1  1  1  1  1  1  1  1  1  1  1  1  1  1  1  1  1  1        28
DEC   1  1  1  1  1  1  1  2  2  2  2  2  2  2  2  2  2  2  2  2  2  2  2  2  2  2  2  2  2  2  2     55
                                                                                                        
