-------------------------------------------------------------------------------------------------       
 1971-2000 Daily/Monthly Station Normals                                                                
 Provided by National Climatic Data Center/NESDIS/NOAA                                                  
-------------------------------------------------------------------------------------------------       
 Station COOP ID:                           042406                                                      
 Station Name, State, Division, Call:       DESCANSO RANGER STN                CA 06                    
 Latitude, Longitude, Elevation, Elements:  32 51 00 -116 37 00  3500   P                               
-------------------------------------------------------------------------------------------------       
 Total  Precipitation (Hundreths of an Inch)                                                            
 DAY  1  2  3  4  5  6  7  8  9 10 11 12 13 14 15 16 17 18 19 20 21 22 23 24 25 26 27 28 29 30 31  MONTH
-------------------------------------------------------------------------------------------------       
JAN  13 13 14 14 14 14 15 15 15 16 16 16 16 16 17 17 17 17 17 17 17 17 18 18 18 18 18 18 18 18 18    505
FEB  18 18 18 18 18 18 17 17 18 18 18 18 18 18 18 18 18 18 18 18 18 18 18 18 18 18 18 19             503
MAR  19 19 19 19 19 19 19 19 19 19 19 18 18 18 18 18 18 17 17 17 16 16 16 15 15 14 14 13 13 12 12    524
APR  11 11 10 10  9  9  8  8  7  7  7  6  6  6  5  5  5  4  4  4  4  3  3  3  3  3  3  3  3  3       173
MAY   3  3  3  3  2  2  2  2  2  2  2  2  2  2  2  2  2  2  2  2  2  2  2  2  2  1  1  1  1  1  1     60
JUN   1  1  1  1  1  1  1  1  1  1  1  1  1  1  1  1  0  0  0  0  0  0  0  0  0  0  0  0  0  1        17
JUL   0  0  0  1  1  1  1  1  1  1  1  1  1  1  1  1  1  1  1  1  1  1  1  1  1  1  1  1  1  1  1     28
AUG   1  1  1  1  1  1  2  2  2  2  2  2  2  2  2  2  2  2  2  2  2  2  2  2  2  2  2  2  2  2  1     55
SEP   2  2  2  2  2  1  1  1  1  1  1  1  1  1  1  2  2  2  2  2  2  2  2  2  2  2  2  2  2  2        50
OCT   2  2  2  2  3  3  3  3  3  3  3  3  3  3  3  4  4  4  4  4  4  4  4  5  5  5  5  5  5  5  6    114
NOV   6  6  6  6  6  6  6  7  7  7  7  7  7  7  7  7  7  7  7  7  7  7  7  7  8  8  8  8  7  7       207
DEC   7  7  7  7  7  7  8  8  8  8  8  8  8  8  8  9  9  9  9  9 10 10 10 10 11 11 11 12 12 12 13    281
                                                                                                        
