-------------------------------------------------------------------------------------------------       
 1971-2000 Daily/Monthly Station Normals                                                                
 Provided by National Climatic Data Center/NESDIS/NOAA                                                  
-------------------------------------------------------------------------------------------------       
 Station COOP ID:                           046377                                                      
 Station Name, State, Division, Call:       OCEANSIDE MARINA                   CA 06 L34                
 Latitude, Longitude, Elevation, Elements:  33 12 35 -117 23 42    10 XNP                               
-------------------------------------------------------------------------------------------------       
 Minimum Temperature (deg F [tenths deg F for monthly])                                                 
 DAY  1  2  3  4  5  6  7  8  9 10 11 12 13 14 15 16 17 18 19 20 21 22 23 24 25 26 27 28 29 30 31  MONTH
-------------------------------------------------------------------------------------------------       
JAN  45 45 45 45 45 45 45 45 45 45 45 45 45 45 45 45 45 45 45 46 46 46 46 46 46 46 46 46 46 46 46    454
FEB  46 46 46 46 46 46 46 46 46 46 46 46 46 46 46 46 47 47 47 47 47 47 47 47 47 47 48 48             465
MAR  47 48 48 48 48 48 48 48 48 48 48 48 48 48 48 48 48 48 49 49 49 49 49 49 49 49 49 49 49 49 49    484
APR  49 49 50 50 50 50 50 50 50 50 50 50 51 51 51 51 51 51 51 51 52 52 52 52 52 52 53 53 53 53       510
MAY  53 54 54 54 54 54 55 55 55 55 55 55 56 56 56 56 56 56 56 57 57 57 57 57 57 57 57 58 58 58 58    559
JUN  58 58 58 58 58 59 59 59 59 59 59 59 59 59 60 60 60 60 60 60 60 60 60 61 61 61 61 61 61 61       596
JUL  62 62 62 62 62 62 62 62 62 63 63 63 63 63 63 63 63 63 63 63 63 63 64 64 64 64 64 64 64 64 64    630
AUG  64 64 64 64 64 64 64 64 64 64 64 64 64 64 64 64 64 64 64 63 63 63 63 63 63 63 63 63 63 63 63    636
SEP  63 63 63 63 63 62 62 62 62 62 62 62 62 62 62 61 61 61 61 61 61 61 61 60 60 60 60 60 60 59       614
OCT  59 59 59 59 59 58 58 58 58 58 57 57 57 57 56 56 56 56 56 55 55 55 55 54 54 54 53 53 53 53 52    561
NOV  52 52 51 51 51 51 50 50 50 50 49 49 49 49 49 48 48 48 48 48 47 47 47 47 47 46 46 46 46 46       486
DEC  46 46 46 45 45 45 45 45 45 45 45 45 45 45 45 45 45 44 44 44 44 44 44 44 44 44 45 45 45 45 45    448
                                                                                                        
-------------------------------------------------------------------------------------------------       
 Maximum Temperature (deg F [tenths deg F for monthly])                                                 
 DAY  1  2  3  4  5  6  7  8  9 10 11 12 13 14 15 16 17 18 19 20 21 22 23 24 25 26 27 28 29 30 31  MONTH
-------------------------------------------------------------------------------------------------       
JAN  64 64 64 64 64 64 64 64 64 64 64 64 64 64 64 64 64 64 64 64 64 64 64 64 64 64 64 64 64 64 64    640
FEB  64 64 64 64 64 64 64 64 64 64 64 64 64 64 64 64 64 64 64 64 64 64 64 64 64 64 63 63             639
MAR  64 64 64 64 64 64 64 64 64 64 64 64 64 64 64 64 64 64 64 64 64 64 64 64 64 64 64 64 64 64 64    640
APR  65 65 65 65 65 65 65 65 65 65 65 65 65 65 65 65 65 65 65 65 65 66 66 66 66 66 66 66 66 66       653
MAY  66 66 66 66 66 66 66 66 66 66 66 66 66 66 66 66 67 67 67 67 67 67 67 67 67 67 67 67 67 67 67    665
JUN  67 68 68 68 68 68 68 68 68 68 68 68 68 69 69 69 69 69 69 69 69 69 70 70 70 70 70 70 70 70       688
JUL  71 71 71 71 71 71 71 71 71 72 72 72 72 72 72 72 72 72 72 73 73 73 73 73 73 73 73 73 73 73 73    721
AUG  73 73 73 73 73 73 73 73 73 73 73 73 74 74 74 74 74 74 74 74 74 74 74 74 74 74 74 74 74 74 74    736
SEP  74 74 74 74 74 74 74 74 74 74 74 74 73 73 73 73 73 73 73 73 73 73 73 73 73 73 73 73 73 73       734
OCT  73 73 73 72 72 72 72 72 72 72 72 72 72 72 72 71 71 71 71 71 71 71 71 71 71 70 70 70 70 70 70    714
NOV  70 70 70 69 69 69 69 69 69 69 69 69 68 68 68 68 68 68 68 68 67 67 67 67 67 67 67 67 66 66       681
DEC  66 66 66 66 66 66 66 65 65 65 65 65 65 65 65 65 65 65 65 65 65 65 64 64 64 64 64 64 64 64 64    649
                                                                                                        
-------------------------------------------------------------------------------------------------       
 Average Temperature (deg F [tenths deg F for monthly])                                                 
 DAY  1  2  3  4  5  6  7  8  9 10 11 12 13 14 15 16 17 18 19 20 21 22 23 24 25 26 27 28 29 30 31  MONTH
-------------------------------------------------------------------------------------------------       
JAN  54 54 54 54 54 54 54 54 54 55 55 55 55 55 55 55 55 55 55 55 55 55 55 55 55 55 55 55 55 55 55    547
FEB  55 55 55 55 55 55 55 55 55 55 55 55 55 55 55 55 55 55 55 55 55 55 56 56 56 56 56 55             552
MAR  55 56 56 56 56 56 56 56 56 56 56 56 56 56 56 56 56 56 56 56 56 56 56 56 57 57 57 57 57 57 57    562
APR  57 57 57 57 57 57 58 58 58 58 58 58 58 58 58 58 58 58 58 58 59 59 59 59 59 59 59 59 59 60       582
MAY  60 60 60 60 60 60 60 60 61 61 61 61 61 61 61 61 61 61 62 62 62 62 62 62 62 62 62 62 62 62 63    612
JUN  63 63 63 63 63 63 63 63 63 64 64 64 64 64 64 64 64 64 64 65 65 65 65 65 65 65 66 66 66 66       642
JUL  66 66 66 67 67 67 67 67 67 67 67 67 68 68 68 68 68 68 68 68 68 68 68 68 68 68 68 68 69 69 69    676
AUG  68 68 69 69 69 69 69 69 69 69 69 69 69 69 69 69 69 69 69 69 69 68 68 68 68 68 68 68 68 68 68    686
SEP  68 68 68 68 68 68 68 68 68 68 68 68 68 68 68 67 67 67 67 67 67 67 67 67 67 67 66 66 66 66       674
OCT  66 66 66 66 65 65 65 65 65 65 65 65 64 64 64 64 64 64 63 63 63 63 63 63 62 62 62 62 62 61 61    638
NOV  61 61 61 60 60 60 60 60 59 59 59 59 59 59 58 58 58 58 58 58 57 57 57 57 57 57 57 56 56 56       584
DEC  56 56 56 56 56 56 55 55 55 55 55 55 55 55 55 55 55 55 55 55 55 55 54 54 54 54 54 54 54 54 54    549
                                                                                                        
-------------------------------------------------------------------------------------------------       
 Heating Degree Days                                                                                    
 DAY  1  2  3  4  5  6  7  8  9 10 11 12 13 14 15 16 17 18 19 20 21 22 23 24 25 26 27 28 29 30 31  MONTH
-------------------------------------------------------------------------------------------------       
JAN  11 11 11 11 11 11 11 11 11 10 10 10 10 10 10 10 10 10 10 10 10 10 10 10 10 10 10 10 10 10 10    319
FEB  10 10 10 10 10 10 10 10 10 10 10 10 10 10 10 10 10 10 10 10 10 10 10  9  9  9  9  9             275
MAR  10 10  9  9  9  9  9  9  9  9  9  9  9  9  9  9  9  9  9  9  9  9  9  9  9  8  8  8  8  8  8    275
APR   8  8  8  8  8  8  8  8  7  7  7  7  7  7  7  7  7  7  7  7  6  6  6  6  6  6  6  6  6  6       208
MAY   6  5  5  5  5  5  5  5  5  5  5  5  4  4  4  4  4  4  4  4  4  4  4  4  4  4  4  4  4  4  4    137
JUN   4  4  3  3  3  3  3  3  3  3  3  3  3  3  3  3  3  3  3  3  3  3  2  2  2  2  2  2  2  2        84
JUL   2  2  2  2  2  1  1  1  1  1  1  1  1  1  1  1  1  1  1  1  1  1  1  1  1  1  1  1  1  1  1     36
AUG   1  1  1  1  1  1  1  1  1  1  1  1  1  1  1  1  1  1  1  1  1  1  1  1  1  1  1  1  2  2  2     34
SEP   1  1  1  1  1  1  1  1  1  1  1  1  1  1  1  1  2  2  2  2  2  2  2  2  2  2  2  2  2  2        44
OCT   1  1  2  2  2  2  2  2  2  2  2  2  2  2  2  2  2  2  3  3  3  3  3  3  3  3  4  4  4  4  4     78
NOV   4  5  5  5  5  5  6  6  6  6  6  6  6  7  7  7  7  7  7  8  8  8  8  8  8  8  9  9  9  9       205
DEC   9  9  9  9  9 10 10 10 10 10 10 10 10 10 10 10 10 10 10 10 10 10 11 11 11 11 11 11 11 11 11    314
                                                                                                        
-------------------------------------------------------------------------------------------------       
 Cooling Degree Days                                                                                    
 DAY  1  2  3  4  5  6  7  8  9 10 11 12 13 14 15 16 17 18 19 20 21 22 23 24 25 26 27 28 29 30 31  MONTH
-------------------------------------------------------------------------------------------------       
JAN   0  0  0  0  0  0  0  0  0  0  0  0  0  0  0  0  0  0  0  0  0  0  0  0  0  0  0  0  0  0  0      0
FEB   0  0  0  0  0  0  0  0  0  0  0  0  0  0  0  0  0  0  0  0  0  0  0  0-99  0  0  0               1
MAR -99  0  0  0  0  0  0  0  0  0  0  0  0  0  0  0  0  0  0  0  0  0  0  0  0  0  0  0  0  0  0      1
APR   0  0  0  0  0  0  0  0  0  0  0  0  0  0  0  0  0  0  0  0  0  0  0  0  0  0  0  0-99-99         2
MAY   0  0  0  0  0  0  0  0  0  0  0  0  0  1  1  1  1  1  1  1  1  1  1  1  1  1  1  1  1  1  1     18
JUN   1  1  1  1  1  1  2  2  2  2  2  2  2  2  2  2  2  2  2  2  2  2  2  2  3  3  3  3  3  3        60
JUL   3  3  3  3  3  3  3  3  3  4  4  4  4  4  4  4  4  4  4  4  4  4  4  4  4  4  4  4  4  4  4    115
AUG   4  4  4  4  4  4  4  4  4  4  5  5  5  5  5  5  5  5  5  5  5  5  5  5  5  5  5  5  5  5  5    145
SEP   5  5  5  5  5  5  4  4  4  4  4  4  4  4  4  4  4  4  4  4  4  3  3  3  3  3  3  3  3  3       117
OCT   3  2  2  2  2  2  2  2  2  2  2  1  1  1  1  1  1  1  1  1  1  1  1  1  1  1  1  1  0  0  0     40
NOV -99-99-99-99-99-99  0  0  0  0  0  0  0  0  0  0  0  0  0  0  0  0  0  0  0  0  0  0  0  0         6
DEC   0  0  0  0  0  0  0  0  0  0  0  0  0  0  0  0  0  0  0  0  0  0  0  0  0  0  0  0  0  0  0      0
                                                                                                        
-------------------------------------------------------------------------------------------------       
 Total  Precipitation (Hundreths of an Inch)                                                            
 DAY  1  2  3  4  5  6  7  8  9 10 11 12 13 14 15 16 17 18 19 20 21 22 23 24 25 26 27 28 29 30 31  MONTH
-------------------------------------------------------------------------------------------------       
JAN   6  6  7  7  7  7  7  7  7  8  8  8  8  8  8  8  8  8  8  8  8  8  8  9  9  9  9  9  8  8  8    242
FEB   8  8  8  8  8  8  8  8  8  8  8  8  8  8  8  8  8  8  8  8  8  8  8  8  8  8  8  7             223
MAR   8  8  8  8  8  8  8  8  7  7  7  7  7  7  7  7  7  7  7  7  6  6  6  6  6  6  6  6  5  5  5    211
APR   5  5  5  4  4  4  4  4  4  4  3  3  3  3  3  3  3  3  3  2  2  2  2  2  2  2  2  2  2  2        92
MAY   2  1  1  1  1  1  1  1  1  1  1  1  1  1  1  1  1  1  1  1  1  1  0  0  0  0  0  0  0  0  0     23
JUN   1  1  1  1  1  1  1  1  1  0  0  0  0  0  0  0  0  0  0  0  0  0  0  0  0  0  0  0  0  0         9
JUL   1  0  0  0  0  0  0  0  0  0  0  0  0  0  0  0  0  0  0  0  0  0  0  0  0  0  0  0  0  0  1      2
AUG   0  0  0  0  0  0  0  0  0  0  0  0  0  0  0  0  0  0  1  1  1  1  1  1  1  1  1  1  1  1  1     13
SEP   0  1  1  1  1  1  1  1  1  1  1  1  1  1  1  1  1  1  1  1  1  1  1  1  1  1  1  1  1  1        29
OCT   1  1  1  1  1  1  1  1  1  1  1  1  1  1  1  1  1  1  1  2  2  2  2  2  2  2  2  2  2  2  2     43
NOV   2  2  3  3  3  3  3  3  3  3  3  3  3  3  3  3  3  3  3  3  3  3  3  3  3  3  4  4  4  4        92
DEC   3  3  3  3  3  4  4  4  4  4  4  4  4  4  4  4  4  4  4  4  5  5  5  5  5  5  5  6  6  6  6    134
                                                                                                        
