-------------------------------------------------------------------------------------------------       
 1971-2000 Daily/Monthly Station Normals                                                                
 Provided by National Climatic Data Center/NESDIS/NOAA                                                  
-------------------------------------------------------------------------------------------------       
 Station COOP ID:                           041614                                                      
 Station Name, State, Division, Call:       CEDARVILLE                         CA 03                    
 Latitude, Longitude, Elevation, Elements:  41 32 01 -120 10 25  4670 XNP                               
-------------------------------------------------------------------------------------------------       
 Minimum Temperature (deg F [tenths deg F for monthly])                                                 
 DAY  1  2  3  4  5  6  7  8  9 10 11 12 13 14 15 16 17 18 19 20 21 22 23 24 25 26 27 28 29 30 31  MONTH
-------------------------------------------------------------------------------------------------       
JAN  19 19 19 19 19 19 19 19 19 19 20 20 20 20 20 20 20 20 20 20 20 20 21 21 21 21 21 21 21 21 22    200
FEB  22 22 22 22 22 22 22 23 23 23 23 23 23 24 24 24 24 24 24 24 25 25 25 25 25 25 25 26             236
MAR  26 26 26 26 26 27 27 27 27 27 27 27 28 28 28 28 28 28 28 29 29 29 29 29 29 29 30 30 30 30 30    280
APR  30 30 30 31 31 31 31 31 31 31 32 32 32 32 32 32 33 33 33 33 33 34 34 34 34 35 35 35 35 35       325
MAY  36 36 36 36 37 37 37 37 38 38 38 38 38 39 39 39 39 40 40 40 40 41 41 41 41 42 42 42 42 42 43    392
JUN  43 43 43 44 44 44 44 45 45 45 45 46 46 46 46 47 47 47 47 48 48 48 49 49 49 49 50 50 50 51       466
JUL  51 51 52 52 52 52 52 53 53 53 53 53 53 54 54 54 54 54 54 54 54 54 54 54 55 55 54 54 54 54 54    534
AUG  54 54 54 54 54 54 54 53 53 53 53 53 53 52 52 52 52 52 52 51 51 51 51 50 50 50 49 49 49 49 48    518
SEP  48 48 47 47 47 46 46 46 45 45 45 44 44 44 44 43 43 43 42 42 42 41 41 41 40 40 40 40 39 39       434
OCT  39 38 38 38 37 37 37 37 36 36 36 35 35 35 35 34 34 34 33 33 33 33 32 32 32 32 31 31 31 30 30    343
NOV  30 30 29 29 29 29 28 28 28 28 27 27 27 27 26 26 26 25 25 25 25 25 24 24 24 24 23 23 23 23       262
DEC  22 22 22 22 22 21 21 21 21 21 20 20 20 20 20 20 20 20 20 19 19 19 19 19 19 19 19 19 19 19 19    201
                                                                                                        
-------------------------------------------------------------------------------------------------       
 Maximum Temperature (deg F [tenths deg F for monthly])                                                 
 DAY  1  2  3  4  5  6  7  8  9 10 11 12 13 14 15 16 17 18 19 20 21 22 23 24 25 26 27 28 29 30 31  MONTH
-------------------------------------------------------------------------------------------------       
JAN  39 39 39 39 39 39 39 39 39 39 39 39 40 40 40 40 40 40 40 40 40 40 41 41 41 41 41 41 42 42 42    400
FEB  42 42 43 43 43 43 43 43 44 44 44 44 44 45 45 45 45 45 46 46 46 46 46 47 47 47 47 47             447
MAR  48 48 48 48 48 49 49 49 49 49 50 50 50 50 50 51 51 51 51 51 51 52 52 52 52 52 53 53 53 53 53    505
APR  54 54 54 54 54 55 55 55 55 55 56 56 56 56 57 57 57 57 58 58 58 58 59 59 59 60 60 60 60 61       569
MAY  61 61 62 62 62 62 63 63 63 64 64 64 65 65 65 65 66 66 66 67 67 67 68 68 68 69 69 69 70 70 70    655
JUN  71 71 71 72 72 72 73 73 73 74 74 74 75 75 75 76 76 76 77 77 78 78 78 79 79 80 80 80 81 81       757
JUL  82 82 82 83 83 84 84 84 84 85 85 85 86 86 86 86 86 86 87 87 87 87 87 87 87 87 87 87 87 87 87    855
AUG  87 87 87 87 87 87 87 86 86 86 86 86 86 86 85 85 85 85 85 84 84 84 84 83 83 83 83 82 82 82 82    849
SEP  81 81 81 80 80 80 79 79 79 78 78 78 77 77 77 77 76 76 76 75 75 75 74 74 73 73 73 72 72 72       766
OCT  71 71 71 70 70 70 69 69 68 68 67 67 67 66 66 65 65 64 63 63 62 62 61 61 60 59 59 58 58 57 56    646
NOV  56 55 54 54 53 53 52 51 51 50 50 49 49 48 48 48 47 47 46 46 46 45 45 45 44 44 44 43 43 43       483
DEC  43 43 42 42 42 42 42 41 41 41 41 41 41 40 40 40 40 40 40 40 40 40 40 40 39 39 39 39 39 39 39    405
                                                                                                        
-------------------------------------------------------------------------------------------------       
 Average Temperature (deg F [tenths deg F for monthly])                                                 
 DAY  1  2  3  4  5  6  7  8  9 10 11 12 13 14 15 16 17 18 19 20 21 22 23 24 25 26 27 28 29 30 31  MONTH
-------------------------------------------------------------------------------------------------       
JAN  29 29 29 29 29 29 29 29 29 29 29 30 30 30 30 30 30 30 30 30 30 30 31 31 31 31 31 31 31 32 32    300
FEB  32 32 32 32 33 33 33 33 33 33 34 34 34 34 34 34 35 35 35 35 35 36 36 36 36 36 36 37             342
MAR  37 37 37 37 37 38 38 38 38 38 38 39 39 39 39 39 40 40 40 40 40 40 40 41 41 41 41 41 41 42 42    393
APR  42 42 42 42 43 43 43 43 43 43 44 44 44 44 44 45 45 45 45 46 46 46 46 46 47 47 47 48 48 48       447
MAY  48 49 49 49 49 50 50 50 50 51 51 51 52 52 52 52 53 53 53 53 54 54 54 55 55 55 55 56 56 56 57    524
JUN  57 57 57 58 58 58 58 59 59 59 60 60 60 61 61 61 62 62 62 63 63 63 63 64 64 65 65 65 66 66       612
JUL  66 67 67 67 68 68 68 68 69 69 69 69 69 70 70 70 70 70 70 70 71 71 71 71 71 71 71 71 71 71 71    695
AUG  71 71 70 70 70 70 70 70 70 70 70 69 69 69 69 69 69 68 68 68 68 67 67 67 67 66 66 66 66 65 65    684
SEP  65 64 64 64 63 63 63 62 62 62 61 61 61 60 60 60 60 59 59 59 58 58 58 57 57 57 56 56 56 55       600
OCT  55 55 54 54 54 53 53 53 52 52 52 51 51 50 50 50 49 49 48 48 48 47 47 46 46 46 45 45 44 44 43    495
NOV  43 42 42 41 41 41 40 40 39 39 39 38 38 38 37 37 36 36 36 36 35 35 35 34 34 34 34 33 33 33       373
DEC  33 32 32 32 32 32 31 31 31 31 31 31 30 30 30 30 30 30 30 30 30 29 29 29 29 29 29 29 29 29 29    303
                                                                                                        
-------------------------------------------------------------------------------------------------       
 Heating Degree Days                                                                                    
 DAY  1  2  3  4  5  6  7  8  9 10 11 12 13 14 15 16 17 18 19 20 21 22 23 24 25 26 27 28 29 30 31  MONTH
-------------------------------------------------------------------------------------------------       
JAN  36 36 36 36 36 36 36 36 36 36 36 36 35 35 35 35 35 35 35 35 35 35 34 34 34 34 34 34 34 33 33   1086
FEB  33 33 33 33 33 32 32 32 32 32 31 31 31 31 31 31 30 30 30 30 30 30 29 29 29 29 29 28             864
MAR  28 28 28 28 28 27 27 27 27 27 27 26 26 26 26 26 26 25 25 25 25 25 25 24 24 24 24 24 24 23 23    798
APR  23 23 23 23 22 22 22 22 22 22 21 21 21 21 21 20 20 20 20 19 19 19 19 19 18 18 18 18 17 17       610
MAY  17 17 16 16 16 15 15 15 15 14 14 14 14 13 13 13 13 12 12 12 12 11 11 11 11 10 10 10 10  9  9    400
JUN   9  8  8  8  8  8  7  7  7  7  6  6  6  6  6  5  5  5  5  5  4  4  4  4  4  3  3  3  3  3       167
JUL   3  3  2  2  2  2  2  2  2  2  1  1  1  1  1  1  1  1  1  1  1  1  1  1  0  0  0  0  0  0  0     36
AUG   0  0  0  0  0  0  0  1  1  1  1  1  1  1  1  1  1  1  1  1  2  2  2  2  2  2  2  3  3  3  3     39
SEP   3  3  4  4  4  4  4  5  5  5  5  5  6  6  6  6  7  7  7  7  8  8  8  8  9  9  9 10 10 10       192
OCT  10 11 11 11 12 12 12 13 13 13 14 14 14 15 15 16 16 16 17 17 17 18 18 19 19 20 20 20 21 21 22    487
NOV  22 23 23 24 24 24 25 25 26 26 26 27 27 28 28 28 29 29 29 30 30 30 30 31 31 31 32 32 32 32       834
DEC  32 33 33 33 33 33 34 34 34 34 34 34 35 35 35 35 35 35 35 35 35 36 36 36 36 36 36 36 36 36 36   1076
                                                                                                        
-------------------------------------------------------------------------------------------------       
 Cooling Degree Days                                                                                    
 DAY  1  2  3  4  5  6  7  8  9 10 11 12 13 14 15 16 17 18 19 20 21 22 23 24 25 26 27 28 29 30 31  MONTH
-------------------------------------------------------------------------------------------------       
JAN   0  0  0  0  0  0  0  0  0  0  0  0  0  0  0  0  0  0  0  0  0  0  0  0  0  0  0  0  0  0  0      0
FEB   0  0  0  0  0  0  0  0  0  0  0  0  0  0  0  0  0  0  0  0  0  0  0  0  0  0  0  0               0
MAR   0  0  0  0  0  0  0  0  0  0  0  0  0  0  0  0  0  0  0  0  0  0  0  0  0  0  0  0  0  0  0      0
APR   0  0  0  0  0  0  0  0  0  0  0  0  0  0  0  0  0  0  0  0  0  0  0  0  0  0  0  0  0  0         0
MAY   0  0  0  0  0  0  0  0  0  0  0  0  0  0  0  0  0  0  0  0  0  0  0  0-99-99-99-99-99-99-99      7
JUN   0  0  1  1  1  1  1  1  1  1  1  1  1  1  1  2  2  2  2  2  2  2  2  3  3  3  3  3  4  4        52
JUL   4  4  4  5  5  5  5  5  5  5  6  6  6  6  6  6  6  6  6  6  6  6  6  6  6  6  6  6  6  6  6    173
AUG   6  6  6  6  6  6  6  5  5  5  5  5  5  5  5  5  5  4  4  4  4  4  4  4  4  4  3  3  3  3  3    143
SEP   3  3  3  2  2  2  2  2  2  2  2  2  1  1  1  1  1  1  1  1  1  1  1  1  1  1  0  0  0  0        41
OCT -99-99-99-99  0  0  0  0  0  0  0  0  0  0  0  0  0  0  0  0  0  0  0  0  0  0  0  0  0  0  0      4
NOV   0  0  0  0  0  0  0  0  0  0  0  0  0  0  0  0  0  0  0  0  0  0  0  0  0  0  0  0  0  0         0
DEC   0  0  0  0  0  0  0  0  0  0  0  0  0  0  0  0  0  0  0  0  0  0  0  0  0  0  0  0  0  0  0      0
                                                                                                        
-------------------------------------------------------------------------------------------------       
 Total  Precipitation (Hundreths of an Inch)                                                            
 DAY  1  2  3  4  5  6  7  8  9 10 11 12 13 14 15 16 17 18 19 20 21 22 23 24 25 26 27 28 29 30 31  MONTH
-------------------------------------------------------------------------------------------------       
JAN   5  5  6  6  6  6  6  6  6  6  6  6  6  6  6  6  6  6  6  6  6  6  6  6  6  6  6  6  6  6  6    184
FEB   6  6  5  5  5  5  5  5  5  5  5  5  5  5  5  5  5  5  5  5  5  5  5  5  5  5  5  5             142
MAR   5  5  5  5  5  5  5  5  5  6  6  6  5  5  5  5  5  5  5  5  5  5  5  5  5  5  5  5  5  5  5    158
APR   4  4  4  4  4  4  4  4  4  4  4  4  4  4  4  4  4  4  4  4  3  3  3  3  4  4  4  4  4  4       116
MAY   4  4  4  4  4  4  4  4  4  4  4  4  4  4  4  4  4  4  4  4  4  4  4  3  3  3  3  3  3  3  3    116
JUN   3  3  3  3  3  3  3  3  3  3  2  2  2  2  2  2  2  2  2  2  2  2  2  2  2  2  2  1  1  1        67
JUL   1  1  1  1  1  1  1  1  1  1  1  1  1  1  1  1  1  1  1  1  1  1  0  0  1  1  1  1  1  1  1     29
AUG   1  1  1  1  1  1  1  1  1  1  1  1  1  1  1  1  1  1  1  1  1  1  1  1  2  2  2  2  2  2  2     38
SEP   2  2  2  2  2  2  2  2  2  2  2  2  2  2  2  2  2  2  2  2  2  2  3  2  2  2  2  2  2  2        61
OCT   2  2  2  2  2  2  2  2  2  2  2  2  2  2  3  3  3  3  3  3  3  3  3  3  4  4  4  4  4  4  4     86
NOV   4  4  5  5  5  5  5  5  5  5  5  6  6  6  6  6  6  6  6  6  6  6  6  6  6  6  6  6  5  5       165
DEC   5  5  5  5  5  5  5  5  5  5  5  5  5  5  5  4  5  5  5  5  5  5  5  5  5  5  5  5  5  5  5    154
                                                                                                        
