-------------------------------------------------------------------------------------------------       
 1971-2000 Daily/Monthly Station Normals                                                                
 Provided by National Climatic Data Center/NESDIS/NOAA                                                  
-------------------------------------------------------------------------------------------------       
 Station COOP ID:                           049694                                                      
 Station Name, State, Division, Call:       WILLOW CREEK 1 NW                  CA 01                    
 Latitude, Longitude, Elevation, Elements:  40 56 47 -123 38 12   461 XNP                               
-------------------------------------------------------------------------------------------------       
 Minimum Temperature (deg F [tenths deg F for monthly])                                                 
 DAY  1  2  3  4  5  6  7  8  9 10 11 12 13 14 15 16 17 18 19 20 21 22 23 24 25 26 27 28 29 30 31  MONTH
-------------------------------------------------------------------------------------------------       
JAN  34 34 34 34 34 34 34 34 34 34 34 34 34 34 34 34 34 35 35 35 35 35 35 35 35 35 35 35 35 35 36    345
FEB  36 36 36 36 36 36 36 36 36 36 37 37 37 37 37 37 37 37 37 37 37 37 37 37 38 38 38 38             368
MAR  38 38 38 38 38 38 38 38 38 38 38 38 38 38 38 38 38 38 38 39 39 39 39 39 39 39 39 39 39 39 39    384
APR  39 39 39 39 39 40 40 40 40 40 40 40 40 40 40 40 40 41 41 41 41 41 41 41 41 42 42 42 42 42       404
MAY  42 42 43 43 43 43 43 43 43 44 44 44 44 44 44 44 45 45 45 45 45 45 46 46 46 46 46 46 46 47 47    445
JUN  47 47 47 47 48 48 48 48 48 48 48 49 49 49 49 49 50 50 50 50 50 50 51 51 51 51 51 51 52 52       493
JUL  52 52 52 52 53 53 53 53 53 53 53 54 54 54 54 54 54 54 54 54 54 54 54 54 54 54 54 54 54 54 54    535
AUG  54 54 54 54 54 53 53 53 53 53 53 53 53 53 53 52 52 52 52 52 52 52 52 52 51 51 51 51 51 51 50    524
SEP  50 50 50 50 50 50 49 49 49 49 49 49 48 48 48 48 48 47 47 47 47 47 47 46 46 46 46 46 46 45       479
OCT  45 45 45 45 44 44 44 44 44 44 44 43 43 43 43 43 43 43 42 42 42 42 42 42 42 42 42 42 42 41 41    430
NOV  41 41 41 41 41 41 41 41 41 41 40 40 40 40 40 40 40 40 39 39 39 39 39 39 38 38 38 38 38 38       397
DEC  37 37 37 37 37 37 36 36 36 36 36 36 36 35 35 35 35 35 35 35 35 35 35 35 34 34 34 34 34 34 34    354
                                                                                                        
-------------------------------------------------------------------------------------------------       
 Maximum Temperature (deg F [tenths deg F for monthly])                                                 
 DAY  1  2  3  4  5  6  7  8  9 10 11 12 13 14 15 16 17 18 19 20 21 22 23 24 25 26 27 28 29 30 31  MONTH
-------------------------------------------------------------------------------------------------       
JAN  50 50 51 51 51 51 51 51 51 51 51 52 52 52 52 52 52 52 53 53 53 53 53 53 53 54 54 54 54 54 54    522
FEB  55 55 55 55 55 56 56 56 56 56 56 57 57 57 57 57 58 58 58 58 58 58 59 59 59 59 59 60             571
MAR  60 60 60 60 60 61 61 61 61 61 62 62 62 62 62 63 63 63 63 63 64 64 64 64 65 65 65 65 66 66 66    627
APR  66 67 67 67 67 67 68 68 68 68 69 69 69 69 70 70 70 71 71 71 71 72 72 72 72 73 73 73 73 74       699
MAY  74 74 74 75 75 75 76 76 76 76 77 77 77 77 78 78 78 79 79 79 79 80 80 80 80 81 81 81 82 82 82    780
JUN  83 83 83 83 84 84 84 85 85 85 85 86 86 86 87 87 87 88 88 88 89 89 89 90 90 90 90 91 91 91       869
JUL  92 92 92 93 93 93 93 94 94 94 94 94 95 95 95 95 95 95 96 96 96 96 96 96 96 96 96 96 96 96 96    947
AUG  96 96 96 96 96 96 96 95 95 95 95 95 95 95 95 95 94 94 94 94 94 94 94 93 93 93 93 93 92 92 92    944
SEP  92 92 91 91 91 91 90 90 90 90 89 89 89 88 88 88 87 87 87 86 86 86 85 85 84 84 84 83 83 82       876
OCT  82 81 81 80 80 80 79 79 78 78 77 77 76 76 75 75 74 74 73 72 72 71 71 70 70 69 68 68 67 67 66    744
NOV  65 65 64 64 63 63 62 61 61 60 60 59 59 59 58 58 57 57 56 56 56 55 55 55 54 54 54 53 53 53       583
DEC  53 52 52 52 52 52 51 51 51 51 51 51 50 50 50 50 50 50 50 50 50 50 50 50 50 50 50 50 50 50 50    506
                                                                                                        
-------------------------------------------------------------------------------------------------       
 Average Temperature (deg F [tenths deg F for monthly])                                                 
 DAY  1  2  3  4  5  6  7  8  9 10 11 12 13 14 15 16 17 18 19 20 21 22 23 24 25 26 27 28 29 30 31  MONTH
-------------------------------------------------------------------------------------------------       
JAN  42 42 42 42 42 43 43 43 43 43 43 43 43 43 43 43 43 43 44 44 44 44 44 44 44 44 44 45 45 45 45    434
FEB  45 45 45 46 46 46 46 46 46 46 47 47 47 47 47 47 47 48 48 48 48 48 48 48 48 48 49 49             470
MAR  49 49 49 49 49 49 49 50 50 50 50 50 50 50 50 51 51 51 51 51 51 51 52 52 52 52 52 52 52 52 53    506
APR  53 53 53 53 53 54 54 54 54 54 54 55 55 55 55 55 55 56 56 56 56 56 56 57 57 57 57 57 58 58       552
MAY  58 58 59 59 59 59 59 60 60 60 60 60 61 61 61 61 61 62 62 62 62 63 63 63 63 63 64 64 64 64 65    613
JUN  65 65 65 65 66 66 66 66 67 67 67 67 67 68 68 68 68 69 69 69 69 70 70 70 70 71 71 71 71 72       681
JUL  72 72 72 73 73 73 73 73 73 74 74 74 74 74 74 74 75 75 75 75 75 75 75 75 75 75 75 75 75 75 75    741
AUG  75 75 75 75 75 75 74 74 74 74 74 74 74 74 74 74 73 73 73 73 73 73 73 72 72 72 72 72 72 71 71    734
SEP  71 71 71 71 70 70 70 70 69 69 69 69 69 68 68 68 68 67 67 67 67 66 66 66 65 65 65 64 64 64       678
OCT  64 63 63 63 62 62 62 61 61 61 60 60 60 59 59 59 58 58 58 57 57 57 56 56 56 55 55 55 54 54 54    587
NOV  53 53 53 52 52 52 51 51 51 51 50 50 50 49 49 49 48 48 48 48 47 47 47 47 46 46 46 46 45 45       490
DEC  45 45 45 44 44 44 44 44 44 43 43 43 43 43 43 43 43 43 43 42 42 42 42 42 42 42 42 42 42 42 42    430
                                                                                                        
-------------------------------------------------------------------------------------------------       
 Heating Degree Days                                                                                    
 DAY  1  2  3  4  5  6  7  8  9 10 11 12 13 14 15 16 17 18 19 20 21 22 23 24 25 26 27 28 29 30 31  MONTH
-------------------------------------------------------------------------------------------------       
JAN  23 23 23 23 23 23 22 22 22 22 22 22 22 22 22 22 22 22 21 21 21 21 21 21 21 21 21 20 20 20 20    671
FEB  20 20 20 19 19 19 19 19 19 19 18 18 18 18 18 18 18 18 17 17 17 17 17 17 17 17 17 16             506
MAR  16 16 16 16 16 16 16 15 15 15 15 15 15 15 15 15 14 14 14 14 14 14 14 14 13 13 13 13 13 13 13    450
APR  12 12 12 12 12 12 12 11 11 11 11 11 11 10 10 10 10 10 10  9  9  9  9  9  9  8  8  8  8  8       304
MAY   7  7  7  7  7  7  6  6  6  6  6  5  5  5  5  5  5  5  4  4  4  4  4  4  4  4  3  3  3  3  3    154
JUN   3  3  3  3  2  2  2  2  2  2  2  2  2  2  2  1  1  1  1  1  1  1  1  1  1  1  1  1  1  1        49
JUL   1  1  1  1  1  1  1  1  1  0  0  0  0  0  0  0  0  0  0  0  0  0  0  0  0  0  0  0  0  0  0      9
AUG   0  0  0  0  0  0  0  0  0  0  0  0  0  0  0  0  0  0  0  0  0  0  0  0  0  0  0  0  0-99-99      2
SEP   0  0  0  0  0  0  0  0  0  1  1  1  1  1  1  1  1  1  1  2  2  2  2  2  2  2  3  3  3  3        36
OCT   3  4  4  4  4  5  5  5  5  5  6  6  6  6  7  7  7  8  8  8  8  9  9  9 10 10 10 11 11 11 11    222
NOV  12 12 12 13 13 13 14 14 14 15 15 15 15 16 16 16 16 17 17 17 18 18 18 18 19 19 19 19 20 20       480
DEC  20 20 20 21 21 21 21 21 21 22 22 22 22 22 22 22 22 22 23 23 23 23 23 23 23 23 23 23 23 23 23    683
                                                                                                        
-------------------------------------------------------------------------------------------------       
 Cooling Degree Days                                                                                    
 DAY  1  2  3  4  5  6  7  8  9 10 11 12 13 14 15 16 17 18 19 20 21 22 23 24 25 26 27 28 29 30 31  MONTH
-------------------------------------------------------------------------------------------------       
JAN   0  0  0  0  0  0  0  0  0  0  0  0  0  0  0  0  0  0  0  0  0  0  0  0  0  0  0  0  0  0  0      0
FEB   0  0  0  0  0  0  0  0  0  0  0  0  0  0  0  0  0  0  0  0  0  0  0  0  0  0  0  0               0
MAR   0  0  0  0  0  0  0  0  0  0  0  0  0  0  0  0  0  0  0  0  0  0  0  0  0  0  0  0  0-99-99      2
APR   0  0  0  0  0  0  0  0  0  0  0  0  0  0  0  0  0  0  0  0  0-99-99-99-99-99-99-99-99-99         9
MAY   0  0  0  1  1  1  1  1  1  1  1  1  1  1  1  1  1  1  1  1  1  1  2  2  2  2  2  2  2  2  2     37
JUN   3  3  3  3  3  3  3  3  4  4  4  4  4  4  5  5  5  5  5  5  6  6  6  6  6  6  7  7  7  7       142
JUL   8  8  8  8  8  8  9  9  9  9  9  9  9 10 10 10 10 10 10 10 10 10 10 10 10 10 10 10 10 10 10    291
AUG  10 10 10 10 10 10  9  9  9  9  9  9  9  9  9  9  8  8  8  8  8  8  8  8  7  7  7  7  7  7  6    262
SEP   6  6  6  6  6  5  5  5  5  5  5  4  4  4  4  4  4  3  3  3  3  3  3  3  3  2  2  2  2  2       118
OCT   2  2  2  2  2  1  1  1  1  1  1  1  1  1  1  1  1  1  1  1  1  0  0  0  0  0  0  0  0  0  0     26
NOV   0  0  0  0  0  0  0  0  0  0  0  0  0  0  0  0  0  0  0  0  0  0  0  0  0  0  0  0  0  0         0
DEC   0  0  0  0  0  0  0  0  0  0  0  0  0  0  0  0  0  0  0  0  0  0  0  0  0  0  0  0  0  0  0      0
                                                                                                        
-------------------------------------------------------------------------------------------------       
 Total  Precipitation (Hundreths of an Inch)                                                            
 DAY  1  2  3  4  5  6  7  8  9 10 11 12 13 14 15 16 17 18 19 20 21 22 23 24 25 26 27 28 29 30 31  MONTH
-------------------------------------------------------------------------------------------------       
JAN  30 30 30 30 30 29 29 30 30 30 30 30 30 30 30 30 30 30 30 30 30 30 30 30 30 30 31 31 31 31 31    933
FEB  31 31 31 32 32 32 32 32 32 32 32 32 32 32 32 32 32 32 32 31 31 31 31 31 31 31 31 30             883
MAR  30 30 30 30 29 29 29 29 28 28 28 27 27 27 26 26 25 25 25 24 24 23 23 22 22 21 21 20 19 19 18    784
APR  18 17 16 16 15 15 14 14 13 13 12 12 12 11 11 11 10 10 10  9  9  9  9  9  8  8  8  8  8  8       343
MAY   8  8  8  8  8  8  8  8  7  7  7  7  7  7  7  7  7  7  6  6  6  6  6  6  5  5  5  5  5  5  4    204
JUN   4  4  4  4  3  3  3  3  3  3  3  2  2  2  2  2  2  2  2  1  1  1  1  1  1  1  1  1  1  1        64
JUL   1  1  1  1  1  1  1  1  1  1  0  0  0  0  0  0  0  0  0  0  0  0  0  0  0  0  1  1  1  1  1     15
AUG   1  1  1  1  1  1  1  1  1  1  1  1  1  1  1  1  1  1  1  1  2  2  2  2  2  2  2  2  2  2  2     42
SEP   2  3  3  3  3  3  3  3  3  3  3  3  4  4  4  4  4  4  4  4  4  4  4  5  5  5  5  5  5  5       114
OCT   5  5  5  6  6  6  6  7  7  7  7  8  8  9  9  9 10 10 11 11 12 13 13 14 14 15 16 16 17 18 19    319
NOV  19 20 21 22 22 23 24 24 25 25 26 27 27 27 28 28 29 29 29 30 30 30 30 30 30 31 31 31 31 31       810
DEC  31 31 31 31 31 31 31 31 30 30 30 30 30 30 30 30 30 30 30 30 30 30 30 30 30 30 30 30 30 30 30    938
                                                                                                        
