-------------------------------------------------------------------------------------------------       
 1971-2000 Daily/Monthly Station Normals                                                                
 Provided by National Climatic Data Center/NESDIS/NOAA                                                  
-------------------------------------------------------------------------------------------------       
 Station COOP ID:                           047965                                                      
 Station Name, State, Division, Call:       SANTA ROSA                         CA 01                    
 Latitude, Longitude, Elevation, Elements:  38 26 32 -122 42 57   167 XNP                               
-------------------------------------------------------------------------------------------------       
 Minimum Temperature (deg F [tenths deg F for monthly])                                                 
 DAY  1  2  3  4  5  6  7  8  9 10 11 12 13 14 15 16 17 18 19 20 21 22 23 24 25 26 27 28 29 30 31  MONTH
-------------------------------------------------------------------------------------------------       
JAN  38 38 38 39 39 39 39 39 39 39 39 39 39 39 39 39 39 40 40 40 40 40 40 40 40 40 41 41 41 41 41    395
FEB  41 41 41 42 42 42 42 42 42 42 42 42 42 43 43 43 43 43 43 43 43 43 43 43 43 43 44 44             425
MAR  44 44 44 44 44 44 44 44 44 44 44 44 44 44 44 44 44 44 44 44 44 44 44 44 44 45 45 45 45 45 45    442
APR  45 45 45 45 45 45 45 45 45 45 45 45 45 45 45 46 46 46 46 46 46 46 46 46 46 46 46 47 47 47       456
MAY  47 47 47 47 47 47 48 48 48 48 48 48 48 48 49 49 49 49 49 49 49 49 50 50 50 50 50 50 50 51 51    487
JUN  51 51 51 51 51 51 51 52 52 52 52 52 52 52 52 52 52 52 52 52 53 53 53 53 53 53 53 53 53 53       521
JUL  53 53 53 53 53 53 53 53 53 53 53 53 53 53 53 53 53 53 53 53 53 53 53 53 53 53 53 53 53 53 53    530
AUG  53 53 53 53 53 53 53 53 53 53 53 53 53 53 53 53 53 53 53 54 54 54 54 54 54 53 53 53 53 53 53    532
SEP  53 53 53 53 53 53 53 53 53 53 53 53 53 53 53 53 53 53 52 52 52 52 52 52 52 52 52 51 51 51       525
OCT  51 51 51 51 51 50 50 50 50 50 50 49 49 49 49 49 49 48 48 48 48 48 48 47 47 47 47 47 46 46 46    487
NOV  46 46 45 45 45 45 45 44 44 44 44 44 43 43 43 43 43 42 42 42 42 42 42 41 41 41 41 41 41 40       430
DEC  40 40 40 40 40 40 39 39 39 39 39 39 39 39 39 39 39 39 39 38 38 38 38 38 38 38 38 38 38 38 38    388
                                                                                                        
-------------------------------------------------------------------------------------------------       
 Maximum Temperature (deg F [tenths deg F for monthly])                                                 
 DAY  1  2  3  4  5  6  7  8  9 10 11 12 13 14 15 16 17 18 19 20 21 22 23 24 25 26 27 28 29 30 31  MONTH
-------------------------------------------------------------------------------------------------       
JAN  57 57 57 57 57 57 57 57 57 57 57 57 57 57 57 57 58 58 58 58 58 58 58 59 59 59 59 59 59 60 60    578
FEB  60 60 60 61 61 61 61 61 61 62 62 62 62 62 62 62 63 63 63 63 63 63 63 63 63 63 63 63             620
MAR  63 63 63 64 64 64 64 64 64 64 64 64 64 64 64 65 65 65 65 65 65 65 66 66 66 66 66 66 67 67 67    648
APR  67 67 68 68 68 68 68 68 69 69 69 69 69 69 70 70 70 70 70 70 71 71 71 71 71 71 71 71 72 72       696
MAY  72 72 72 72 72 72 73 73 73 73 73 73 74 74 74 74 74 74 75 75 75 75 75 76 76 76 76 76 77 77 77    742
JUN  77 78 78 78 78 78 79 79 79 79 79 80 80 80 80 80 80 80 81 81 81 81 81 81 81 81 81 82 82 82       799
JUL  82 82 82 82 82 82 82 82 82 82 82 82 82 82 82 82 82 82 82 82 82 82 82 83 83 83 83 83 83 82 82    822
AUG  82 82 82 82 82 83 83 83 83 83 83 82 82 82 82 82 82 82 82 82 82 82 82 82 82 82 82 82 82 83 83    823
SEP  82 83 82 82 82 82 82 82 82 82 82 82 82 82 82 82 82 82 82 82 82 82 82 81 81 81 81 81 81 81       818
OCT  81 80 80 80 80 80 80 79 79 79 79 79 78 78 78 77 77 77 76 76 76 75 75 75 74 74 73 73 72 72 72    769
NOV  71 71 70 70 69 69 68 68 67 67 67 66 66 66 65 65 64 64 64 63 63 63 63 62 62 62 61 61 61 61       653
DEC  60 60 60 60 60 59 59 59 59 59 59 58 58 58 58 58 58 58 57 57 57 57 57 57 57 57 57 57 57 57 57    581
                                                                                                        
-------------------------------------------------------------------------------------------------       
 Average Temperature (deg F [tenths deg F for monthly])                                                 
 DAY  1  2  3  4  5  6  7  8  9 10 11 12 13 14 15 16 17 18 19 20 21 22 23 24 25 26 27 28 29 30 31  MONTH
-------------------------------------------------------------------------------------------------       
JAN  48 48 48 48 48 48 48 48 48 48 48 48 48 48 48 48 49 49 49 49 49 49 49 49 50 50 50 50 50 50 50    487
FEB  51 51 51 51 51 51 52 52 52 52 52 52 52 52 53 53 53 53 53 53 53 53 53 53 53 53 53 53             523
MAR  53 54 54 54 54 54 54 54 54 54 54 54 54 54 54 54 54 55 55 55 55 55 55 55 55 55 55 55 56 56 56    545
APR  56 56 56 56 56 57 57 57 57 57 57 57 57 57 58 58 58 58 58 58 58 58 58 59 59 59 59 59 59 59       576
MAY  59 59 60 60 60 60 60 60 60 61 61 61 61 61 61 61 62 62 62 62 62 62 63 63 63 63 63 63 64 64 64    615
JUN  64 64 64 65 65 65 65 65 65 66 66 66 66 66 66 66 66 66 67 67 67 67 67 67 67 67 67 67 67 67       660
JUL  67 67 67 67 67 67 67 67 67 67 67 67 68 68 68 68 68 68 68 68 68 68 68 68 68 68 68 68 68 68 68    676
AUG  67 67 67 67 67 68 68 68 68 68 68 68 68 68 68 68 68 68 68 68 68 68 68 68 68 68 68 68 68 68 68    678
SEP  68 68 68 68 68 68 68 68 68 68 68 68 67 67 67 67 67 67 67 67 67 67 67 67 66 66 66 66 66 66       672
OCT  66 66 66 65 65 65 65 65 65 64 64 64 64 63 63 63 63 63 62 62 62 62 61 61 61 60 60 60 59 59 59    628
NOV  58 58 58 57 57 57 57 56 56 56 55 55 55 54 54 54 54 53 53 53 53 52 52 52 52 51 51 51 51 51       542
DEC  50 50 50 50 50 49 49 49 49 49 49 49 48 48 48 48 48 48 48 48 48 48 48 48 48 48 48 48 47 48 48    485
                                                                                                        
-------------------------------------------------------------------------------------------------       
 Heating Degree Days                                                                                    
 DAY  1  2  3  4  5  6  7  8  9 10 11 12 13 14 15 16 17 18 19 20 21 22 23 24 25 26 27 28 29 30 31  MONTH
-------------------------------------------------------------------------------------------------       
JAN  17 17 17 17 17 17 17 17 17 17 17 17 17 17 17 17 17 16 16 16 16 16 16 16 16 15 15 15 15 15 15    507
FEB  14 14 14 14 14 14 13 13 13 13 13 13 13 13 12 12 12 12 12 12 12 12 12 12 12 12 12 12             356
MAR  12 12 11 11 11 11 11 11 11 11 11 11 11 11 11 11 11 11 10 10 10 10 10 10 10 10 10 10 10  9  9    328
APR   9  9  9  9  9  9  8  8  8  8  8  8  8  8  8  8  7  7  7  7  7  7  7  7  7  6  6  6  6  6       227
MAY   6  6  6  6  6  6  5  5  5  5  5  5  5  5  5  5  5  4  4  4  4  4  4  4  4  4  4  4  3  3  3    144
JUN   3  3  3  3  3  3  3  3  3  2  2  2  2  2  2  2  2  2  2  2  2  2  2  2  2  2  1  1  1  1        65
JUL   1  1  1  1  1  1  1  1  1  1  1  1  1  1  1  1  1  1  1  1  1  1  0  0  1  1  1  1  1  1  1     29
AUG   1  1  1  1  1  1  1  1  1  1  1  1  1  1  1  1  1  1  1  1  1  1  1  1  1  1  2  2  2  2  2     36
SEP   1  1  1  1  1  1  1  1  2  2  2  2  2  2  2  2  2  2  2  2  2  2  2  2  2  2  2  2  2  2        52
OCT   2  2  2  2  2  2  2  2  2  2  2  3  3  3  3  3  3  3  4  4  4  4  5  5  5  5  5  6  6  6  7    109
NOV   7  7  8  8  8  8  9  9  9 10 10 10 10 11 11 11 12 12 12 12 12 13 13 13 13 14 14 14 14 14       328
DEC  15 15 15 15 15 16 16 16 16 16 16 16 17 17 17 17 17 17 17 17 17 17 17 17 17 17 17 18 18 18 17    513
                                                                                                        
-------------------------------------------------------------------------------------------------       
 Cooling Degree Days                                                                                    
 DAY  1  2  3  4  5  6  7  8  9 10 11 12 13 14 15 16 17 18 19 20 21 22 23 24 25 26 27 28 29 30 31  MONTH
-------------------------------------------------------------------------------------------------       
JAN   0  0  0  0  0  0  0  0  0  0  0  0  0  0  0  0  0  0  0  0  0  0  0  0  0  0  0  0  0  0  0      0
FEB   0  0  0  0  0  0  0  0  0  0  0  0  0  0  0  0  0  0  0  0  0  0  0  0  0  0  0  0               0
MAR   0  0  0  0  0  0  0  0  0  0  0  0  0  0  0  0  0  0  0  0-99-99  0  0  0  0  0  0  0  0  0      2
APR   0  0  0  0  0  0  0  0  0  0  0  0  0  0  0  0  0  0  0  0  0  0  0  0  0-99-99-99-99-99         5
MAY   0  0  0  0  1  1  1  1  1  1  1  1  1  1  1  1  1  1  1  1  1  1  1  2  2  2  2  2  2  2  2     35
JUN   2  2  2  3  3  3  3  3  3  3  3  3  3  3  3  3  3  3  3  3  3  3  3  4  4  4  4  4  4  4        94
JUL   4  4  4  3  3  3  3  3  3  3  3  3  3  3  3  3  3  4  4  4  4  4  4  4  4  4  4  4  4  4  4    110
AUG   3  3  3  4  4  4  4  4  4  4  4  4  4  4  4  4  4  4  4  4  4  4  4  4  4  4  4  4  4  4  4    121
SEP   4  4  4  4  4  5  4  4  4  4  4  4  4  4  4  4  4  4  4  4  4  4  4  4  4  3  3  3  3  3       116
OCT   3  3  2  2  2  2  2  2  2  2  2  2  1  1  1  1  1  1  1  1  1  1  1  1  1  1  1  0  0  0  0     41
NOV -99-99  0  0  0  0  0  0  0  0  0  0  0  0  0  0  0  0  0  0  0  0  0  0  0  0  0  0  0  0         2
DEC   0  0  0  0  0  0  0  0  0  0  0  0  0  0  0  0  0  0  0  0  0  0  0  0  0  0  0  0  0  0  0      0
                                                                                                        
-------------------------------------------------------------------------------------------------       
 Total  Precipitation (Hundreths of an Inch)                                                            
 DAY  1  2  3  4  5  6  7  8  9 10 11 12 13 14 15 16 17 18 19 20 21 22 23 24 25 26 27 28 29 30 31  MONTH
-------------------------------------------------------------------------------------------------       
JAN  17 17 17 18 18 18 19 19 19 19 20 20 20 20 20 20 21 21 21 21 21 21 22 22 22 22 22 22 22 22 22    625
FEB  22 22 22 23 23 23 23 22 22 22 22 22 22 22 22 22 22 22 22 21 21 21 21 21 21 20 20 20             608
MAR  20 19 19 19 19 18 18 18 18 17 17 17 16 16 16 15 15 15 14 14 14 13 13 13 12 12 12 11 11 10 10    471
APR  10  9  9  8  8  8  7  7  7  6  6  6  6  5  5  5  5  5  4  4  4  4  4  4  4  4  4  3  3  3       167
MAY   3  3  3  3  3  3  3  3  3  3  3  3  3  3  3  3  3  3  3  3  3  2  2  2  2  2  2  2  2  2  2     83
JUN   2  2  1  1  1  1  1  1  1  1  1  1  1  1  1  1  1  0  0  0  0  0  0  0  0  0  0  0  0  0        19
JUL   0  0  0  0  0  0  0  0  0  0  0  1  1  1  1  1  1  0  0  0  0  0  0  0  0  0  0  0  0  0  0      6
AUG   0  0  0  0  0  0  0  0  0  0  0  0  0  0  0  0  0  0  0  0  1  1  1  1  1  1  1  1  1  1  1     11
SEP   1  1  1  1  1  1  1  1  1  1  1  1  1  2  2  2  2  2  2  2  2  2  2  2  2  2  2  2  3  3        49
OCT   3  3  3  3  3  3  3  4  4  4  4  4  5  5  5  5  6  6  6  7  7  7  7  8  8  9  9  9 10 10 11    181
NOV  11 11 12 12 13 13 13 14 14 14 14 15 15 15 15 15 15 15 15 16 16 16 16 16 15 15 15 15 15 15       431
DEC  15 14 14 14 14 14 14 14 14 14 14 14 14 14 14 14 14 14 14 14 14 15 15 15 15 15 15 16 16 16 17    450
                                                                                                        
