-------------------------------------------------------------------------------------------------       
 1971-2000 Daily/Monthly Station Normals                                                                
 Provided by National Climatic Data Center/NESDIS/NOAA                                                  
-------------------------------------------------------------------------------------------------       
 Station COOP ID:                           040383                                                      
 Station Name, State, Division, Call:       AUBURN                             CA 02                    
 Latitude, Longitude, Elevation, Elements:  38 54 26 -121 05 02  1292 XNP                               
-------------------------------------------------------------------------------------------------       
 Minimum Temperature (deg F [tenths deg F for monthly])                                                 
 DAY  1  2  3  4  5  6  7  8  9 10 11 12 13 14 15 16 17 18 19 20 21 22 23 24 25 26 27 28 29 30 31  MONTH
-------------------------------------------------------------------------------------------------       
JAN  37 37 37 37 37 37 37 37 37 37 37 37 37 37 37 37 38 38 38 38 38 38 38 38 38 38 38 39 39 39 39    376
FEB  39 39 39 40 40 40 40 40 40 40 40 40 41 41 41 41 41 41 41 41 41 41 41 41 41 41 41 42             405
MAR  41 42 42 42 42 42 42 42 42 42 42 42 42 42 42 42 42 42 43 43 43 43 43 43 43 43 43 43 43 43 43    424
APR  44 44 44 44 44 44 44 44 44 45 45 45 45 45 45 45 45 46 46 46 46 46 46 47 47 47 47 47 47 48       454
MAY  48 48 48 48 49 49 49 49 49 50 50 50 50 50 51 51 51 51 51 52 52 52 52 52 53 53 53 53 53 54 54    508
JUN  54 54 54 55 55 55 55 55 56 56 56 56 57 57 57 57 57 58 58 58 58 59 59 59 59 59 60 60 60 60       571
JUL  61 61 61 61 62 62 62 62 62 62 63 63 63 63 63 63 63 63 63 63 63 64 64 64 64 64 63 63 63 63 63    627
AUG  63 63 63 63 63 63 63 63 63 62 62 62 62 62 62 62 62 62 62 62 62 62 61 61 61 61 61 61 61 61 61    620
SEP  61 61 60 60 60 60 60 60 60 60 60 59 59 59 59 59 59 59 58 58 58 58 58 58 57 57 57 57 57 56       588
OCT  56 56 56 56 55 55 55 55 54 54 54 54 53 53 53 52 52 52 52 51 51 51 50 50 50 49 49 49 48 48 48    523
NOV  47 47 47 46 46 46 45 45 45 45 44 44 44 43 43 43 43 42 42 42 42 41 41 41 41 41 40 40 40 40       432
DEC  39 39 39 39 39 39 39 38 38 38 38 38 38 38 38 37 37 37 37 37 37 37 37 37 37 37 37 37 37 37 37    377
                                                                                                        
-------------------------------------------------------------------------------------------------       
 Maximum Temperature (deg F [tenths deg F for monthly])                                                 
 DAY  1  2  3  4  5  6  7  8  9 10 11 12 13 14 15 16 17 18 19 20 21 22 23 24 25 26 27 28 29 30 31  MONTH
-------------------------------------------------------------------------------------------------       
JAN  53 53 53 53 53 53 53 54 54 54 54 54 54 54 54 54 54 54 54 54 54 55 55 55 55 55 55 55 56 56 56    542
FEB  56 56 57 57 57 57 57 57 58 58 58 58 58 58 58 59 59 59 59 59 59 59 59 59 59 60 60 60             582
MAR  60 60 60 60 60 60 60 60 61 61 61 61 61 61 61 61 62 62 62 62 62 62 63 63 63 63 63 63 64 64 64    616
APR  64 65 65 65 65 65 66 66 66 66 67 67 67 67 67 68 68 68 68 69 69 69 70 70 70 70 71 71 71 71       677
MAY  72 72 72 73 73 73 73 74 74 74 74 75 75 75 76 76 76 76 77 77 77 78 78 78 78 79 79 79 80 80 80    759
JUN  80 81 81 81 82 82 82 83 83 83 83 84 84 84 84 85 85 85 86 86 86 86 87 87 87 88 88 88 88 89       846
JUL  89 89 90 90 90 90 90 91 91 91 91 91 91 92 92 92 92 92 92 92 92 92 92 92 92 92 92 92 92 92 92    913
AUG  92 92 92 92 92 92 92 92 92 92 91 91 91 91 91 91 91 91 90 90 90 90 90 90 90 89 89 89 89 89 89    907
SEP  88 88 88 88 88 87 87 87 87 87 86 86 86 86 85 85 85 85 84 84 84 84 84 83 83 83 82 82 82 82       852
OCT  81 81 81 80 80 80 80 79 79 78 78 78 77 77 76 76 76 75 75 74 74 73 73 72 72 71 71 70 70 69 68    756
NOV  68 67 67 66 66 65 65 64 64 63 63 62 62 61 61 61 60 60 60 59 59 59 58 58 58 58 57 57 57 57       614
DEC  57 56 56 56 56 56 56 55 55 55 55 55 55 55 54 54 54 54 54 54 54 54 54 54 54 54 54 54 53 53 53    546
                                                                                                        
-------------------------------------------------------------------------------------------------       
 Average Temperature (deg F [tenths deg F for monthly])                                                 
 DAY  1  2  3  4  5  6  7  8  9 10 11 12 13 14 15 16 17 18 19 20 21 22 23 24 25 26 27 28 29 30 31  MONTH
-------------------------------------------------------------------------------------------------       
JAN  45 45 45 45 45 45 45 45 45 45 45 45 46 46 46 46 46 46 46 46 46 46 46 47 47 47 47 47 47 47 48    459
FEB  48 48 48 48 48 48 49 49 49 49 49 49 49 49 50 50 50 50 50 50 50 50 50 50 50 51 51 51             494
MAR  51 51 51 51 51 51 51 51 51 51 51 51 52 52 52 52 52 52 52 52 52 53 53 53 53 53 53 53 53 54 54    520
APR  54 54 54 54 55 55 55 55 55 56 56 56 56 56 56 57 57 57 57 57 58 58 58 58 58 59 59 59 59 60       566
MAY  60 60 60 60 61 61 61 61 62 62 62 62 63 63 63 63 64 64 64 64 65 65 65 65 66 66 66 66 67 67 67    634
JUN  67 68 68 68 68 69 69 69 69 69 70 70 70 70 71 71 71 71 72 72 72 73 73 73 73 74 74 74 74 75       709
JUL  75 75 75 75 76 76 76 76 76 77 77 77 77 77 77 77 77 77 78 78 78 78 78 78 78 78 78 78 78 78 78    770
AUG  78 78 78 77 77 77 77 77 77 77 77 77 77 77 77 77 76 76 76 76 76 76 76 76 75 75 75 75 75 75 75    764
SEP  75 74 74 74 74 74 74 73 73 73 73 73 73 72 72 72 72 72 71 71 71 71 71 70 70 70 70 70 69 69       720
OCT  69 69 68 68 68 67 67 67 67 66 66 66 65 65 65 64 64 64 63 63 62 62 62 61 61 60 60 59 59 59 58    640
NOV  58 57 57 56 56 55 55 55 54 54 54 53 53 52 52 52 51 51 51 51 50 50 50 50 49 49 49 49 48 48       523
DEC  48 48 48 48 47 47 47 47 47 47 47 46 46 46 46 46 46 46 46 46 46 46 45 45 45 45 45 45 45 45 45    462
                                                                                                        
-------------------------------------------------------------------------------------------------       
 Heating Degree Days                                                                                    
 DAY  1  2  3  4  5  6  7  8  9 10 11 12 13 14 15 16 17 18 19 20 21 22 23 24 25 26 27 28 29 30 31  MONTH
-------------------------------------------------------------------------------------------------       
JAN  20 20 20 20 20 20 20 20 20 20 20 20 20 19 19 19 19 19 19 19 19 19 19 18 18 18 18 18 18 18 17    593
FEB  17 17 17 17 17 17 16 16 16 16 16 16 16 16 15 15 15 15 15 15 15 15 15 15 15 14 14 14             437
MAR  14 14 14 14 14 14 14 14 14 14 14 14 14 13 13 13 13 13 13 13 13 13 12 12 12 12 12 12 12 11 11    405
APR  11 11 11 11 11 10 10 10 10 10 10  9  9  9  9  9  9  9  8  8  8  8  8  8  8  7  7  7  7  7       269
MAY   7  7  6  6  6  6  6  6  6  5  5  5  5  5  5  5  4  4  4  4  4  4  4  3  3  3  3  3  3  3  2    142
JUN   2  2  2  2  2  2  2  1  1  1  1  1  1  1  1  1  1  1  1  1  0  0  0  0  0  0  0  0  0  0        27
JUL -99  0  0  0  0  0  0  0  0  0  0  0  0  0  0  0  0  0  0  0  0  0  0  0  0  0  0  0  0  0  0      1
AUG   0  0  0  0  0  0  0  0  0  0  0  0  0  0  0  0  0  0  0  0  0  0  0  0  0  0  0  0  0  0-99      1
SEP   0  0  0  0  0  0  0  0  0  0  1  1  1  1  1  1  1  1  1  1  1  1  1  1  1  1  1  1  1  2        21
OCT   1  2  2  2  2  2  2  2  2  3  3  3  3  3  3  4  4  4  4  5  5  5  5  6  6  6  7  7  7  8  8    126
NOV   8  9  9  9 10 10 10 11 11 11 12 12 12 13 13 13 14 14 14 14 15 15 15 15 16 16 16 16 16 17       386
DEC  17 17 17 17 18 18 18 18 18 18 18 19 19 19 19 19 19 19 19 19 19 20 20 20 20 20 20 20 20 20 20    584
                                                                                                        
-------------------------------------------------------------------------------------------------       
 Cooling Degree Days                                                                                    
 DAY  1  2  3  4  5  6  7  8  9 10 11 12 13 14 15 16 17 18 19 20 21 22 23 24 25 26 27 28 29 30 31  MONTH
-------------------------------------------------------------------------------------------------       
JAN   0  0  0  0  0  0  0  0  0  0  0  0  0  0  0  0  0  0  0  0  0  0  0  0  0  0  0  0  0  0  0      0
FEB   0  0  0  0  0  0  0  0  0  0  0  0  0  0  0  0  0  0  0  0  0  0  0  0  0  0  0  0               0
MAR   0  0  0  0  0  0  0  0  0  0  0  0  0  0  0  0  0  0  0  0  0-99-99-99  0  0  0  0  0  0  0      3
APR   0  0  0  0  0  0  0  0  0  0  0  0  0  0  1  1  1  1  1  1  1  1  1  1  1  1  1  1  1  1        16
MAY   1  2  2  2  2  2  2  2  2  2  2  3  3  3  3  3  3  3  3  3  3  3  4  4  4  4  4  4  4  4  4     90
JUN   5  5  5  5  5  5  5  5  6  6  6  6  6  6  6  7  7  7  7  7  8  8  8  8  8  9  9  9  9 10       203
JUL  10 10 10 10 11 11 11 11 11 12 12 12 12 12 12 12 12 12 13 13 13 13 13 13 13 13 13 13 13 13 13    372
AUG  13 13 12 12 12 12 12 12 12 12 12 12 12 12 12 11 11 11 11 11 11 11 11 11 11 10 10 10 10 10 10    352
SEP  10 10 10  9  9  9  9  9  9  9  8  8  8  8  8  8  8  7  7  7  7  7  7  6  6  6  6  6  6  5       232
OCT   5  5  5  5  5  4  4  4  4  4  4  3  3  3  3  3  3  3  3  2  2  2  2  2  2  2  2  1  1  1  1     93
NOV   1  1  1  1  1  0  0  0  0  0  0  0  0  0  0  0  0  0  0  0  0  0  0  0  0  0  0  0  0  0         5
DEC   0  0  0  0  0  0  0  0  0  0  0  0  0  0  0  0  0  0  0  0  0  0  0  0  0  0  0  0  0  0  0      0
                                                                                                        
-------------------------------------------------------------------------------------------------       
 Total  Precipitation (Hundreths of an Inch)                                                            
 DAY  1  2  3  4  5  6  7  8  9 10 11 12 13 14 15 16 17 18 19 20 21 22 23 24 25 26 27 28 29 30 31  MONTH
-------------------------------------------------------------------------------------------------       
JAN  19 19 20 20 20 20 21 21 21 21 21 21 21 22 22 22 22 22 22 22 22 22 22 22 23 23 23 23 23 23 23    668
FEB  23 23 23 23 23 23 22 22 22 22 22 22 22 22 22 22 22 22 22 22 22 22 23 23 23 23 23 23             628
MAR  23 23 23 23 22 22 22 22 22 22 22 22 21 21 21 21 20 20 20 19 19 19 18 18 17 17 16 16 16 15 14    616
APR  14 13 13 12 12 11 11 10 10 10  9  9  8  8  8  8  7  7  7  7  6  6  6  6  6  6  5  5  5  5       250
MAY   5  5  5  5  5  5  5  5  5  5  5  5  5  4  4  4  4  4  4  4  4  4  4  4  3  3  3  3  3  3  3    130
JUN   2  2  2  2  2  2  2  2  2  1  1  1  1  1  1  1  1  1  1  1  1  1  1  1  1  1  1  1  0  0        37
JUL   1  1  1  1  1  1  1  1  1  1  1  1  1  1  0  0  0  0  0  0  0  0  0  0  0  0  0  0  0  0  0     14
AUG   0  0  0  0  0  0  0  0  0  0  0  0  0  0  0  0  0  1  1  1  1  1  1  1  1  1  1  1  1  1  1     14
SEP   1  2  2  2  2  2  2  2  2  2  2  2  3  3  3  3  3  3  3  3  3  3  3  3  3  3  3  3  3  3        77
OCT   3  3  3  3  4  4  4  4  4  4  4  5  5  5  5  6  6  6  6  7  7  8  8  8  9  9 10 10 10 11 12    193
NOV  12 12 13 13 14 14 15 15 15 16 16 16 17 17 17 17 17 18 18 18 18 18 18 18 18 18 18 18 18 17       489
DEC  17 17 17 17 17 17 17 17 17 17 17 16 17 17 17 17 17 17 17 17 17 17 17 17 18 18 18 18 18 19 19    535
                                                                                                        
