-------------------------------------------------------------------------------------------------       
 1971-2000 Daily/Monthly Station Normals                                                                
 Provided by National Climatic Data Center/NESDIS/NOAA                                                  
-------------------------------------------------------------------------------------------------       
 Station COOP ID:                           045107                                                      
 Station Name, State, Division, Call:       LOS ALAMOS                         CA 06                    
 Latitude, Longitude, Elevation, Elements:  34 44 43 -120 16 44   565   P                               
-------------------------------------------------------------------------------------------------       
 Total  Precipitation (Hundreths of an Inch)                                                            
 DAY  1  2  3  4  5  6  7  8  9 10 11 12 13 14 15 16 17 18 19 20 21 22 23 24 25 26 27 28 29 30 31  MONTH
-------------------------------------------------------------------------------------------------       
JAN   9  9  9  9  9  9  9  9  9  9  9 10 10 10 10 10 10 10 10 10 11 11 11 11 11 11 12 12 12 12 12    315
FEB  13 13 13 13 13 13 13 14 14 14 14 14 14 14 14 14 14 14 14 14 14 15 15 15 15 14 14 14             389
MAR  14 14 14 14 14 14 14 14 14 14 13 13 13 13 13 12 12 12 12 11 11 11 11 10 10 10  9  9  9  8  8    370
APR   7  7  7  6  6  6  5  5  5  4  4  4  4  3  3  3  3  3  2  2  2  2  2  2  2  2  2  2  2  1       108
MAY   2  2  2  2  1  1  1  1  1  1  1  1  1  1  1  1  1  1  1  1  1  1  1  1  1  1  1  1  1  1  1     35
JUN   1  1  1  1  1  1  1  0  0  0  0  0  0  0  0  0  0  0  0  0  0  0  0  0  0  0  0  0  0  0         7
JUL   0  0  0  0  0  0  1  0  0  0  0  0  0  0  0  0  0  0  0  0  0  0  0  0  0  0  0  0  0  0  0      1
AUG   0  0  0  0  0  0  0  0  0  0  0  0  0  0  0  0  0  0  0  0  0  0  0  0  0  0  0  1  1  1  1      4
SEP   1  1  1  1  1  1  1  1  1  1  1  1  1  1  1  1  1  1  1  1  1  1  1  2  2  2  2  2  2  1        36
OCT   1  1  1  1  1  1  1  1  2  2  2  2  2  2  2  2  2  2  2  2  2  2  2  2  2  2  3  3  3  3  3     59
NOV   3  3  3  3  4  4  4  4  4  4  4  4  4  4  5  5  5  5  5  5  5  5  5  5  6  6  6  6  6  6       138
DEC   6  6  6  6  7  7  7  7  7  7  7  7  7  7  7  7  8  8  8  8  8  8  8  8  8  8  8  8  8  9  9    230
                                                                                                        
