-------------------------------------------------------------------------------------------------       
 1971-2000 Daily/Monthly Station Normals                                                                
 Provided by National Climatic Data Center/NESDIS/NOAA                                                  
-------------------------------------------------------------------------------------------------       
 Station COOP ID:                           043182                                                      
 Station Name, State, Division, Call:       FORT JONES RANGER STN              CA 01                    
 Latitude, Longitude, Elevation, Elements:  41 36 00 -122 50 52  2725   P                               
-------------------------------------------------------------------------------------------------       
 Total  Precipitation (Hundreths of an Inch)                                                            
 DAY  1  2  3  4  5  6  7  8  9 10 11 12 13 14 15 16 17 18 19 20 21 22 23 24 25 26 27 28 29 30 31  MONTH
-------------------------------------------------------------------------------------------------       
JAN  12 12 12 12 12 12 12 12 12 12 12 12 12 12 12 12 12 12 12 12 12 12 12 12 12 12 12 12 12 12 12    372
FEB  12 11 11 11 11 11 11 11 11 11 11 11 11 11 11 10 10 10 10 10 10 10 10 10 10 10 10  9             295
MAR   9  9  9  9  9  9  9  9  9  9  8  8  8  8  8  8  8  8  8  7  7  7  7  7  7  7  7  7  6  6  6    243
APR   6  6  6  5  5  5  5  5  5  5  5  5  5  4  4  4  4  4  4  4  4  4  4  4  4  4  4  4  3  3       134
MAY   4  4  3  3  3  3  3  3  3  3  3  3  3  3  3  3  3  3  3  3  3  3  3  3  3  3  3  3  3  3  3     95
JUN   3  3  3  3  3  3  3  2  2  2  2  2  2  2  2  2  2  2  2  2  2  2  2  2  2  2  2  2  2  2        67
JUL   2  2  2  2  2  2  2  2  2  1  1  1  1  1  1  1  1  1  1  1  1  1  1  1  1  1  1  1  1  2  2     42
AUG   1  1  1  1  2  2  2  2  2  2  2  2  2  2  2  2  2  2  2  2  2  2  2  2  2  2  2  2  2  2  2     58
SEP   2  2  2  2  2  2  2  2  3  3  3  3  3  3  3  3  3  3  3  3  3  3  2  2  2  2  2  2  2  2        74
OCT   2  2  2  2  2  2  2  3  3  3  3  3  3  3  3  3  4  4  4  4  5  5  5  5  6  6  6  6  7  7  7    122
NOV   8  8  8  9  9  9 10 10 10 10 11 11 11 11 11 12 12 12 12 12 12 12 12 12 12 12 12 12 12 12       326
DEC  12 12 12 12 12 12 12 11 11 11 11 11 11 11 11 11 11 11 11 11 11 11 11 11 11 11 11 12 12 12 12    352
                                                                                                        
