-------------------------------------------------------------------------------------------------       
 1971-2000 Daily/Monthly Station Normals                                                                
 Provided by National Climatic Data Center/NESDIS/NOAA                                                  
-------------------------------------------------------------------------------------------------       
 Station COOP ID:                           041194                                                      
 Station Name, State, Division, Call:       BURBANK VALLEY PUMP PLNT           CA 06 BUR                
 Latitude, Longitude, Elevation, Elements:  34 11 00 -118 20 00   655 XNP                               
-------------------------------------------------------------------------------------------------       
 Minimum Temperature (deg F [tenths deg F for monthly])                                                 
 DAY  1  2  3  4  5  6  7  8  9 10 11 12 13 14 15 16 17 18 19 20 21 22 23 24 25 26 27 28 29 30 31  MONTH
-------------------------------------------------------------------------------------------------       
JAN  41 41 41 41 41 41 41 41 42 42 42 42 42 42 42 42 42 42 42 42 42 42 42 43 43 43 43 43 43 43 43    420
FEB  43 43 43 43 44 44 44 44 44 44 44 44 44 44 44 44 45 45 45 45 45 45 45 45 45 45 45 45             443
MAR  45 45 45 45 45 45 46 46 46 46 46 46 46 46 46 46 46 46 46 46 47 47 47 47 47 47 47 47 47 47 48    462
APR  48 48 48 48 48 48 48 48 49 49 49 49 49 49 49 49 50 50 50 50 50 50 51 51 51 51 51 51 51 52       495
MAY  52 52 52 52 53 53 53 53 53 53 54 54 54 54 54 54 54 55 55 55 55 55 55 55 55 56 56 56 56 56 56    542
JUN  56 57 57 57 57 57 57 57 57 58 58 58 58 58 58 58 58 59 59 59 59 59 59 59 60 60 60 60 60 60       583
JUL  60 61 61 61 61 61 61 61 62 62 62 62 62 62 62 62 62 62 62 63 63 63 63 63 63 63 63 63 63 63 63    621
AUG  63 63 63 63 63 63 63 63 63 63 63 63 62 62 62 62 62 62 62 62 62 62 62 62 62 62 62 62 62 62 62    624
SEP  62 62 61 61 61 61 61 61 61 61 61 61 60 60 60 60 60 60 60 59 59 59 59 59 58 58 58 58 58 58       599
OCT  57 57 57 57 56 56 56 56 56 55 55 55 55 54 54 54 53 53 53 53 52 52 52 52 51 51 51 50 50 50 49    536
NOV  49 49 48 48 48 48 47 47 47 46 46 46 46 46 45 45 45 45 44 44 44 44 44 43 43 43 43 43 43 43       454
DEC  42 42 42 42 42 42 42 42 42 41 41 41 41 41 41 41 41 41 41 41 41 41 41 41 41 41 41 41 41 41 41    413
                                                                                                        
-------------------------------------------------------------------------------------------------       
 Maximum Temperature (deg F [tenths deg F for monthly])                                                 
 DAY  1  2  3  4  5  6  7  8  9 10 11 12 13 14 15 16 17 18 19 20 21 22 23 24 25 26 27 28 29 30 31  MONTH
-------------------------------------------------------------------------------------------------       
JAN  67 67 67 67 67 67 67 67 67 67 67 67 67 67 67 67 67 68 68 68 68 68 68 68 68 68 68 68 68 68 69    675
FEB  69 69 69 69 69 69 69 69 69 69 69 69 69 69 70 70 70 70 70 70 70 70 70 70 70 70 70 70             695
MAR  70 70 70 70 70 70 70 70 70 70 70 70 70 70 70 70 70 70 71 71 71 71 71 71 71 72 72 72 72 72 72    706
APR  73 73 73 73 74 74 74 74 74 74 75 75 75 75 75 75 75 75 75 76 76 76 76 76 76 76 76 76 76 76       749
MAY  76 76 76 76 76 76 76 76 77 77 77 77 77 77 77 77 77 78 78 78 78 78 78 78 79 79 79 79 79 80 80    775
JUN  80 80 80 81 81 81 81 82 82 82 82 82 83 83 83 83 84 84 84 84 84 85 85 85 85 86 86 86 86 86       832
JUL  87 87 87 87 87 88 88 88 88 88 88 89 89 89 89 89 89 89 90 90 90 90 90 90 90 90 90 90 90 90 90    889
AUG  90 90 90 90 90 90 90 90 90 90 90 90 90 90 90 90 90 90 90 90 90 90 90 90 90 90 90 90 89 89 89    899
SEP  89 89 89 89 88 88 88 88 88 88 88 88 88 87 87 87 87 87 87 87 86 86 86 86 86 86 85 85 85 85       871
OCT  85 85 84 84 84 84 84 83 83 83 83 83 82 82 82 82 81 81 81 81 80 80 80 80 79 79 79 79 78 78 78    815
NOV  77 77 77 76 76 76 76 75 75 75 75 74 74 74 74 73 73 73 73 72 72 72 72 71 71 71 71 70 70 70       735
DEC  70 70 69 69 69 69 69 69 69 68 68 68 68 68 68 68 68 67 67 67 67 67 67 67 67 67 67 67 67 67 67    679
                                                                                                        
-------------------------------------------------------------------------------------------------       
 Average Temperature (deg F [tenths deg F for monthly])                                                 
 DAY  1  2  3  4  5  6  7  8  9 10 11 12 13 14 15 16 17 18 19 20 21 22 23 24 25 26 27 28 29 30 31  MONTH
-------------------------------------------------------------------------------------------------       
JAN  54 54 54 54 54 54 54 54 54 54 54 55 55 55 55 55 55 55 55 55 55 55 55 55 55 55 56 56 56 56 56    548
FEB  56 56 56 56 56 57 57 57 57 57 57 57 57 57 57 57 57 57 57 57 57 57 57 57 57 57 58 58             569
MAR  57 57 57 57 58 58 58 58 58 58 58 58 58 58 58 58 58 58 58 59 59 59 59 59 59 59 59 60 60 60 60    584
APR  60 60 60 61 61 61 61 61 61 62 62 62 62 62 62 62 62 63 63 63 63 63 63 63 63 64 64 64 64 64       622
MAY  64 64 64 64 64 65 65 65 65 65 65 65 65 66 66 66 66 66 66 66 67 67 67 67 67 67 67 68 68 68 68    659
JUN  68 68 69 69 69 69 69 69 70 70 70 70 70 71 71 71 71 71 71 72 72 72 72 72 73 73 73 73 73 73       708
JUL  74 74 74 74 74 74 75 75 75 75 75 75 75 76 76 76 76 76 76 76 76 76 76 76 76 76 76 76 77 77 77    755
AUG  77 77 77 77 77 77 77 77 76 76 76 76 76 76 76 76 76 76 76 76 76 76 76 76 76 76 76 76 76 75 75    762
SEP  75 75 75 75 75 75 75 75 74 74 74 74 74 74 74 74 73 73 73 73 73 73 73 72 72 72 72 72 71 71       735
OCT  71 71 71 70 70 70 70 70 69 69 69 69 68 68 68 68 67 67 67 67 66 66 66 66 65 65 65 65 64 64 64    676
NOV  63 63 63 62 62 62 62 61 61 61 60 60 60 60 59 59 59 59 59 58 58 58 58 57 57 57 57 57 57 56       595
DEC  56 56 56 56 56 55 55 55 55 55 55 55 55 55 54 54 54 54 54 54 54 54 54 54 54 54 54 54 54 54 54    546
                                                                                                        
-------------------------------------------------------------------------------------------------       
 Heating Degree Days                                                                                    
 DAY  1  2  3  4  5  6  7  8  9 10 11 12 13 14 15 16 17 18 19 20 21 22 23 24 25 26 27 28 29 30 31  MONTH
-------------------------------------------------------------------------------------------------       
JAN  11 11 11 11 11 11 11 11 11 11 11 11 11 11 10 10 10 10 10 10 10 10 10 10 10 10 10  9  9  9  9    320
FEB   9  9  9  9  9  9  9  9  8  8  8  8  8  8  8  8  8  8  8  8  8  8  8  8  8  8  8  8             232
MAR   8  8  8  8  8  8  8  8  8  8  7  7  7  7  7  7  7  7  7  7  7  7  7  7  7  6  6  6  6  6  6    221
APR   6  6  6  5  5  5  5  5  5  5  5  5  5  4  4  4  4  4  4  4  4  4  4  4  4  4  3  3  3  3       132
MAY   3  3  3  3  3  3  3  3  3  3  3  3  3  3  3  2  2  2  2  2  2  2  2  2  2  2  2  2  2  2  2     77
JUN   2  2  1  1  1  1  1  1  1  1  1  1  1  1  1  1  1  1  1  1  1  1  1  1  1  1  0  0  0  0        28
JUL -99-99  0  0  0  0  0  0  0  0  0  0  0  0  0  0  0  0  0  0  0  0  0  0  0  0  0  0  0  0  0      2
AUG   0  0  0  0  0  0  0  0  0  0  0  0  0  0  0  0  0  0  0  0  0  0  0  0  0  0  0  0  0  0  0      0
SEP   0  0  0  0  0  0  0  0  0  0  0-99-99-99-99-99-99-99-99-99-99-99-99  0  0  0  0  0  0  0        12
OCT   0  0  0  0  0  0  0  0  1  1  1  1  1  1  1  1  1  1  1  1  2  2  2  2  2  2  2  3  3  3  3     38
NOV   3  4  4  4  4  4  5  5  5  5  5  6  6  6  6  6  7  7  7  7  7  7  8  8  8  8  8  9  9  9       187
DEC   9  9  9 10 10 10 10 10 10 10 10 10 11 11 11 11 11 11 11 11 11 11 11 11 11 11 11 11 11 11 11    326
                                                                                                        
-------------------------------------------------------------------------------------------------       
 Cooling Degree Days                                                                                    
 DAY  1  2  3  4  5  6  7  8  9 10 11 12 13 14 15 16 17 18 19 20 21 22 23 24 25 26 27 28 29 30 31  MONTH
-------------------------------------------------------------------------------------------------       
JAN   0  0  0  0  0  0  0  0  0  0  0  0  0  0  0  0  0  0  0  0  0  0  0  0  0  0  0  0  0  0-99      1
FEB   0  0  0  0  0  0  0  0  0  0  0  0  0  0  0  0  0  0  0  0  0  0  0-99-99-99-99-99               5
MAR   0  0  0  0  0  0  0  0  0  0  0  0  0  0  0  0  1  1  1  1  1  1  1  1  1  1  1  1  1  1  1     15
APR   1  1  1  1  1  1  1  1  1  1  1  2  2  2  2  2  2  2  2  2  2  2  2  2  2  2  2  2  2  2        49
MAY   2  2  2  2  3  3  3  3  3  3  3  3  3  3  3  3  3  3  4  4  4  4  4  4  4  4  4  4  4  5  5    104
JUN   5  5  5  5  5  5  5  6  6  6  6  6  6  6  7  7  7  7  7  7  7  8  8  8  8  8  8  8  9  9       200
JUL   9  9  9  9 10 10 10 10 10 10 10 10 11 11 11 11 11 11 11 11 11 11 11 11 11 11 11 11 11 12 12    327
AUG  12 12 12 12 12 12 11 11 11 11 11 11 11 11 11 11 11 11 11 11 11 11 11 11 11 11 11 11 11 11 11    347
SEP  11 10 10 10 10 10 10 10 10 10 10  9  9  9  9  9  9  9  9  8  8  8  8  8  8  7  7  7  7  7       266
OCT   6  6  6  6  6  5  5  5  5  5  4  4  4  4  4  4  3  3  3  3  3  3  3  3  2  2  2  2  2  2  2    117
NOV   2  2  1  1  1  1  1  1  1  1  1  1  1  1  1  1  1  1  0  0  0  0  0  0  0  0  0  0  0  0        20
DEC -99-99-99-99  0  0  0  0  0  0  0  0  0  0  0  0  0  0  0  0  0  0  0  0  0  0  0  0  0  0  0      4
                                                                                                        
-------------------------------------------------------------------------------------------------       
 Total  Precipitation (Hundreths of an Inch)                                                            
 DAY  1  2  3  4  5  6  7  8  9 10 11 12 13 14 15 16 17 18 19 20 21 22 23 24 25 26 27 28 29 30 31  MONTH
-------------------------------------------------------------------------------------------------       
JAN   9  9  9 10 10 10 10 10 10 11 11 11 11 11 11 11 12 12 12 12 12 12 13 13 13 13 13 13 14 14 14    356
FEB  14 14 14 15 15 15 15 15 15 15 15 15 15 15 16 16 16 16 16 16 16 16 16 16 16 16 15 15             429
MAR  15 15 15 15 15 15 15 15 14 14 14 14 14 14 13 13 13 12 12 12 12 11 11 11 10 10 10  9  9  8  8    388
APR   7  7  7  6  6  6  5  5  5  4  4  4  3  3  3  3  3  2  2  2  2  2  2  2  2  1  1  1  1  1       102
MAY   1  1  2  2  2  2  2  2  1  1  1  1  1  1  1  1  1  1  1  1  1  1  1  1  1  1  1  1  1  1  1     37
JUN   1  1  1  1  1  1  1  1  1  1  1  1  0  0  0  0  0  0  0  0  0  0  0  0  0  0  0  0  0  0        12
JUL   0  0  0  0  0  0  0  0  0  0  0  0  0  0  0  0  0  0  0  0  0  0  0  0  0  0  0  0  0  1  1      2
AUG   0  0  0  0  0  0  0  0  0  0  0  0  0  1  1  1  1  1  1  1  1  1  1  1  1  1  1  1  1  1  1     18
SEP   1  1  1  1  1  1  1  1  1  1  1  1  1  1  1  1  1  1  1  1  1  1  1  1  1  1  1  1  1  1        30
OCT   1  1  1  1  1  1  1  2  2  2  2  2  2  2  2  2  2  2  2  2  2  2  2  2  2  2  2  2  2  2  2     55
NOV   2  2  3  3  3  3  3  3  3  3  3  3  3  3  3  3  4  4  4  4  4  4  4  4  4  4  4  5  5  5       105
DEC   5  5  5  5  5  6  6  6  6  6  6  6  7  7  7  7  7  7  7  7  8  8  8  8  8  8  8  9  9  9  9    215
                                                                                                        
