-------------------------------------------------------------------------------------------------       
 1971-2000 Daily/Monthly Station Normals                                                                
 Provided by National Climatic Data Center/NESDIS/NOAA                                                  
-------------------------------------------------------------------------------------------------       
 Station COOP ID:                           044500                                                      
 Station Name, State, Division, Call:       KENTFIELD                          CA 01                    
 Latitude, Longitude, Elevation, Elements:  37 57 21 -122 33 48   128 XNP                               
-------------------------------------------------------------------------------------------------       
 Minimum Temperature (deg F [tenths deg F for monthly])                                                 
 DAY  1  2  3  4  5  6  7  8  9 10 11 12 13 14 15 16 17 18 19 20 21 22 23 24 25 26 27 28 29 30 31  MONTH
-------------------------------------------------------------------------------------------------       
JAN  40 40 40 40 40 40 40 40 40 40 40 40 40 40 41 41 41 41 41 41 41 41 41 41 41 41 42 42 42 42 42    407
FEB  42 42 42 42 42 42 43 43 43 43 43 43 43 43 43 43 43 43 43 43 43 43 44 44 44 44 44 44             430
MAR  44 44 44 44 44 44 44 44 44 44 44 44 44 44 44 44 44 44 44 44 44 44 44 44 44 44 44 44 45 45 45    441
APR  45 45 45 45 45 45 45 45 45 45 45 45 46 46 46 46 46 46 46 46 46 46 46 46 47 47 47 47 47 47       458
MAY  47 47 47 48 48 48 48 48 48 48 48 48 49 49 49 49 49 49 49 49 49 50 50 50 50 50 50 50 50 51 51    489
JUN  51 51 51 51 51 51 51 51 52 52 52 52 52 52 52 52 52 52 52 52 52 52 53 53 53 53 53 53 53 53       520
JUL  53 53 53 53 53 53 53 53 53 53 53 53 53 53 53 53 53 53 53 54 54 54 54 54 54 54 54 54 54 54 54    534
AUG  54 54 54 54 54 54 54 54 54 54 54 54 54 54 54 54 54 54 54 53 53 53 53 53 53 53 53 53 53 53 53    536
SEP  53 53 53 53 53 53 53 53 53 53 53 53 53 53 53 53 52 52 52 52 52 52 52 52 52 52 52 52 52 51       525
OCT  51 51 51 51 51 51 51 51 51 50 50 50 50 50 50 50 50 49 49 49 49 49 49 49 48 48 48 48 48 48 48    496
NOV  47 47 47 47 47 47 46 46 46 46 46 46 45 45 45 45 45 45 44 44 44 44 44 44 43 43 43 43 43 43       450
DEC  42 42 42 42 42 41 41 41 41 41 41 41 41 41 40 40 40 40 40 40 40 40 40 40 40 40 40 40 40 40 40    406
                                                                                                        
-------------------------------------------------------------------------------------------------       
 Maximum Temperature (deg F [tenths deg F for monthly])                                                 
 DAY  1  2  3  4  5  6  7  8  9 10 11 12 13 14 15 16 17 18 19 20 21 22 23 24 25 26 27 28 29 30 31  MONTH
-------------------------------------------------------------------------------------------------       
JAN  55 55 55 55 55 55 55 55 55 55 55 55 56 56 56 56 56 56 56 56 57 57 57 57 57 58 58 58 58 58 59    562
FEB  59 59 59 60 60 60 60 60 61 61 61 61 61 61 62 62 62 62 62 62 63 63 63 63 63 63 63 63             614
MAR  63 63 64 64 64 64 64 64 64 64 64 65 65 65 65 65 65 65 66 66 66 66 66 66 67 67 67 67 67 68 68    653
APR  68 68 68 69 69 69 69 69 69 70 70 70 70 70 71 71 71 71 71 71 72 72 72 72 72 72 73 73 73 73       706
MAY  73 73 74 74 74 74 74 74 75 75 75 75 75 76 76 76 76 76 77 77 77 77 77 77 78 78 78 78 79 79 79    760
JUN  79 79 80 80 80 80 80 81 81 81 81 81 82 82 82 82 82 82 82 83 83 83 83 83 83 83 84 84 84 84       818
JUL  84 84 84 85 85 85 85 85 85 85 85 85 85 85 85 85 85 85 85 85 85 86 86 86 85 85 85 85 85 85 85    850
AUG  85 85 85 85 85 85 85 85 85 85 85 85 84 84 84 84 84 84 84 84 84 84 84 84 84 84 84 84 84 84 84    844
SEP  84 84 83 83 83 83 83 83 83 83 83 83 83 82 82 82 82 82 82 82 82 81 81 81 81 81 81 80 80 80       821
OCT  80 80 79 79 79 79 78 78 78 78 77 77 77 76 76 76 75 75 75 74 74 74 73 73 72 72 71 71 71 70 70    754
NOV  69 69 68 68 67 67 66 66 66 65 65 64 64 64 63 63 63 62 62 62 61 61 61 60 60 60 59 59 59 59       634
DEC  59 58 58 58 58 58 57 57 57 57 57 57 56 56 56 56 56 56 56 56 56 55 55 55 55 55 55 55 55 55 55    563
                                                                                                        
-------------------------------------------------------------------------------------------------       
 Average Temperature (deg F [tenths deg F for monthly])                                                 
 DAY  1  2  3  4  5  6  7  8  9 10 11 12 13 14 15 16 17 18 19 20 21 22 23 24 25 26 27 28 29 30 31  MONTH
-------------------------------------------------------------------------------------------------       
JAN  47 47 48 48 48 48 48 48 48 48 48 48 48 48 48 48 48 48 49 49 49 49 49 49 49 49 50 50 50 50 50    485
FEB  50 51 51 51 51 51 51 52 52 52 52 52 52 52 52 53 53 53 53 53 53 53 53 53 53 53 53 54             522
MAR  54 54 54 54 54 54 54 54 54 54 54 54 54 54 54 55 55 55 55 55 55 55 55 55 55 56 56 56 56 56 56    547
APR  56 56 57 57 57 57 57 57 57 57 58 58 58 58 58 58 58 59 59 59 59 59 59 59 59 60 60 60 60 60       582
MAY  60 60 61 61 61 61 61 61 61 62 62 62 62 62 62 62 63 63 63 63 63 63 64 64 64 64 64 64 64 65 65    625
JUN  65 65 65 65 66 66 66 66 66 66 66 67 67 67 67 67 67 67 67 68 68 68 68 68 68 68 68 68 68 69       669
JUL  69 69 69 69 69 69 69 69 69 69 69 69 69 69 69 69 69 69 69 69 69 70 70 70 70 70 70 70 69 69 69    692
AUG  69 69 69 69 69 69 69 69 69 69 69 69 69 69 69 69 69 69 69 69 69 69 69 69 69 69 69 69 69 69 69    690
SEP  68 68 68 68 68 68 68 68 68 68 68 68 68 68 68 67 67 67 67 67 67 67 67 67 66 66 66 66 66 66       673
OCT  66 65 65 65 65 65 65 64 64 64 64 64 63 63 63 63 62 62 62 62 61 61 61 61 60 60 60 60 59 59 59    625
NOV  58 58 58 57 57 57 56 56 56 56 55 55 55 54 54 54 54 53 53 53 53 52 52 52 52 52 51 51 51 51       542
DEC  50 50 50 50 50 50 49 49 49 49 49 49 49 48 48 48 48 48 48 48 48 48 48 48 48 48 48 48 47 47 47    485
                                                                                                        
-------------------------------------------------------------------------------------------------       
 Heating Degree Days                                                                                    
 DAY  1  2  3  4  5  6  7  8  9 10 11 12 13 14 15 16 17 18 19 20 21 22 23 24 25 26 27 28 29 30 31  MONTH
-------------------------------------------------------------------------------------------------       
JAN  18 18 18 18 17 17 17 17 17 17 17 17 17 17 17 17 17 17 16 16 16 16 16 16 16 16 15 15 15 15 15    513
FEB  15 14 14 14 14 14 14 13 13 13 13 13 13 13 13 12 12 12 12 12 12 12 12 12 12 12 12 11             358
MAR  12 12 11 11 11 11 11 11 11 11 11 11 11 11 11 11 10 10 10 10 10 10 10 10 10 10  9  9  9  9  9    323
APR   9  9  9  8  8  8  8  8  8  8  8  8  7  7  7  7  7  7  7  7  6  6  6  6  6  6  6  6  6  6       215
MAY   5  5  5  5  5  5  5  5  5  4  4  4  4  4  4  4  4  4  4  4  3  3  3  3  3  3  3  3  3  3  2    121
JUN   2  2  2  2  2  2  2  2  2  2  2  1  1  1  1  1  1  1  1  1  1  1  1  1  1  1  1  1  1  1        41
JUL   1  1  1  1  1  1  1  1  1  0  0  0  0  0  0  0  0  0  0  0  0  0  0  0  0  0  0  0  0  0  0      9
AUG   0  0  0  0  0  0  0  0  0  0  0  0  0  0  0  0  0  0  0  0  0  0  0  0-99-99-99-99-99-99-99      7
SEP   0  0  0  1  1  1  1  1  1  1  1  1  1  1  1  1  1  1  1  1  1  1  1  1  1  1  1  1  1  2        28
OCT   2  2  2  2  2  2  2  2  2  2  3  3  3  3  3  3  3  4  4  4  4  4  5  5  5  5  6  6  6  6  7    112
NOV   7  7  8  8  8  9  9  9  9 10 10 10 10 11 11 11 11 12 12 12 12 13 13 13 13 13 14 14 14 14       327
DEC  15 15 15 15 15 15 16 16 16 16 16 16 16 17 17 17 17 17 17 17 17 17 17 17 17 17 18 18 18 18 18    513
                                                                                                        
-------------------------------------------------------------------------------------------------       
 Cooling Degree Days                                                                                    
 DAY  1  2  3  4  5  6  7  8  9 10 11 12 13 14 15 16 17 18 19 20 21 22 23 24 25 26 27 28 29 30 31  MONTH
-------------------------------------------------------------------------------------------------       
JAN   0  0  0  0  0  0  0  0  0  0  0  0  0  0  0  0  0  0  0  0  0  0  0  0  0  0  0  0  0  0  0      0
FEB   0  0  0  0  0  0  0  0  0  0  0  0  0  0  0  0  0  0  0  0  0  0  0  0  0  0  0  0               0
MAR   0  0  0  0  0  0  0  0  0  0  0  0  0  0  0  0  0  0  0  0  0  0  0  0  0  0  0  0-99-99-99      3
APR   0  0  0  0  0  0  0  0  0  0  0  0  0  0  0  0  0  0  0  0  1  1  1  1  1  1  1  1  1  1        10
MAY   1  1  1  1  1  1  1  1  1  1  1  1  1  1  1  1  1  1  1  1  1  2  2  2  2  2  2  2  2  2  2     41
JUN   2  2  2  3  3  3  3  3  3  3  3  3  3  3  3  3  3  3  3  4  4  4  4  4  4  4  4  4  4  4        98
JUL   4  4  4  4  4  4  4  4  4  4  4  4  4  5  5  5  5  5  5  5  5  5  5  5  5  5  5  5  5  4  4    140
AUG   5  5  5  5  5  5  4  4  4  4  4  4  4  4  4  4  4  4  4  4  4  4  4  4  4  4  4  4  4  4  4    130
SEP   4  4  4  4  4  4  4  4  4  4  4  3  3  3  3  3  3  3  3  3  3  3  3  3  3  3  3  2  2  2        98
OCT   2  2  2  2  2  2  2  2  2  1  1  1  1  1  1  1  1  1  1  1  1  1  1  1  1  1  0  0  0  0  0     35
NOV -99-99  0  0  0  0  0  0  0  0  0  0  0  0  0  0  0  0  0  0  0  0  0  0  0  0  0  0  0  0         2
DEC   0  0  0  0  0  0  0  0  0  0  0  0  0  0  0  0  0  0  0  0  0  0  0  0  0  0  0  0  0  0  0      0
                                                                                                        
-------------------------------------------------------------------------------------------------       
 Total  Precipitation (Hundreths of an Inch)                                                            
 DAY  1  2  3  4  5  6  7  8  9 10 11 12 13 14 15 16 17 18 19 20 21 22 23 24 25 26 27 28 29 30 31  MONTH
-------------------------------------------------------------------------------------------------       
JAN  26 27 27 28 28 28 29 29 29 30 30 30 31 31 31 31 32 32 32 32 33 33 33 33 33 33 33 34 34 34 34    960
FEB  34 34 34 34 34 34 34 34 34 33 33 33 33 33 33 33 32 32 32 32 32 31 31 31 30 30 30 30             910
MAR  29 29 29 28 28 27 27 27 26 26 25 25 24 24 23 23 23 22 22 21 21 20 20 19 18 18 17 17 16 16 15    705
APR  14 14 13 13 12 12 11 11 10 10 10  9  9  8  8  8  7  7  7  7  6  6  6  6  6  6  5  5  5  5       256
MAY   5  5  5  5  5  5  5  5  5  4  4  4  4  4  4  4  4  4  4  4  3  3  3  3  3  3  3  3  3  2  2    120
JUN   2  2  2  2  2  2  1  1  1  1  1  1  1  1  1  1  1  1  0  0  0  0  0  0  0  0  0  0  0  0        24
JUL   1  0  0  0  0  0  0  0  0  0  0  0  0  0  0  0  0  0  0  0  0  0  0  0  0  0  0  0  0  0  0      1
AUG   0  0  0  0  0  0  0  0  0  0  0  0  0  0  0  0  0  0  0  1  1  1  1  1  1  1  1  1  1  1  1     12
SEP   1  1  1  1  1  1  1  1  1  1  2  2  2  2  2  2  2  2  2  2  2  2  2  2  2  2  2  2  2  2        50
OCT   2  2  2  3  3  3  3  3  4  4  4  5  5  5  6  6  7  7  8  9  9 10 11 11 12 13 14 14 15 16 17    233
NOV  18 19 20 21 21 22 23 23 24 25 25 25 26 26 27 27 27 27 27 27 27 27 27 27 27 27 27 26 26 26       747
DEC  25 25 25 24 24 24 23 23 23 23 23 23 22 22 22 22 22 23 23 23 23 23 23 23 24 24 24 25 25 25 26    729
                                                                                                        
