-------------------------------------------------------------------------------------------------       
 1971-2000 Daily/Monthly Station Normals                                                                
 Provided by National Climatic Data Center/NESDIS/NOAA                                                  
-------------------------------------------------------------------------------------------------       
 Station COOP ID:                           042713                                                      
 Station Name, State, Division, Call:       EL CENTRO 2 SSW                    CA 07                    
 Latitude, Longitude, Elevation, Elements:  32 46 01 -115 33 42   -30 XNP                               
-------------------------------------------------------------------------------------------------       
 Minimum Temperature (deg F [tenths deg F for monthly])                                                 
 DAY  1  2  3  4  5  6  7  8  9 10 11 12 13 14 15 16 17 18 19 20 21 22 23 24 25 26 27 28 29 30 31  MONTH
-------------------------------------------------------------------------------------------------       
JAN  40 40 40 40 40 40 40 40 41 41 41 41 41 41 41 41 41 41 42 42 42 42 42 42 42 42 42 43 43 43 43    413
FEB  43 43 43 44 44 44 44 44 44 44 44 45 45 45 45 45 45 45 45 46 46 46 46 46 46 46 47 47             449
MAR  47 47 47 47 47 47 48 48 48 48 48 48 48 48 49 49 49 49 49 49 49 49 50 50 50 50 50 50 50 51 51    487
APR  51 51 51 51 51 52 52 52 52 52 53 53 53 53 53 53 54 54 54 54 55 55 55 55 55 56 56 56 56 57       535
MAY  57 57 57 58 58 58 58 59 59 59 59 60 60 60 60 61 61 61 61 62 62 62 62 63 63 63 63 64 64 64 64    606
JUN  65 65 65 65 66 66 66 66 67 67 67 67 68 68 68 68 69 69 69 70 70 70 70 71 71 71 72 72 72 72       684
JUL  73 73 73 74 74 74 74 75 75 75 75 76 76 76 76 76 76 77 77 77 77 77 77 77 77 77 77 77 77 77 78    758
AUG  78 78 78 78 78 77 77 77 77 77 77 77 77 77 77 77 77 77 77 76 76 76 76 76 76 76 75 75 75 75 75    766
SEP  75 74 74 74 74 73 73 73 73 72 72 72 72 71 71 71 70 70 70 69 69 69 68 68 68 67 67 67 66 66       706
OCT  65 65 65 64 64 63 63 63 62 62 61 61 60 60 60 59 59 58 58 58 57 57 56 56 55 55 55 54 54 53 53    592
NOV  53 52 52 51 51 50 50 50 49 49 49 48 48 48 47 47 47 46 46 46 45 45 45 44 44 44 44 43 43 43       473
DEC  42 42 42 42 42 41 41 41 41 41 41 40 40 40 40 40 40 40 40 40 40 40 40 40 40 40 40 40 40 40 40    405
                                                                                                        
-------------------------------------------------------------------------------------------------       
 Maximum Temperature (deg F [tenths deg F for monthly])                                                 
 DAY  1  2  3  4  5  6  7  8  9 10 11 12 13 14 15 16 17 18 19 20 21 22 23 24 25 26 27 28 29 30 31  MONTH
-------------------------------------------------------------------------------------------------       
JAN  69 69 69 69 69 69 69 69 69 69 69 70 70 70 70 70 70 70 70 71 71 71 71 71 71 71 72 72 72 72 72    702
FEB  72 73 73 73 73 73 73 73 74 74 74 74 74 74 75 75 75 75 75 75 76 76 76 76 76 76 76 77             745
MAR  77 77 77 77 77 77 78 78 78 78 78 78 79 79 79 79 79 80 80 80 80 80 81 81 81 81 81 82 82 82 82    793
APR  83 83 83 83 84 84 84 84 85 85 85 85 85 86 86 86 86 87 87 87 87 88 88 88 88 89 89 89 89 90       861
MAY  90 90 90 90 91 91 91 92 92 92 92 93 93 93 94 94 94 94 95 95 95 96 96 96 97 97 97 98 98 99 99    940
JUN  99100100100101101101102102102103103103103104104104104105105105105105105106106106106106106      1034
JUL 107107107107107107107107107107107107107107107107107107107107107107107107107107107107107107107   1070
AUG 107107107107107107107106106106106106106106106106106106105105105105105105105105105105104104104   1057
SEP 104104104104103103103103103103102102102102102101101101101100100100 99 99 99 98 98 98 97 97      1011
OCT  97 96 96 96 95 95 95 94 94 93 93 93 92 92 91 91 91 90 90 89 89 89 88 88 87 87 86 86 85 85 85    909
NOV  84 84 83 83 82 82 81 81 81 80 80 79 79 79 78 78 77 77 77 76 76 75 75 75 74 74 74 73 73 73       781
DEC  73 72 72 72 71 71 71 71 70 70 70 70 70 69 69 69 69 69 69 69 69 69 69 69 68 68 68 69 69 69 69    697
                                                                                                        
-------------------------------------------------------------------------------------------------       
 Average Temperature (deg F [tenths deg F for monthly])                                                 
 DAY  1  2  3  4  5  6  7  8  9 10 11 12 13 14 15 16 17 18 19 20 21 22 23 24 25 26 27 28 29 30 31  MONTH
-------------------------------------------------------------------------------------------------       
JAN  54 54 55 55 55 55 55 55 55 55 55 55 55 55 56 56 56 56 56 56 56 56 57 57 57 57 57 57 57 57 58    558
FEB  58 58 58 58 58 59 59 59 59 59 59 59 60 60 60 60 60 60 60 60 61 61 61 61 61 61 61 62             597
MAR  62 62 62 62 62 62 63 63 63 63 63 63 63 64 64 64 64 64 64 65 65 65 65 65 65 66 66 66 66 66 67    640
APR  67 67 67 67 68 68 68 68 68 69 69 69 69 69 70 70 70 70 70 71 71 71 71 72 72 72 72 73 73 73       698
MAY  73 74 74 74 74 75 75 75 75 76 76 76 76 77 77 77 77 78 78 78 79 79 79 79 80 80 80 81 81 81 82    773
JUN  82 82 83 83 83 83 84 84 84 85 85 85 85 86 86 86 86 87 87 87 87 88 88 88 88 89 89 89 89 89       859
JUL  90 90 90 90 90 90 91 91 91 91 91 91 91 92 92 92 92 92 92 92 92 92 92 92 92 92 92 92 92 92 92    914
AUG  92 92 92 92 92 92 92 92 92 92 92 92 92 92 91 91 91 91 91 91 91 91 91 91 90 90 90 90 90 90 89    912
SEP  89 89 89 89 89 88 88 88 88 88 87 87 87 87 86 86 86 85 85 85 85 84 84 84 83 83 83 82 82 81       859
OCT  81 81 80 80 80 79 79 78 78 78 77 77 76 76 76 75 75 74 74 73 73 73 72 72 71 71 71 70 70 69 69    751
NOV  68 68 67 67 67 66 66 65 65 65 64 64 63 63 63 62 62 62 61 61 61 60 60 60 59 59 59 58 58 58       627
DEC  58 57 57 57 57 56 56 56 56 56 55 55 55 55 55 55 55 55 54 54 54 54 54 54 54 54 54 54 54 54 54    551
                                                                                                        
-------------------------------------------------------------------------------------------------       
 Heating Degree Days                                                                                    
 DAY  1  2  3  4  5  6  7  8  9 10 11 12 13 14 15 16 17 18 19 20 21 22 23 24 25 26 27 28 29 30 31  MONTH
-------------------------------------------------------------------------------------------------       
JAN  11 11 11 11 11 10 10 10 10 10 10 10 10 10 10 10  9  9  9  9  9  9  9  9  8  8  8  8  8  8  8    293
FEB   7  7  7  7  7  7  7  7  6  6  6  6  6  6  6  6  6  5  5  5  5  5  5  5  5  5  5  5             165
MAR   5  5  5  5  5  5  4  4  4  4  4  4  4  4  4  4  4  4  4  4  4  3  3  3  3  3  3  3  3  3  3    120
APR   3  3  2  2  2  2  2  2  2  2  2  2  2  2  2  1  1  1  1  1  1  1  1  1  1  1  1  1  1  1        47
MAY   1  1  1  1  1  1  1  0  0  0  0  0  0  0  0  0  0  0  0  0  0  0  0  0  0  0  0  0  0  0  0      7
JUN   0  0  0  0  0  0  0  0  0  0  0  0  0  0  0  0  0  0  0  0  0  0  0  0  0  0  0  0  0  0         0
JUL   0  0  0  0  0  0  0  0  0  0  0  0  0  0  0  0  0  0  0  0  0  0  0  0  0  0  0  0  0  0  0      0
AUG   0  0  0  0  0  0  0  0  0  0  0  0  0  0  0  0  0  0  0  0  0  0  0  0  0  0  0  0  0  0  0      0
SEP   0  0  0  0  0  0  0  0  0  0  0  0  0  0  0  0  0  0  0  0  0  0  0  0  0  0  0  0  0  0         0
OCT   0  0  0  0  0  0  0  0  0  0  0  0  0  0  0  0  0  0  0  0  0  1  1  1  1  1  1  1  1  1  1     10
NOV   2  2  2  2  2  2  3  3  3  3  3  3  4  4  4  4  4  5  5  5  5  5  6  6  6  6  7  7  7  7       127
DEC   8  8  8  8  9  9  9  9  9 10 10 10 10 10 10 10 10 11 11 11 11 11 11 11 11 11 11 11 11 11 11    311
                                                                                                        
-------------------------------------------------------------------------------------------------       
 Cooling Degree Days                                                                                    
 DAY  1  2  3  4  5  6  7  8  9 10 11 12 13 14 15 16 17 18 19 20 21 22 23 24 25 26 27 28 29 30 31  MONTH
-------------------------------------------------------------------------------------------------       
JAN   0  0  0  0  0  0  0  0  0  0  0  0  0  0  0  0  0-99-99-99-99-99-99  0  0  0  0  0  0  0  0      6
FEB   0  0  0  0  0  0  0  0  0  0  0  0  1  1  1  1  1  1  1  1  1  1  1  1  1  1  1  1              16
MAR   1  2  2  2  2  2  2  2  2  2  2  2  3  3  3  3  3  3  3  3  3  3  3  4  4  4  4  4  4  4  4     88
APR   4  5  5  5  5  5  5  5  5  5  6  6  6  6  6  6  6  7  7  7  7  7  7  8  8  8  8  8  9  9       191
MAY   9  9  9 10 10 10 10 10 11 11 11 11 12 12 12 12 13 13 13 13 14 14 14 15 15 15 15 16 16 16 17    388
JUN  17 17 18 18 18 18 19 19 19 20 20 20 20 21 21 21 21 22 22 22 22 23 23 23 23 23 24 24 24 24       626
JUL  25 25 25 25 25 25 26 26 26 26 26 26 26 26 27 27 27 27 27 27 27 27 27 27 27 27 27 27 27 27 27    817
AUG  27 27 27 27 27 27 27 27 27 27 27 27 27 26 26 26 26 26 26 26 26 26 26 25 25 25 25 25 25 25 24    810
SEP  24 24 24 24 24 23 23 23 23 23 22 22 22 22 21 21 21 20 20 20 19 19 19 19 18 18 17 17 17 16       625
OCT  16 15 15 15 14 14 14 13 13 12 12 12 11 11 11 10 10 10  9  9  9  8  8  8  7  7  7  6  6  6  5    323
NOV   5  5  4  4  4  4  3  3  3  3  2  2  2  2  2  2  1  1  1  1  1  1  1  1  0  0  0  0  0  0        58
DEC -99-99-99-99  0  0  0  0  0  0  0  0  0  0  0  0  0  0  0  0  0  0  0  0  0  0  0  0  0  0  0      4
                                                                                                        
-------------------------------------------------------------------------------------------------       
 Total  Precipitation (Hundreths of an Inch)                                                            
 DAY  1  2  3  4  5  6  7  8  9 10 11 12 13 14 15 16 17 18 19 20 21 22 23 24 25 26 27 28 29 30 31  MONTH
-------------------------------------------------------------------------------------------------       
JAN   2  2  2  2  2  2  2  2  2  2  2  2  2  2  2  2  2  2  2  2  1  1  1  1  1  1  1  1  1  1  1     51
FEB   2  2  2  2  2  2  2  2  1  1  1  1  1  1  1  1  1  1  1  1  1  1  1  1  1  1  1  1              36
MAR   1  1  1  1  1  1  1  1  1  1  1  1  1  1  1  1  1  1  1  1  1  1  1  1  1  1  1  1  1  1  1     31
APR   1  1  1  1  1  0  0  0  0  0  0  0  0  0  0  0  0  0  0  0  0  0  0  0  0  0  0  0  0  0         5
MAY   0  0  0  0  0  0  0  0  0  0  0  0  0  0  0  0  0  0  1  1  1  0  0  0  0  0  0  0  0  0  0      3
JUN   1  0  0  0  0  0  0  0  0  0  0  0  0  0  0  0  0  0  0  0  0  0  0  0  0  0  0  0  0  0         1
JUL   0  0  0  0  0  0  0  0  0  0  0  0  0  0  0  0  0  0  0  0  0  0  0  0  0  1  1  1  1  1  1      6
AUG   1  1  1  1  1  1  1  1  1  1  1  1  1  1  1  1  1  1  1  1  1  1  1  1  1  1  1  1  2  1  1     32
SEP   1  1  1  1  1  1  1  1  1  1  1  1  1  1  1  1  1  1  1  1  1  1  1  1  2  2  2  2  2  2        36
OCT   1  1  1  2  2  2  2  1  1  1  1  1  1  1  1  1  1  1  1  1  1  1  1  1  1  1  1  1  1  1  1     35
NOV   1  1  1  1  1  1  1  0  0  0  0  0  0  0  0  0  0  0  0  0  1  1  1  1  1  1  1  1  1  1        17
DEC   1  1  1  1  1  1  1  1  1  1  1  1  1  1  1  1  1  1  1  2  2  2  2  2  2  2  2  2  2  2  2     43
                                                                                                        
