-------------------------------------------------------------------------------------------------       
 1971-2000 Daily/Monthly Station Normals                                                                
 Provided by National Climatic Data Center/NESDIS/NOAA                                                  
-------------------------------------------------------------------------------------------------       
 Station COOP ID:                           049582                                                      
 Station Name, State, Division, Call:       WEST POINT                         CA 05                    
 Latitude, Longitude, Elevation, Elements:  38 22 39 -120 32 43  2775   P                               
-------------------------------------------------------------------------------------------------       
 Total  Precipitation (Hundreths of an Inch)                                                            
 DAY  1  2  3  4  5  6  7  8  9 10 11 12 13 14 15 16 17 18 19 20 21 22 23 24 25 26 27 28 29 30 31  MONTH
-------------------------------------------------------------------------------------------------       
JAN  19 20 20 20 21 21 21 21 22 22 22 22 23 23 23 23 23 23 23 23 23 23 24 24 24 24 24 23 23 23 23    693
FEB  23 23 23 23 23 23 23 22 22 22 22 22 22 22 22 22 22 22 22 22 22 22 22 22 22 21 21 21             620
MAR  22 21 21 21 21 21 21 21 21 21 21 20 20 20 20 19 19 19 19 18 18 18 17 17 17 16 16 16 15 15 14    585
APR  14 13 13 12 12 12 11 11 10 10 10 10  9  9  9  8  8  8  8  8  7  7  7  7  7  7  7  7  6  6       273
MAY   6  6  6  6  6  6  6  6  6  6  6  6  6  6  6  5  5  5  5  5  5  5  5  4  4  4  4  4  4  3  3    160
JUN   3  3  3  2  2  2  2  2  2  2  2  1  1  1  1  1  1  1  1  1  1  1  1  1  1  1  1  1  1  1        44
JUL   1  1  1  1  1  1  1  1  1  1  1  1  1  1  1  1  1  0  0  0  0  0  0  0  0  0  0  0  0  0  0     17
AUG   0  0  0  0  0  0  0  0  0  0  0  0  0  0  0  1  1  1  1  1  1  1  1  1  1  1  1  1  1  1  1     16
SEP   1  2  2  2  2  2  2  2  2  2  2  2  2  3  3  3  3  3  3  3  3  3  3  3  3  3  4  4  4  4        80
OCT   4  4  4  4  4  4  4  5  5  5  5  5  6  6  6  6  6  7  7  7  8  8  8  9  9  9 10 10 11 11 11    208
NOV  12 12 13 13 13 14 14 14 15 15 15 15 16 16 16 16 16 16 16 16 16 17 17 17 16 16 16 16 16 16       456
DEC  16 16 16 15 15 15 15 15 15 15 15 15 15 15 15 16 16 16 16 16 16 16 17 17 17 17 18 18 18 19 19    500
                                                                                                        
