-------------------------------------------------------------------------------------------------       
 1971-2000 Daily/Monthly Station Normals                                                                
 Provided by National Climatic Data Center/NESDIS/NOAA                                                  
-------------------------------------------------------------------------------------------------       
 Station COOP ID:                           040897                                                      
 Station Name, State, Division, Call:       BLUE CANYON                        CA 02 BLU                
 Latitude, Longitude, Elevation, Elements:  39 16 39 -120 42 37  5280 XNP                               
-------------------------------------------------------------------------------------------------       
 Minimum Temperature (deg F [tenths deg F for monthly])                                                 
 DAY  1  2  3  4  5  6  7  8  9 10 11 12 13 14 15 16 17 18 19 20 21 22 23 24 25 26 27 28 29 30 31  MONTH
-------------------------------------------------------------------------------------------------       
JAN  32 32 32 32 33 33 33 33 33 33 33 33 33 33 33 33 33 33 33 33 33 33 33 33 33 33 33 33 33 33 33    329
FEB  33 33 33 33 33 33 33 33 33 33 33 33 33 33 33 33 33 33 33 33 32 32 32 32 32 32 32 32             327
MAR  32 32 32 32 32 33 33 33 33 33 33 33 33 33 33 33 33 33 33 33 33 33 33 33 33 33 34 34 34 34 34    330
APR  34 34 34 34 35 35 35 35 35 35 35 36 36 36 36 36 37 37 37 37 37 38 38 38 38 39 39 39 40 40       365
MAY  40 40 41 41 41 42 42 42 42 43 43 43 44 44 44 44 45 45 45 45 46 46 46 47 47 47 47 47 48 48 48    443
JUN  48 49 49 49 49 50 50 50 50 51 51 51 51 52 52 52 52 53 53 53 53 54 54 54 54 55 55 55 55 56       520
JUL  56 56 57 57 57 57 57 58 58 58 58 58 58 59 59 59 59 59 59 59 59 59 59 59 59 59 59 59 59 59 59    583
AUG  59 59 59 59 59 59 59 59 59 59 58 58 58 58 58 58 58 58 58 57 57 57 57 57 57 57 57 56 56 56 56    578
SEP  56 56 55 55 55 55 55 55 54 54 54 54 54 53 53 53 53 53 52 52 52 52 52 52 51 51 51 51 50 50       531
OCT  50 50 50 49 49 49 49 48 48 48 48 47 47 47 46 46 46 46 45 45 45 44 44 43 43 43 42 42 42 41 41    459
NOV  41 40 40 39 39 39 38 38 38 37 37 37 36 36 36 36 35 35 35 35 35 34 34 34 34 34 34 34 33 33       362
DEC  33 33 33 33 33 33 33 33 33 33 33 33 33 33 33 32 32 32 32 32 32 32 32 32 32 32 32 33 33 33 33    326
                                                                                                        
-------------------------------------------------------------------------------------------------       
 Maximum Temperature (deg F [tenths deg F for monthly])                                                 
 DAY  1  2  3  4  5  6  7  8  9 10 11 12 13 14 15 16 17 18 19 20 21 22 23 24 25 26 27 28 29 30 31  MONTH
-------------------------------------------------------------------------------------------------       
JAN  45 45 45 45 44 44 44 44 44 44 44 44 44 44 45 45 45 45 45 45 45 45 45 45 45 45 45 45 45 45 45    447
FEB  44 44 44 45 45 45 45 45 45 45 45 45 45 45 45 45 45 45 45 45 45 45 45 45 45 45 45 45             449
MAR  45 45 45 45 45 45 45 45 45 46 46 46 46 46 46 46 46 46 47 47 47 47 47 47 48 48 48 48 48 48 49    464
APR  49 49 49 50 50 50 50 51 51 51 51 51 52 52 52 53 53 53 53 54 54 54 54 55 55 55 56 56 56 56       525
MAY  57 57 57 58 58 58 58 59 59 59 60 60 60 60 61 61 61 62 62 62 62 63 63 63 64 64 64 64 65 65 65    610
JUN  66 66 66 66 67 67 67 68 68 68 68 69 69 69 69 70 70 70 71 71 71 72 72 72 72 73 73 73 74 74       697
JUL  74 74 75 75 75 76 76 76 76 76 77 77 77 77 77 77 77 78 78 78 78 78 78 78 78 78 78 78 78 78 78    769
AUG  78 78 78 78 78 78 78 78 78 78 77 77 77 77 77 77 77 77 77 77 76 76 76 76 76 76 75 75 75 75 75    768
SEP  75 74 74 74 74 74 73 73 73 73 72 72 72 72 72 71 71 71 71 70 70 70 70 69 69 69 69 69 68 68       714
OCT  68 67 67 67 67 66 66 66 65 65 65 64 64 63 63 63 62 62 61 61 60 60 60 59 59 58 58 57 57 56 55    623
NOV  55 54 54 53 53 52 52 52 51 51 50 50 50 49 49 49 48 48 48 48 47 47 47 47 47 47 46 46 46 46       494
DEC  46 46 46 46 46 46 46 46 46 46 46 46 46 46 46 46 46 46 46 45 45 45 45 45 45 45 45 45 45 45 45    456
                                                                                                        
-------------------------------------------------------------------------------------------------       
 Average Temperature (deg F [tenths deg F for monthly])                                                 
 DAY  1  2  3  4  5  6  7  8  9 10 11 12 13 14 15 16 17 18 19 20 21 22 23 24 25 26 27 28 29 30 31  MONTH
-------------------------------------------------------------------------------------------------       
JAN  38 38 38 38 38 39 39 39 39 39 39 39 39 39 39 39 39 39 39 39 39 39 39 39 39 39 39 39 39 39 39    388
FEB  39 39 39 39 39 39 39 39 39 39 39 39 39 39 39 39 39 39 39 39 38 38 38 38 38 39 39 39             388
MAR  39 39 39 39 39 39 39 39 39 39 39 39 39 39 39 40 40 40 40 40 40 40 40 40 40 41 41 41 41 41 41    397
APR  41 42 42 42 42 42 43 43 43 43 43 44 44 44 44 44 45 45 45 45 46 46 46 46 47 47 47 48 48 48       445
MAY  48 49 49 49 50 50 50 51 51 51 51 52 52 52 52 53 53 53 54 54 54 54 55 55 55 55 56 56 56 57 57    527
JUN  57 57 58 58 58 58 59 59 59 59 60 60 60 60 61 61 61 62 62 62 62 63 63 63 63 64 64 64 65 65       609
JUL  65 65 66 66 66 66 66 67 67 67 67 67 68 68 68 68 68 68 68 68 68 68 69 69 69 69 69 69 69 69 69    676
AUG  69 69 69 68 68 68 68 68 68 68 68 68 68 68 68 67 67 67 67 67 67 67 67 66 66 66 66 66 66 66 65    673
SEP  65 65 65 65 64 64 64 64 64 64 63 63 63 63 62 62 62 62 62 61 61 61 61 61 60 60 60 60 59 59       623
OCT  59 59 58 58 58 58 57 57 57 56 56 56 55 55 55 54 54 54 53 53 53 52 52 51 51 50 50 50 49 49 48    541
NOV  48 47 47 46 46 46 45 45 44 44 44 43 43 43 42 42 42 42 41 41 41 41 41 40 40 40 40 40 40 40       428
DEC  40 40 40 39 39 39 39 39 39 39 39 39 39 39 39 39 39 39 39 39 39 39 39 39 39 39 39 39 39 39 39    391
                                                                                                        
-------------------------------------------------------------------------------------------------       
 Heating Degree Days                                                                                    
 DAY  1  2  3  4  5  6  7  8  9 10 11 12 13 14 15 16 17 18 19 20 21 22 23 24 25 26 27 28 29 30 31  MONTH
-------------------------------------------------------------------------------------------------       
JAN  26 26 26 26 26 26 26 26 26 26 26 26 26 26 26 26 26 26 26 26 26 26 26 26 27 27 27 27 27 27 27    813
FEB  26 26 27 27 27 27 27 26 26 26 26 26 26 26 26 26 26 26 26 26 26 26 26 26 26 26 26 26             733
MAR  26 26 26 26 26 26 26 25 25 25 25 25 25 25 25 25 25 25 25 25 24 24 24 24 24 24 24 24 24 23 23    769
APR  23 23 23 23 23 23 22 22 22 22 22 21 21 21 21 21 20 20 20 20 20 19 19 19 19 18 18 18 17 17       617
MAY  17 17 16 16 16 16 15 15 15 14 14 14 14 13 13 13 12 12 12 12 11 11 11 11 10 10 10 10  9  9  9    397
JUN   9  8  8  8  8  7  7  7  7  6  6  6  6  6  5  5  5  5  5  5  4  4  4  4  4  4  3  3  3  3       165
JUL   3  3  3  2  2  2  2  2  2  2  2  2  2  2  1  1  1  1  1  1  1  1  1  1  1  1  1  1  1  1  1     48
AUG   1  1  1  1  1  1  1  1  1  1  1  1  1  1  2  2  2  2  2  2  2  2  2  2  2  3  3  3  3  3  3     54
SEP   3  3  4  4  4  4  4  4  5  5  5  5  5  5  5  6  6  6  6  6  6  7  7  7  7  7  7  7  8  8       166
OCT   8  8  8  8  9  9  9  9 10 10 10 10 11 11 11 11 12 12 12 13 13 14 14 14 15 15 15 16 16 17 17    367
NOV  18 18 18 19 19 20 20 20 21 21 21 22 22 22 23 23 23 23 24 24 24 24 24 24 25 25 25 25 25 25       667
DEC  25 25 25 26 26 26 26 26 26 26 26 26 26 26 26 26 26 26 26 26 26 26 26 26 26 26 26 26 26 26 26    803
                                                                                                        
-------------------------------------------------------------------------------------------------       
 Cooling Degree Days                                                                                    
 DAY  1  2  3  4  5  6  7  8  9 10 11 12 13 14 15 16 17 18 19 20 21 22 23 24 25 26 27 28 29 30 31  MONTH
-------------------------------------------------------------------------------------------------       
JAN   0  0  0  0  0  0  0  0  0  0  0  0  0  0  0  0  0  0  0  0  0  0  0  0  0  0  0  0  0  0  0      0
FEB   0  0  0  0  0  0  0  0  0  0  0  0  0  0  0  0  0  0  0  0  0  0  0  0  0  0  0  0               0
MAR   0  0  0  0  0  0  0  0  0  0  0  0  0  0  0  0  0  0  0  0  0  0  0  0  0  0  0  0  0  0  0      0
APR   0  0  0  0  0  0  0  0  0  0  0  0  0  0  0  0  0  0  0  0  0  0  0  0  0  0  0  0  0-99         1
MAY   0  0  0  0  0  0  0  0  0  0  0  0  0  0  0  0  1  1  1  1  1  1  1  1  1  1  1  1  1  1  1     15
JUN   1  1  1  1  1  1  1  1  1  1  1  1  1  1  1  1  1  1  1  1  2  2  2  2  2  2  2  2  2  3        41
JUL   3  3  3  3  3  3  4  4  4  4  4  4  4  4  4  4  4  4  4  4  5  5  5  5  5  5  5  5  5  5  5    129
AUG   5  4  4  4  4  4  4  4  4  4  4  4  4  4  4  4  4  4  4  4  4  4  4  4  4  4  4  4  4  4  4    125
SEP   4  4  3  3  3  3  3  3  3  3  3  3  3  3  3  3  3  3  3  3  3  3  2  2  2  2  2  2  2  2        84
OCT   2  2  2  2  2  1  1  1  1  1  1  1  1  1  1  1  1  1  1  1  1  1  1  0  0  0  0  0  0  0  0     28
NOV   0  0  0  0  0  0  0  0  0  0  0  0  0  0  0  0  0  0  0  0  0  0  0  0  0  0  0  0  0  0         0
DEC   0  0  0  0  0  0  0  0  0  0  0  0  0  0  0  0  0  0  0  0  0  0  0  0  0  0  0  0  0  0  0      0
                                                                                                        
-------------------------------------------------------------------------------------------------       
 Total  Precipitation (Hundreths of an Inch)                                                            
 DAY  1  2  3  4  5  6  7  8  9 10 11 12 13 14 15 16 17 18 19 20 21 22 23 24 25 26 27 28 29 30 31  MONTH
-------------------------------------------------------------------------------------------------       
JAN  32 32 33 34 34 34 35 35 36 36 37 37 37 38 38 38 39 39 39 40 40 40 40 41 41 41 41 41 41 41 42   1172
FEB  41 42 42 42 42 42 42 42 42 42 42 42 42 42 41 41 41 41 41 41 41 41 41 41 40 40 40 40            1157
MAR  40 40 39 39 39 39 38 38 38 37 37 36 36 36 35 35 34 34 33 32 32 31 31 30 29 29 28 27 27 26 25   1050
APR  24 24 23 22 22 21 20 20 19 18 18 17 17 16 16 16 15 15 14 14 14 13 13 13 13 13 12 12 12 12       498
MAY  12 12 12 12 11 11 11 11 11 11 11 10 10 10 10 10 10  9  9  9  9  8  8  8  8  7  7  7  7  6  6    293
JUN   6  6  5  5  5  4  4  4  4  4  3  3  3  3  3  2  2  2  2  2  2  2  2  2  2  2  1  1  1  1        88
JUL   2  2  2  2  2  2  1  1  1  1  1  1  1  1  1  1  1  1  1  1  1  1  1  1  1  1  1  1  1  1  1     37
AUG   1  1  1  1  1  1  1  1  1  1  1  1  1  1  1  1  1  1  1  1  1  2  2  2  2  2  2  2  2  3  3     43
SEP   3  3  3  3  3  4  4  4  4  4  4  4  5  5  5  5  5  5  5  5  6  6  6  6  6  6  6  6  6  7       144
OCT   7  7  7  7  7  8  8  8  8  9  9 10 10 10 11 11 12 12 13 14 14 15 16 16 17 18 19 20 20 21 22    386
NOV  23 24 25 26 27 27 28 29 29 30 30 30 31 31 32 32 32 32 32 32 32 32 32 32 32 32 31 31 31 30       897
DEC  30 29 29 28 28 28 28 27 27 27 27 27 27 27 27 27 27 27 27 27 27 28 28 28 29 29 29 30 30 31 31    871
                                                                                                        
