-------------------------------------------------------------------------------------------------       
 1971-2000 Daily/Monthly Station Normals                                                                
 Provided by National Climatic Data Center/NESDIS/NOAA                                                  
-------------------------------------------------------------------------------------------------       
 Station COOP ID:                           040819                                                      
 Station Name, State, Division, Call:       BISHOP CREEK INTAKE 2              CA 07                    
 Latitude, Longitude, Elevation, Elements:  37 14 53 -118 34 53  8154   P                               
-------------------------------------------------------------------------------------------------       
 Total  Precipitation (Hundreths of an Inch)                                                            
 DAY  1  2  3  4  5  6  7  8  9 10 11 12 13 14 15 16 17 18 19 20 21 22 23 24 25 26 27 28 29 30 31  MONTH
-------------------------------------------------------------------------------------------------       
JAN   6  6  6  6  6  6  6  6  6  6  6  6  6  7  7  7  7  7  7  7  7  7  7  7  7  7  7  7  7  7  7    204
FEB   7  7  7  7  7  7  7  8  8  8  8  8  8  8  7  7  7  7  7  7  7  7  7  7  7  7  7  7             203
MAR   7  7  7  7  7  7  7  7  7  6  6  6  6  6  6  6  6  6  6  6  5  5  5  5  5  5  5  5  4  4  4    181
APR   4  4  4  4  4  3  3  3  3  3  3  3  3  3  3  3  3  2  2  2  2  2  2  2  2  2  2  2  2  2        82
MAY   2  2  2  2  2  2  2  3  3  3  2  2  2  2  2  2  2  2  2  2  2  2  2  2  2  2  2  2  2  2  2     65
JUN   2  2  2  2  2  2  2  2  2  2  2  2  1  1  1  1  1  1  1  1  1  1  1  1  1  1  1  1  1  1        42
JUL   1  1  1  1  1  1  1  1  1  1  1  1  1  1  2  2  2  2  2  2  2  2  2  2  2  1  1  1  1  1  1     42
AUG   1  1  1  1  1  1  1  1  1  1  1  1  2  2  2  2  2  2  2  2  2  2  2  2  2  2  2  2  2  2  2     50
SEP   2  2  2  2  2  2  3  3  3  3  3  3  3  3  3  3  3  3  3  3  2  2  2  2  2  2  2  2  2  2        74
OCT   2  2  2  2  2  2  2  2  2  1  1  1  1  2  2  2  2  2  2  2  2  2  2  2  2  2  2  2  3  3  3     61
NOV   3  3  3  3  4  4  4  4  4  4  4  4  4  4  5  5  5  5  5  5  5  5  5  5  5  5  5  5  5  5       132
DEC   5  5  5  5  5  5  5  5  5  5  5  5  5  5  5  5  5  5  5  5  5  5  5  5  5  5  5  5  6  6  6    158
                                                                                                        
