-------------------------------------------------------------------------------------------------       
 1971-2000 Daily/Monthly Station Normals                                                                
 Provided by National Climatic Data Center/NESDIS/NOAA                                                  
-------------------------------------------------------------------------------------------------       
 Station COOP ID:                           044422                                                      
 Station Name, State, Division, Call:       JUNCAL DAM                         CA 06                    
 Latitude, Longitude, Elevation, Elements:  34 29 27 -119 30 25  2227   P                               
-------------------------------------------------------------------------------------------------       
 Total  Precipitation (Hundreths of an Inch)                                                            
 DAY  1  2  3  4  5  6  7  8  9 10 11 12 13 14 15 16 17 18 19 20 21 22 23 24 25 26 27 28 29 30 31  MONTH
-------------------------------------------------------------------------------------------------       
JAN  16 17 17 17 17 18 18 18 18 19 19 19 20 20 20 21 21 21 22 22 22 23 23 24 24 25 25 26 26 27 27    652
FEB  28 28 29 29 29 30 30 30 31 31 31 31 31 31 31 31 31 31 31 31 31 30 30 30 30 29 29 28             842
MAR  28 27 27 27 26 26 25 25 24 24 23 22 22 21 21 20 20 19 19 18 18 17 16 16 15 15 14 13 13 12 11    624
APR  11 10 10  9  9  8  8  7  7  6  6  5  5  5  4  4  4  3  3  3  3  3  3  2  2  2  2  2  2  2       150
MAY   2  2  2  2  2  3  3  3  3  3  3  3  3  2  2  2  2  2  2  2  2  2  2  2  2  2  2  2  2  1  1     68
JUN   1  1  1  1  1  1  1  1  0  0  0  0  0  0  0  0  0  0  0  0  0  0  0  0  0  0  0  0  0  0         8
JUL   0  0  0  0  0  0  0  0  0  0  0  0  0  0  0  1  1  1  1  0  0  0  0  0  0  0  0  0  0  0  0      4
AUG   0  0  0  0  0  0  0  0  0  0  0  0  0  0  0  0  0  0  0  0  0  0  0  0  0  0  0  0  1  1  1      3
SEP   1  1  1  1  1  1  1  1  1  1  1  1  1  1  1  1  1  1  1  2  2  2  2  2  2  2  2  2  2  2        41
OCT   2  2  2  2  2  2  2  2  2  2  3  3  3  3  3  3  3  3  3  3  3  4  4  4  4  4  4  4  4  5  5     95
NOV   5  5  5  5  5  6  6  6  6  6  6  7  7  7  7  7  8  8  8  8  8  8  9  9  9  9  9 10 10 10       219
DEC  10 10 11 11 11 11 11 12 12 12 12 12 13 13 13 13 13 14 14 14 14 14 15 15 15 15 15 16 16 16 16    409
                                                                                                        
