-------------------------------------------------------------------------------------------------       
 1971-2000 Daily/Monthly Station Normals                                                                
 Provided by National Climatic Data Center/NESDIS/NOAA                                                  
-------------------------------------------------------------------------------------------------       
 Station COOP ID:                           047731                                                      
 Station Name, State, Division, Call:       SAN CLEMENTE DAM                   CA 04                    
 Latitude, Longitude, Elevation, Elements:  36 26 15 -121 42 33   600   P                               
-------------------------------------------------------------------------------------------------       
 Total  Precipitation (Hundreths of an Inch)                                                            
 DAY  1  2  3  4  5  6  7  8  9 10 11 12 13 14 15 16 17 18 19 20 21 22 23 24 25 26 27 28 29 30 31  MONTH
-------------------------------------------------------------------------------------------------       
JAN  13 13 13 13 13 13 13 14 14 14 14 14 14 15 15 15 15 15 15 15 15 15 16 16 16 16 16 16 16 16 16    454
FEB  16 16 17 17 17 17 17 17 17 17 17 17 17 17 17 17 17 17 17 17 17 16 16 16 16 16 16 16             467
MAR  16 16 16 15 15 15 15 15 15 14 14 14 14 14 13 13 13 13 12 12 12 12 11 11 11 10 10 10  9  9  9    398
APR   8  8  8  7  7  7  7  6  6  6  5  5  5  5  4  4  4  4  4  4  3  3  3  3  3  3  3  2  2  2       141
MAY   2  2  2  2  2  2  2  2  2  2  2  2  1  1  1  1  1  1  1  1  1  1  1  1  1  1  1  1  1  1  1     43
JUN   1  1  1  1  1  1  1  1  1  1  1  1  0  0  0  0  0  0  0  0  0  0  0  0  0  0  0  0  0  0        12
JUL   1  1  1  1  1  0  0  0  0  0  0  0  0  0  0  0  0  0  0  0  0  0  0  0  0  0  0  0  0  0  0      5
AUG   0  0  0  0  0  0  0  0  0  0  0  0  0  0  0  0  0  0  0  0  0  0  0  0  0  1  1  1  1  1  1      6
SEP   0  0  0  0  0  0  1  1  1  1  1  1  1  1  1  1  1  1  1  1  1  1  1  1  1  1  1  1  1  1        24
OCT   1  2  2  2  2  2  2  2  2  2  2  2  2  3  3  3  3  3  3  3  3  4  4  4  4  4  4  5  5  5  5     93
NOV   5  5  6  6  6  6  6  6  7  7  7  7  7  7  7  7  8  8  8  8  8  8  8  8  8  9  9  9  9  9       219
DEC   9  9  9  9  9  9  9  9 10 10 10 10 10 10 10 10 10 10 11 11 11 11 11 11 11 12 12 12 12 12 12    321
                                                                                                        
