-------------------------------------------------------------------------------------------------       
 1971-2000 Daily/Monthly Station Normals                                                                
 Provided by National Climatic Data Center/NESDIS/NOAA                                                  
-------------------------------------------------------------------------------------------------       
 Station COOP ID:                           049699                                                      
 Station Name, State, Division, Call:       WILLOWS 6 W                        CA 02                    
 Latitude, Longitude, Elevation, Elements:  39 31 23 -122 18 21   233 XNP                               
-------------------------------------------------------------------------------------------------       
 Minimum Temperature (deg F [tenths deg F for monthly])                                                 
 DAY  1  2  3  4  5  6  7  8  9 10 11 12 13 14 15 16 17 18 19 20 21 22 23 24 25 26 27 28 29 30 31  MONTH
-------------------------------------------------------------------------------------------------       
JAN  35 35 35 35 35 35 35 35 35 35 35 35 35 35 35 35 35 35 36 36 36 36 36 36 36 36 36 36 37 37 37    355
FEB  37 37 37 37 38 38 38 38 38 38 38 38 38 39 39 39 39 39 39 39 39 39 40 40 40 40 40 40             386
MAR  40 40 40 40 40 40 41 41 41 41 41 41 41 41 41 41 41 41 41 42 42 42 42 42 42 42 42 42 42 42 42    412
APR  42 42 42 42 43 43 43 43 43 43 43 43 44 44 44 44 44 44 45 45 45 45 45 46 46 46 46 47 47 47       442
MAY  47 48 48 48 48 49 49 49 50 50 50 50 50 51 51 51 51 52 52 52 52 53 53 53 53 53 54 54 54 54 55    511
JUN  55 55 55 55 56 56 56 56 56 56 57 57 57 57 57 57 58 58 58 58 58 58 59 59 59 59 59 59 59 60       573
JUL  60 60 60 60 60 60 60 60 60 60 60 61 61 61 61 61 61 61 61 61 61 61 61 60 60 60 60 60 60 60 60    604
AUG  60 60 60 60 59 59 59 59 59 59 59 59 59 59 59 59 58 58 58 58 58 58 58 58 58 58 58 58 58 58 57    586
SEP  57 57 57 57 57 57 57 57 57 57 57 56 56 56 56 56 56 56 56 55 55 55 55 55 55 54 54 54 54 53       558
OCT  53 53 53 53 52 52 52 52 51 51 51 51 50 50 50 49 49 49 49 48 48 48 47 47 47 46 46 46 45 45 45    493
NOV  44 44 44 43 43 43 42 42 42 42 41 41 41 40 40 40 40 39 39 39 39 38 38 38 38 38 37 37 37 37       402
DEC  37 36 36 36 36 36 36 36 36 35 35 35 35 35 35 35 35 35 35 35 35 35 35 35 35 34 34 34 34 35 35    352
                                                                                                        
-------------------------------------------------------------------------------------------------       
 Maximum Temperature (deg F [tenths deg F for monthly])                                                 
 DAY  1  2  3  4  5  6  7  8  9 10 11 12 13 14 15 16 17 18 19 20 21 22 23 24 25 26 27 28 29 30 31  MONTH
-------------------------------------------------------------------------------------------------       
JAN  54 54 54 54 54 54 54 54 54 54 54 54 54 55 55 55 55 55 55 55 55 56 56 56 56 56 57 57 57 57 58    551
FEB  58 58 58 59 59 59 59 59 60 60 60 60 61 61 61 61 61 61 62 62 62 62 62 62 62 62 63 63             606
MAR  63 63 63 63 63 63 64 64 64 64 64 64 64 65 65 65 65 65 65 66 66 66 66 66 67 67 67 67 68 68 68    651
APR  68 69 69 69 69 70 70 70 70 71 71 71 71 72 72 72 72 73 73 73 74 74 74 74 75 75 75 75 76 76       721
MAY  76 77 77 77 77 78 78 78 78 79 79 79 79 80 80 80 80 81 81 81 82 82 82 82 83 83 83 83 83 84 84    802
JUN  84 84 85 85 85 85 86 86 86 86 87 87 87 87 88 88 88 88 88 89 89 89 89 90 90 90 90 90 91 91       876
JUL  91 91 92 92 92 92 92 92 93 93 93 93 93 93 93 93 93 93 93 93 93 94 93 93 93 93 93 93 93 93 93    927
AUG  93 93 93 93 92 92 92 92 92 92 92 92 92 92 92 91 91 91 91 91 91 91 91 91 91 91 91 90 90 90 90    915
SEP  90 90 90 90 90 90 89 89 89 89 89 89 89 88 88 88 88 88 88 87 87 87 87 87 86 86 86 86 85 85       880
OCT  85 85 84 84 84 83 83 83 82 82 82 81 81 80 80 79 79 79 78 78 77 77 76 76 75 75 74 73 73 72 72    791
NOV  71 70 70 69 69 68 68 67 66 66 65 65 65 64 64 63 63 62 62 62 61 61 61 60 60 60 59 59 59 58       639
DEC  58 58 58 58 57 57 57 57 56 56 56 56 56 56 56 55 55 55 55 55 55 55 55 54 54 54 54 54 54 54 54    556
                                                                                                        
-------------------------------------------------------------------------------------------------       
 Average Temperature (deg F [tenths deg F for monthly])                                                 
 DAY  1  2  3  4  5  6  7  8  9 10 11 12 13 14 15 16 17 18 19 20 21 22 23 24 25 26 27 28 29 30 31  MONTH
-------------------------------------------------------------------------------------------------       
JAN  44 44 44 44 44 44 44 44 45 45 45 45 45 45 45 45 45 45 45 46 46 46 46 46 46 46 47 47 47 47 47    453
FEB  47 48 48 48 48 48 49 49 49 49 49 49 50 50 50 50 50 50 50 50 51 51 51 51 51 51 51 51             496
MAR  51 52 52 52 52 52 52 52 52 52 53 53 53 53 53 53 53 53 53 54 54 54 54 54 54 54 55 55 55 55 55    532
APR  55 55 56 56 56 56 56 57 57 57 57 57 58 58 58 58 58 59 59 59 59 60 60 60 60 60 61 61 61 62       582
MAY  62 62 62 63 63 63 63 64 64 64 65 65 65 65 66 66 66 66 67 67 67 67 67 68 68 68 68 69 69 69 69    657
JUN  70 70 70 70 70 71 71 71 71 71 72 72 72 72 72 73 73 73 73 73 74 74 74 74 74 75 75 75 75 75       725
JUL  75 76 76 76 76 76 76 76 76 76 77 77 77 77 77 77 77 77 77 77 77 77 77 77 77 77 77 77 77 77 76    766
AUG  76 76 76 76 76 76 76 76 76 76 76 75 75 75 75 75 75 75 75 75 75 75 75 74 74 74 74 74 74 74 74    751
SEP  74 74 74 74 73 73 73 73 73 73 73 73 72 72 72 72 72 72 72 71 71 71 71 71 70 70 70 70 69 69       719
OCT  69 69 69 68 68 68 67 67 67 67 66 66 66 65 65 64 64 64 63 63 63 62 62 61 61 60 60 60 59 59 58    642
NOV  58 57 57 56 56 55 55 55 54 54 53 53 53 52 52 52 51 51 51 50 50 50 49 49 49 49 48 48 48 48       521
DEC  47 47 47 47 47 47 46 46 46 46 46 46 46 45 45 45 45 45 45 45 45 45 45 45 44 44 44 44 44 44 44    454
                                                                                                        
-------------------------------------------------------------------------------------------------       
 Heating Degree Days                                                                                    
 DAY  1  2  3  4  5  6  7  8  9 10 11 12 13 14 15 16 17 18 19 20 21 22 23 24 25 26 27 28 29 30 31  MONTH
-------------------------------------------------------------------------------------------------       
JAN  21 21 21 21 21 21 21 20 20 20 20 20 20 20 20 20 20 20 20 19 19 19 19 19 19 19 18 18 18 18 18    610
FEB  18 17 17 17 17 17 16 16 16 16 16 16 15 15 15 15 15 15 15 15 14 14 14 14 14 14 14 14             431
MAR  14 14 14 13 13 13 13 13 13 13 13 13 12 12 12 12 12 12 12 12 11 11 11 11 11 11 11 10 10 10 10    372
APR  10 10 10  9  9  9  9  9  9  8  8  8  8  8  8  7  7  7  7  7  7  7  6  6  6  6  6  6  6  5       228
MAY   5  5  5  5  5  5  5  4  4  4  4  4  4  4  3  3  3  3  3  3  3  3  3  2  2  2  2  2  2  2  2    106
JUN   2  2  1  1  1  1  1  1  1  1  1  1  1  1  0  0  0  0  0  0  0  0  0  0  0  0  0  0  0  0        16
JUL   0  0  0  0  0  0  0  0  0  0  0  0  0  0  0  0  0  0  0  0  0  0  0  0  0  0  0  0  0  0  0      0
AUG   0  0  0  0  0  0  0  0  0  0  0  0  0  0  0  0  0  0  0  0  0  0  0  0  0  0  0  0  0  0  0      0
SEP   0  0  0  0  0  0  0  0  0  0  0  0  0  0  0  0  0  0  1  1  1  1  1  1  1  1  1  1  1  1        12
OCT   1  1  1  1  1  1  1  1  1  2  2  2  2  2  3  3  3  3  4  4  4  4  5  5  5  6  6  6  7  7  8    102
NOV   8  8  9  9 10 10 10 11 11 11 12 12 12 13 13 13 14 14 14 15 15 15 16 16 16 16 17 17 17 17       391
DEC  17 18 18 18 18 18 19 19 19 19 19 19 19 20 20 20 20 20 20 20 20 20 20 20 20 21 21 21 21 21 21    606
                                                                                                        
-------------------------------------------------------------------------------------------------       
 Cooling Degree Days                                                                                    
 DAY  1  2  3  4  5  6  7  8  9 10 11 12 13 14 15 16 17 18 19 20 21 22 23 24 25 26 27 28 29 30 31  MONTH
-------------------------------------------------------------------------------------------------       
JAN   0  0  0  0  0  0  0  0  0  0  0  0  0  0  0  0  0  0  0  0  0  0  0  0  0  0  0  0  0  0  0      0
FEB   0  0  0  0  0  0  0  0  0  0  0  0  0  0  0  0  0  0  0  0  0  0  0  0  0  0  0  0               0
MAR   0  0  0  0  0  0  0  0  0  0  0  0  0  0-99-99-99-99-99  0  0  0  0  0  0  0  0  0  0  0  0      5
APR   0  0  0  0  0  0  0  0  0  0  0  0  0  0  1  1  1  1  1  1  1  1  1  1  1  2  2  2  2  2        21
MAY   2  2  2  3  3  3  3  3  3  3  3  4  4  4  4  4  4  4  4  5  5  5  5  5  5  5  5  6  6  6  6    126
JUN   6  6  6  6  7  7  7  7  7  7  7  7  8  8  8  8  8  8  8  9  9  9  9  9  9 10 10 10 10 10       240
JUL  10 10 11 11 11 11 11 11 11 11 11 12 12 12 12 12 12 12 12 12 12 12 12 12 12 12 12 12 12 11 11    357
AUG  11 11 11 11 11 11 11 11 11 11 10 10 10 10 10 10 10 10 10 10 10 10 10  9  9  9  9  9  9  9  9    312
SEP   9  9  9  9  9  8  8  8  8  8  8  8  8  8  8  7  7  7  7  7  7  6  6  6  6  6  6  5  5  5       218
OCT   5  5  4  4  4  4  4  4  3  3  3  3  3  3  2  2  2  2  2  2  2  2  1  1  1  1  1  1  1  1  1     77
NOV   1  1  0  0  0  0  0  0  0  0  0  0  0  0  0  0  0  0  0  0  0  0  0  0  0  0  0  0  0  0         2
DEC   0  0  0  0  0  0  0  0  0  0  0  0  0  0  0  0  0  0  0  0  0  0  0  0  0  0  0  0  0  0  0      0
                                                                                                        
-------------------------------------------------------------------------------------------------       
 Total  Precipitation (Hundreths of an Inch)                                                            
 DAY  1  2  3  4  5  6  7  8  9 10 11 12 13 14 15 16 17 18 19 20 21 22 23 24 25 26 27 28 29 30 31  MONTH
-------------------------------------------------------------------------------------------------       
JAN  10 11 11 11 11 12 12 12 12 12 12 12 13 13 13 13 13 13 13 13 13 13 13 13 13 13 14 14 14 14 13    389
FEB  14 13 13 13 13 13 13 13 13 13 13 13 13 13 13 13 13 13 13 13 13 13 12 12 12 12 12 12             359
MAR  12 12 12 12 11 11 11 11 11 11 11 10 10 10 10 10 10  9  9  9  9  8  8  8  8  8  7  7  7  6  6    294
APR   6  6  5  5  5  5  4  4  4  4  4  3  3  3  3  3  3  3  3  2  2  2  2  2  2  2  2  2  2  2        98
MAY   2  2  2  2  3  3  3  3  3  3  3  3  3  3  3  3  3  3  3  3  3  2  2  2  2  2  2  2  2  2  2     79
JUN   2  2  2  2  2  1  1  1  1  1  1  1  1  1  1  1  1  1  1  1  1  1  1  1  0  0  0  0  0  0        29
JUL   1  1  1  1  1  1  0  0  0  0  0  0  0  0  0  0  0  0  0  0  0  0  0  0  0  0  0  0  0  0  0      6
AUG   0  0  0  0  0  0  0  0  0  0  0  0  0  0  0  0  0  0  0  0  0  0  1  1  1  1  1  1  1  1  1      9
SEP   1  1  1  1  1  1  1  1  1  1  1  1  1  1  1  1  1  1  1  1  1  1  1  1  1  1  2  2  2  2        34
OCT   1  2  2  2  2  2  2  2  2  2  2  2  2  3  3  3  3  3  3  3  4  4  4  4  4  5  5  5  5  6  6     98
NOV   6  6  7  7  7  7  7  8  8  8  8  8  8  8  8  8  9  9  9  9  9  9  9  9  9  9  9  9  8  8       243
DEC   8  8  8  8  8  8  8  8  8  8  8  8  8  8  8  8  8  8  8  9  9  9  9  9  9  9 10 10 10 10 10    265
                                                                                                        
