-------------------------------------------------------------------------------------------------       
 1971-2000 Daily/Monthly Station Normals                                                                
 Provided by National Climatic Data Center/NESDIS/NOAA                                                  
-------------------------------------------------------------------------------------------------       
 Station COOP ID:                           046926                                                      
 Station Name, State, Division, Call:       PINNACLES NATL MONUMENT            CA 04                    
 Latitude, Longitude, Elevation, Elements:  36 28 54 -121 10 56  1307 XNP                               
-------------------------------------------------------------------------------------------------       
 Minimum Temperature (deg F [tenths deg F for monthly])                                                 
 DAY  1  2  3  4  5  6  7  8  9 10 11 12 13 14 15 16 17 18 19 20 21 22 23 24 25 26 27 28 29 30 31  MONTH
-------------------------------------------------------------------------------------------------       
JAN  32 32 33 33 33 33 33 33 33 33 33 33 33 33 34 34 34 34 34 34 34 34 34 34 34 34 34 35 35 35 35    336
FEB  35 35 35 35 35 35 35 35 35 35 36 36 36 36 36 36 36 36 36 36 36 36 36 36 37 37 37 37             358
MAR  37 37 37 37 37 37 37 37 37 37 37 37 38 38 38 38 38 38 38 38 38 38 38 38 38 38 38 38 38 38 38    376
APR  38 38 38 38 38 39 39 39 39 39 39 39 39 39 39 39 39 39 40 40 40 40 40 40 40 40 40 41 41 41       393
MAY  41 41 41 41 41 42 42 42 42 42 42 42 43 43 43 43 43 43 43 43 44 44 44 44 44 44 44 44 45 45 45    429
JUN  45 45 45 45 45 46 46 46 46 46 46 46 46 46 47 47 47 47 47 47 48 48 48 48 48 48 49 49 49 49       468
JUL  49 50 50 50 50 50 50 50 51 51 51 51 51 51 51 51 51 51 51 51 51 51 51 51 51 51 51 51 51 51 51    507
AUG  51 51 51 51 51 51 51 51 51 50 50 50 50 50 50 50 50 50 50 50 50 50 50 50 50 50 50 50 50 50 50    503
SEP  50 50 50 50 50 49 49 49 49 49 49 49 49 49 49 48 48 48 48 48 48 48 47 47 47 47 47 46 46 46       483
OCT  46 46 45 45 45 45 44 44 44 44 44 43 43 43 43 42 42 42 42 42 41 41 41 41 41 40 40 40 40 40 39    425
NOV  39 39 39 39 39 38 38 38 38 38 37 37 37 37 37 36 36 36 36 36 36 35 35 35 35 35 35 34 34 34       366
DEC  34 34 34 33 33 33 33 33 33 33 33 33 32 32 32 32 32 32 32 32 32 32 32 32 32 32 32 32 32 32 32    325
                                                                                                        
-------------------------------------------------------------------------------------------------       
 Maximum Temperature (deg F [tenths deg F for monthly])                                                 
 DAY  1  2  3  4  5  6  7  8  9 10 11 12 13 14 15 16 17 18 19 20 21 22 23 24 25 26 27 28 29 30 31  MONTH
-------------------------------------------------------------------------------------------------       
JAN  62 62 62 62 62 62 62 62 62 62 62 62 63 63 63 63 63 63 63 63 63 63 63 63 63 63 63 63 64 64 64    627
FEB  64 64 64 64 64 64 64 64 65 65 65 65 65 65 65 65 65 65 65 65 65 65 65 65 65 65 65 65             647
MAR  65 65 65 65 65 65 66 66 66 66 66 66 66 66 66 66 66 67 67 67 67 67 67 68 68 68 68 68 69 69 69    666
APR  69 69 70 70 70 70 71 71 71 71 72 72 72 72 73 73 73 73 73 74 74 74 74 75 75 75 75 75 76 76       726
MAY  76 76 76 77 77 77 77 78 78 78 78 78 79 79 79 79 80 80 80 81 81 81 81 82 82 82 83 83 83 83 84    796
JUN  84 84 85 85 85 85 86 86 86 87 87 87 88 88 88 88 89 89 89 89 90 90 90 90 91 91 91 91 92 92       881
JUL  92 92 93 93 93 93 93 94 94 94 94 94 94 95 95 95 95 95 95 95 95 95 95 95 95 95 95 96 96 96 95    944
AUG  95 95 95 95 95 95 95 95 95 95 95 95 95 95 95 95 95 95 94 94 94 94 94 94 94 94 94 94 93 93 93    945
SEP  93 93 93 92 92 92 92 92 92 91 91 91 91 91 91 90 90 90 90 90 89 89 89 89 88 88 88 88 87 87       903
OCT  87 87 86 86 86 85 85 85 85 84 84 84 83 83 83 82 82 81 81 81 80 80 79 79 79 78 78 77 77 76 76    819
NOV  75 75 74 74 74 73 73 72 72 72 71 71 70 70 70 69 69 69 68 68 68 68 67 67 67 67 66 66 66 66       699
DEC  65 65 65 65 65 65 64 64 64 64 64 64 64 63 63 63 63 63 63 63 63 63 63 63 62 62 62 62 62 62 62    634
                                                                                                        
-------------------------------------------------------------------------------------------------       
 Average Temperature (deg F [tenths deg F for monthly])                                                 
 DAY  1  2  3  4  5  6  7  8  9 10 11 12 13 14 15 16 17 18 19 20 21 22 23 24 25 26 27 28 29 30 31  MONTH
-------------------------------------------------------------------------------------------------       
JAN  47 47 47 47 48 48 48 48 48 48 48 48 48 48 48 48 48 48 48 48 48 49 49 49 49 49 49 49 49 49 49    482
FEB  49 49 49 50 50 50 50 50 50 50 50 50 50 50 50 50 50 51 51 51 51 51 51 51 51 51 51 51             503
MAR  51 51 51 51 51 51 51 51 51 52 52 52 52 52 52 52 52 52 52 52 52 53 53 53 53 53 53 53 53 54 54    521
APR  54 54 54 54 54 55 55 55 55 55 55 55 56 56 56 56 56 56 57 57 57 57 57 57 57 58 58 58 58 58       560
MAY  59 59 59 59 59 59 60 60 60 60 60 60 61 61 61 61 61 62 62 62 62 62 63 63 63 63 63 64 64 64 64    613
JUN  64 65 65 65 65 66 66 66 66 66 67 67 67 67 67 68 68 68 68 68 69 69 69 69 69 70 70 70 70 71       675
JUL  71 71 71 71 72 72 72 72 72 72 73 73 73 73 73 73 73 73 73 73 73 73 73 73 73 73 73 73 73 73 73    726
AUG  73 73 73 73 73 73 73 73 73 73 73 73 73 73 72 72 72 72 72 72 72 72 72 72 72 72 72 72 72 71 71    724
SEP  71 71 71 71 71 71 71 71 70 70 70 70 70 70 70 69 69 69 69 69 69 68 68 68 68 67 67 67 67 67       693
OCT  66 66 66 66 65 65 65 64 64 64 64 63 63 63 63 62 62 62 61 61 61 61 60 60 60 59 59 59 58 58 58    622
NOV  57 57 57 56 56 56 56 55 55 55 54 54 54 54 53 53 53 52 52 52 52 52 51 51 51 51 50 50 50 50       533
DEC  50 50 49 49 49 49 49 49 49 48 48 48 48 48 48 48 48 48 48 48 47 47 47 47 47 47 47 47 47 47 47    480
                                                                                                        
-------------------------------------------------------------------------------------------------       
 Heating Degree Days                                                                                    
 DAY  1  2  3  4  5  6  7  8  9 10 11 12 13 14 15 16 17 18 19 20 21 22 23 24 25 26 27 28 29 30 31  MONTH
-------------------------------------------------------------------------------------------------       
JAN  18 18 18 18 17 17 17 17 17 17 17 17 17 17 17 17 17 17 17 17 17 17 16 16 16 16 16 16 16 16 16    522
FEB  16 16 16 15 15 15 15 15 15 15 15 15 15 15 15 15 15 15 14 14 14 14 14 14 14 14 14 14             413
MAR  14 14 14 14 14 14 14 14 14 13 13 13 13 13 13 13 13 13 13 13 13 13 12 12 12 12 12 12 12 12 12    403
APR  11 11 11 11 11 11 11 11 10 10 10 10 10 10 10  9  9  9  9  9  9  9  9  8  8  8  8  8  8  8       286
MAY   7  7  7  7  7  7  7  7  6  6  6  6  6  6  6  5  5  5  5  5  5  5  4  4  4  4  4  4  4  3  3    167
JUN   3  3  3  3  2  2  2  2  2  2  2  2  2  1  1  1  1  1  1  1  1  1  1  1  1  1  1  1  1  1        47
JUL   1  1  1  1  1  1  1  1  0  0  0  0  0  0  0  0  0  0  0  0  0  0  0  0  0  0  0  0  0  0  0      8
AUG   0  0  0  0  0  0  0  0  0  0  0  0  0  0  0  0  0  0  0  0  0  0  0  0  0  0-99-99-99-99-99      5
SEP   0  0  0  0  1  1  1  1  1  1  1  1  1  1  1  1  1  1  1  1  1  1  1  2  2  2  2  2  2  2        33
OCT   2  2  2  2  2  3  3  3  3  3  3  3  4  4  4  4  4  4  5  5  5  5  6  6  6  6  7  7  7  8  8    136
NOV   8  8  9  9  9 10 10 10 10 11 11 11 12 12 12 12 12 13 13 13 13 14 14 14 14 14 15 15 15 15       358
DEC  15 15 16 16 16 16 16 16 17 17 17 17 17 17 17 17 17 17 17 18 18 18 18 18 18 18 18 18 18 18 18    529
                                                                                                        
-------------------------------------------------------------------------------------------------       
 Cooling Degree Days                                                                                    
 DAY  1  2  3  4  5  6  7  8  9 10 11 12 13 14 15 16 17 18 19 20 21 22 23 24 25 26 27 28 29 30 31  MONTH
-------------------------------------------------------------------------------------------------       
JAN   0  0  0  0  0  0  0  0  0  0  0  0  0  0  0  0  0  0  0  0  0  0  0  0  0  0  0  0  0  0  0      0
FEB   0  0  0  0  0  0  0  0  0  0  0  0  0  0  0  0  0  0  0  0  0  0  0  0  0  0  0  0               0
MAR   0  0  0  0  0  0  0  0  0  0  0  0  0  0  0  0  0  0  0  0  0  0  0  0  0  0  0  0-99-99-99      3
APR   0  0  0  0  0  0  0  0  0  0  0  0  0  0  0  0  1  1  1  1  1  1  1  1  1  1  1  1  1  1        14
MAY   1  1  1  1  1  1  1  1  1  1  1  1  2  2  2  2  2  2  2  2  2  2  2  2  2  2  2  2  2  2  3     51
JUN   2  3  3  3  3  3  3  3  3  3  3  3  4  4  4  4  4  4  4  4  5  5  5  5  5  5  5  6  6  6       120
JUL   6  6  7  7  7  7  7  7  8  8  8  8  8  8  8  8  8  8  8  8  8  8  8  9  9  9  9  8  8  8  8    242
AUG   8  8  8  8  8  8  8  8  8  8  8  8  8  8  8  8  8  8  7  7  7  7  7  7  7  7  7  7  7  7  7    235
SEP   7  7  7  7  6  6  6  6  6  6  6  6  6  6  6  5  5  5  5  5  5  5  5  4  4  4  4  4  4  3       161
OCT   3  3  3  3  3  3  2  2  2  2  2  2  2  2  2  1  1  1  1  1  1  1  1  1  1  1  1  1  1  0  0     50
NOV -99-99-99-99-99-99  0  0  0  0  0  0  0  0  0  0  0  0  0  0  0  0  0  0  0  0  0  0  0  0         6
DEC   0  0  0  0  0  0  0  0  0  0  0  0  0  0  0  0  0  0  0  0  0  0  0  0  0  0  0  0  0  0  0      0
                                                                                                        
-------------------------------------------------------------------------------------------------       
 Total  Precipitation (Hundreths of an Inch)                                                            
 DAY  1  2  3  4  5  6  7  8  9 10 11 12 13 14 15 16 17 18 19 20 21 22 23 24 25 26 27 28 29 30 31  MONTH
-------------------------------------------------------------------------------------------------       
JAN   9  9  9 10 10 10 10 10 10 10 10 10 11 11 11 11 11 11 11 11 11 11 11 11 11 12 12 12 12 12 12    332
FEB  12 12 12 12 12 12 12 12 12 12 12 12 12 12 12 12 12 12 12 13 13 13 13 13 13 13 13 13             345
MAR  13 13 13 13 13 13 13 13 13 12 12 12 12 12 12 12 11 11 11 11 11 10 10 10 10  9  9  9  8  8  8    347
APR   7  7  6  6  6  6  5  5  5  4  4  4  4  3  3  3  3  3  3  2  2  2  2  2  2  2  2  2  2  2       109
MAY   2  2  2  2  2  2  2  2  2  2  2  2  2  2  2  2  2  1  1  1  1  1  1  1  1  1  1  1  1  1  1     48
JUN   1  1  1  1  1  1  1  1  0  0  0  0  0  0  0  0  0  0  0  0  0  0  0  0  0  0  0  0  0  0         8
JUL   0  0  0  0  0  0  0  0  0  0  0  0  0  0  0  0  0  0  0  0  0  0  0  0  0  0  1  1  1  1  0      4
AUG   0  0  0  0  0  0  0  0  0  0  0  0  0  0  0  0  0  0  0  0  0  0  1  1  1  1  1  1  1  1  1      9
SEP   0  1  1  1  1  1  1  1  1  1  1  1  1  1  1  1  1  1  1  1  1  1  1  1  1  1  1  2  2  2        32
OCT   2  2  2  2  2  2  2  2  2  2  2  3  3  3  3  3  3  3  3  3  3  3  3  4  4  4  4  4  4  4  4     90
NOV   4  5  5  5  5  5  5  5  5  5  5  6  6  6  6  6  6  6  6  6  6  6  6  6  6  6  7  7  7  7       172
DEC   7  7  7  7  7  7  7  7  7  7  7  7  7  7  7  8  8  8  8  8  8  8  8  8  8  9  9  9  9  9  9    239
                                                                                                        
