-------------------------------------------------------------------------------------------------       
 1971-2000 Daily/Monthly Station Normals                                                                
 Provided by National Climatic Data Center/NESDIS/NOAA                                                  
-------------------------------------------------------------------------------------------------       
 Station COOP ID:                           043614                                                      
 Station Name, State, Division, Call:       GREENVIEW                          CA 01                    
 Latitude, Longitude, Elevation, Elements:  41 33 08 -122 54 24  2820   P                               
-------------------------------------------------------------------------------------------------       
 Total  Precipitation (Hundreths of an Inch)                                                            
 DAY  1  2  3  4  5  6  7  8  9 10 11 12 13 14 15 16 17 18 19 20 21 22 23 24 25 26 27 28 29 30 31  MONTH
-------------------------------------------------------------------------------------------------       
JAN  14 14 14 14 14 14 15 15 15 15 15 15 15 15 16 16 16 16 16 16 16 16 16 16 16 16 16 16 17 17 17    479
FEB  17 17 17 17 17 16 16 16 16 16 16 16 16 16 16 15 15 15 15 15 14 14 14 14 13 13 13 13             428
MAR  12 12 12 11 11 11 11 10 10 10  9  9  9  9  9  8  8  8  8  7  7  7  7  7  7  6  6  6  6  6  6    265
APR   6  6  5  5  5  5  5  5  5  5  5  5  5  5  4  4  4  4  4  4  4  4  4  4  4  4  4  4  4  4       136
MAY   4  4  4  4  4  4  4  3  3  3  3  3  3  3  3  3  3  3  3  3  3  3  3  3  3  3  2  2  2  2  2     95
JUN   2  2  2  2  2  2  2  2  2  2  1  1  1  1  1  1  1  1  1  1  1  1  1  1  1  1  1  1  1  1        40
JUL   1  1  1  1  1  1  1  1  1  1  2  2  1  1  1  1  1  1  1  1  1  1  1  1  1  1  1  1  1  1  1     33
AUG   1  1  1  1  1  1  1  1  1  0  0  0  0  1  1  1  1  1  1  1  1  1  1  1  1  1  1  1  1  1  1     27
SEP   1  1  1  1  1  1  1  1  2  2  2  2  2  2  2  2  2  2  2  2  2  2  2  2  2  2  2  2  2  2        52
OCT   2  2  2  2  2  3  3  3  3  3  3  3  4  4  4  4  4  5  5  5  5  6  6  6  7  7  7  8  8  9  9    144
NOV   9 10 10 11 11 11 11 12 12 12 13 13 13 13 13 13 13 14 14 14 14 14 14 14 14 14 14 13 13 13       379
DEC  13 13 13 13 13 12 12 12 12 12 12 12 12 12 12 12 12 12 12 12 12 12 12 12 12 13 13 13 13 13 13    383
                                                                                                        
