-------------------------------------------------------------------------------------------------       
 1971-2000 Daily/Monthly Station Normals                                                                
 Provided by National Climatic Data Center/NESDIS/NOAA                                                  
-------------------------------------------------------------------------------------------------       
 Station COOP ID:                           048762                                                      
 Station Name, State, Division, Call:       TAHOE VALLEY AP                    CA 03 TVL                
 Latitude, Longitude, Elevation, Elements:  38 53 43 -119 59 53  6254 XN                                
-------------------------------------------------------------------------------------------------       
 Minimum Temperature (deg F [tenths deg F for monthly])                                                 
 DAY  1  2  3  4  5  6  7  8  9 10 11 12 13 14 15 16 17 18 19 20 21 22 23 24 25 26 27 28 29 30 31  MONTH
-------------------------------------------------------------------------------------------------       
JAN  14 14 14 14 14 14 15 15 15 15 15 15 15 15 15 15 15 15 15 15 15 15 16 16 16 16 16 16 16 16 16    151
FEB  16 16 16 16 16 16 16 16 16 16 16 16 16 17 17 17 17 17 17 18 18 18 18 18 19 19 19 19             170
MAR  20 20 20 20 21 21 21 21 21 22 22 22 22 22 23 23 23 23 23 23 23 24 24 24 24 24 24 24 24 24 25    225
APR  25 25 25 25 25 25 25 25 25 25 26 26 26 26 26 26 26 27 27 27 27 27 27 28 28 28 28 28 29 29       264
MAY  29 29 29 30 30 30 30 30 31 31 31 31 31 32 32 32 32 32 33 33 33 33 33 33 34 34 34 34 34 34 35    319
JUN  35 35 35 35 35 35 36 36 36 36 36 36 37 37 37 37 37 37 37 37 38 38 38 38 38 38 38 38 39 39       368
JUL  39 39 39 39 39 39 40 40 40 40 40 40 40 40 40 40 40 40 40 40 40 40 40 40 40 40 40 40 40 40 40    398
AUG  40 40 40 40 40 40 40 40 40 39 39 39 39 39 39 39 39 38 38 38 38 38 38 37 37 37 37 37 36 36 36    385
SEP  36 36 35 35 35 35 34 34 34 34 34 33 33 33 33 32 32 32 32 31 31 31 31 31 30 30 30 30 29 29       325
OCT  29 29 28 28 28 28 28 27 27 27 27 27 26 26 26 26 26 25 25 25 25 25 24 24 24 24 24 23 23 23 23    258
NOV  23 22 22 22 22 22 22 21 21 21 21 21 20 20 20 20 19 19 19 19 19 18 18 18 18 17 17 17 17 16       197
DEC  16 16 16 16 15 15 15 15 14 14 14 14 14 14 14 14 14 14 13 13 13 13 13 13 13 13 14 14 14 14 14    141
                                                                                                        
-------------------------------------------------------------------------------------------------       
 Maximum Temperature (deg F [tenths deg F for monthly])                                                 
 DAY  1  2  3  4  5  6  7  8  9 10 11 12 13 14 15 16 17 18 19 20 21 22 23 24 25 26 27 28 29 30 31  MONTH
-------------------------------------------------------------------------------------------------       
JAN  41 41 41 41 41 41 41 41 41 41 41 41 41 41 41 41 41 41 41 41 41 41 41 41 41 41 41 41 41 41 41    410
FEB  42 42 42 42 42 42 42 42 42 42 42 42 42 42 42 42 42 43 43 43 43 43 43 43 43 43 43 43             424
MAR  43 44 44 44 44 44 44 44 44 44 45 45 45 45 45 45 46 46 46 46 46 46 47 47 47 47 48 48 48 48 49    456
APR  49 49 49 50 50 50 50 51 51 51 51 52 52 52 53 53 53 53 54 54 54 54 55 55 55 56 56 56 56 57       527
MAY  57 57 57 58 58 58 58 59 59 59 60 60 60 60 61 61 61 62 62 62 63 63 63 63 64 64 64 65 65 65 66    611
JUN  66 66 66 67 67 67 68 68 68 69 69 69 70 70 70 71 71 71 72 72 72 72 73 73 73 74 74 74 75 75       704
JUL  75 76 76 76 77 77 77 77 78 78 78 78 79 79 79 79 79 79 80 80 80 80 80 80 80 80 80 80 80 80 80    786
AUG  80 80 80 80 80 80 80 80 80 80 80 79 79 79 79 79 79 79 79 78 78 78 78 78 78 77 77 77 77 76 76    787
SEP  76 76 75 75 75 75 74 74 74 74 73 73 73 72 72 72 72 71 71 71 71 70 70 70 69 69 69 68 68 68       720
OCT  67 67 67 67 66 66 65 65 65 64 64 64 63 63 62 62 62 61 61 60 60 60 59 59 58 58 57 57 56 56 55    618
NOV  55 54 54 53 53 52 52 51 51 51 50 50 49 49 49 48 48 48 47 47 47 46 46 46 45 45 45 45 44 44       488
DEC  44 44 43 43 43 43 43 43 42 42 42 42 42 42 42 41 41 41 41 41 41 41 41 41 41 41 41 41 41 41 41    418
                                                                                                        
-------------------------------------------------------------------------------------------------       
 Average Temperature (deg F [tenths deg F for monthly])                                                 
 DAY  1  2  3  4  5  6  7  8  9 10 11 12 13 14 15 16 17 18 19 20 21 22 23 24 25 26 27 28 29 30 31  MONTH
-------------------------------------------------------------------------------------------------       
JAN  27 27 27 28 28 28 28 28 28 28 28 28 28 28 28 28 28 28 28 28 28 28 28 28 28 29 29 29 29 29 29    281
FEB  29 29 29 29 29 29 29 29 29 29 29 29 29 29 30 30 30 30 30 30 30 30 31 31 31 31 31 31             297
MAR  32 32 32 32 32 32 33 33 33 33 33 33 34 34 34 34 34 34 35 35 35 35 35 35 36 36 36 36 36 36 37    341
APR  37 37 37 37 38 38 38 38 38 38 39 39 39 39 39 40 40 40 40 40 41 41 41 41 42 42 42 42 42 43       396
MAY  43 43 43 44 44 44 44 45 45 45 45 46 46 46 46 47 47 47 47 47 48 48 48 48 49 49 49 49 50 50 50    465
JUN  50 50 51 51 51 51 52 52 52 52 53 53 53 53 54 54 54 54 54 55 55 55 55 56 56 56 56 56 57 57       536
JUL  57 57 58 58 58 58 58 58 59 59 59 59 59 59 59 60 60 60 60 60 60 60 60 60 60 60 60 60 60 60 60    592
AUG  60 60 60 60 60 60 60 60 60 60 59 59 59 59 59 59 59 59 58 58 58 58 58 58 57 57 57 57 57 56 56    586
SEP  56 56 55 55 55 55 54 54 54 54 54 53 53 53 52 52 52 52 51 51 51 51 50 50 50 50 49 49 49 49       523
OCT  48 48 48 47 47 47 47 46 46 46 45 45 45 45 44 44 44 43 43 43 42 42 42 41 41 41 40 40 40 39 39    438
NOV  39 38 38 38 37 37 37 36 36 36 36 35 35 35 34 34 34 33 33 33 33 32 32 32 32 31 31 31 31 30       343
DEC  30 30 30 30 29 29 29 29 28 28 28 28 28 28 28 28 28 28 27 27 27 27 27 27 27 27 27 27 27 27 27    280
                                                                                                        
-------------------------------------------------------------------------------------------------       
 Heating Degree Days                                                                                    
 DAY  1  2  3  4  5  6  7  8  9 10 11 12 13 14 15 16 17 18 19 20 21 22 23 24 25 26 27 28 29 30 31  MONTH
-------------------------------------------------------------------------------------------------       
JAN  38 38 38 37 37 37 37 37 37 37 37 37 37 37 37 37 37 37 37 37 37 37 37 37 37 37 37 36 36 36 36   1146
FEB  36 36 36 36 36 36 36 36 36 36 36 36 36 36 35 35 35 35 35 35 35 35 35 34 34 34 34 34             989
MAR  34 33 33 33 33 33 33 32 32 32 32 32 31 31 31 31 31 31 30 30 30 30 30 30 29 29 29 29 29 29 28    960
APR  28 28 28 28 28 27 27 27 27 27 26 26 26 26 26 25 25 25 25 25 24 24 24 24 24 23 23 23 23 22       764
MAY  22 22 22 21 21 21 21 20 20 20 20 19 19 19 19 19 18 18 18 18 17 17 17 17 16 16 16 16 15 15 15    574
JUN  15 14 14 14 14 14 13 13 13 13 12 12 12 12 11 11 11 11 11 10 10 10 10 10  9  9  9  9  8  8       342
JUL   8  8  8  7  7  7  7  7  7  7  6  6  6  6  6  6  6  6  6  6  6  6  5  5  5  5  5  5  5  6  6    192
AUG   6  6  6  6  6  6  6  6  6  6  6  6  6  7  7  7  7  7  7  7  8  8  8  8  8  8  9  9  9  9  9    220
SEP  10 10 10 10 10 11 11 11 11 12 12 12 12 12 13 13 13 13 14 14 14 14 15 15 15 15 16 16 16 17       387
OCT  17 17 17 18 18 18 18 19 19 19 19 20 20 20 21 21 21 22 22 22 23 23 23 24 24 24 25 25 25 26 26    656
NOV  26 27 27 27 28 28 28 29 29 29 30 30 30 30 31 31 31 32 32 32 32 33 33 33 33 34 34 34 34 35       922
DEC  35 35 35 36 36 36 36 36 36 37 37 37 37 37 37 37 37 37 38 38 38 38 38 38 38 38 38 38 38 38 38   1148
                                                                                                        
-------------------------------------------------------------------------------------------------       
 Cooling Degree Days                                                                                    
 DAY  1  2  3  4  5  6  7  8  9 10 11 12 13 14 15 16 17 18 19 20 21 22 23 24 25 26 27 28 29 30 31  MONTH
-------------------------------------------------------------------------------------------------       
JAN   0  0  0  0  0  0  0  0  0  0  0  0  0  0  0  0  0  0  0  0  0  0  0  0  0  0  0  0  0  0  0      0
FEB   0  0  0  0  0  0  0  0  0  0  0  0  0  0  0  0  0  0  0  0  0  0  0  0  0  0  0  0               0
MAR   0  0  0  0  0  0  0  0  0  0  0  0  0  0  0  0  0  0  0  0  0  0  0  0  0  0  0  0  0  0  0      0
APR   0  0  0  0  0  0  0  0  0  0  0  0  0  0  0  0  0  0  0  0  0  0  0  0  0  0  0  0  0  0         0
MAY   0  0  0  0  0  0  0  0  0  0  0  0  0  0  0  0  0  0  0  0  0  0  0  0  0  0  0  0  0  0  0      0
JUN   0  0  0  0  0  0  0  0  0  0  0  0  0  0  0  0  0  0  0  0  0  0  0  0  0  0  0  0  0  0         0
JUL   0  0  0  0  0  0  0  0  0  0  0  0  0  0  0  0  0  0  0-99-99-99-99-99-99-99-99-99-99-99-99     12
AUG   0  1  1  1  1  1  1  1  1  1  1  1  1  1  1  1  1  1  1  1  1  1  1  0  0  0  0  0  0  0  0     22
SEP -99-99-99-99  0  0  0  0  0  0  0  0  0  0  0  0  0  0  0  0  0  0  0  0  0  0  0  0  0  0         4
OCT   0  0  0  0  0  0  0  0  0  0  0  0  0  0  0  0  0  0  0  0  0  0  0  0  0  0  0  0  0  0  0      0
NOV   0  0  0  0  0  0  0  0  0  0  0  0  0  0  0  0  0  0  0  0  0  0  0  0  0  0  0  0  0  0         0
DEC   0  0  0  0  0  0  0  0  0  0  0  0  0  0  0  0  0  0  0  0  0  0  0  0  0  0  0  0  0  0  0      0
                                                                                                        
