-------------------------------------------------------------------------------------------------       
 1971-2000 Daily/Monthly Station Normals                                                                
 Provided by National Climatic Data Center/NESDIS/NOAA                                                  
-------------------------------------------------------------------------------------------------       
 Station COOP ID:                           046946                                                      
 Station Name, State, Division, Call:       PIT RIVER P H 5                    CA 02                    
 Latitude, Longitude, Elevation, Elements:  40 59 13 -121 58 38  1458   P                               
-------------------------------------------------------------------------------------------------       
 Total  Precipitation (Hundreths of an Inch)                                                            
 DAY  1  2  3  4  5  6  7  8  9 10 11 12 13 14 15 16 17 18 19 20 21 22 23 24 25 26 27 28 29 30 31  MONTH
-------------------------------------------------------------------------------------------------       
JAN  38 39 39 39 39 40 40 40 41 41 41 42 42 42 42 43 43 43 43 43 44 44 44 44 44 45 45 45 45 45 46   1311
FEB  46 46 46 46 46 46 46 46 46 47 47 47 47 47 47 47 46 46 46 46 46 46 46 46 46 45 45 45            1292
MAR  45 45 44 44 44 44 43 43 42 42 42 41 41 40 40 39 38 38 37 36 36 35 34 34 33 32 31 30 29 29 28   1179
APR  27 26 25 24 23 22 22 21 20 19 19 18 18 17 17 16 16 15 15 14 14 14 13 13 13 13 13 13 13 12       525
MAY  13 12 12 12 12 12 12 12 12 12 12 12 11 11 11 11 11 11 11 10 10 10 10  9  9  9  9  8  8  8  8    330
JUN   7  7  7  6  6  6  6  5  5  5  5  5  4  4  4  4  4  4  3  3  3  3  3  3  3  2  2  2  2  2       125
JUL   2  2  2  2  2  2  2  2  2  1  1  1  1  1  1  1  1  1  1  1  1  1  1  1  1  1  1  1  1  1  0     39
AUG   1  0  0  0  0  0  1  1  1  1  1  1  1  1  1  1  1  1  2  2  2  2  2  3  3  3  3  4  4  4  4     51
SEP   5  5  5  5  6  6  6  6  7  7  7  7  7  8  8  8  8  8  8  8  9  9  9  9  9  9  9  9  9  9       225
OCT   9  9  9  9  9 10 10 10 10 10 11 11 12 12 12 13 13 14 14 15 15 16 17 17 18 19 20 21 21 22 23    431
NOV  24 25 26 27 27 28 29 30 30 31 31 32 32 33 33 34 34 34 35 35 35 35 35 36 36 36 36 36 35 35       965
DEC  35 35 35 35 35 35 35 34 34 34 34 34 35 35 35 35 35 35 35 35 35 36 36 36 36 36 37 37 37 38 38   1097
                                                                                                        
