-------------------------------------------------------------------------------------------------       
 1971-2000 Daily/Monthly Station Normals                                                                
 Provided by National Climatic Data Center/NESDIS/NOAA                                                  
-------------------------------------------------------------------------------------------------       
 Station COOP ID:                           226177                                                      
 Station Name, State, Division, Call:       NATCHEZ                            MS 07                    
 Latitude, Longitude, Elevation, Elements:  31 33 00 -091 23 00   195 XNP                               
-------------------------------------------------------------------------------------------------       
 Minimum Temperature (deg F [tenths deg F for monthly])                                                 
 DAY  1  2  3  4  5  6  7  8  9 10 11 12 13 14 15 16 17 18 19 20 21 22 23 24 25 26 27 28 29 30 31  MONTH
-------------------------------------------------------------------------------------------------       
JAN  39 39 39 39 39 39 39 39 39 38 38 38 38 38 38 39 39 39 39 39 39 39 39 39 39 39 39 39 39 39 39    388
FEB  40 40 40 40 40 40 40 40 41 41 41 41 41 42 42 42 42 42 43 43 43 43 44 44 44 44 45 45             419
MAR  45 45 46 46 46 47 47 47 47 48 48 48 48 48 49 49 49 49 50 50 50 50 50 50 51 51 51 51 51 51 52    487
APR  52 52 52 52 52 52 53 53 53 53 53 53 54 54 54 54 55 55 55 55 56 56 56 56 57 57 57 58 58 58       545
MAY  59 59 59 59 60 60 60 61 61 61 61 62 62 62 63 63 63 63 64 64 64 64 65 65 65 65 66 66 66 66 66    627
JUN  67 67 67 67 67 68 68 68 68 68 68 69 69 69 69 69 69 70 70 70 70 70 70 70 71 71 71 71 71 71       691
JUL  71 71 72 72 72 72 72 72 72 72 72 72 72 72 72 72 72 72 72 72 72 73 73 73 73 73 72 72 72 72 72    721
AUG  72 72 72 72 72 72 72 72 72 72 72 72 72 72 72 71 71 71 71 71 71 71 71 71 71 70 70 70 70 70 70    713
SEP  70 70 69 69 69 69 69 68 68 68 68 67 67 67 67 66 66 66 65 65 65 64 64 64 63 63 62 62 62 61       661
OCT  61 60 60 59 59 58 58 58 57 57 56 56 56 55 55 55 54 54 54 53 53 53 53 52 52 52 51 51 51 51 51    550
NOV  50 50 50 50 49 49 49 49 49 48 48 48 48 48 47 47 47 47 46 46 46 46 45 45 45 45 44 44 44 44       471
DEC  44 43 43 43 43 42 42 42 42 42 41 41 41 41 41 41 40 40 40 40 40 40 40 40 39 39 39 39 39 39 39    408
                                                                                                        
-------------------------------------------------------------------------------------------------       
 Maximum Temperature (deg F [tenths deg F for monthly])                                                 
 DAY  1  2  3  4  5  6  7  8  9 10 11 12 13 14 15 16 17 18 19 20 21 22 23 24 25 26 27 28 29 30 31  MONTH
-------------------------------------------------------------------------------------------------       
JAN  58 58 58 58 58 58 58 58 58 58 58 58 58 58 58 58 58 58 58 58 58 58 58 59 59 59 59 59 59 60 60    583
FEB  60 60 60 61 61 61 61 61 62 62 62 62 63 63 63 63 63 64 64 64 65 65 65 65 66 66 66 66             630
MAR  67 67 67 67 68 68 68 69 69 69 69 70 70 70 70 71 71 71 71 71 72 72 72 72 72 73 73 73 73 73 74    704
APR  74 74 74 74 75 75 75 75 75 76 76 76 76 76 77 77 77 77 77 78 78 78 78 78 79 79 79 79 79 80       767
MAY  80 80 80 81 81 81 81 81 82 82 82 82 82 83 83 83 83 84 84 84 84 84 85 85 85 85 85 86 86 86 86    831
JUN  86 87 87 87 87 87 87 88 88 88 88 88 88 89 89 89 89 89 89 89 89 90 90 90 90 90 90 90 90 90       886
JUL  90 90 91 91 91 91 91 91 91 91 91 91 91 91 91 91 91 91 91 91 91 91 91 91 91 91 91 91 91 92 92    910
AUG  92 92 92 91 91 91 91 91 91 91 91 91 91 91 91 91 91 91 91 91 91 91 90 90 90 90 90 90 90 90 90    908
SEP  89 89 89 89 89 89 88 88 88 88 88 88 87 87 87 87 87 86 86 86 86 85 85 85 85 85 84 84 84 83       867
OCT  83 83 83 82 82 82 82 81 81 81 80 80 80 79 79 79 78 78 78 77 77 77 76 76 76 75 75 75 74 74 74    786
NOV  73 73 73 72 72 71 71 71 70 70 70 69 69 69 68 68 68 68 67 67 67 66 66 66 65 65 65 65 64 64       684
DEC  64 64 63 63 63 63 62 62 62 62 62 61 61 61 61 61 60 60 60 60 60 60 59 59 59 59 59 59 59 59 58    608
                                                                                                        
-------------------------------------------------------------------------------------------------       
 Average Temperature (deg F [tenths deg F for monthly])                                                 
 DAY  1  2  3  4  5  6  7  8  9 10 11 12 13 14 15 16 17 18 19 20 21 22 23 24 25 26 27 28 29 30 31  MONTH
-------------------------------------------------------------------------------------------------       
JAN  49 49 49 49 48 48 48 48 48 48 48 48 48 48 48 48 48 48 49 49 49 49 49 49 49 49 49 49 49 50 50    486
FEB  50 50 50 50 51 51 51 51 51 51 52 52 52 52 52 53 53 53 53 54 54 54 54 55 55 55 55 56             525
MAR  56 56 57 57 57 57 58 58 58 58 59 59 59 59 60 60 60 60 60 61 61 61 61 61 62 62 62 62 62 62 63    596
APR  63 63 63 63 63 64 64 64 64 64 65 65 65 65 65 66 66 66 66 66 67 67 67 67 68 68 68 68 69 69       656
MAY  69 69 70 70 70 71 71 71 71 72 72 72 72 73 73 73 73 73 74 74 74 74 75 75 75 75 75 76 76 76 76    729
JUN  76 77 77 77 77 77 78 78 78 78 78 79 79 79 79 79 79 79 80 80 80 80 80 80 80 80 80 81 81 81       789
JUL  81 81 81 81 81 81 81 81 81 81 81 81 82 82 82 82 82 82 82 82 82 82 82 82 82 82 82 82 82 82 82    816
AUG  82 82 82 82 82 82 82 82 82 82 82 81 81 81 81 81 81 81 81 81 81 81 81 80 80 80 80 80 80 80 80    811
SEP  80 79 79 79 79 79 79 78 78 78 78 77 77 77 77 77 76 76 76 75 75 75 75 74 74 74 73 73 73 72       764
OCT  72 72 71 71 70 70 70 69 69 69 68 68 68 67 67 67 66 66 66 65 65 65 65 64 64 64 63 63 63 62 62    668
NOV  62 62 61 61 61 60 60 60 60 59 59 59 58 58 58 58 57 57 57 57 56 56 56 55 55 55 55 54 54 54       578
DEC  54 53 53 53 53 53 52 52 52 52 51 51 51 51 51 51 50 50 50 50 50 50 50 49 49 49 49 49 49 49 49    508
                                                                                                        
-------------------------------------------------------------------------------------------------       
 Heating Degree Days                                                                                    
 DAY  1  2  3  4  5  6  7  8  9 10 11 12 13 14 15 16 17 18 19 20 21 22 23 24 25 26 27 28 29 30 31  MONTH
-------------------------------------------------------------------------------------------------       
JAN  17 17 17 17 17 17 17 17 17 17 17 17 17 17 17 17 17 17 17 17 17 17 17 17 17 17 16 16 16 16 16    522
FEB  15 15 15 15 15 15 14 14 14 14 14 13 13 13 13 13 12 12 12 12 11 11 11 11 10 10 10 10             357
MAR  10  9  9  9  9  8  8  8  8  7  7  7  7  7  6  6  6  6  6  6  5  5  5  5  5  5  4  4  4  4  4    199
APR   4  4  4  3  3  3  3  3  3  3  3  3  3  2  2  2  2  2  2  2  2  2  2  1  1  1  1  1  1  1        69
MAY   1  1  1  1  1  0  0  0  0  0  0  0  0  0  0  0  0  0  0  0  0  0  0  0  0  0  0  0  0  0  0      5
JUN   0  0  0  0  0  0  0  0  0  0  0  0  0  0  0  0  0  0  0  0  0  0  0  0  0  0  0  0  0  0         0
JUL   0  0  0  0  0  0  0  0  0  0  0  0  0  0  0  0  0  0  0  0  0  0  0  0  0  0  0  0  0  0  0      0
AUG   0  0  0  0  0  0  0  0  0  0  0  0  0  0  0  0  0  0  0  0  0  0  0  0  0  0  0  0  0  0  0      0
SEP   0  0  0  0  0  0  0  0  0  0  0  0  0  0  0  0  0  0  0  0  0  0  0  0  0  0  0  0  0-99         1
OCT   0  0  0  0  0  1  1  1  1  1  1  1  1  1  1  2  2  2  2  2  2  3  3  3  3  3  4  4  4  4  4     57
NOV   5  5  5  5  6  6  6  6  7  7  7  7  8  8  8  8  9  9  9  9 10 10 10 10 11 11 11 11 11 12       247
DEC  12 12 12 13 13 13 13 13 14 14 14 14 14 14 15 15 15 15 15 15 16 16 16 16 16 16 16 16 16 17 17    453
                                                                                                        
-------------------------------------------------------------------------------------------------       
 Cooling Degree Days                                                                                    
 DAY  1  2  3  4  5  6  7  8  9 10 11 12 13 14 15 16 17 18 19 20 21 22 23 24 25 26 27 28 29 30 31  MONTH
-------------------------------------------------------------------------------------------------       
JAN   0  0  0  0  0  0  0  0  0  0  0  0  0  0  0  0  0  0  0  0  0  0  0  0  0  0  0  0  0  0  0      0
FEB   0  0  0  0  0  0  0  0  0  0  0  0  0  0  0  0  0  0  0  0  0  0-99-99-99-99-99-99               6
MAR   0  0  1  1  1  1  1  1  1  1  1  1  1  1  1  1  1  1  1  1  1  1  1  1  1  1  1  1  1  1  1     29
APR   1  2  2  2  2  2  2  2  2  2  2  2  2  3  3  3  3  3  3  3  3  4  4  4  4  4  4  4  5  5        87
MAY   5  5  6  6  6  6  6  6  7  7  7  7  7  8  8  8  8  8  9  9  9  9  9 10 10 10 10 11 11 11 11    250
JUN  11 12 12 12 12 12 13 13 13 13 13 13 14 14 14 14 14 14 15 15 15 15 15 15 15 15 15 16 16 16       416
JUL  16 16 16 16 16 16 16 16 16 16 16 16 16 16 17 17 17 17 17 17 17 17 17 17 17 17 17 17 17 17 17    513
AUG  17 17 17 17 17 17 17 17 17 17 16 16 16 16 16 16 16 16 16 16 16 16 15 15 15 15 15 15 15 15 15    497
SEP  14 14 14 14 14 14 14 13 13 13 13 13 12 12 12 12 11 11 11 11 10 10 10  9  9  9  8  8  8  7       343
OCT   7  7  6  6  6  6  5  5  5  4  4  4  4  4  3  3  3  3  3  3  2  2  2  2  2  2  2  2  2  1  1    111
NOV   1  1  1  1  1  1  1  1  1  1  1  1  1  1  1  1  1  1  1  1  1  1  1  1  1  1  1  1  1  0        29
DEC -99-99-99-99-99-99-99-99-99-99-99-99  0  0  0  0  0  0  0  0  0  0  0  0  0  0  0  0  0  0  0     12
                                                                                                        
-------------------------------------------------------------------------------------------------       
 Total  Precipitation (Hundreths of an Inch)                                                            
 DAY  1  2  3  4  5  6  7  8  9 10 11 12 13 14 15 16 17 18 19 20 21 22 23 24 25 26 27 28 29 30 31  MONTH
-------------------------------------------------------------------------------------------------       
JAN  21 21 22 22 22 22 22 22 22 21 21 21 21 21 21 21 21 21 21 21 21 20 20 20 20 20 20 19 19 19 19    644
FEB  19 18 18 18 18 18 18 18 18 17 17 17 17 17 17 17 18 18 18 18 18 18 18 19 19 19 19 19             503
MAR  20 20 20 20 21 21 21 21 21 22 22 22 22 22 22 22 22 22 22 23 23 23 23 23 22 22 22 22 22 22 22    674
APR  22 22 22 21 21 21 21 21 21 21 21 21 20 20 20 20 20 20 20 20 20 20 19 19 19 19 19 19 19 19       607
MAY  19 19 19 19 18 18 18 18 18 18 18 18 18 18 18 18 18 18 17 17 17 17 17 17 17 17 17 17 17 17 17    549
JUN  17 17 17 17 16 16 16 16 16 16 16 16 16 16 16 16 16 15 15 15 15 15 15 15 15 15 15 14 14 14       468
JUL  14 14 14 14 14 14 13 13 13 13 13 13 13 13 13 13 13 13 13 13 13 13 13 13 13 12 12 12 12 12 12    403
AUG  12 12 12 12 12 12 12 12 12 12 12 12 12 12 13 13 13 13 13 13 13 13 13 13 13 13 13 13 13 13 13    389
SEP  13 13 13 13 13 13 13 13 13 13 13 13 13 12 12 12 12 12 12 12 12 12 12 12 12 12 12 12 12 12       373
OCT  12 12 12 12 12 12 12 12 12 12 12 12 12 12 12 12 12 13 13 13 13 13 13 14 14 14 14 14 15 15 15    397
NOV  16 16 16 17 17 17 17 17 18 18 18 18 19 19 19 19 19 19 19 20 20 20 20 20 20 20 20 20 20 20       558
DEC  20 20 20 20 20 20 20 21 21 21 21 21 21 21 21 21 21 21 21 21 21 21 21 21 21 21 21 21 21 21 21    644
                                                                                                        
