-------------------------------------------------------------------------------------------------       
 1971-2000 Daily/Monthly Station Normals                                                                
 Provided by National Climatic Data Center/NESDIS/NOAA                                                  
-------------------------------------------------------------------------------------------------       
 Station COOP ID:                           221880                                                      
 Station Name, State, Division, Call:       COLUMBUS LUXAPALLILA               MS 06                    
 Latitude, Longitude, Elevation, Elements:  33 30 50 -088 23 44   145 XNP                               
-------------------------------------------------------------------------------------------------       
 Minimum Temperature (deg F [tenths deg F for monthly])                                                 
 DAY  1  2  3  4  5  6  7  8  9 10 11 12 13 14 15 16 17 18 19 20 21 22 23 24 25 26 27 28 29 30 31  MONTH
-------------------------------------------------------------------------------------------------       
JAN  33 33 32 32 32 32 32 32 32 32 32 32 32 32 32 32 32 32 32 32 32 32 32 32 32 32 32 33 33 33 33    322
FEB  33 33 33 33 33 33 34 34 34 34 34 34 35 35 35 35 36 36 36 36 36 37 37 37 38 38 38 39             352
MAR  39 39 39 40 40 40 41 41 41 42 42 42 42 43 43 43 43 44 44 44 44 45 45 45 45 46 46 46 46 46 47    430
APR  47 47 47 47 48 48 48 48 49 49 49 49 50 50 50 50 51 51 51 51 52 52 52 53 53 53 54 54 54 55       504
MAY  55 55 56 56 56 57 57 57 58 58 58 59 59 59 60 60 60 60 61 61 61 62 62 62 62 63 63 63 63 64 64    597
JUN  64 64 65 65 65 65 65 66 66 66 66 67 67 67 67 67 67 68 68 68 68 68 68 69 69 69 69 69 69 69       670
JUL  69 70 70 70 70 70 70 70 70 70 70 71 71 71 71 71 71 71 71 71 71 71 71 71 71 71 71 71 71 71 71    706
AUG  71 71 71 71 71 71 70 70 70 70 70 70 70 70 70 70 70 70 69 69 69 69 69 69 69 69 68 68 68 68 68    696
SEP  68 68 67 67 67 67 67 66 66 66 66 65 65 65 64 64 64 63 63 63 62 62 61 61 60 60 59 59 58 58       637
OCT  57 57 56 56 55 55 54 54 54 53 53 52 52 51 51 51 50 50 49 49 49 48 48 48 47 47 47 47 46 46 46    509
NOV  45 45 45 45 44 44 44 44 43 43 43 43 42 42 42 41 41 41 41 40 40 40 40 39 39 39 39 38 38 38       416
DEC  38 37 37 37 37 36 36 36 36 36 35 35 35 35 35 34 34 34 34 34 34 34 33 33 33 33 33 33 33 33 33    347
                                                                                                        
-------------------------------------------------------------------------------------------------       
 Maximum Temperature (deg F [tenths deg F for monthly])                                                 
 DAY  1  2  3  4  5  6  7  8  9 10 11 12 13 14 15 16 17 18 19 20 21 22 23 24 25 26 27 28 29 30 31  MONTH
-------------------------------------------------------------------------------------------------       
JAN  54 54 53 53 53 53 53 53 53 53 53 53 53 53 53 53 53 53 53 53 53 54 54 54 54 54 54 54 55 55 55    535
FEB  55 56 56 56 56 56 57 57 57 57 58 58 58 58 59 59 59 60 60 60 60 61 61 61 62 62 62 63             587
MAR  63 63 63 64 64 64 65 65 65 66 66 66 66 67 67 67 68 68 68 68 69 69 69 69 70 70 70 71 71 71 71    672
APR  71 72 72 72 72 73 73 73 73 74 74 74 74 75 75 75 75 76 76 76 76 77 77 77 77 78 78 78 78 79       750
MAY  79 79 79 80 80 80 80 80 81 81 81 81 82 82 82 82 83 83 83 83 84 84 84 84 85 85 85 85 85 86 86    824
JUN  86 86 87 87 87 87 88 88 88 88 88 89 89 89 89 89 89 90 90 90 90 90 90 90 91 91 91 91 91 91       890
JUL  91 91 91 92 92 92 92 92 92 92 92 92 92 92 92 92 92 92 92 93 93 93 93 93 93 93 93 93 93 93 93    923
AUG  93 93 93 93 93 93 92 92 92 92 92 92 92 92 92 92 92 92 91 91 91 91 91 91 91 91 90 90 90 90 90    916
SEP  90 90 89 89 89 89 89 88 88 88 88 87 87 87 87 86 86 86 86 85 85 85 85 84 84 84 83 83 83 82       864
OCT  82 82 81 81 81 80 80 80 79 79 79 78 78 78 77 77 77 76 76 76 75 75 74 74 74 73 73 73 72 72 72    769
NOV  71 71 71 70 70 69 69 69 68 68 68 67 67 67 66 66 66 65 65 65 64 64 63 63 63 62 62 62 61 61       661
DEC  61 60 60 60 59 59 59 59 58 58 58 57 57 57 57 56 56 56 56 56 55 55 55 55 55 54 54 54 54 54 54    567
                                                                                                        
-------------------------------------------------------------------------------------------------       
 Average Temperature (deg F [tenths deg F for monthly])                                                 
 DAY  1  2  3  4  5  6  7  8  9 10 11 12 13 14 15 16 17 18 19 20 21 22 23 24 25 26 27 28 29 30 31  MONTH
-------------------------------------------------------------------------------------------------       
JAN  43 43 43 43 43 43 43 43 43 42 42 42 42 42 42 43 43 43 43 43 43 43 43 43 43 43 43 43 44 44 44    429
FEB  44 44 44 45 45 45 45 45 46 46 46 46 46 47 47 47 47 48 48 48 48 49 49 49 50 50 50 51             470
MAR  51 51 51 52 52 52 53 53 53 54 54 54 54 55 55 55 55 56 56 56 57 57 57 57 58 58 58 58 58 59 59    551
APR  59 59 60 60 60 60 61 61 61 61 61 62 62 62 62 63 63 63 64 64 64 64 65 65 65 65 66 66 66 67       627
MAY  67 67 68 68 68 68 69 69 69 70 70 70 70 71 71 71 71 72 72 72 72 73 73 73 74 74 74 74 74 75 75    711
JUN  75 75 76 76 76 76 76 77 77 77 77 78 78 78 78 78 78 79 79 79 79 79 79 80 80 80 80 80 80 80       780
JUL  80 80 81 81 81 81 81 81 81 81 81 81 81 82 82 82 82 82 82 82 82 82 82 82 82 82 82 82 82 82 82    815
AUG  82 82 82 82 82 82 81 81 81 81 81 81 81 81 81 81 81 81 80 80 80 80 80 80 80 80 79 79 79 79 79    806
SEP  79 79 78 78 78 78 78 77 77 77 77 76 76 76 76 75 75 75 74 74 74 73 73 73 72 72 71 71 71 70       751
OCT  70 69 69 68 68 68 67 67 66 66 66 65 65 64 64 64 63 63 63 62 62 62 61 61 61 60 60 60 59 59 59    639
NOV  58 58 58 57 57 57 56 56 56 56 55 55 55 54 54 54 53 53 53 53 52 52 52 51 51 51 50 50 50 50       539
DEC  49 49 49 48 48 48 48 47 47 47 47 46 46 46 46 45 45 45 45 45 45 44 44 44 44 44 44 43 43 43 43    457
                                                                                                        
-------------------------------------------------------------------------------------------------       
 Heating Degree Days                                                                                    
 DAY  1  2  3  4  5  6  7  8  9 10 11 12 13 14 15 16 17 18 19 20 21 22 23 24 25 26 27 28 29 30 31  MONTH
-------------------------------------------------------------------------------------------------       
JAN  22 22 22 22 22 22 22 23 23 23 23 23 23 23 23 23 22 22 22 22 22 22 22 22 22 22 22 22 21 21 21    688
FEB  21 21 21 20 20 20 20 20 19 19 19 19 19 18 18 18 18 17 17 17 17 16 16 16 15 15 15 15             506
MAR  14 14 14 13 13 13 13 12 12 12 12 11 11 11 10 10 10 10 10  9  9  9  9  8  8  8  8  8  7  7  7    322
APR   7  7  6  6  6  6  6  5  5  5  5  5  5  4  4  4  4  4  4  3  3  3  3  3  3  3  2  2  2  2       127
MAY   2  2  2  2  2  2  1  1  1  1  1  1  1  1  1  1  1  1  1  0  0  0  0  0  0  0  0  0  0  0  0     25
JUN   0  0  0  0  0  0  0  0  0  0  0  0  0  0  0  0  0  0  0  0  0  0  0  0  0  0  0  0  0  0         0
JUL   0  0  0  0  0  0  0  0  0  0  0  0  0  0  0  0  0  0  0  0  0  0  0  0  0  0  0  0  0  0  0      0
AUG   0  0  0  0  0  0  0  0  0  0  0  0  0  0  0  0  0  0  0  0  0  0  0  0  0  0  0  0  0  0  0      0
SEP   0  0  0  0  0  0  0  0  0  0  0  0  0  0  0  0  0  0  0  0  0  0  0  0  1  1  1  1  1  1         6
OCT   1  1  2  2  2  2  2  2  2  3  3  3  3  3  4  4  4  4  4  5  5  5  5  5  6  6  6  6  7  7  7    121
NOV   7  8  8  8  9  9  9  9 10 10 10 10 11 11 11 12 12 12 12 13 13 13 14 14 14 14 15 15 15 16       344
DEC  16 16 16 17 17 17 18 18 18 18 19 19 19 19 19 20 20 20 20 20 21 21 21 21 21 21 21 22 22 22 22    601
                                                                                                        
-------------------------------------------------------------------------------------------------       
 Cooling Degree Days                                                                                    
 DAY  1  2  3  4  5  6  7  8  9 10 11 12 13 14 15 16 17 18 19 20 21 22 23 24 25 26 27 28 29 30 31  MONTH
-------------------------------------------------------------------------------------------------       
JAN   0  0  0  0  0  0  0  0  0  0  0  0  0  0  0  0  0  0  0  0  0  0  0  0  0  0  0  0  0  0  0      0
FEB   0  0  0  0  0  0  0  0  0  0  0  0  0  0  0  0  0  0  0  0  0  0  0  0  0  0  0-99               1
MAR   0  0  0  0  0  0  0  0  0  0  0  0  0  0  0  0  0  1  1  1  1  1  1  1  1  1  1  1  1  1  1     14
APR   1  1  1  1  1  1  1  1  1  1  1  1  2  2  2  2  2  2  2  2  2  2  3  3  3  3  3  3  4  4        58
MAY   4  4  4  4  5  5  5  5  5  6  6  6  6  6  7  7  7  7  7  8  8  8  8  8  9  9  9  9  9 10 10    211
JUN  10 10 11 11 11 11 12 12 12 12 12 13 13 13 13 13 13 14 14 14 14 14 14 14 15 15 15 15 15 15       390
JUL  15 15 16 16 16 16 16 16 16 16 16 16 16 16 16 17 17 17 17 17 17 17 17 17 17 17 17 17 17 17 17    510
AUG  17 17 17 17 17 17 17 16 16 16 16 16 16 16 16 16 16 16 15 15 15 15 15 15 15 14 14 14 14 14 14    484
SEP  14 13 13 13 13 13 12 12 12 12 11 11 11 11 11 10 10 10  9  9  9  9  8  8  8  8  7  7  7  6       307
OCT   6  6  5  5  5  5  4  4  4  4  3  3  3  3  3  2  2  2  2  2  2  2  1  1  1  1  1  1  1  1  1     86
NOV   1  1  1  1  1  1  1  1  1  1  0  0  0  0  0  0  0  0  0  0  0  0  0  0  0  0  0  0  0  0        10
DEC -99-99  0  0  0  0  0  0  0  0  0  0  0  0  0  0  0  0  0  0  0  0  0  0  0  0  0  0  0  0  0      2
                                                                                                        
-------------------------------------------------------------------------------------------------       
 Total  Precipitation (Hundreths of an Inch)                                                            
 DAY  1  2  3  4  5  6  7  8  9 10 11 12 13 14 15 16 17 18 19 20 21 22 23 24 25 26 27 28 29 30 31  MONTH
-------------------------------------------------------------------------------------------------       
JAN  18 18 19 19 19 19 19 20 20 20 20 20 20 20 21 21 21 21 21 21 21 21 21 21 20 20 20 20 20 20 20    621
FEB  20 19 19 19 19 19 18 18 18 18 18 18 18 18 18 17 17 17 17 17 17 17 17 17 17 17 17 17             498
MAR  17 17 17 17 17 17 17 17 17 17 17 17 17 17 17 17 17 17 17 17 17 17 18 18 18 18 18 18 18 18 18    536
APR  19 19 19 19 19 19 19 19 19 19 19 19 19 19 19 19 19 19 18 18 18 18 18 18 17 17 17 17 16 16       550
MAY  16 15 15 15 15 14 14 14 14 14 13 13 13 13 13 13 13 13 13 13 13 13 13 13 13 13 13 14 14 14 14    423
JUN  14 15 15 15 15 15 15 16 16 16 16 16 16 16 16 16 16 16 16 16 16 16 16 16 16 16 16 16 16 16       472
JUL  16 16 15 15 15 15 15 15 15 15 15 14 14 14 14 14 14 14 14 14 14 13 13 13 13 13 13 13 13 13 12    436
AUG  12 12 12 12 12 12 12 12 12 12 12 12 11 11 11 11 11 11 11 11 12 12 12 12 12 12 12 12 12 12 12    364
SEP  12 12 12 12 13 13 13 13 13 13 13 13 13 13 12 12 12 12 12 12 12 12 12 12 11 11 11 11 11 10       363
OCT  10 10 10 10 10 10  9  9  9  9  9  9  9  9 10 10 10 10 10 10 10 11 11 11 11 12 12 12 13 13 14    322
NOV  14 14 15 15 16 16 16 16 17 17 17 17 17 18 18 18 18 18 18 18 18 18 18 18 18 18 18 17 17 17       510
DEC  17 17 16 16 16 16 16 16 16 15 15 15 15 15 15 15 15 15 16 16 16 16 16 16 16 17 17 17 17 17 18    496
                                                                                                        
