-------------------------------------------------------------------------------------------------       
 1971-2000 Daily/Monthly Station Normals                                                                
 Provided by National Climatic Data Center/NESDIS/NOAA                                                  
-------------------------------------------------------------------------------------------------       
 Station COOP ID:                           223107                                                      
 Station Name, State, Division, Call:       FOREST 3 S                         MS 05                    
 Latitude, Longitude, Elevation, Elements:  32 19 07 -089 29 07   480 XNP                               
-------------------------------------------------------------------------------------------------       
 Minimum Temperature (deg F [tenths deg F for monthly])                                                 
 DAY  1  2  3  4  5  6  7  8  9 10 11 12 13 14 15 16 17 18 19 20 21 22 23 24 25 26 27 28 29 30 31  MONTH
-------------------------------------------------------------------------------------------------       
JAN  34 34 34 34 34 34 34 34 34 34 34 34 34 33 33 33 34 34 34 34 34 34 34 34 34 34 34 34 34 34 34    339
FEB  35 35 35 35 35 35 35 36 36 36 36 36 36 37 37 37 37 37 38 38 38 38 38 39 39 39 40 40             369
MAR  40 40 41 41 41 41 42 42 42 42 43 43 43 43 44 44 44 44 44 45 45 45 45 45 46 46 46 46 46 46 47    436
APR  47 47 47 47 47 48 48 48 48 48 49 49 49 49 50 50 50 50 51 51 51 51 52 52 52 53 53 53 53 54       499
MAY  54 55 55 55 56 56 56 56 57 57 57 58 58 58 58 59 59 59 60 60 60 60 61 61 61 61 62 62 62 62 62    586
JUN  63 63 63 63 63 64 64 64 64 64 65 65 65 65 65 66 66 66 66 66 66 67 67 67 67 67 67 68 68 68       654
JUL  68 68 68 68 69 69 69 69 69 69 69 69 69 69 69 69 69 70 70 70 70 70 70 70 70 70 70 69 69 69 69    692
AUG  69 69 69 69 69 69 69 69 69 69 69 69 68 68 68 68 68 68 68 68 68 68 67 67 67 67 67 67 67 67 67    681
SEP  67 66 66 66 66 66 66 65 65 65 65 64 64 64 63 63 63 62 62 62 61 61 61 60 60 59 59 58 58 57       628
OCT  57 56 56 55 55 54 54 53 53 53 52 52 51 51 50 50 50 49 49 49 48 48 48 47 47 47 47 46 46 46 46    505
NOV  45 45 45 45 45 44 44 44 44 44 43 43 43 43 43 42 42 42 42 41 41 41 41 41 40 40 40 40 40 39       424
DEC  39 39 39 39 38 38 38 38 38 37 37 37 37 37 37 37 36 36 36 36 36 36 35 35 35 35 35 35 35 35 34    366
                                                                                                        
-------------------------------------------------------------------------------------------------       
 Maximum Temperature (deg F [tenths deg F for monthly])                                                 
 DAY  1  2  3  4  5  6  7  8  9 10 11 12 13 14 15 16 17 18 19 20 21 22 23 24 25 26 27 28 29 30 31  MONTH
-------------------------------------------------------------------------------------------------       
JAN  57 57 57 56 56 56 56 56 56 56 56 56 56 56 56 56 56 57 57 57 57 57 57 57 57 58 58 58 58 59 59    568
FEB  59 59 59 60 60 60 60 61 61 61 62 62 62 62 63 63 63 63 64 64 64 65 65 65 65 66 66 66             625
MAR  66 67 67 67 68 68 68 68 69 69 69 69 70 70 70 70 71 71 71 71 71 72 72 72 72 73 73 73 73 73 73    702
APR  74 74 74 74 74 75 75 75 75 75 76 76 76 76 76 77 77 77 77 77 78 78 78 78 78 79 79 79 79 79       765
MAY  80 80 80 80 80 81 81 81 81 81 82 82 82 82 83 83 83 83 83 84 84 84 84 85 85 85 85 85 86 86 86    828
JUN  86 87 87 87 87 87 88 88 88 88 88 89 89 89 89 89 89 89 90 90 90 90 90 90 90 90 90 90 90 90       888
JUL  91 91 91 91 91 91 91 91 91 91 91 91 91 91 91 91 91 91 91 91 91 91 91 91 91 91 91 92 92 92 92    911
AUG  92 92 92 92 92 92 92 91 91 91 91 91 91 91 91 91 91 91 91 91 91 91 91 91 90 90 90 90 90 90 90    910
SEP  90 89 89 89 89 89 89 88 88 88 88 88 87 87 87 87 87 86 86 86 86 85 85 85 85 84 84 84 83 83       867
OCT  83 82 82 82 81 81 81 80 80 80 79 79 79 79 78 78 77 77 77 76 76 76 75 75 75 74 74 74 73 73 73    777
NOV  72 72 72 71 71 71 70 70 69 69 69 69 68 68 68 67 67 67 66 66 66 65 65 65 64 64 64 64 63 63       675
DEC  63 63 62 62 62 61 61 61 61 60 60 60 60 60 59 59 59 59 59 58 58 58 58 58 58 57 57 57 57 57 57    594
                                                                                                        
-------------------------------------------------------------------------------------------------       
 Average Temperature (deg F [tenths deg F for monthly])                                                 
 DAY  1  2  3  4  5  6  7  8  9 10 11 12 13 14 15 16 17 18 19 20 21 22 23 24 25 26 27 28 29 30 31  MONTH
-------------------------------------------------------------------------------------------------       
JAN  46 45 45 45 45 45 45 45 45 45 45 45 45 45 45 45 45 45 45 45 45 45 46 46 46 46 46 46 46 47 47    454
FEB  47 47 47 47 48 48 48 48 48 49 49 49 49 50 50 50 50 50 51 51 51 51 52 52 52 52 53 53             497
MAR  53 54 54 54 54 55 55 55 55 56 56 56 56 57 57 57 57 57 58 58 58 58 59 59 59 59 59 59 60 60 60    569
APR  60 60 61 61 61 61 61 61 62 62 62 62 63 63 63 63 63 64 64 64 64 65 65 65 65 66 66 66 66 67       632
MAY  67 67 67 68 68 68 68 69 69 69 70 70 70 70 71 71 71 71 72 72 72 72 72 73 73 73 73 74 74 74 74    707
JUN  74 75 75 75 75 76 76 76 76 76 76 77 77 77 77 77 77 78 78 78 78 78 78 79 79 79 79 79 79 79       771
JUL  79 79 79 80 80 80 80 80 80 80 80 80 80 80 80 80 80 80 80 80 80 81 81 81 81 81 81 81 81 81 80    802
AUG  81 81 80 80 80 80 80 80 80 80 80 80 80 80 80 80 80 80 80 79 79 79 79 79 79 79 79 79 79 78 78    796
SEP  78 78 78 78 78 77 77 77 77 77 76 76 76 76 75 75 75 74 74 74 73 73 73 72 72 72 71 71 71 70       748
OCT  70 69 69 68 68 68 67 67 66 66 66 65 65 65 64 64 64 63 63 63 62 62 62 61 61 61 60 60 60 59 59    641
NOV  59 59 58 58 58 58 57 57 57 56 56 56 56 55 55 55 55 54 54 54 54 53 53 53 52 52 52 52 51 51       550
DEC  51 51 50 50 50 50 50 49 49 49 49 49 48 48 48 48 48 47 47 47 47 47 47 47 46 46 46 46 46 46 46    480
                                                                                                        
-------------------------------------------------------------------------------------------------       
 Heating Degree Days                                                                                    
 DAY  1  2  3  4  5  6  7  8  9 10 11 12 13 14 15 16 17 18 19 20 21 22 23 24 25 26 27 28 29 30 31  MONTH
-------------------------------------------------------------------------------------------------       
JAN  20 20 20 20 20 20 20 20 20 20 21 21 21 21 20 20 20 20 20 20 20 20 20 20 20 19 19 19 19 19 19    618
FEB  18 18 18 18 17 17 17 17 17 16 16 16 16 15 15 15 15 15 14 14 14 14 13 13 13 13 12 12             428
MAR  12 12 11 11 11 11 11 10 10 10 10  9  9  9  9  9  8  8  8  8  8  7  7  7  7  7  6  6  6  6  6    269
APR   6  5  5  5  5  5  5  5  4  4  4  4  4  4  4  3  3  3  3  3  3  3  2  2  2  2  2  2  2  2       106
MAY   2  1  1  1  1  1  1  1  1  1  1  1  1  0  0  0  0  0  0  0  0  0  0  0  0  0  0  0  0  0  0     14
JUN   0  0  0  0  0  0  0  0  0  0  0  0  0  0  0  0  0  0  0  0  0  0  0  0  0  0  0  0  0  0         0
JUL   0  0  0  0  0  0  0  0  0  0  0  0  0  0  0  0  0  0  0  0  0  0  0  0  0  0  0  0  0  0  0      0
AUG   0  0  0  0  0  0  0  0  0  0  0  0  0  0  0  0  0  0  0  0  0  0  0  0  0  0  0  0  0  0  0      0
SEP   0  0  0  0  0  0  0  0  0  0  0  0  0  0  0  0  0  0  0  0  0  0  0  0  0  1  1  1  1  1         5
OCT   1  1  1  1  2  2  2  2  2  2  2  3  3  3  3  3  4  4  4  4  4  5  5  5  5  5  6  6  6  6  7    109
NOV   7  7  7  8  8  8  9  9  9  9 10 10 10 10 11 11 11 11 12 12 12 12 12 13 13 13 13 14 14 14       319
DEC  14 15 15 15 15 15 16 16 16 16 16 17 17 17 17 17 18 18 18 18 18 18 18 19 19 19 19 19 19 20 20    534
                                                                                                        
-------------------------------------------------------------------------------------------------       
 Cooling Degree Days                                                                                    
 DAY  1  2  3  4  5  6  7  8  9 10 11 12 13 14 15 16 17 18 19 20 21 22 23 24 25 26 27 28 29 30 31  MONTH
-------------------------------------------------------------------------------------------------       
JAN   0  0  0  0  0  0  0  0  0  0  0  0  0  0  0  0  0  0  0  0  0  0  0  0  0  0  0  0  0  0  0      0
FEB   0  0  0  0  0  0  0  0  0  0  0  0  0  0  0  0  0  0  0  0  0  0  0  0  0  0  0  0               0
MAR   0  0  0  0  0  0  0  0  0  0  0  0  0  1  1  1  1  1  1  1  1  1  1  1  1  1  1  1  1  1  1     18
APR   1  1  1  1  1  1  1  1  1  1  1  1  1  1  1  2  2  2  2  2  2  2  2  2  3  3  3  3  3  3        51
MAY   3  4  4  4  4  4  4  5  5  5  5  5  5  6  6  6  6  6  7  7  7  7  7  8  8  8  8  9  9  9  9    190
JUN   9 10 10 10 10 11 11 11 11 11 11 12 12 12 12 12 13 13 13 13 13 13 13 13 14 14 14 14 14 14       363
JUL  14 14 14 15 15 15 15 15 15 15 15 15 15 15 15 15 15 15 15 15 15 15 15 16 16 16 16 16 16 16 15    469
AUG  16 16 15 15 15 15 15 15 15 15 15 15 15 15 15 15 15 15 15 14 14 14 14 14 14 14 14 13 13 13 13    451
SEP  13 13 13 12 12 12 12 12 11 11 11 11 11 10 10 10 10 10  9  9  9  8  8  8  8  7  7  7  6  6       296
OCT   6  5  5  5  5  4  4  4  4  3  3  3  3  3  2  2  2  2  2  2  2  1  1  1  1  1  1  1  1  1  1     81
NOV   1  1  1  1  1  1  1  1  1  1  1  1  1  1  1  1  1  1  0  0  0  0  0  0  0  0  0  0  0  0        18
DEC -99-99-99-99-99-99  0  0  0  0  0  0  0  0  0  0  0  0  0  0  0  0  0  0  0  0  0  0  0  0  0      6
                                                                                                        
-------------------------------------------------------------------------------------------------       
 Total  Precipitation (Hundreths of an Inch)                                                            
 DAY  1  2  3  4  5  6  7  8  9 10 11 12 13 14 15 16 17 18 19 20 21 22 23 24 25 26 27 28 29 30 31  MONTH
-------------------------------------------------------------------------------------------------       
JAN  19 19 20 20 20 20 20 20 20 20 20 20 20 20 20 20 20 20 20 20 20 20 20 20 20 20 20 20 20 20 20    618
FEB  20 20 20 20 20 20 20 20 19 19 19 19 20 20 20 20 20 20 20 20 20 20 20 20 20 20 20 20             556
MAR  21 21 21 21 21 21 21 21 21 21 21 21 21 21 21 21 21 22 22 22 21 21 21 21 21 21 21 21 21 21 21    654
APR  21 21 21 21 21 21 20 20 20 20 20 20 20 20 20 20 20 19 19 19 19 19 19 19 18 18 18 18 18 18       587
MAY  18 17 17 17 17 17 17 17 16 16 16 16 16 16 16 15 15 15 15 15 15 15 15 15 15 14 14 14 14 14 14    483
JUN  14 14 14 14 14 14 14 14 14 14 14 14 14 14 14 14 14 14 15 15 15 15 15 15 15 16 16 16 16 17       438
JUL  17 17 17 18 18 18 18 18 18 18 19 19 19 19 19 19 19 19 19 18 18 18 18 18 18 18 17 17 17 17 17    559
AUG  16 16 16 15 15 15 15 15 14 14 14 14 14 13 13 13 13 13 13 13 13 13 13 13 13 13 13 13 13 13 13    427
SEP  13 13 13 13 13 13 13 13 13 13 13 13 13 13 13 12 12 12 12 12 12 12 12 12 12 12 12 12 12 11       374
OCT  12 11 11 11 11 11 11 11 11 11 11 11 11 11 11 12 12 12 12 12 12 12 13 13 13 13 14 14 14 15 15    374
NOV  15 16 16 16 16 17 17 17 18 18 18 18 18 18 19 19 19 19 19 19 19 19 19 19 19 19 19 19 19 19       542
DEC  19 19 19 19 19 19 19 19 19 19 19 18 18 18 18 18 18 18 19 19 19 19 19 19 19 19 19 19 19 19 19    582
                                                                                                        
