-------------------------------------------------------------------------------------------------       
 1971-2000 Daily/Monthly Station Normals                                                                
 Provided by National Climatic Data Center/NESDIS/NOAA                                                  
-------------------------------------------------------------------------------------------------       
 Station COOP ID:                           223920                                                      
 Station Name, State, Division, Call:       HAZLEHURST 5 SW                    MS 07                    
 Latitude, Longitude, Elevation, Elements:  31 49 00 -090 27 00   600 XNP                               
-------------------------------------------------------------------------------------------------       
 Minimum Temperature (deg F [tenths deg F for monthly])                                                 
 DAY  1  2  3  4  5  6  7  8  9 10 11 12 13 14 15 16 17 18 19 20 21 22 23 24 25 26 27 28 29 30 31  MONTH
-------------------------------------------------------------------------------------------------       
JAN  37 37 37 37 37 37 37 37 37 37 36 36 36 36 36 36 37 37 37 37 37 37 37 37 37 37 37 37 37 37 37    368
FEB  38 38 38 38 38 38 38 38 39 39 39 39 39 39 40 40 40 40 40 41 41 41 41 42 42 42 42 42             397
MAR  43 43 43 44 44 44 44 44 45 45 45 45 46 46 46 46 46 47 47 47 47 47 48 48 48 48 48 48 49 49 49    461
APR  49 49 49 50 50 50 50 50 50 51 51 51 51 52 52 52 52 52 53 53 53 54 54 54 54 55 55 55 56 56       521
MAY  56 57 57 57 57 58 58 58 59 59 59 60 60 60 60 61 61 61 62 62 62 62 63 63 63 63 64 64 64 64 65    606
JUN  65 65 65 65 66 66 66 66 66 67 67 67 67 67 68 68 68 68 68 68 68 69 69 69 69 69 69 69 69 69       674
JUL  70 70 70 70 70 70 70 70 70 70 70 70 70 70 70 70 70 70 70 70 70 70 70 70 70 70 70 70 70 70 70    700
AUG  70 70 70 70 70 70 70 70 70 70 70 70 70 69 69 69 69 69 69 69 69 69 69 69 68 68 68 68 68 68 68    692
SEP  68 68 67 67 67 67 67 66 66 66 66 66 65 65 65 64 64 64 64 63 63 63 62 62 62 61 61 60 60 60       643
OCT  59 59 58 58 57 57 57 56 56 56 55 55 54 54 54 53 53 53 52 52 52 51 51 51 51 50 50 50 50 49 49    536
NOV  49 48 48 48 48 48 47 47 47 47 46 46 46 46 45 45 45 45 44 44 44 44 44 43 43 43 43 42 42 42       453
DEC  42 42 41 41 41 41 40 40 40 40 40 40 39 39 39 39 39 39 38 38 38 38 38 38 38 38 38 37 37 37 37    391
                                                                                                        
-------------------------------------------------------------------------------------------------       
 Maximum Temperature (deg F [tenths deg F for monthly])                                                 
 DAY  1  2  3  4  5  6  7  8  9 10 11 12 13 14 15 16 17 18 19 20 21 22 23 24 25 26 27 28 29 30 31  MONTH
-------------------------------------------------------------------------------------------------       
JAN  59 59 58 58 58 58 58 58 58 58 58 58 58 58 58 59 59 59 59 59 59 59 59 59 59 60 60 60 60 60 61    588
FEB  61 61 61 61 62 62 62 62 63 63 63 63 63 64 64 64 65 65 65 65 66 66 66 66 67 67 67 68             640
MAR  68 68 68 69 69 69 70 70 70 70 71 71 71 71 72 72 72 72 73 73 73 73 73 74 74 74 74 74 75 75 75    717
APR  75 75 76 76 76 76 76 76 77 77 77 77 77 78 78 78 78 78 78 79 79 79 79 79 80 80 80 80 80 80       778
MAY  81 81 81 81 81 82 82 82 82 82 83 83 83 83 84 84 84 84 84 85 85 85 85 86 86 86 86 86 87 87 87    838
JUN  87 88 88 88 88 88 89 89 89 89 89 90 90 90 90 90 90 90 91 91 91 91 91 91 91 91 91 91 91 91       898
JUL  91 91 91 91 91 91 92 92 92 92 92 92 92 92 92 92 92 92 92 92 92 92 92 92 92 92 92 92 92 92 92    918
AUG  92 92 92 92 92 92 92 92 92 92 92 92 92 92 92 92 92 92 92 92 92 92 91 91 91 91 91 91 91 91 91    917
SEP  90 90 90 90 90 90 90 89 89 89 89 89 88 88 88 88 88 87 87 87 87 86 86 86 86 85 85 85 85 84       877
OCT  84 84 83 83 83 83 82 82 82 81 81 81 80 80 80 79 79 79 78 78 78 77 77 77 76 76 76 75 75 75 74    793
NOV  74 74 73 73 73 72 72 72 71 71 71 70 70 70 69 69 69 68 68 68 67 67 67 66 66 66 65 65 65 65       692
DEC  64 64 64 63 63 63 63 62 62 62 62 62 61 61 61 61 61 60 60 60 60 60 60 59 59 59 59 59 59 59 59    610
                                                                                                        
-------------------------------------------------------------------------------------------------       
 Average Temperature (deg F [tenths deg F for monthly])                                                 
 DAY  1  2  3  4  5  6  7  8  9 10 11 12 13 14 15 16 17 18 19 20 21 22 23 24 25 26 27 28 29 30 31  MONTH
-------------------------------------------------------------------------------------------------       
JAN  48 48 48 48 48 48 47 47 47 47 47 47 47 47 47 47 48 48 48 48 48 48 48 48 48 48 48 49 49 49 49    478
FEB  49 49 49 50 50 50 50 50 51 51 51 51 51 52 52 52 52 53 53 53 53 54 54 54 54 55 55 55             519
MAR  55 56 56 56 56 57 57 57 57 58 58 58 58 59 59 59 59 59 60 60 60 60 61 61 61 61 61 61 62 62 62    589
APR  62 62 62 63 63 63 63 63 64 64 64 64 64 65 65 65 65 65 66 66 66 66 67 67 67 67 68 68 68 68       650
MAY  68 69 69 69 69 70 70 70 71 71 71 71 71 72 72 72 72 73 73 73 73 74 74 74 74 75 75 75 75 76 76    722
JUN  76 76 77 77 77 77 77 78 78 78 78 78 78 79 79 79 79 79 79 79 80 80 80 80 80 80 80 80 80 80       786
JUL  80 80 80 81 81 81 81 81 81 81 81 81 81 81 81 81 81 81 81 81 81 81 81 81 81 81 81 81 81 81 81    809
AUG  81 81 81 81 81 81 81 81 81 81 81 81 81 81 81 81 81 81 80 80 80 80 80 80 80 80 80 80 79 79 79    805
SEP  79 79 79 79 78 78 78 78 78 77 77 77 77 77 76 76 76 76 75 75 75 75 74 74 74 73 73 73 72 72       760
OCT  72 71 71 71 70 70 69 69 69 68 68 68 67 67 67 66 66 66 65 65 65 64 64 64 64 63 63 63 62 62 62    665
NOV  61 61 61 61 60 60 60 59 59 59 59 58 58 58 57 57 57 57 56 56 56 55 55 55 55 54 54 54 54 53       573
DEC  53 53 53 52 52 52 52 51 51 51 51 51 50 50 50 50 50 50 49 49 49 49 49 49 49 48 48 48 48 48 48    501
                                                                                                        
-------------------------------------------------------------------------------------------------       
 Heating Degree Days                                                                                    
 DAY  1  2  3  4  5  6  7  8  9 10 11 12 13 14 15 16 17 18 19 20 21 22 23 24 25 26 27 28 29 30 31  MONTH
-------------------------------------------------------------------------------------------------       
JAN  17 18 18 18 18 18 18 18 18 18 18 18 18 18 18 18 18 18 18 18 17 17 17 17 17 17 17 17 17 16 16    544
FEB  16 16 16 16 15 15 15 15 15 14 14 14 14 14 13 13 13 13 12 12 12 12 12 11 11 11 11 10             375
MAR  10 10 10  9  9  9  9  8  8  8  8  7  7  7  7  7  6  6  6  6  6  6  5  5  5  5  5  5  5  4  4    212
APR   4  4  4  4  4  4  4  3  3  3  3  3  3  3  3  3  3  2  2  2  2  2  2  2  2  2  2  1  1  1        81
MAY   1  1  1  1  1  1  1  1  1  0  0  0  0  0  0  0  0  0  0  0  0  0  0  0  0  0  0  0  0  0  0      9
JUN   0  0  0  0  0  0  0  0  0  0  0  0  0  0  0  0  0  0  0  0  0  0  0  0  0  0  0  0  0  0         0
JUL   0  0  0  0  0  0  0  0  0  0  0  0  0  0  0  0  0  0  0  0  0  0  0  0  0  0  0  0  0  0  0      0
AUG   0  0  0  0  0  0  0  0  0  0  0  0  0  0  0  0  0  0  0  0  0  0  0  0  0  0  0  0  0  0  0      0
SEP   0  0  0  0  0  0  0  0  0  0  0  0  0  0  0  0  0  0  0  0  0  0  0  0  0  0  0  0-99-99         2
OCT   0  0  0  1  1  1  1  1  1  1  1  1  1  1  2  2  2  2  2  2  3  3  3  3  3  3  4  4  4  4  5     62
NOV   5  5  5  6  6  6  6  7  7  7  8  8  8  8  9  9  9  9  9 10 10 10 10 11 11 11 11 12 12 12       257
DEC  12 13 13 13 13 14 14 14 14 14 15 15 15 15 15 16 16 16 16 16 16 16 17 17 17 17 17 17 17 17 17    474
                                                                                                        
-------------------------------------------------------------------------------------------------       
 Cooling Degree Days                                                                                    
 DAY  1  2  3  4  5  6  7  8  9 10 11 12 13 14 15 16 17 18 19 20 21 22 23 24 25 26 27 28 29 30 31  MONTH
-------------------------------------------------------------------------------------------------       
JAN -99-99-99  0  0  0  0  0  0  0  0  0  0  0  0  0  0  0  0  0  0  0  0  0  0  0  0  0  0  0  0      3
FEB   0  0  0  0  0  0  0  0  0  0  0  0  0  0  0  0  0  0  0  0  0-99-99-99-99-99-99-99               7
MAR   0  0  0  0  0  0  0  0  0  1  1  1  1  1  1  1  1  1  1  1  1  1  1  1  1  1  1  1  1  1  1     22
APR   1  1  1  2  2  2  2  2  2  2  2  2  2  2  2  3  3  3  3  3  3  3  3  4  4  4  4  4  4  4        79
MAY   5  5  5  5  5  5  6  6  6  6  6  7  7  7  7  7  8  8  8  8  8  9  9  9  9 10 10 10 10 10 11    232
JUN  11 11 11 12 12 12 12 13 13 13 13 13 13 14 14 14 14 14 14 14 15 15 15 15 15 15 15 15 15 15       407
JUL  15 15 15 16 16 16 16 16 16 16 16 16 16 16 16 16 16 16 16 16 16 16 16 16 16 16 16 16 16 16 16    493
AUG  16 16 16 16 16 16 16 16 16 16 16 16 16 16 16 16 16 16 15 15 15 15 15 15 15 15 15 15 14 14 14    480
SEP  14 14 14 14 13 13 13 13 13 12 12 12 12 12 11 11 11 11 10 10 10 10  9  9  9  9  8  8  8  7       332
OCT   7  7  6  6  6  5  5  5  5  4  4  4  4  3  3  3  3  3  3  2  2  2  2  2  2  2  2  2  1  1  1    107
NOV   1  1  1  1  1  1  1  1  1  1  1  1  1  1  1  1  1  1  1  1  1  1  1  1  0  0  0  0  0  0        24
DEC -99-99-99-99-99-99-99-99-99-99-99  0  0  0  0  0  0  0  0  0  0  0  0  0  0  0  0  0  0  0  0     11
                                                                                                        
-------------------------------------------------------------------------------------------------       
 Total  Precipitation (Hundreths of an Inch)                                                            
 DAY  1  2  3  4  5  6  7  8  9 10 11 12 13 14 15 16 17 18 19 20 21 22 23 24 25 26 27 28 29 30 31  MONTH
-------------------------------------------------------------------------------------------------       
JAN  20 20 20 20 19 19 19 19 19 19 19 19 19 19 19 19 19 19 19 19 19 19 19 19 19 19 19 19 18 18 18    590
FEB  18 18 18 18 18 18 18 18 18 18 18 18 18 18 18 18 18 18 18 18 18 18 18 18 18 18 19 19             506
MAR  19 19 19 19 19 19 19 19 19 19 19 19 19 19 19 19 19 20 20 20 20 20 20 20 20 20 20 20 20 20 20    603
APR  20 19 20 20 20 20 20 20 20 20 20 20 20 20 20 20 20 20 20 20 20 20 20 20 20 20 20 20 20 20       599
MAY  20 20 20 20 20 20 20 20 20 20 20 20 20 20 19 19 19 19 19 19 19 18 18 18 18 17 17 17 17 17 16    586
JUN  16 16 15 15 15 15 15 14 14 14 14 14 14 14 14 13 13 13 13 13 13 13 13 13 14 14 14 14 14 14       420
JUL  14 14 15 15 15 15 15 15 15 15 15 15 15 15 15 15 15 16 16 16 15 15 15 15 15 15 15 15 15 15 15    466
AUG  15 15 14 14 14 14 14 14 14 14 14 13 13 13 13 13 13 13 13 13 12 12 12 12 12 12 12 11 11 11 11    401
SEP  11 11 10 10 10 10 10 10 10 10 10 10 10 10 10 10 10 10 10 10 10 10 10 10 10 10 10 10 10 10       302
OCT  10 11 11 11 11 11 11 11 11 11 12 12 12 12 12 12 12 12 13 13 13 13 13 13 14 14 14 14 14 14 14    381
NOV  15 15 15 15 15 15 16 16 16 16 16 16 16 17 17 17 17 17 17 17 17 17 18 18 18 18 18 18 18 18       499
DEC  18 18 19 19 19 19 19 19 19 19 19 19 19 19 19 19 19 19 19 19 19 20 20 20 20 20 20 20 20 20 20    597
                                                                                                        
