-------------------------------------------------------------------------------------------------       
 1971-2000 Daily/Monthly Station Normals                                                                
 Provided by National Climatic Data Center/NESDIS/NOAA                                                  
-------------------------------------------------------------------------------------------------       
 Station COOP ID:                           220521                                                      
 Station Name, State, Division, Call:       BAY ST LOUIS NASA                  MS 10                    
 Latitude, Longitude, Elevation, Elements:  30 22 00 -089 35 00    30 XNP                               
-------------------------------------------------------------------------------------------------       
 Minimum Temperature (deg F [tenths deg F for monthly])                                                 
 DAY  1  2  3  4  5  6  7  8  9 10 11 12 13 14 15 16 17 18 19 20 21 22 23 24 25 26 27 28 29 30 31  MONTH
-------------------------------------------------------------------------------------------------       
JAN  39 39 39 39 39 39 39 38 38 38 39 39 39 39 39 39 39 39 39 39 39 39 39 39 39 39 39 39 39 39 39    389
FEB  39 39 40 40 40 40 40 40 40 40 40 41 41 41 41 41 42 42 42 42 43 43 43 43 44 44 44 44             414
MAR  45 45 45 46 46 46 47 47 47 47 48 48 48 49 49 49 49 49 50 50 50 50 50 51 51 51 51 51 51 52 52    487
APR  52 52 52 52 52 53 53 53 53 53 53 54 54 54 54 55 55 55 55 55 56 56 56 56 57 57 57 58 58 58       546
MAY  58 59 59 59 60 60 60 61 61 61 61 62 62 62 62 63 63 63 64 64 64 64 65 65 65 65 65 66 66 66 66    626
JUN  67 67 67 67 67 68 68 68 68 68 68 69 69 69 69 69 69 70 70 70 70 70 70 70 71 71 71 71 71 71       691
JUL  71 71 71 72 72 72 72 72 72 72 72 72 72 72 72 72 72 72 72 72 72 72 72 72 72 72 72 72 72 72 72    719
AUG  72 72 72 72 72 72 72 72 72 72 72 72 72 71 71 71 71 71 71 71 71 71 71 71 71 71 71 71 71 71 70    714
SEP  70 70 70 70 70 70 70 69 69 69 69 69 68 68 68 68 67 67 67 66 66 65 65 65 64 64 63 63 62 62       671
OCT  61 61 60 60 59 59 58 58 57 57 56 56 56 55 55 55 54 54 54 53 53 53 52 52 52 52 52 51 51 51 51    551
NOV  51 51 50 50 50 50 50 49 49 49 49 49 48 48 48 48 48 47 47 47 47 46 46 46 45 45 45 45 44 44       477
DEC  44 43 43 43 43 42 42 42 42 41 41 41 41 41 40 40 40 40 40 40 40 39 39 39 39 39 39 39 39 39 39    406
                                                                                                        
-------------------------------------------------------------------------------------------------       
 Maximum Temperature (deg F [tenths deg F for monthly])                                                 
 DAY  1  2  3  4  5  6  7  8  9 10 11 12 13 14 15 16 17 18 19 20 21 22 23 24 25 26 27 28 29 30 31  MONTH
-------------------------------------------------------------------------------------------------       
JAN  61 61 61 61 61 61 61 61 61 61 61 61 61 61 61 61 61 61 61 61 61 61 61 61 61 62 62 62 62 62 62    612
FEB  62 63 63 63 63 63 63 64 64 64 64 64 65 65 65 65 65 66 66 66 66 67 67 67 67 67 68 68             650
MAR  68 68 69 69 69 69 70 70 70 70 70 71 71 71 71 71 72 72 72 72 73 73 73 73 73 73 74 74 74 74 74    714
APR  74 75 75 75 75 75 76 76 76 76 76 77 77 77 77 77 78 78 78 78 79 79 79 79 79 80 80 80 80 81       774
MAY  81 81 81 82 82 82 82 83 83 83 83 84 84 84 84 84 85 85 85 85 86 86 86 86 86 87 87 87 87 87 88    844
JUN  88 88 88 88 88 89 89 89 89 89 89 90 90 90 90 90 90 90 90 90 91 91 91 91 91 91 91 91 91 91       898
JUL  91 92 92 92 92 92 92 92 92 92 92 92 92 92 92 92 92 92 92 92 92 92 92 92 92 92 92 93 93 93 93    921
AUG  93 93 93 93 93 92 92 92 92 92 92 92 92 92 92 92 92 92 92 92 92 92 92 91 91 91 91 91 91 91 91    919
SEP  91 90 90 90 90 90 90 90 89 89 89 89 89 88 88 88 88 88 87 87 87 87 87 86 86 86 86 85 85 85       880
OCT  85 84 84 84 84 83 83 83 82 82 82 82 81 81 81 80 80 80 80 79 79 79 78 78 78 77 77 77 77 76 76    804
NOV  76 75 75 75 74 74 74 74 73 73 72 72 72 72 71 71 71 70 70 70 70 69 69 69 68 68 68 68 67 67       712
DEC  67 67 66 66 66 66 65 65 65 65 64 64 64 64 64 63 63 63 63 63 63 63 62 62 62 62 62 62 62 61 61    637
                                                                                                        
-------------------------------------------------------------------------------------------------       
 Average Temperature (deg F [tenths deg F for monthly])                                                 
 DAY  1  2  3  4  5  6  7  8  9 10 11 12 13 14 15 16 17 18 19 20 21 22 23 24 25 26 27 28 29 30 31  MONTH
-------------------------------------------------------------------------------------------------       
JAN  50 50 50 50 50 50 50 50 50 50 50 50 50 50 50 50 50 50 50 50 50 50 50 50 50 50 50 50 51 51 51    501
FEB  51 51 51 51 51 52 52 52 52 52 52 53 53 53 53 53 54 54 54 54 54 55 55 55 55 56 56 56             532
MAR  57 57 57 57 58 58 58 58 59 59 59 59 60 60 60 60 60 61 61 61 61 61 62 62 62 62 62 63 63 63 63    601
APR  63 63 63 64 64 64 64 64 65 65 65 65 65 66 66 66 66 66 67 67 67 67 68 68 68 68 69 69 69 69       660
MAY  70 70 70 70 71 71 71 72 72 72 72 73 73 73 73 74 74 74 74 75 75 75 75 75 76 76 76 76 77 77 77    735
JUN  77 77 78 78 78 78 78 79 79 79 79 79 79 79 80 80 80 80 80 80 80 80 81 81 81 81 81 81 81 81       795
JUL  81 82 82 82 82 82 82 82 82 82 82 82 82 82 82 82 82 82 82 82 82 82 82 82 82 82 82 82 83 82 82    820
AUG  82 82 82 82 82 82 82 82 82 82 82 82 82 82 82 82 82 82 82 82 82 82 81 81 81 81 81 81 81 81 81    817
SEP  81 80 80 80 80 80 80 80 79 79 79 79 79 78 78 78 78 77 77 77 76 76 76 76 75 75 74 74 74 73       776
OCT  73 73 72 72 71 71 71 70 70 70 69 69 69 68 68 68 67 67 67 66 66 66 65 65 65 65 64 64 64 64 63    678
NOV  63 63 63 62 62 62 62 62 61 61 61 60 60 60 60 59 59 59 59 58 58 58 58 57 57 57 56 56 56 56       595
DEC  55 55 55 55 54 54 54 54 53 53 53 53 52 52 52 52 52 52 51 51 51 51 51 51 51 51 50 50 50 50 50    522
                                                                                                        
-------------------------------------------------------------------------------------------------       
 Heating Degree Days                                                                                    
 DAY  1  2  3  4  5  6  7  8  9 10 11 12 13 14 15 16 17 18 19 20 21 22 23 24 25 26 27 28 29 30 31  MONTH
-------------------------------------------------------------------------------------------------       
JAN  15 15 15 16 16 16 16 16 16 16 16 16 16 16 16 16 16 16 16 15 15 15 15 15 15 15 15 15 15 15 14    480
FEB  14 14 14 14 14 14 13 13 13 13 13 13 12 12 12 12 12 12 11 11 11 11 10 10 10 10 10  9             337
MAR   9  9  9  8  8  8  8  7  7  7  7  7  7  6  6  6  6  6  5  5  5  5  5  5  4  4  4  4  4  4  4    189
APR   4  3  3  3  3  3  3  3  3  3  2  2  2  2  2  2  2  2  2  2  1  1  1  1  1  1  1  1  1  1        61
MAY   1  1  1  1  0  0  0  0  0  0  0  0  0  0  0  0  0  0  0  0  0  0  0  0  0  0  0  0  0  0  0      4
JUN   0  0  0  0  0  0  0  0  0  0  0  0  0  0  0  0  0  0  0  0  0  0  0  0  0  0  0  0  0  0         0
JUL   0  0  0  0  0  0  0  0  0  0  0  0  0  0  0  0  0  0  0  0  0  0  0  0  0  0  0  0  0  0  0      0
AUG   0  0  0  0  0  0  0  0  0  0  0  0  0  0  0  0  0  0  0  0  0  0  0  0  0  0  0  0  0  0  0      0
SEP   0  0  0  0  0  0  0  0  0  0  0  0  0  0  0  0  0  0  0  0  0  0  0  0  0  0  0  0  0  0         0
OCT   0  0  0  0  1  1  1  1  1  1  1  1  1  1  1  1  2  2  2  2  2  2  2  3  3  3  3  3  3  4  4     52
NOV   4  4  4  5  5  5  5  6  6  6  6  6  7  7  7  7  7  8  8  8  8  9  9  9  9  9 10 10 10 10       214
DEC  11 11 11 11 11 12 12 12 12 12 13 13 13 13 13 14 14 14 14 14 14 14 15 15 15 15 15 15 15 15 15    413
                                                                                                        
-------------------------------------------------------------------------------------------------       
 Cooling Degree Days                                                                                    
 DAY  1  2  3  4  5  6  7  8  9 10 11 12 13 14 15 16 17 18 19 20 21 22 23 24 25 26 27 28 29 30 31  MONTH
-------------------------------------------------------------------------------------------------       
JAN -99-99-99  0  0  0  0  0  0  0  0  0  0  0  0  0  0  0  0  0  0  0  0  0  0  0  0  0  0  0  0      3
FEB   0  0  0  0  0  0  0  0  0  0  0  0  0  0  0  0  0  0  0  0  0  1  1  1  1  1  1  1               7
MAR   1  1  1  1  1  1  1  1  1  1  1  1  1  1  1  1  1  1  1  1  1  1  1  1  1  1  2  2  2  2  2     36
APR   2  2  2  2  2  2  2  2  2  2  2  2  2  3  3  3  3  3  3  3  3  4  4  4  4  4  5  5  5  5        90
MAY   5  6  6  6  6  6  7  7  7  7  8  8  8  8  8  9  9  9  9  9 10 10 10 10 11 11 11 11 11 12 12    267
JUN  12 12 12 13 13 13 13 13 14 14 14 14 14 14 15 15 15 15 15 15 15 15 16 16 16 16 16 16 16 16       433
JUL  16 17 17 17 17 17 17 17 17 17 17 17 17 17 17 17 17 17 17 17 17 17 17 17 17 17 17 17 17 17 17    526
AUG  17 17 17 17 17 17 17 17 17 17 17 17 17 17 17 17 17 17 17 17 16 16 16 16 16 16 16 16 16 16 16    516
SEP  15 15 15 15 15 15 15 14 14 14 14 14 13 13 13 13 12 12 12 12 11 11 11 11 10 10 10  9  9  9       376
OCT   8  8  8  7  7  7  6  6  6  5  5  5  5  4  4  4  4  4  3  3  3  3  3  3  3  3  2  2  2  2  2    137
NOV   2  2  2  2  2  2  2  2  2  2  2  2  2  2  2  2  2  1  1  1  1  1  1  1  1  1  1  1  1  1        47
DEC   1  1  1  1  1  1  1  1  1  1  1  1  1  1  1  0  0  0  0  0  0  0  0  0  0  0  0  0  0  0  0     15
                                                                                                        
-------------------------------------------------------------------------------------------------       
 Total  Precipitation (Hundreths of an Inch)                                                            
 DAY  1  2  3  4  5  6  7  8  9 10 11 12 13 14 15 16 17 18 19 20 21 22 23 24 25 26 27 28 29 30 31  MONTH
-------------------------------------------------------------------------------------------------       
JAN  18 18 18 19 19 20 20 20 20 21 21 21 21 21 21 21 22 22 22 22 22 22 22 21 21 21 21 21 21 21 20    640
FEB  20 20 20 19 19 19 19 19 19 19 19 19 18 18 18 18 19 19 19 19 19 19 19 19 20 20 20 20             535
MAR  21 21 21 21 22 22 22 22 22 22 22 22 22 23 23 23 23 22 22 22 22 22 22 22 22 22 21 21 21 21 20    676
APR  20 20 20 19 19 19 19 19 18 18 18 18 18 18 18 18 17 17 17 17 17 17 17 17 18 18 18 18 18 18       543
MAY  18 18 18 18 18 19 19 19 19 19 19 19 19 19 19 19 18 18 18 18 18 18 18 17 17 17 17 17 16 16 16    558
JUN  16 15 15 15 15 15 14 14 14 14 14 14 14 14 15 15 15 15 15 15 16 16 16 17 17 18 18 18 19 20       468
JUL  20 20 21 21 22 22 23 23 23 24 24 24 24 25 25 25 25 25 25 25 25 25 25 25 24 24 24 24 24 23 23    732
AUG  22 22 22 22 21 21 21 20 20 20 20 20 19 19 19 19 19 19 19 19 19 19 18 18 19 19 19 19 19 19 19    610
SEP  19 19 19 19 19 20 20 19 19 19 19 19 19 19 19 18 18 18 18 17 17 17 17 16 16 15 15 14 14 14       531
OCT  13 12 12 12 11 11 11 10 10 10 10 10  9  9  9  9  9  9 10 10 10 10 10 10 11 11 12 12 12 13 13    330
NOV  14 14 15 15 16 16 17 17 17 17 18 18 18 18 18 18 18 18 18 18 18 18 18 18 18 18 17 17 17 17       514
DEC  16 16 15 15 15 15 15 14 14 14 14 14 14 14 14 14 14 14 14 14 14 15 15 15 15 15 16 16 16 17 17    460
                                                                                                        
