-------------------------------------------------------------------------------------------------       
 1971-2000 Daily/Monthly Station Normals                                                                
 Provided by National Climatic Data Center/NESDIS/NOAA                                                  
-------------------------------------------------------------------------------------------------       
 Station COOP ID:                           225897                                                      
 Station Name, State, Division, Call:       MINTER CITY 2 SE                   MS 04                    
 Latitude, Longitude, Elevation, Elements:  33 43 07 -090 16 07   140 XNP                               
-------------------------------------------------------------------------------------------------       
 Minimum Temperature (deg F [tenths deg F for monthly])                                                 
 DAY  1  2  3  4  5  6  7  8  9 10 11 12 13 14 15 16 17 18 19 20 21 22 23 24 25 26 27 28 29 30 31  MONTH
-------------------------------------------------------------------------------------------------       
JAN  33 33 32 32 32 32 32 32 32 32 32 32 32 32 32 32 32 32 32 32 33 33 33 33 33 33 33 33 33 34 34    325
FEB  34 34 34 34 35 35 35 35 35 36 36 36 36 36 37 37 37 37 38 38 38 38 38 39 39 39 39 40             366
MAR  40 40 40 41 41 41 42 42 42 42 43 43 43 43 44 44 44 44 44 45 45 45 45 46 46 46 46 47 47 47 47    437
APR  47 48 48 48 48 49 49 49 49 49 50 50 50 51 51 51 51 52 52 52 52 53 53 53 53 54 54 54 55 55       510
MAY  55 56 56 56 57 57 57 57 58 58 58 59 59 59 59 60 60 60 61 61 61 61 62 62 62 63 63 63 63 64 64    597
JUN  64 65 65 65 65 66 66 66 66 67 67 67 67 67 68 68 68 68 68 68 69 69 69 69 69 69 70 70 70 70       675
JUL  70 70 70 71 71 71 71 71 71 71 71 71 71 71 71 71 71 71 71 71 71 71 71 71 71 71 71 71 71 71 71    709
AUG  71 71 71 71 71 70 70 70 70 70 70 70 70 70 70 69 69 69 69 69 69 69 68 68 68 68 68 68 68 67 67    693
SEP  67 67 67 66 66 66 66 65 65 65 64 64 64 64 63 63 63 62 62 62 61 61 60 60 60 59 59 58 58 57       628
OCT  57 56 56 55 55 55 54 54 53 53 53 52 52 51 51 51 50 50 50 49 49 49 48 48 48 48 47 47 47 47 46    510
NOV  46 46 46 45 45 45 45 45 44 44 44 44 43 43 43 43 42 42 42 41 41 41 41 40 40 40 40 39 39 39       426
DEC  38 38 38 38 37 37 37 37 36 36 36 36 35 35 35 35 35 34 34 34 34 34 34 34 33 33 33 33 33 33 33    351
                                                                                                        
-------------------------------------------------------------------------------------------------       
 Maximum Temperature (deg F [tenths deg F for monthly])                                                 
 DAY  1  2  3  4  5  6  7  8  9 10 11 12 13 14 15 16 17 18 19 20 21 22 23 24 25 26 27 28 29 30 31  MONTH
-------------------------------------------------------------------------------------------------       
JAN  50 50 50 50 50 50 50 50 50 49 49 49 49 50 50 50 50 50 50 50 50 50 50 51 51 51 51 51 52 52 52    502
FEB  52 53 53 53 53 54 54 54 54 55 55 55 56 56 56 56 57 57 57 58 58 58 59 59 59 60 60 60             561
MAR  61 61 61 61 62 62 62 63 63 63 64 64 64 65 65 65 65 66 66 66 67 67 67 68 68 68 68 69 69 69 69    651
APR  70 70 70 70 71 71 71 72 72 72 72 73 73 73 73 74 74 74 74 75 75 75 75 76 76 76 77 77 77 77       735
MAY  77 78 78 78 78 79 79 79 79 80 80 80 81 81 81 81 82 82 82 82 83 83 83 83 84 84 84 84 85 85 85    813
JUN  85 86 86 86 86 86 87 87 87 87 88 88 88 88 88 89 89 89 89 89 89 90 90 90 90 90 90 90 91 91       883
JUL  91 91 91 91 91 91 92 92 92 92 92 92 92 92 92 92 92 92 92 92 92 92 92 92 92 92 92 92 92 92 92    918
AUG  92 92 92 92 92 92 92 92 92 92 92 91 91 91 91 91 91 91 91 91 90 90 90 90 90 90 90 90 89 89 89    909
SEP  89 89 88 88 88 88 88 88 87 87 87 87 86 86 86 86 85 85 85 85 84 84 84 83 83 83 83 82 82 82       856
OCT  81 81 81 80 80 80 79 79 79 78 78 78 77 77 76 76 76 75 75 75 74 74 73 73 72 72 72 71 71 70 70    759
NOV  69 69 69 68 68 67 67 67 66 66 65 65 64 64 64 63 63 63 62 62 61 61 61 60 60 60 59 59 58 58       636
DEC  58 57 57 57 56 56 56 56 55 55 55 54 54 54 54 53 53 53 53 52 52 52 52 52 51 51 51 51 51 51 50    536
                                                                                                        
-------------------------------------------------------------------------------------------------       
 Average Temperature (deg F [tenths deg F for monthly])                                                 
 DAY  1  2  3  4  5  6  7  8  9 10 11 12 13 14 15 16 17 18 19 20 21 22 23 24 25 26 27 28 29 30 31  MONTH
-------------------------------------------------------------------------------------------------       
JAN  41 41 41 41 41 41 41 41 41 41 41 41 41 41 41 41 41 41 41 41 41 41 42 42 42 42 42 42 43 43 43    414
FEB  43 43 44 44 44 44 45 45 45 45 45 46 46 46 46 47 47 47 47 48 48 48 49 49 49 49 50 50             464
MAR  50 51 51 51 51 52 52 52 53 53 53 53 54 54 54 54 55 55 55 55 56 56 56 57 57 57 57 58 58 58 58    544
APR  59 59 59 59 60 60 60 60 61 61 61 61 62 62 62 62 63 63 63 63 64 64 64 64 65 65 65 66 66 66       623
MAY  66 67 67 67 68 68 68 68 69 69 69 69 70 70 70 71 71 71 71 72 72 72 72 73 73 73 73 74 74 74 75    705
JUN  75 75 75 76 76 76 76 76 77 77 77 77 78 78 78 78 78 79 79 79 79 79 79 80 80 80 80 80 80 80       779
JUL  80 80 81 81 81 81 81 81 81 81 81 81 81 81 81 82 82 82 82 82 82 82 82 82 82 82 82 82 82 81 81    814
AUG  82 81 81 81 81 81 81 81 81 81 81 81 81 81 80 80 80 80 80 80 80 80 79 79 79 79 79 79 78 78 78    801
SEP  78 78 78 77 77 77 77 76 76 76 76 75 75 75 75 74 74 74 73 73 73 72 72 72 71 71 71 70 70 70       742
OCT  69 69 68 68 68 67 67 66 66 66 65 65 65 64 64 63 63 63 62 62 62 61 61 61 60 60 60 59 59 58 58    635
NOV  58 57 57 57 56 56 56 56 55 55 55 54 54 54 53 53 53 52 52 52 51 51 51 50 50 50 49 49 49 48       531
DEC  48 48 47 47 47 47 46 46 46 46 45 45 45 45 44 44 44 44 43 43 43 43 43 43 42 42 42 42 42 42 42    444
                                                                                                        
-------------------------------------------------------------------------------------------------       
 Heating Degree Days                                                                                    
 DAY  1  2  3  4  5  6  7  8  9 10 11 12 13 14 15 16 17 18 19 20 21 22 23 24 25 26 27 28 29 30 31  MONTH
-------------------------------------------------------------------------------------------------       
JAN  24 24 24 24 24 24 24 24 24 24 24 24 24 24 24 24 24 24 24 24 24 24 23 23 23 23 23 23 22 22 22    732
FEB  22 22 22 21 21 21 21 20 20 20 20 19 19 19 19 18 18 18 18 17 17 17 17 16 16 16 15 15             524
MAR  15 15 14 14 14 13 13 13 13 12 12 12 12 11 11 11 11 10 10 10 10  9  9  9  9  9  8  8  8  8  7    340
APR   7  7  7  7  6  6  6  6  6  6  5  5  5  5  5  4  4  4  4  4  4  4  3  3  3  3  3  3  3  2       140
MAY   2  2  2  2  2  2  2  2  2  1  1  1  1  1  1  1  1  1  1  1  1  1  1  0  0  0  0  0  0  0  0     32
JUN   0  0  0  0  0  0  0  0  0  0  0  0  0  0  0  0  0  0  0  0  0  0  0  0  0  0  0  0  0  0         0
JUL   0  0  0  0  0  0  0  0  0  0  0  0  0  0  0  0  0  0  0  0  0  0  0  0  0  0  0  0  0  0  0      0
AUG   0  0  0  0  0  0  0  0  0  0  0  0  0  0  0  0  0  0  0  0  0  0  0  0  0  0  0  0  0  0  0      0
SEP   0  0  0  0  0  0  0  0  0  0  0  0  0  0  0  0  0  0  0  0  0  0  1  1  1  1  1  1  1  1         8
OCT   1  1  2  2  2  2  2  2  2  3  3  3  3  3  3  4  4  4  4  5  5  5  5  5  6  6  6  7  7  7  7    121
NOV   8  8  8  9  9  9 10 10 10 11 11 11 11 12 12 12 13 13 13 14 14 14 15 15 15 15 16 16 16 17       367
DEC  17 17 18 18 18 18 19 19 19 20 20 20 20 21 21 21 21 21 22 22 22 22 22 22 23 23 23 23 23 23 23    641
                                                                                                        
-------------------------------------------------------------------------------------------------       
 Cooling Degree Days                                                                                    
 DAY  1  2  3  4  5  6  7  8  9 10 11 12 13 14 15 16 17 18 19 20 21 22 23 24 25 26 27 28 29 30 31  MONTH
-------------------------------------------------------------------------------------------------       
JAN   0  0  0  0  0  0  0  0  0  0  0  0  0  0  0  0  0  0  0  0  0  0  0  0  0  0  0  0  0  0  0      0
FEB   0  0  0  0  0  0  0  0  0  0  0  0  0  0  0  0  0  0  0  0  0  0  0  0  0  0  0-99               1
MAR   0  0  0  0  0  0  0  0  0  0  0  0  0  0  0  0  0  0  0  0  1  1  1  1  1  1  1  1  1  1  1     11
APR   1  1  1  1  1  1  1  1  1  1  1  1  2  2  2  2  2  2  2  2  2  2  3  3  3  3  3  3  3  4        57
MAY   4  4  4  4  4  5  5  5  5  5  5  6  6  6  6  6  7  7  7  7  7  8  8  8  8  9  9  9  9  9 10    202
JUN  10 10 10 11 11 11 11 12 12 12 12 12 13 13 13 13 13 14 14 14 14 14 14 14 15 15 15 15 15 15       387
JUL  15 15 16 16 16 16 16 16 16 16 16 16 16 16 16 16 16 17 17 17 17 17 17 17 17 17 17 17 17 16 16    506
AUG  17 16 16 16 16 16 16 16 16 16 16 16 16 16 15 15 15 15 15 15 15 15 14 14 14 14 14 14 13 13 13    468
SEP  13 13 12 12 12 12 12 11 11 11 11 10 10 10 10 10  9  9  9  8  8  8  8  7  7  7  7  6  6  6       285
OCT   5  5  5  5  4  4  4  3  3  3  3  3  2  2  2  2  2  2  1  1  1  1  1  1  1  1  1  1  1  1  1     72
NOV   1  1  1  1  1  1  1  1  1  0  0  0  0  0  0  0  0  0  0  0  0  0  0  0  0  0  0  0  0  0         9
DEC -99-99  0  0  0  0  0  0  0  0  0  0  0  0  0  0  0  0  0  0  0  0  0  0  0  0  0  0  0  0  0      2
                                                                                                        
-------------------------------------------------------------------------------------------------       
 Total  Precipitation (Hundreths of an Inch)                                                            
 DAY  1  2  3  4  5  6  7  8  9 10 11 12 13 14 15 16 17 18 19 20 21 22 23 24 25 26 27 28 29 30 31  MONTH
-------------------------------------------------------------------------------------------------       
JAN  18 18 18 18 18 18 18 18 18 18 18 18 18 18 18 18 18 18 18 18 18 18 17 17 17 17 17 17 17 17 17    549
FEB  17 17 17 17 17 17 17 17 17 17 17 17 17 17 17 17 18 18 18 18 18 18 18 18 18 19 19 19             491
MAR  19 19 19 20 20 20 20 20 20 20 20 20 20 20 20 20 21 21 21 20 20 20 20 20 20 20 20 20 20 20 20    620
APR  20 19 19 19 19 19 19 19 19 19 19 19 19 19 19 18 18 18 18 18 18 18 18 19 19 19 19 19 19 19       563
MAY  19 19 19 19 19 19 19 19 19 19 19 20 19 19 19 19 19 19 19 19 19 19 19 19 19 19 19 19 19 18 18    588
JUN  18 18 18 18 18 17 17 17 17 17 17 17 17 17 17 17 17 17 17 17 16 16 16 16 16 16 16 16 16 16       505
JUL  16 17 17 16 16 16 16 16 16 16 16 16 16 16 15 15 15 15 15 14 14 14 14 13 13 13 12 12 12 11 11    454
AUG  11 10 10 10  9  9  9  9  8  8  8  8  8  8  7  7  7  7  7  7  7  7  8  8  8  8  8  8  9  9  9    256
SEP   9 10 10 10 10 10 11 11 11 11 11 11 11 11 12 12 12 12 12 12 11 11 11 11 11 11 11 11 11 10       328
OCT  10 10 10 10 10  9  9  9  9  9  9  9  9 10 10 10 10 10 10 11 11 11 11 12 12 12 13 13 14 14 15    331
NOV  15 16 16 16 17 17 18 18 18 19 19 19 20 20 20 20 20 20 21 21 21 21 21 21 21 21 21 21 21 21       580
DEC  21 21 20 20 20 20 20 20 20 20 20 20 20 19 19 19 19 19 19 19 19 19 19 19 19 19 19 18 18 18 18    600
                                                                                                        
