-------------------------------------------------------------------------------------------------       
 1971-2000 Daily/Monthly Station Normals                                                                
 Provided by National Climatic Data Center/NESDIS/NOAA                                                  
-------------------------------------------------------------------------------------------------       
 Station COOP ID:                           229079                                                      
 Station Name, State, Division, Call:       UNIVERSITY                         MS 02                    
 Latitude, Longitude, Elevation, Elements:  34 23 00 -089 32 00   380 XNP                               
-------------------------------------------------------------------------------------------------       
 Minimum Temperature (deg F [tenths deg F for monthly])                                                 
 DAY  1  2  3  4  5  6  7  8  9 10 11 12 13 14 15 16 17 18 19 20 21 22 23 24 25 26 27 28 29 30 31  MONTH
-------------------------------------------------------------------------------------------------       
JAN  28 28 28 28 28 28 28 28 28 28 28 28 28 28 28 28 28 28 28 28 28 28 28 28 28 28 28 28 28 28 28    280
FEB  29 29 29 29 29 29 30 30 30 30 30 30 31 31 31 31 31 32 32 32 33 33 33 33 34 34 34 35             312
MAR  35 35 36 36 36 36 37 37 37 38 38 38 39 39 39 39 40 40 40 40 41 41 41 41 42 42 42 42 42 43 43    392
APR  43 43 44 44 44 44 45 45 45 45 45 46 46 46 47 47 47 47 48 48 48 49 49 49 50 50 50 51 51 51       469
MAY  52 52 52 53 53 53 54 54 54 55 55 55 56 56 56 57 57 57 57 58 58 58 59 59 59 60 60 60 61 61 61    565
JUN  61 62 62 62 62 63 63 63 64 64 64 64 64 65 65 65 65 66 66 66 66 66 67 67 67 67 67 68 68 68       649
JUL  68 68 68 68 69 69 69 69 69 69 69 69 69 69 69 69 70 70 70 70 70 70 70 69 69 69 69 69 69 69 69    691
AUG  69 69 69 69 69 68 68 68 68 68 68 68 68 68 67 67 67 67 67 67 66 66 66 66 66 66 65 65 65 65 65    671
SEP  65 64 64 64 64 63 63 63 63 62 62 62 61 61 61 60 60 60 59 59 58 58 57 57 56 56 55 55 54 54       600
OCT  53 53 52 52 51 51 50 50 49 49 48 48 48 47 47 46 46 46 45 45 45 44 44 44 44 43 43 43 43 43 42    469
NOV  42 42 42 42 41 41 41 41 41 40 40 40 40 40 39 39 39 39 38 38 38 38 37 37 37 36 36 36 35 35       390
DEC  35 34 34 34 34 33 33 33 33 32 32 32 32 31 31 31 31 30 30 30 30 30 30 29 29 29 29 29 29 29 29    312
                                                                                                        
-------------------------------------------------------------------------------------------------       
 Maximum Temperature (deg F [tenths deg F for monthly])                                                 
 DAY  1  2  3  4  5  6  7  8  9 10 11 12 13 14 15 16 17 18 19 20 21 22 23 24 25 26 27 28 29 30 31  MONTH
-------------------------------------------------------------------------------------------------       
JAN  50 50 50 50 50 50 50 49 49 49 49 49 49 49 49 49 49 49 50 50 50 50 50 50 50 50 51 51 51 51 51    498
FEB  52 52 52 52 53 53 53 53 54 54 54 54 55 55 55 55 56 56 56 57 57 57 58 58 58 59 59 59             552
MAR  60 60 60 60 61 61 61 62 62 62 63 63 63 64 64 64 65 65 65 65 66 66 66 67 67 67 68 68 68 68 69    642
APR  69 69 70 70 70 70 71 71 71 72 72 72 72 73 73 73 73 74 74 74 74 75 75 75 75 76 76 76 76 76       729
MAY  77 77 77 77 78 78 78 78 79 79 79 79 80 80 80 80 81 81 81 81 82 82 82 82 83 83 83 83 84 84 84    804
JUN  85 85 85 85 86 86 86 86 87 87 87 87 87 88 88 88 88 88 88 89 89 89 89 89 89 90 90 90 90 90       877
JUL  90 90 90 91 91 91 91 91 91 91 91 91 91 91 91 91 91 91 91 91 91 91 91 92 92 92 92 92 92 92 91    911
AUG  92 91 91 91 91 91 91 91 91 91 91 91 91 91 91 91 90 90 90 90 90 90 90 90 89 89 89 89 89 89 88    903
SEP  88 88 88 88 87 87 87 87 86 86 86 86 86 85 85 85 84 84 84 84 83 83 83 82 82 82 82 81 81 81       847
OCT  80 80 80 79 79 79 78 78 77 77 77 76 76 76 75 75 75 74 74 73 73 73 72 72 71 71 71 70 70 69 69    748
NOV  69 68 68 67 67 67 66 66 65 65 65 64 64 63 63 63 62 62 62 61 61 61 60 60 59 59 59 58 58 58       630
DEC  57 57 57 57 56 56 56 55 55 55 55 54 54 54 54 53 53 53 53 52 52 52 52 52 51 51 51 51 51 50 50    535
                                                                                                        
-------------------------------------------------------------------------------------------------       
 Average Temperature (deg F [tenths deg F for monthly])                                                 
 DAY  1  2  3  4  5  6  7  8  9 10 11 12 13 14 15 16 17 18 19 20 21 22 23 24 25 26 27 28 29 30 31  MONTH
-------------------------------------------------------------------------------------------------       
JAN  39 39 39 39 39 39 39 39 39 39 38 38 38 38 38 38 39 39 39 39 39 39 39 39 39 39 39 39 40 40 40    389
FEB  40 40 41 41 41 41 41 42 42 42 42 42 43 43 43 43 44 44 44 44 45 45 45 46 46 46 47 47             432
MAR  47 48 48 48 48 49 49 49 50 50 50 51 51 51 52 52 52 52 53 53 53 53 54 54 54 55 55 55 55 56 56    517
APR  56 56 57 57 57 57 58 58 58 58 59 59 59 59 60 60 60 61 61 61 61 62 62 62 62 63 63 63 64 64       599
MAY  64 64 65 65 65 66 66 66 67 67 67 67 68 68 68 69 69 69 69 70 70 70 70 71 71 71 72 72 72 72 73    685
JUN  73 73 74 74 74 74 75 75 75 75 75 76 76 76 76 77 77 77 77 77 78 78 78 78 78 78 78 79 79 79       763
JUL  79 79 79 80 80 80 80 80 80 80 80 80 80 80 80 80 80 80 80 81 81 81 81 81 81 80 80 80 80 80 80    801
AUG  80 80 80 80 80 80 80 80 80 80 79 79 79 79 79 79 79 79 78 78 78 78 78 78 78 77 77 77 77 77 77    787
SEP  76 76 76 76 76 75 75 75 75 74 74 74 73 73 73 73 72 72 72 71 71 70 70 70 69 69 69 68 68 67       724
OCT  67 66 66 65 65 65 64 64 63 63 63 62 62 61 61 61 60 60 60 59 59 59 58 58 58 57 57 57 56 56 56    609
NOV  55 55 55 55 54 54 54 53 53 53 52 52 52 51 51 51 51 50 50 50 49 49 49 48 48 48 47 47 47 47       510
DEC  46 46 46 45 45 45 44 44 44 44 43 43 43 43 42 42 42 42 41 41 41 41 41 41 40 40 40 40 40 40 39    424
                                                                                                        
-------------------------------------------------------------------------------------------------       
 Heating Degree Days                                                                                    
 DAY  1  2  3  4  5  6  7  8  9 10 11 12 13 14 15 16 17 18 19 20 21 22 23 24 25 26 27 28 29 30 31  MONTH
-------------------------------------------------------------------------------------------------       
JAN  26 26 26 26 26 26 26 26 26 26 27 27 27 27 27 27 26 26 26 26 26 26 26 26 26 26 26 25 25 25 25    808
FEB  25 25 24 24 24 24 24 23 23 23 23 22 22 22 22 22 21 21 21 20 20 20 20 19 19 19 19 18             609
MAR  18 18 17 17 17 16 16 16 15 15 15 15 14 14 14 13 13 13 13 12 12 12 12 11 11 11 11 10 10 10 10    421
APR   9  9  9  8  8  8  8  8  7  7  7  7  7  6  6  6  6  6  5  5  5  5  5  5  4  4  4  4  4  4       186
MAY   4  3  3  3  3  3  3  3  3  2  2  2  2  2  2  2  2  2  2  1  1  1  1  1  1  1  1  1  1  1  1     60
JUN   1  1  1  1  0  0  0  0  0  0  0  0  0  0  0  0  0  0  0  0  0  0  0  0  0  0  0  0  0  0         4
JUL   0  0  0  0  0  0  0  0  0  0  0  0  0  0  0  0  0  0  0  0  0  0  0  0  0  0  0  0  0  0  0      0
AUG   0  0  0  0  0-99  0  0  0  0  0  0  0  0  0  0  0  0  0  0  0  0  0  0  0  0  0  0  0  0  0      1
SEP   0  0  0  0  0  0  0  0  0  0  0  0  0  0  0  1  1  1  1  1  1  1  1  1  2  2  2  2  2  2        21
OCT   3  3  3  3  3  4  4  4  4  4  5  5  5  5  6  6  6  6  6  7  7  7  8  8  8  8  9  9  9  9 10    184
NOV  10 10 11 11 11 11 12 12 12 13 13 13 14 14 14 14 15 15 15 16 16 16 17 17 17 17 18 18 18 19       429
DEC  19 19 20 20 20 20 21 21 21 21 22 22 22 22 23 23 23 23 23 24 24 24 24 24 25 25 25 25 25 25 26    701
                                                                                                        
-------------------------------------------------------------------------------------------------       
 Cooling Degree Days                                                                                    
 DAY  1  2  3  4  5  6  7  8  9 10 11 12 13 14 15 16 17 18 19 20 21 22 23 24 25 26 27 28 29 30 31  MONTH
-------------------------------------------------------------------------------------------------       
JAN   0  0  0  0  0  0  0  0  0  0  0  0  0  0  0  0  0  0  0  0  0  0  0  0  0  0  0  0  0  0  0      0
FEB   0  0  0  0  0  0  0  0  0  0  0  0  0  0  0  0  0  0  0  0  0  0  0  0  0  0  0  0               0
MAR   0  0  0  0  0  0  0  0  0  0  0  0  0  0  0  0  0  0  0-99-99-99-99-99-99-99-99-99  0  0  0      9
APR   0  0  0  0  0  0  0  0  1  1  1  1  1  1  1  1  1  1  1  1  1  2  2  2  2  2  2  2  2  3        32
MAY   3  3  3  3  3  4  4  4  4  4  4  5  5  5  5  5  6  6  6  6  6  6  7  7  7  7  8  8  8  8  8    168
JUN   9  9  9  9  9 10 10 10 10 10 11 11 11 11 11 12 12 12 12 12 12 13 13 13 13 13 13 14 14 14       342
JUL  14 14 14 14 15 15 15 15 15 15 15 15 15 15 15 15 15 15 15 15 16 16 16 16 16 16 15 15 15 15 15    467
AUG  15 15 15 15 15 15 15 15 15 15 14 14 14 14 14 14 14 14 14 13 13 13 13 13 13 12 12 12 12 12 11    425
SEP  11 11 11 11 10 10 10 10 10  9  9  9  9  8  8  8  8  8  7  7  7  7  6  6  6  6  5  5  5  5       242
OCT   4  4  4  4  3  3  3  3  3  2  2  2  2  2  2  1  1  1  1  1  1  1  1  1  1  1  0  0  0  0  0     54
NOV -99-99-99-99-99-99-99-99-99-99  0  0  0  0  0  0  0  0  0  0  0  0  0  0  0  0  0  0  0  0        10
DEC   0  0  0  0  0  0  0  0  0  0  0  0  0  0  0  0  0  0  0  0  0  0  0  0  0  0  0  0  0  0  0      0
                                                                                                        
-------------------------------------------------------------------------------------------------       
 Total  Precipitation (Hundreths of an Inch)                                                            
 DAY  1  2  3  4  5  6  7  8  9 10 11 12 13 14 15 16 17 18 19 20 21 22 23 24 25 26 27 28 29 30 31  MONTH
-------------------------------------------------------------------------------------------------       
JAN  18 18 18 18 18 18 18 18 18 18 18 17 17 17 17 17 17 17 17 17 17 17 17 17 17 16 16 16 16 16 16    532
FEB  16 16 16 16 16 16 16 16 16 16 16 16 16 16 16 16 16 16 16 16 17 17 17 17 17 17 18 18             458
MAR  18 18 18 19 19 19 19 19 19 19 19 19 19 19 19 19 20 20 19 19 19 19 19 19 19 19 19 19 19 19 18    587
APR  18 18 18 18 18 18 17 17 17 17 17 17 17 17 17 17 17 17 17 17 17 17 17 17 17 17 17 18 18 18       519
MAY  18 18 18 18 18 18 18 18 18 19 19 19 19 19 19 19 19 19 19 18 18 18 18 18 18 18 18 18 18 17 17    566
JUN  17 17 17 17 17 16 16 16 16 16 16 16 15 15 15 15 15 15 15 15 15 15 15 14 14 14 14 14 14 14       460
JUL  14 14 14 14 14 14 14 14 14 14 13 13 13 13 13 13 13 13 13 13 13 13 13 12 12 12 12 12 12 12 12    405
AUG  12 12 12 12 12 11 11 11 11 11 11 11 11 11 11 11 11 11 11 11 11 11 11 11 11 11 11 12 12 12 12    350
SEP  12 12 12 12 12 12 12 12 12 12 12 12 13 13 13 13 13 13 12 12 12 12 12 12 12 12 12 12 12 12       366
OCT  12 12 12 11 11 11 11 11 11 11 11 11 12 12 12 12 12 12 12 12 12 13 13 13 13 13 14 14 14 15 15    380
NOV  15 15 16 16 16 16 17 17 17 17 18 18 18 18 18 19 19 19 19 19 19 19 19 19 20 20 20 20 20 20       543
DEC  20 20 20 20 20 20 20 20 20 20 20 20 19 19 19 19 19 19 19 19 19 19 19 19 19 19 19 19 19 18 18    599
                                                                                                        
