-------------------------------------------------------------------------------------------------       
 1971-2000 Daily/Monthly Station Normals                                                                
 Provided by National Climatic Data Center/NESDIS/NOAA                                                  
-------------------------------------------------------------------------------------------------       
 Station COOP ID:                           190998                                                      
 Station Name, State, Division, Call:       BUFFUMVILLE LAKE                   MA 02                    
 Latitude, Longitude, Elevation, Elements:  42 07 00 -071 54 00   500 XNP                               
-------------------------------------------------------------------------------------------------       
 Minimum Temperature (deg F [tenths deg F for monthly])                                                 
 DAY  1  2  3  4  5  6  7  8  9 10 11 12 13 14 15 16 17 18 19 20 21 22 23 24 25 26 27 28 29 30 31  MONTH
-------------------------------------------------------------------------------------------------       
JAN  13 13 13 13 13 12 12 12 12 12 12 11 11 11 11 11 11 11 11 11 11 11 11 11 11 11 11 11 11 11 11    115
FEB  11 11 12 12 12 12 12 12 12 13 13 13 13 14 14 14 14 15 15 15 15 16 16 16 17 17 18 18             140
MAR  18 19 19 19 20 20 21 21 21 22 22 22 23 23 24 24 24 25 25 25 26 26 26 27 27 27 28 28 28 29 29    238
APR  29 30 30 30 31 31 31 31 32 32 32 33 33 33 34 34 34 35 35 35 36 36 36 37 37 37 38 38 38 39       339
MAY  39 39 40 40 40 41 41 41 42 42 43 43 43 44 44 44 45 45 45 45 46 46 46 47 47 47 48 48 48 49 49    441
JUN  49 50 50 50 51 51 51 51 52 52 52 53 53 53 53 54 54 54 54 55 55 55 55 56 56 56 56 57 57 57       534
JUL  57 57 58 58 58 58 58 58 58 59 59 59 59 59 59 59 59 59 59 59 59 59 60 60 60 60 60 59 59 59 59    588
AUG  59 59 59 59 59 59 59 59 59 58 58 58 58 58 58 57 57 57 57 57 56 56 56 56 55 55 55 55 54 54 54    571
SEP  54 53 53 53 52 52 52 51 51 50 50 50 49 49 49 48 48 47 47 47 46 46 45 45 44 44 43 43 43 42       482
OCT  42 41 41 40 40 39 39 39 38 38 37 37 37 36 36 36 36 35 35 35 34 34 34 34 34 33 33 33 33 33 33    363
NOV  33 33 32 32 32 32 32 32 31 31 31 31 30 30 30 30 29 29 29 28 28 28 27 27 27 26 26 26 25 25       294
DEC  24 24 23 23 23 22 22 21 21 21 20 20 19 19 19 18 18 18 17 17 17 16 16 16 16 15 15 15 14 14 14    186
                                                                                                        
-------------------------------------------------------------------------------------------------       
 Maximum Temperature (deg F [tenths deg F for monthly])                                                 
 DAY  1  2  3  4  5  6  7  8  9 10 11 12 13 14 15 16 17 18 19 20 21 22 23 24 25 26 27 28 29 30 31  MONTH
-------------------------------------------------------------------------------------------------       
JAN  35 35 34 34 34 34 34 34 34 34 34 34 34 34 34 34 34 33 33 33 33 33 34 34 34 34 34 34 34 34 34    339
FEB  34 34 34 34 34 35 35 35 35 35 35 36 36 36 36 36 37 37 37 37 38 38 38 39 39 39 40 40             364
MAR  40 41 41 41 42 42 42 43 43 44 44 44 45 45 45 46 46 46 47 47 47 48 48 48 49 49 49 50 50 51 51    456
APR  51 52 52 52 53 53 53 54 54 54 55 55 56 56 56 57 57 58 58 58 59 59 60 60 60 61 61 62 62 63       567
MAY  63 63 64 64 65 65 65 66 66 67 67 67 68 68 68 69 69 69 70 70 70 71 71 71 72 72 72 72 73 73 73    685
JUN  73 74 74 74 74 74 75 75 75 75 76 76 76 76 77 77 77 77 77 78 78 78 78 78 79 79 79 79 80 80       766
JUL  80 80 80 80 81 81 81 81 81 81 81 82 82 82 82 82 82 82 82 82 82 82 82 82 82 82 82 82 82 82 82    815
AUG  82 82 81 81 81 81 81 81 81 81 80 80 80 80 80 80 80 79 79 79 79 79 78 78 78 78 78 77 77 77 77    795
SEP  76 76 76 75 75 75 75 74 74 74 74 73 73 73 72 72 72 71 71 71 70 70 70 69 69 69 68 68 68 67       720
OCT  67 66 66 66 65 65 65 64 64 64 63 63 62 62 62 61 61 61 60 60 60 59 59 59 58 58 57 57 57 56 56    614
NOV  56 55 55 55 54 54 53 53 53 52 52 52 51 51 50 50 49 49 49 48 48 47 47 47 46 46 45 45 44 44       500
DEC  43 43 43 42 42 41 41 41 40 40 40 39 39 39 38 38 38 37 37 37 37 36 36 36 36 36 35 35 35 35 35    384
                                                                                                        
-------------------------------------------------------------------------------------------------       
 Average Temperature (deg F [tenths deg F for monthly])                                                 
 DAY  1  2  3  4  5  6  7  8  9 10 11 12 13 14 15 16 17 18 19 20 21 22 23 24 25 26 27 28 29 30 31  MONTH
-------------------------------------------------------------------------------------------------       
JAN  24 24 24 24 24 23 23 23 23 23 23 23 23 23 22 22 22 22 22 22 22 22 22 22 22 22 22 22 23 23 23    227
FEB  23 23 23 23 23 23 23 24 24 24 24 24 24 25 25 25 25 26 26 26 27 27 27 28 28 28 29 29             252
MAR  29 30 30 30 31 31 32 32 32 33 33 33 34 34 34 35 35 35 36 36 36 37 37 38 38 38 39 39 39 40 40    347
APR  40 41 41 41 42 42 42 43 43 43 44 44 44 45 45 45 46 46 46 47 47 48 48 48 49 49 49 50 50 51       453
MAY  51 51 52 52 53 53 53 54 54 54 55 55 55 56 56 56 57 57 57 58 58 58 59 59 59 60 60 60 61 61 61    563
JUN  61 62 62 62 62 63 63 63 63 64 64 64 65 65 65 65 65 66 66 66 66 67 67 67 67 68 68 68 68 68       650
JUL  68 69 69 69 69 69 69 70 70 70 70 70 70 70 70 70 71 71 71 71 71 71 71 71 71 71 71 71 71 71 70    702
AUG  71 70 70 70 70 70 70 70 70 70 69 69 69 69 69 69 68 68 68 68 68 67 67 67 67 66 66 66 66 65 65    683
SEP  65 65 64 64 64 63 63 63 62 62 62 61 61 61 60 60 60 59 59 59 58 58 58 57 57 56 56 56 55 55       601
OCT  54 54 53 53 53 52 52 52 51 51 50 50 50 49 49 49 48 48 48 47 47 47 47 46 46 46 45 45 45 45 44    489
NOV  44 44 44 43 43 43 43 42 42 42 41 41 41 41 40 40 39 39 39 38 38 38 37 37 36 36 36 35 35 34       397
DEC  34 33 33 33 32 32 31 31 31 30 30 30 29 29 28 28 28 28 27 27 27 26 26 26 26 25 25 25 25 25 24    285
                                                                                                        
-------------------------------------------------------------------------------------------------       
 Heating Degree Days                                                                                    
 DAY  1  2  3  4  5  6  7  8  9 10 11 12 13 14 15 16 17 18 19 20 21 22 23 24 25 26 27 28 29 30 31  MONTH
-------------------------------------------------------------------------------------------------       
JAN  41 41 41 41 41 42 42 42 42 42 42 42 42 42 43 43 43 43 43 43 43 43 43 43 43 43 43 43 43 42 42   1312
FEB  42 42 42 42 42 42 42 41 41 41 41 41 41 40 40 40 40 39 39 39 38 38 38 38 37 37 36 36            1115
MAR  36 35 35 35 34 34 33 33 33 32 32 32 31 31 31 30 30 30 29 29 28 28 28 27 27 27 26 26 26 25 25    938
APR  25 24 24 24 23 23 23 22 22 22 21 21 21 20 20 20 19 19 19 18 18 17 17 17 16 16 16 15 15 14       591
MAY  14 14 13 13 12 12 12 11 11 11 10 10 10  9  9  9  8  8  8  8  7  7  7  7  6  6  6  5  5  5  5    278
JUN   5  4  4  4  4  3  3  3  3  3  3  2  2  2  2  2  2  2  2  1  1  1  1  1  1  1  1  1  1  1        66
JUL   1  1  1  1  1  1  1  1  1  0  0  0  0  0  0  0  0  0  0  0  0  0  0  0  0  0  0  0  0  0  0      9
AUG   0  0  0  0  0  0  0  0  0  0  0  0  0  1  1  1  1  1  1  1  1  1  1  1  1  1  2  2  2  2  2     23
SEP   2  2  2  3  3  3  3  3  4  4  4  4  4  5  5  5  6  6  6  6  7  7  7  8  8  9  9  9 10 10       164
OCT  11 11 11 12 12 13 13 14 14 14 15 15 15 16 16 16 17 17 17 18 18 18 19 19 19 19 20 20 20 20 21    500
NOV  21 21 21 22 22 22 22 23 23 23 24 24 24 25 25 25 26 26 26 27 27 27 28 28 29 29 29 30 30 31       760
DEC  31 32 32 32 33 33 34 34 34 35 35 35 36 36 36 37 37 37 38 38 38 39 39 39 39 40 40 40 40 40 41   1130
                                                                                                        
-------------------------------------------------------------------------------------------------       
 Cooling Degree Days                                                                                    
 DAY  1  2  3  4  5  6  7  8  9 10 11 12 13 14 15 16 17 18 19 20 21 22 23 24 25 26 27 28 29 30 31  MONTH
-------------------------------------------------------------------------------------------------       
JAN   0  0  0  0  0  0  0  0  0  0  0  0  0  0  0  0  0  0  0  0  0  0  0  0  0  0  0  0  0  0  0      0
FEB   0  0  0  0  0  0  0  0  0  0  0  0  0  0  0  0  0  0  0  0  0  0  0  0  0  0  0  0               0
MAR   0  0  0  0  0  0  0  0  0  0  0  0  0  0  0  0  0  0  0  0  0  0  0  0  0  0  0  0  0  0  0      0
APR   0  0  0  0  0  0  0  0  0  0  0  0  0  0  0  0  0  0  0  0  0  0  0  0  0  0  0  0  0  0         0
MAY   0  0  0  0  0  0  0  0  0  0  0  0  0  0  0  0  0  0  0  0  0  0  0  0  1  1  1  1  1  1  1      7
JUN   1  1  1  1  1  1  1  1  1  2  2  2  2  2  2  2  2  2  2  3  3  3  3  3  3  3  4  4  4  4        66
JUL   4  4  4  5  5  5  5  5  5  5  5  5  5  5  6  6  6  6  6  6  6  6  6  6  6  6  6  6  6  6  5    168
AUG   6  5  5  5  5  5  5  5  5  5  5  5  5  4  4  4  4  4  4  4  4  3  3  3  3  3  3  3  3  2  2    126
SEP   2  2  2  2  1  1  1  1  1  1  1  1  1  0  0  0  0  0  0  0  0  0  0  0  0  0  0  0  0  0        17
OCT   0  0  0  0  0  0  0  0  0  0  0  0  0  0  0  0  0  0  0  0  0  0  0  0  0  0  0  0  0  0  0      0
NOV   0  0  0  0  0  0  0  0  0  0  0  0  0  0  0  0  0  0  0  0  0  0  0  0  0  0  0  0  0  0         0
DEC   0  0  0  0  0  0  0  0  0  0  0  0  0  0  0  0  0  0  0  0  0  0  0  0  0  0  0  0  0  0  0      0
                                                                                                        
-------------------------------------------------------------------------------------------------       
 Total  Precipitation (Hundreths of an Inch)                                                            
 DAY  1  2  3  4  5  6  7  8  9 10 11 12 13 14 15 16 17 18 19 20 21 22 23 24 25 26 27 28 29 30 31  MONTH
-------------------------------------------------------------------------------------------------       
JAN  14 14 14 14 14 14 14 15 15 15 15 15 15 15 15 15 15 15 14 14 14 14 14 14 14 14 14 13 13 13 13    441
FEB  13 12 12 12 12 12 12 11 11 11 11 11 11 11 11 11 11 11 11 11 11 11 11 11 12 12 12 12             320
MAR  12 12 13 13 13 13 13 13 13 14 14 14 14 14 14 14 14 14 14 15 15 15 15 15 15 15 15 15 15 15 15    435
APR  15 15 15 15 15 15 15 15 14 14 14 14 14 14 14 14 14 14 14 14 14 14 14 13 13 13 13 13 13 13       421
MAY  13 12 12 12 12 12 12 12 12 12 12 12 12 12 12 12 12 12 11 11 11 12 12 12 12 12 12 12 12 12 12    370
JUN  12 12 12 12 12 13 13 13 13 13 13 13 13 13 13 13 13 13 13 13 13 13 13 13 13 13 13 13 13 13       385
JUL  13 13 13 13 13 14 14 14 14 14 14 14 14 14 14 14 14 14 13 13 13 13 13 13 13 13 13 13 13 13 13    416
AUG  13 13 13 13 13 13 13 13 13 13 13 13 13 13 13 13 13 13 13 13 13 13 13 13 13 13 13 13 13 13 13    403
SEP  13 13 13 13 13 13 13 13 13 13 14 14 14 14 14 14 14 14 14 14 14 14 14 14 14 14 14 14 14 14       410
OCT  14 14 14 14 13 14 14 14 14 14 14 14 14 14 14 14 14 14 14 14 14 14 14 14 14 14 14 14 14 15 15    435
NOV  15 15 15 15 15 15 15 15 15 16 16 16 15 15 15 15 15 15 15 15 15 15 15 15 15 15 14 14 14 14       449
DEC  14 14 13 13 13 13 13 13 13 13 13 13 13 12 12 12 12 12 13 13 13 13 13 13 13 13 13 13 13 13 14    401
                                                                                                        
