-------------------------------------------------------------------------------------------------       
 1971-2000 Daily/Monthly Station Normals                                                                
 Provided by National Climatic Data Center/NESDIS/NOAA                                                  
-------------------------------------------------------------------------------------------------       
 Station COOP ID:                           195159                                                      
 Station Name, State, Division, Call:       NANTUCKET AP                       MA 03 ACK                
 Latitude, Longitude, Elevation, Elements:  41 15 00 -070 04 00    43 XNP                               
-------------------------------------------------------------------------------------------------       
 Minimum Temperature (deg F [tenths deg F for monthly])                                                 
 DAY  1  2  3  4  5  6  7  8  9 10 11 12 13 14 15 16 17 18 19 20 21 22 23 24 25 26 27 28 29 30 31  MONTH
-------------------------------------------------------------------------------------------------       
JAN  27 27 26 26 26 26 26 26 26 25 25 25 25 25 25 25 25 25 25 25 25 25 25 24 24 24 24 24 24 24 24    251
FEB  24 24 25 25 25 25 25 25 25 25 25 25 25 25 26 26 26 26 26 26 26 27 27 27 27 27 27 28             257
MAR  28 28 28 28 29 29 29 29 29 30 30 30 30 31 31 31 31 31 32 32 32 32 33 33 33 33 33 34 34 34 34    310
APR  35 35 35 35 36 36 36 36 36 37 37 37 37 38 38 38 38 39 39 39 39 40 40 40 40 41 41 41 42 42       381
MAY  42 42 43 43 43 43 44 44 44 44 45 45 45 46 46 46 46 47 47 47 48 48 48 48 49 49 49 50 50 50 51    462
JUN  51 51 51 52 52 52 53 53 53 54 54 54 55 55 55 55 56 56 56 57 57 57 57 58 58 58 59 59 59 59       552
JUL  60 60 60 60 61 61 61 61 61 62 62 62 62 62 63 63 63 63 63 63 63 63 63 64 64 64 64 64 64 64 64    624
AUG  64 64 64 64 64 64 64 64 64 64 63 63 63 63 63 63 63 63 62 62 62 62 62 62 61 61 61 61 61 60 60    626
SEP  60 60 59 59 59 58 58 58 58 57 57 57 57 56 56 56 56 55 55 55 54 54 54 54 53 53 53 52 52 52       559
OCT  51 51 51 51 50 50 50 49 49 49 49 48 48 48 47 47 47 47 46 46 46 46 45 45 45 44 44 44 44 43 43    472
NOV  43 43 42 42 42 42 41 41 41 40 40 40 40 39 39 39 39 38 38 38 37 37 37 36 36 36 36 35 35 35       389
DEC  34 34 34 33 33 33 33 32 32 32 31 31 31 31 30 30 30 30 29 29 29 29 29 28 28 28 28 27 27 27 27    303
                                                                                                        
-------------------------------------------------------------------------------------------------       
 Maximum Temperature (deg F [tenths deg F for monthly])                                                 
 DAY  1  2  3  4  5  6  7  8  9 10 11 12 13 14 15 16 17 18 19 20 21 22 23 24 25 26 27 28 29 30 31  MONTH
-------------------------------------------------------------------------------------------------       
JAN  41 41 41 40 40 40 40 40 40 40 39 39 39 39 39 39 39 39 39 39 39 38 38 38 38 38 38 38 38 38 38    391
FEB  38 38 38 38 38 38 38 38 38 39 39 39 39 39 39 39 39 39 39 40 40 40 40 40 40 41 41 41             391
MAR  41 41 42 42 42 42 43 43 43 43 43 44 44 44 44 44 45 45 45 45 45 46 46 46 46 47 47 47 47 47 47    444
APR  48 48 48 48 49 49 49 49 49 50 50 50 50 51 51 51 51 52 52 52 53 53 53 53 54 54 54 55 55 55       512
MAY  56 56 56 57 57 57 58 58 58 59 59 59 59 60 60 60 61 61 61 62 62 62 63 63 63 63 64 64 64 65 65    604
JUN  65 65 66 66 66 67 67 67 67 68 68 68 68 69 69 69 69 70 70 70 70 71 71 71 71 72 72 72 73 73       690
JUL  73 73 73 74 74 74 74 74 75 75 75 75 75 75 76 76 76 76 76 76 76 76 76 76 76 77 77 77 77 77 77    754
AUG  77 77 77 77 77 76 76 76 76 76 76 76 76 76 76 76 76 76 76 75 75 75 75 75 75 75 74 74 74 74 74    756
SEP  74 73 73 73 73 73 73 72 72 72 72 71 71 71 71 70 70 70 70 69 69 69 68 68 68 67 67 67 67 66       703
OCT  66 65 65 65 65 64 64 64 63 63 63 62 62 62 61 61 61 60 60 60 60 59 59 59 59 58 58 58 57 57 57    612
NOV  57 56 56 56 56 55 55 55 55 54 54 54 54 53 53 53 52 52 52 52 51 51 51 50 50 50 50 49 49 49       528
DEC  48 48 48 47 47 47 47 46 46 46 46 45 45 45 44 44 44 44 44 43 43 43 43 42 42 42 42 42 41 41 41    444
                                                                                                        
-------------------------------------------------------------------------------------------------       
 Average Temperature (deg F [tenths deg F for monthly])                                                 
 DAY  1  2  3  4  5  6  7  8  9 10 11 12 13 14 15 16 17 18 19 20 21 22 23 24 25 26 27 28 29 30 31  MONTH
-------------------------------------------------------------------------------------------------       
JAN  34 34 34 33 33 33 33 33 33 33 32 32 32 32 32 32 32 32 32 32 32 31 31 31 31 31 31 31 31 31 31    321
FEB  31 31 31 31 31 32 32 32 32 32 32 32 32 32 32 32 32 33 33 33 33 33 33 34 34 34 34 34             324
MAR  35 35 35 35 35 36 36 36 36 36 37 37 37 37 37 38 38 38 38 39 39 39 39 39 40 40 40 40 40 41 41    377
APR  41 41 42 42 42 42 43 43 43 43 43 44 44 44 44 45 45 45 46 46 46 46 47 47 47 47 48 48 48 49       447
MAY  49 49 49 50 50 50 51 51 51 52 52 52 52 53 53 53 54 54 54 54 55 55 55 56 56 56 57 57 57 57 58    533
JUN  58 58 59 59 59 59 60 60 60 61 61 61 61 62 62 62 63 63 63 63 64 64 64 64 65 65 65 66 66 66       621
JUL  66 67 67 67 67 68 68 68 68 68 68 69 69 69 69 69 69 70 70 70 70 70 70 70 70 70 70 70 70 70 70    689
AUG  70 70 70 70 70 70 70 70 70 70 70 70 70 70 70 69 69 69 69 69 69 69 68 68 68 68 68 68 67 67 67    691
SEP  67 67 66 66 66 66 65 65 65 65 64 64 64 64 63 63 63 63 62 62 62 61 61 61 60 60 60 60 59 59       631
OCT  59 58 58 58 57 57 57 56 56 56 56 55 55 55 54 54 54 54 53 53 53 52 52 52 52 51 51 51 51 50 50    542
NOV  50 50 49 49 49 49 48 48 48 47 47 47 47 46 46 46 46 45 45 45 44 44 44 43 43 43 43 42 42 42       459
DEC  41 41 41 40 40 40 40 39 39 39 39 38 38 38 37 37 37 37 37 36 36 36 36 35 35 35 35 35 34 34 34    374
                                                                                                        
-------------------------------------------------------------------------------------------------       
 Heating Degree Days                                                                                    
 DAY  1  2  3  4  5  6  7  8  9 10 11 12 13 14 15 16 17 18 19 20 21 22 23 24 25 26 27 28 29 30 31  MONTH
-------------------------------------------------------------------------------------------------       
JAN  31 31 31 32 32 32 32 32 32 32 33 33 33 33 33 33 33 33 33 33 33 34 34 34 34 34 34 34 34 34 34   1020
FEB  34 34 34 34 34 33 33 33 33 33 33 33 33 33 33 33 33 32 32 32 32 32 32 31 31 31 31 31             913
MAR  30 30 30 30 30 29 29 29 29 29 28 28 28 28 28 27 27 27 27 26 26 26 26 26 25 25 25 25 25 24 24    846
APR  24 24 23 23 23 23 23 22 22 22 22 21 21 21 21 20 20 20 20 19 19 19 18 18 18 18 17 17 17 16       611
MAY  16 16 16 15 15 15 14 14 14 13 13 13 13 12 12 12 11 11 11 11 10 10 10  9  9  9  8  8  8  8  7    363
JUN   7  7  7  6  6  6  6  5  5  5  5  4  4  4  4  4  3  3  3  3  3  3  2  2  2  2  2  2  2  2       119
JUL   2  2  1  1  1  1  1  1  1  1  1  1  1  1  1  1  1  0  0  0  0  0  0  0  0  0  0  0  0  0  0     19
AUG   0  0  0  0  0  0  0  0  0  0  0  0  0  0  0  0  0  0  1  1  1  1  1  1  1  1  1  1  1  1  1     13
SEP   1  1  1  1  1  2  2  2  2  2  2  2  3  3  3  3  3  3  4  4  4  4  5  5  5  5  6  6  6  7        98
OCT   7  7  7  8  8  8  9  9  9  9 10 10 10 11 11 11 11 12 12 12 12 13 13 13 13 14 14 14 15 15 15    342
NOV  15 16 16 16 16 17 17 17 17 18 18 18 18 19 19 19 19 20 20 20 21 21 21 22 22 22 22 23 23 23       575
DEC  24 24 24 25 25 25 25 26 26 26 27 27 27 27 28 28 28 28 28 29 29 29 29 30 30 30 30 30 31 31 31    857
                                                                                                        
-------------------------------------------------------------------------------------------------       
 Cooling Degree Days                                                                                    
 DAY  1  2  3  4  5  6  7  8  9 10 11 12 13 14 15 16 17 18 19 20 21 22 23 24 25 26 27 28 29 30 31  MONTH
-------------------------------------------------------------------------------------------------       
JAN   0  0  0  0  0  0  0  0  0  0  0  0  0  0  0  0  0  0  0  0  0  0  0  0  0  0  0  0  0  0  0      0
FEB   0  0  0  0  0  0  0  0  0  0  0  0  0  0  0  0  0  0  0  0  0  0  0  0  0  0  0  0               0
MAR   0  0  0  0  0  0  0  0  0  0  0  0  0  0  0  0  0  0  0  0  0  0  0  0  0  0  0  0  0  0  0      0
APR   0  0  0  0  0  0  0  0  0  0  0  0  0  0  0  0  0  0  0  0  0  0  0  0  0  0  0  0  0  0         0
MAY   0  0  0  0  0  0  0  0  0  0  0  0  0  0  0  0  0  0  0  0  0  0  0  0  0  0  0  0  0  0-99      1
JUN   0  0  0  0  0  0  0  0  0  1  1  1  1  1  1  1  1  1  1  1  1  2  2  2  2  2  2  2  3  3        32
JUL   3  3  3  3  4  4  4  4  4  4  4  4  5  5  5  5  5  5  5  5  5  5  5  5  5  5  5  5  5  5  6    140
AUG   5  5  5  5  5  5  5  5  5  5  5  5  5  5  5  5  5  5  5  5  4  4  4  4  4  4  4  4  3  3  3    141
SEP   3  3  3  2  2  2  2  2  2  2  2  1  1  1  1  1  1  1  1  1  1  1  1  1  1  1  0  0  0  0        40
OCT -99-99-99-99-99-99-99  0  0  0  0  0  0  0  0  0  0  0  0  0  0  0  0  0  0  0  0  0  0  0  0      7
NOV   0  0  0  0  0  0  0  0  0  0  0  0  0  0  0  0  0  0  0  0  0  0  0  0  0  0  0  0  0  0         0
DEC   0  0  0  0  0  0  0  0  0  0  0  0  0  0  0  0  0  0  0  0  0  0  0  0  0  0  0  0  0  0  0      0
                                                                                                        
-------------------------------------------------------------------------------------------------       
 Total  Precipitation (Hundreths of an Inch)                                                            
 DAY  1  2  3  4  5  6  7  8  9 10 11 12 13 14 15 16 17 18 19 20 21 22 23 24 25 26 27 28 29 30 31  MONTH
-------------------------------------------------------------------------------------------------       
JAN  13 13 13 13 14 14 14 14 14 14 14 14 14 14 14 14 14 14 14 13 13 13 13 13 13 13 12 12 12 12 11    412
FEB  11 11 11 11 10 10 10 10 10 10 10  9  9  9  9  9  9  9  9  9  9  9  9  9 10 10 10 10             271
MAR  10 10 10 10 10 11 11 11 11 11 11 11 11 11 11 11 11 11 11 12 12 12 12 12 12 12 12 12 12 12 11    347
APR  12 12 11 11 11 11 11 11 11 11 11 11 11 11 11 11 11 11 11 11 11 11 11 11 11 11 11 10 10 10       329
MAY  10 10 10 10 10 10 10 10 10 10 10 10 10 10 10 10 10 10 10 10 10 10 10 10 10 10 10 10  9  9  9    307
JUN  10 10 10 10  9  9  9  9  9  9  9  9  9  9  9  9  9  9  9  8  8  8  8  8  8  8  8  8  7  7       261
JUL   7  7  7  7  7  7  7  7  6  6  6  6  6  6  6  6  6  6  6  6  6  6  7  7  7  7  7  7  7  7  7    203
AUG   8  8  8  8  8  8  8  8  9  9  9  9  9  9  9  9  9  9  9  9  9  9  9  9  9 10 10 10  9  9  9    274
SEP  10  9  9  9  9  9  9  9  9  9  9  9  9  9  9  9  9  9  9  9  9  9  9  9  9  9  9  9  9  9       271
OCT   9  9  9  9  9  9  9  9  9  9  9  9  9  9  9  9  9  9  9 10 10 10 10 10 10 11 11 11 11 11 12    298
NOV  12 12 12 12 13 13 13 13 13 13 13 13 13 14 14 14 14 14 14 14 14 14 14 13 13 13 13 13 13 13       396
DEC  13 12 12 12 12 12 12 12 12 12 12 12 12 12 11 12 12 12 12 12 12 12 12 12 12 12 12 12 12 13 13    374
                                                                                                        
