-------------------------------------------------------------------------------------------------       
 1971-2000 Daily/Monthly Station Normals                                                                
 Provided by National Climatic Data Center/NESDIS/NOAA                                                  
-------------------------------------------------------------------------------------------------       
 Station COOP ID:                           191386                                                      
 Station Name, State, Division, Call:       CHATHAM MUNICIPAL AP               MA 03 CQX                
 Latitude, Longitude, Elevation, Elements:  41 40 00 -069 58 00    50 XNP                               
-------------------------------------------------------------------------------------------------       
 Minimum Temperature (deg F [tenths deg F for monthly])                                                 
 DAY  1  2  3  4  5  6  7  8  9 10 11 12 13 14 15 16 17 18 19 20 21 22 23 24 25 26 27 28 29 30 31  MONTH
-------------------------------------------------------------------------------------------------       
JAN  26 26 26 25 25 25 25 25 25 24 24 24 24 24 24 24 24 24 24 23 23 23 23 23 23 23 23 23 23 23 23    240
FEB  23 23 23 23 23 23 23 23 23 24 24 24 24 24 24 24 24 25 25 25 25 25 25 26 26 26 26 27             243
MAR  27 27 27 28 28 28 28 29 29 29 29 30 30 30 31 31 31 31 31 32 32 32 33 33 33 33 34 34 34 34 35    307
APR  35 35 36 36 36 36 37 37 37 38 38 38 38 39 39 39 39 40 40 40 41 41 41 42 42 42 42 43 43 43       391
MAY  44 44 44 44 45 45 45 46 46 46 47 47 47 47 48 48 48 48 49 49 49 50 50 50 50 51 51 51 52 52 52    479
JUN  52 53 53 53 53 54 54 54 54 55 55 55 55 56 56 56 56 57 57 57 57 58 58 58 58 59 59 59 59 60       560
JUL  60 60 60 60 61 61 61 61 61 61 62 62 62 62 62 62 62 62 62 62 63 63 63 63 63 63 63 63 63 63 63    619
AUG  63 63 63 63 63 63 63 62 62 62 62 62 62 62 62 62 62 62 62 62 61 61 61 61 61 61 61 61 61 60 60    618
SEP  60 60 60 60 59 59 59 59 59 59 58 58 58 58 57 57 57 57 56 56 56 55 55 55 54 54 54 53 53 52       569
OCT  52 52 51 51 51 50 50 50 49 49 48 48 48 48 47 47 47 46 46 46 46 45 45 45 44 44 44 44 44 43 43    472
NOV  43 43 42 42 42 42 42 41 41 41 40 40 40 40 39 39 39 39 38 38 38 37 37 37 36 36 36 35 35 35       391
DEC  34 34 34 33 33 33 32 32 32 31 31 31 30 30 30 29 29 29 29 28 28 28 28 27 27 27 27 27 26 26 26    297
                                                                                                        
-------------------------------------------------------------------------------------------------       
 Maximum Temperature (deg F [tenths deg F for monthly])                                                 
 DAY  1  2  3  4  5  6  7  8  9 10 11 12 13 14 15 16 17 18 19 20 21 22 23 24 25 26 27 28 29 30 31  MONTH
-------------------------------------------------------------------------------------------------       
JAN  39 39 39 39 39 39 38 38 38 38 38 38 38 38 38 38 37 37 37 37 37 37 37 37 37 37 37 37 37 37 37    377
FEB  37 37 37 37 37 37 37 37 37 37 37 37 37 37 38 38 38 38 38 38 38 38 39 39 39 39 39 39             377
MAR  40 40 40 40 40 41 41 41 41 41 42 42 42 42 42 43 43 43 43 44 44 44 44 45 45 45 45 46 46 46 46    428
APR  47 47 47 47 48 48 48 48 49 49 49 49 50 50 50 50 51 51 51 52 52 52 52 53 53 53 54 54 54 54       504
MAY  55 55 55 56 56 56 56 57 57 57 58 58 58 58 59 59 59 60 60 60 61 61 61 61 62 62 62 63 63 63 64    591
JUN  64 64 64 65 65 65 66 66 66 67 67 67 67 68 68 68 68 69 69 69 70 70 70 70 71 71 71 71 72 72       680
JUL  72 72 73 73 73 73 74 74 74 74 74 74 75 75 75 75 75 75 75 75 75 75 75 76 76 76 76 76 76 76 76    746
AUG  76 75 75 75 75 75 75 75 75 75 75 75 75 75 75 74 74 74 74 74 74 74 74 73 73 73 73 73 73 72 72    742
SEP  72 72 72 71 71 71 71 71 70 70 70 70 70 69 69 69 68 68 68 68 67 67 67 67 66 66 66 65 65 65       687
OCT  64 64 64 63 63 63 62 62 62 62 61 61 61 60 60 60 59 59 59 58 58 58 58 57 57 57 56 56 56 56 55    597
NOV  55 55 54 54 54 54 53 53 53 53 52 52 52 51 51 51 50 50 50 50 49 49 49 48 48 48 48 47 47 47       509
DEC  46 46 46 46 45 45 45 44 44 44 44 43 43 43 43 42 42 42 42 42 41 41 41 41 41 40 40 40 40 40 39    426
                                                                                                        
-------------------------------------------------------------------------------------------------       
 Average Temperature (deg F [tenths deg F for monthly])                                                 
 DAY  1  2  3  4  5  6  7  8  9 10 11 12 13 14 15 16 17 18 19 20 21 22 23 24 25 26 27 28 29 30 31  MONTH
-------------------------------------------------------------------------------------------------       
JAN  33 33 32 32 32 32 32 32 31 31 31 31 31 31 31 31 31 31 30 30 30 30 30 30 30 30 30 30 30 30 30    309
FEB  30 30 30 30 30 30 30 30 30 30 30 31 31 31 31 31 31 31 31 31 32 32 32 32 32 33 33 33             310
MAR  33 33 34 34 34 34 35 35 35 35 36 36 36 36 37 37 37 37 37 38 38 38 38 39 39 39 40 40 40 40 41    368
APR  41 41 41 42 42 42 42 43 43 43 44 44 44 44 45 45 45 45 46 46 46 47 47 47 47 48 48 48 49 49       448
MAY  49 49 50 50 50 51 51 51 51 52 52 52 53 53 53 54 54 54 54 55 55 55 56 56 56 56 57 57 57 58 58    535
JUN  58 58 59 59 59 59 60 60 60 61 61 61 61 62 62 62 62 63 63 63 63 64 64 64 65 65 65 65 66 66       620
JUL  66 66 67 67 67 67 67 68 68 68 68 68 68 69 69 69 69 69 69 69 69 69 69 69 69 69 69 69 69 69 69    683
AUG  69 69 69 69 69 69 69 69 69 69 69 69 68 68 68 68 68 68 68 68 68 67 67 67 67 67 67 67 67 66 66    680
SEP  66 66 66 66 65 65 65 65 65 64 64 64 64 63 63 63 63 62 62 62 61 61 61 61 60 60 60 59 59 59       628
OCT  58 58 58 57 57 57 56 56 56 55 55 55 54 54 54 53 53 53 52 52 52 52 51 51 51 51 50 50 50 49 49    535
NOV  49 49 48 48 48 48 47 47 47 47 46 46 46 46 45 45 45 44 44 44 43 43 43 43 42 42 42 41 41 41       450
DEC  40 40 40 39 39 39 38 38 38 38 37 37 37 37 36 36 36 35 35 35 35 35 34 34 34 34 34 33 33 33 33    362
                                                                                                        
-------------------------------------------------------------------------------------------------       
 Heating Degree Days                                                                                    
 DAY  1  2  3  4  5  6  7  8  9 10 11 12 13 14 15 16 17 18 19 20 21 22 23 24 25 26 27 28 29 30 31  MONTH
-------------------------------------------------------------------------------------------------       
JAN  32 33 33 33 33 33 33 33 34 34 34 34 34 34 34 34 34 34 35 35 35 35 35 35 35 35 35 35 35 35 35   1058
FEB  35 35 35 35 35 35 35 35 35 35 35 34 34 34 34 34 34 34 34 34 33 33 33 33 33 32 32 32             952
MAR  32 32 31 31 31 31 30 30 30 30 29 29 29 29 28 28 28 28 28 27 27 27 27 26 26 26 26 25 25 25 24    875
APR  24 24 24 23 23 23 23 22 22 22 22 21 21 21 20 20 20 20 19 19 19 19 18 18 18 17 17 17 16 16       608
MAY  16 16 15 15 15 14 14 14 14 13 13 13 12 12 12 12 11 11 11 10 10 10  9  9  9  9  8  8  8  7  7    357
JUN   7  7  6  6  6  6  5  5  5  5  4  4  4  4  3  3  3  3  3  3  2  2  2  2  2  2  2  2  1  1       110
JUL   1  1  1  1  1  1  1  1  1  1  1  1  1  1  1  1  0  0  0  0  0  0  0  0  0  0  0  0  0  0  0     16
AUG   0  0  0  0  0  0  0  0  0  0  0  0  0  0  0  0  0  0  0  1  1  1  1  1  1  1  1  1  1  1  1     12
SEP   1  1  1  1  1  1  1  1  2  2  2  2  2  2  2  3  3  3  3  4  4  4  4  5  5  5  6  6  6  6        89
OCT   7  7  8  8  8  9  9  9 10 10 10 10 11 11 11 12 12 12 13 13 13 13 14 14 14 14 15 15 15 16 16    359
NOV  16 16 17 17 17 17 18 18 18 18 19 19 19 20 20 20 20 21 21 21 22 22 22 22 23 23 23 24 24 24       601
DEC  25 25 25 26 26 26 27 27 27 27 28 28 28 29 29 29 29 30 30 30 30 30 31 31 31 31 31 32 32 32 32    894
                                                                                                        
-------------------------------------------------------------------------------------------------       
 Cooling Degree Days                                                                                    
 DAY  1  2  3  4  5  6  7  8  9 10 11 12 13 14 15 16 17 18 19 20 21 22 23 24 25 26 27 28 29 30 31  MONTH
-------------------------------------------------------------------------------------------------       
JAN   0  0  0  0  0  0  0  0  0  0  0  0  0  0  0  0  0  0  0  0  0  0  0  0  0  0  0  0  0  0  0      0
FEB   0  0  0  0  0  0  0  0  0  0  0  0  0  0  0  0  0  0  0  0  0  0  0  0  0  0  0  0               0
MAR   0  0  0  0  0  0  0  0  0  0  0  0  0  0  0  0  0  0  0  0  0  0  0  0  0  0  0  0  0  0  0      0
APR   0  0  0  0  0  0  0  0  0  0  0  0  0  0  0  0  0  0  0  0  0  0  0  0  0  0  0  0  0  0         0
MAY   0  0  0  0  0  0  0  0  0  0  0  0  0  0  0  0  0  0  0  0  0  0  0  0  0  0  0  0  0  0  0      0
JUN   0  0  0  0  0  0  0  0  0  0  0  0  0  0  0  1  1  1  1  1  1  1  1  1  1  2  2  2  2  2        20
JUL   2  3  3  3  3  3  3  3  4  4  4  4  4  4  4  4  4  4  4  4  4  4  4  4  4  4  5  4  4  4  4    116
AUG   4  4  4  4  4  4  4  4  4  4  4  4  4  4  4  3  3  3  3  3  3  3  3  3  3  3  3  2  2  2  2    104
SEP   2  2  2  2  2  1  1  1  1  1  1  1  1  1  1  1  1  1  1  0  0  0  0  0  0  0  0  0  0  0        24
OCT -99  0  0  0  0  0  0  0  0  0  0  0  0  0  0  0  0  0  0  0  0  0  0  0  0  0  0  0  0  0  0      1
NOV   0  0  0  0  0  0  0  0  0  0  0  0  0  0  0  0  0  0  0  0  0  0  0  0  0  0  0  0  0  0         0
DEC   0  0  0  0  0  0  0  0  0  0  0  0  0  0  0  0  0  0  0  0  0  0  0  0  0  0  0  0  0  0  0      0
                                                                                                        
-------------------------------------------------------------------------------------------------       
 Total  Precipitation (Hundreths of an Inch)                                                            
 DAY  1  2  3  4  5  6  7  8  9 10 11 12 13 14 15 16 17 18 19 20 21 22 23 24 25 26 27 28 29 30 31  MONTH
-------------------------------------------------------------------------------------------------       
JAN  14 14 14 14 14 14 14 14 14 14 14 14 14 13 13 13 13 13 13 13 13 13 13 13 14 14 14 14 14 14 14    423
FEB  14 14 14 14 14 14 14 14 14 14 14 14 15 15 15 15 15 15 14 14 14 14 14 14 14 14 14 14             398
MAR  14 14 14 14 14 14 14 14 14 14 14 13 13 13 13 13 13 13 13 13 13 13 13 13 13 13 13 13 13 13 13    414
APR  13 13 13 13 13 13 14 14 14 14 14 13 13 13 13 13 13 13 13 13 13 13 13 13 13 13 13 13 13 13       395
MAY  13 12 12 12 12 12 12 12 12 12 12 12 12 12 12 12 12 12 12 12 12 12 12 12 12 12 12 12 12 11 11    371
JUN  12 12 12 12 12 12 12 12 12 12 12 12 12 12 11 11 11 11 11 11 11 11 11 11 11 11 11 11 11 11       344
JUL  11 11 11 11 11 11 11 11 11 11 11 11 11 11 11 11 11 11 11 11 11 11 11 11 11 11 11 11 10 10 10    338
AUG  11 10 10 10 10 10 10 10 10 10 10 10 10 11 11 11 11 11 11 11 11 11 11 11 11 11 11 12 12 12 12    333
SEP  12 12 12 12 12 12 13 13 13 13 13 13 13 13 13 13 13 13 13 13 13 13 13 14 14 14 14 14 14 14       391
OCT  14 14 14 14 14 14 14 14 14 13 13 13 13 13 13 13 13 13 13 13 13 13 13 13 13 13 13 13 13 13 13    412
NOV  13 13 13 13 13 12 12 12 12 12 13 13 13 13 13 13 13 13 13 13 13 13 13 13 13 13 14 14 14 14       389
DEC  14 14 15 15 15 15 15 15 15 15 15 15 15 15 15 15 15 15 15 15 15 15 15 15 15 15 15 15 15 15 15    463
                                                                                                        
