-------------------------------------------------------------------------------------------------       
 1971-2000 Daily/Monthly Station Normals                                                                
 Provided by National Climatic Data Center/NESDIS/NOAA                                                  
-------------------------------------------------------------------------------------------------       
 Station COOP ID:                           415363                                                      
 Station Name, State, Division, Call:       LORENZO                            TX 01                    
 Latitude, Longitude, Elevation, Elements:  33 40 00 -101 32 00  3170   P                               
-------------------------------------------------------------------------------------------------       
 Total  Precipitation (Hundreths of an Inch)                                                            
 DAY  1  2  3  4  5  6  7  8  9 10 11 12 13 14 15 16 17 18 19 20 21 22 23 24 25 26 27 28 29 30 31  MONTH
-------------------------------------------------------------------------------------------------       
JAN   1  1  1  1  1  1  1  1  1  1  1  1  1  1  1  1  1  2  2  2  2  2  2  2  2  2  2  2  2  2  2     45
FEB   2  2  3  3  3  3  3  3  3  3  3  3  3  3  3  3  3  3  3  3  3  3  3  3  3  3  3  3              82
MAR   3  3  3  3  3  3  3  3  3  3  3  3  3  3  3  3  3  3  3  3  3  3  3  3  3  3  3  3  3  3  3     93
APR   3  4  4  4  4  4  4  4  4  4  4  4  4  4  4  4  4  5  5  5  5  5  5  5  5  5  5  5  5  5       132
MAY   5  6  6  6  6  6  6  6  6  6  6  7  7  7  7  7  7  8  8  8  8  8  9  9  9  9 10 10 10 10 11    234
JUN  11 11 11 12 12 12 12 12 12 12 12 13 13 13 12 12 12 12 12 12 12 12 11 11 11 11 10 10 10  9       347
JUL   9  8  8  8  7  7  7  6  6  6  6  6  5  5  5  5  5  5  5  5  5  5  5  5  5  5  5  5  6  6  6    182
AUG   6  6  7  7  7  7  7  8  8  8  8  8  8  8  9  9  9  9  9  9  9  9 10 10 10 10 10 10 10 10 10    265
SEP  10 10 10 10 10 10 10 10 10 10 10 10 10 10 10 10 10 10  9  9  9  9  9  9  9  9  8  8  8  8       284
OCT   8  7  7  7  7  7  6  6  6  6  6  6  5  5  5  5  5  5  5  5  4  4  4  4  4  4  4  4  3  3  3    160
NOV   3  3  3  3  3  3  3  3  3  3  3  2  2  2  2  2  2  2  2  2  2  2  2  2  2  2  2  2  2  2        71
DEC   2  2  2  2  2  2  2  2  2  2  2  2  2  2  2  2  2  2  2  2  2  2  2  1  1  1  1  1  1  1  1     54
                                                                                                        
