-------------------------------------------------------------------------------------------------       
 1971-2000 Daily/Monthly Station Normals                                                                
 Provided by National Climatic Data Center/NESDIS/NOAA                                                  
-------------------------------------------------------------------------------------------------       
 Station COOP ID:                           412225                                                      
 Station Name, State, Division, Call:       DAINGERFIELD 9 S                   TX 04                    
 Latitude, Longitude, Elevation, Elements:  32 55 13 -094 43 21   300 XNP                               
-------------------------------------------------------------------------------------------------       
 Minimum Temperature (deg F [tenths deg F for monthly])                                                 
 DAY  1  2  3  4  5  6  7  8  9 10 11 12 13 14 15 16 17 18 19 20 21 22 23 24 25 26 27 28 29 30 31  MONTH
-------------------------------------------------------------------------------------------------       
JAN  34 34 34 34 34 34 34 34 34 33 33 33 33 33 33 33 33 33 33 34 34 34 34 34 34 34 34 34 34 34 35    337
FEB  35 35 35 35 35 35 36 36 36 36 36 37 37 37 37 37 38 38 38 38 39 39 39 39 40 40 40 41             373
MAR  41 41 42 42 42 42 43 43 43 43 44 44 44 44 45 45 45 45 46 46 46 46 47 47 47 47 47 48 48 48 48    448
APR  48 49 49 49 49 49 50 50 50 50 51 51 51 51 52 52 52 53 53 53 53 54 54 54 55 55 55 56 56 56       520
MAY  57 57 58 58 58 59 59 59 60 60 60 61 61 61 61 62 62 62 63 63 63 63 64 64 64 65 65 65 65 65 66    616
JUN  66 66 66 67 67 67 67 67 68 68 68 68 68 69 69 69 69 69 69 70 70 70 70 70 70 70 71 71 71 71       687
JUL  71 71 71 71 72 72 72 72 72 72 72 72 72 72 72 72 72 72 73 73 73 73 73 73 73 73 73 73 72 72 72    722
AUG  72 72 72 72 72 72 72 72 72 72 72 72 72 72 71 71 71 71 71 71 71 71 70 70 70 70 70 70 70 69 69    711
SEP  69 69 69 68 68 68 68 68 67 67 67 67 66 66 66 66 65 65 65 64 64 64 63 63 63 62 62 61 61 61       654
OCT  60 60 60 59 59 58 58 58 57 57 56 56 56 55 55 55 54 54 53 53 53 52 52 52 51 51 51 50 50 49 49    546
NOV  49 48 48 48 47 47 47 46 46 46 45 45 45 44 44 44 43 43 43 43 42 42 42 42 41 41 41 41 40 40       441
DEC  40 40 39 39 39 39 38 38 38 38 38 37 37 37 37 37 37 36 36 36 36 36 35 35 35 35 35 35 35 34 34    368
                                                                                                        
-------------------------------------------------------------------------------------------------       
 Maximum Temperature (deg F [tenths deg F for monthly])                                                 
 DAY  1  2  3  4  5  6  7  8  9 10 11 12 13 14 15 16 17 18 19 20 21 22 23 24 25 26 27 28 29 30 31  MONTH
-------------------------------------------------------------------------------------------------       
JAN  56 56 56 56 56 56 55 55 55 55 55 55 55 55 55 55 56 56 56 56 56 56 56 56 56 57 57 57 57 57 58    559
FEB  58 58 58 58 59 59 59 60 60 60 60 61 61 61 61 62 62 62 62 63 63 63 64 64 64 64 65 65             613
MAR  65 66 66 66 66 67 67 67 68 68 68 68 69 69 69 69 70 70 70 70 71 71 71 71 72 72 72 72 72 73 73    693
APR  73 73 74 74 74 74 74 75 75 75 75 76 76 76 76 76 77 77 77 77 78 78 78 78 79 79 79 79 80 80       764
MAY  80 80 81 81 81 81 82 82 82 82 83 83 83 84 84 84 84 84 85 85 85 86 86 86 86 86 87 87 87 87 88    839
JUN  88 88 88 89 89 89 89 89 90 90 90 90 90 91 91 91 91 91 92 92 92 92 92 92 93 93 93 93 93 93       908
JUL  93 94 94 94 94 94 94 94 94 95 95 95 95 95 95 95 95 95 95 95 95 96 96 96 96 96 96 96 96 96 96    950
AUG  96 96 96 96 96 96 96 96 96 96 96 96 96 96 96 96 95 95 95 95 95 95 94 94 94 94 94 93 93 93 93    951
SEP  92 92 92 92 91 91 91 91 90 90 90 90 89 89 89 88 88 88 88 87 87 87 86 86 86 86 85 85 85 84       885
OCT  84 84 83 83 83 82 82 82 81 81 81 80 80 80 79 79 79 78 78 77 77 77 76 76 75 75 74 74 74 73 73    787
NOV  72 72 71 71 70 70 70 69 69 68 68 68 67 67 66 66 66 65 65 65 65 64 64 64 63 63 63 63 62 62       666
DEC  62 62 61 61 61 61 61 60 60 60 60 59 59 59 59 59 58 58 58 58 58 57 57 57 57 57 57 57 56 56 56    587
                                                                                                        
-------------------------------------------------------------------------------------------------       
 Average Temperature (deg F [tenths deg F for monthly])                                                 
 DAY  1  2  3  4  5  6  7  8  9 10 11 12 13 14 15 16 17 18 19 20 21 22 23 24 25 26 27 28 29 30 31  MONTH
-------------------------------------------------------------------------------------------------       
JAN  45 45 45 45 45 45 45 45 44 44 44 44 44 44 44 44 44 44 45 45 45 45 45 45 45 45 45 46 46 46 46    448
FEB  46 46 47 47 47 47 47 48 48 48 48 49 49 49 49 49 50 50 50 51 51 51 51 52 52 52 53 53             493
MAR  53 53 54 54 54 55 55 55 55 56 56 56 56 57 57 57 58 58 58 58 58 59 59 59 59 60 60 60 60 60 61    571
APR  61 61 61 61 62 62 62 62 62 63 63 63 63 64 64 64 64 65 65 65 66 66 66 66 67 67 67 68 68 68       642
MAY  68 69 69 69 70 70 70 71 71 71 72 72 72 72 73 73 73 73 74 74 74 75 75 75 75 76 76 76 76 76 77    728
JUN  77 77 77 78 78 78 78 78 79 79 79 79 79 80 80 80 80 80 81 81 81 81 81 81 82 82 82 82 82 82       798
JUL  82 83 83 83 83 83 83 83 83 83 83 84 84 84 84 84 84 84 84 84 84 84 84 84 84 84 84 84 84 84 84    836
AUG  84 84 84 84 84 84 84 84 84 84 84 84 84 84 84 83 83 83 83 83 83 83 82 82 82 82 82 82 81 81 81    831
SEP  81 81 80 80 80 80 79 79 79 79 78 78 78 78 77 77 77 76 76 76 75 75 75 75 74 74 74 73 73 73       770
OCT  72 72 72 71 71 70 70 70 69 69 69 68 68 68 67 67 66 66 66 65 65 64 64 64 63 63 63 62 62 61 61    667
NOV  60 60 60 59 59 59 58 58 57 57 57 56 56 56 55 55 55 54 54 54 54 53 53 53 52 52 52 52 51 51       554
DEC  51 51 50 50 50 50 50 49 49 49 49 48 48 48 48 48 47 47 47 47 47 47 46 46 46 46 46 46 46 45 45    478
                                                                                                        
-------------------------------------------------------------------------------------------------       
 Heating Degree Days                                                                                    
 DAY  1  2  3  4  5  6  7  8  9 10 11 12 13 14 15 16 17 18 19 20 21 22 23 24 25 26 27 28 29 30 31  MONTH
-------------------------------------------------------------------------------------------------       
JAN  20 20 20 20 20 20 21 21 21 21 21 21 21 21 21 21 21 21 21 21 21 20 20 20 20 20 20 20 20 19 19    633
FEB  19 19 19 19 18 18 18 18 17 17 17 17 16 16 16 16 15 15 15 15 14 14 14 14 13 13 13 12             447
MAR  12 12 12 11 11 11 10 10 10 10  9  9  9  9  8  8  8  8  8  7  7  7  7  6  6  6  6  6  6  5  5    259
APR   5  5  5  5  4  4  4  4  4  4  4  3  3  3  3  3  3  3  3  2  2  2  2  2  2  2  2  1  1  1        91
MAY   1  1  1  1  1  1  1  1  1  0  0  0  0  0  0  0  0  0  0  0  0  0  0  0  0  0  0  0  0  0  0      9
JUN   0  0  0  0  0  0  0  0  0  0  0  0  0  0  0  0  0  0  0  0  0  0  0  0  0  0  0  0  0  0         0
JUL   0  0  0  0  0  0  0  0  0  0  0  0  0  0  0  0  0  0  0  0  0  0  0  0  0  0  0  0  0  0  0      0
AUG   0  0  0  0  0  0  0  0  0  0  0  0  0  0  0  0  0  0  0  0  0  0  0  0  0  0  0  0  0  0  0      0
SEP   0  0  0  0  0  0  0  0  0  0  0-99-99  0  0  0  0  0  0  0  0  0  0  0  0  0  0  0  0  0         2
OCT   0  0  0  0  0  0  0  0  0  0  1  1  1  1  1  1  2  2  2  2  2  3  3  3  3  4  4  4  5  5  5     55
NOV   6  6  6  7  7  7  8  8  8  9  9  9 10 10 10 10 11 11 11 12 12 12 12 13 13 13 13 14 14 14       305
DEC  14 15 15 15 15 15 16 16 16 16 16 17 17 17 17 17 18 18 18 18 18 18 19 19 19 19 19 19 20 20 20    536
                                                                                                        
-------------------------------------------------------------------------------------------------       
 Cooling Degree Days                                                                                    
 DAY  1  2  3  4  5  6  7  8  9 10 11 12 13 14 15 16 17 18 19 20 21 22 23 24 25 26 27 28 29 30 31  MONTH
-------------------------------------------------------------------------------------------------       
JAN   0  0  0  0  0  0  0  0  0  0  0  0  0  0  0  0  0  0  0  0  0  0  0  0  0  0  0  0  0  0  0      0
FEB   0  0  0  0  0  0  0  0  0  0  0  0  0  0  0  0-99-99-99-99-99-99-99-99  0  0  0  0               8
MAR   0  0  0  0  0  0  0  0  0  0  0  0  0  0  0  0  0  0  1  1  1  1  1  1  1  1  1  1  1  1  1     13
APR   1  1  1  1  1  1  1  1  1  1  2  2  2  2  2  2  2  2  3  3  3  3  3  3  3  4  4  4  4  4        67
MAY   5  5  5  5  5  6  6  6  6  7  7  7  7  7  8  8  8  8  9  9  9  9 10 10 10 10 11 11 11 11 12    248
JUN  12 12 12 12 13 13 13 13 14 14 14 14 14 15 15 15 15 15 16 16 16 16 16 16 17 17 17 17 17 17       443
JUL  17 18 18 18 18 18 18 18 18 18 18 19 19 19 19 19 19 19 19 19 19 19 19 19 19 19 19 19 19 19 19    577
AUG  19 19 19 19 19 19 19 19 19 19 19 19 19 19 19 18 18 18 18 18 18 18 17 17 17 17 17 17 16 16 16    561
SEP  16 16 15 15 15 15 14 14 14 14 13 13 13 13 12 12 12 11 11 11 10 10 10 10  9  9  9  8  8  8       360
OCT   7  7  7  6  6  6  5  5  5  4  4  4  4  3  3  3  3  3  2  2  2  2  2  2  2  2  1  1  1  1  1    106
NOV   1  1  1  1  1  1  1  1  1  1  1  1  1  1  1  1  0  0  0  0  0  0  0  0  0  0  0  0  0  0        16
DEC -99-99  0  0  0  0  0  0  0  0  0  0  0  0  0  0  0  0  0  0  0  0  0  0  0  0  0  0  0  0  0      2
                                                                                                        
-------------------------------------------------------------------------------------------------       
 Total  Precipitation (Hundreths of an Inch)                                                            
 DAY  1  2  3  4  5  6  7  8  9 10 11 12 13 14 15 16 17 18 19 20 21 22 23 24 25 26 27 28 29 30 31  MONTH
-------------------------------------------------------------------------------------------------       
JAN  13 12 12 12 12 12 12 12 12 12 12 12 11 11 11 11 11 11 11 11 11 11 11 11 11 11 11 11 11 11 11    354
FEB  11 11 11 11 11 11 11 11 11 11 12 12 12 12 12 12 12 12 12 12 13 13 13 13 13 13 13 14             335
MAR  14 14 14 14 14 15 15 15 15 15 15 15 15 15 15 15 15 15 15 15 16 16 16 16 15 15 15 15 15 15 15    464
APR  15 15 15 15 15 15 15 15 15 15 15 15 14 14 14 14 14 14 14 14 14 14 14 14 14 14 14 14 14 14       432
MAY  14 14 14 14 14 14 14 14 14 14 14 14 14 14 14 14 14 14 14 14 14 14 15 15 15 15 15 15 15 15 15    443
JUN  15 15 15 15 15 15 15 15 15 15 15 15 15 14 14 14 14 14 14 14 14 14 14 13 13 13 13 13 12 12       424
JUL  12 12 12 11 11 11 11 11 11 10 10 10 10 10 10  9  9  9  9  9  9  9  9  8  8  8  8  8  8  8  8    298
AUG   8  8  8  8  7  7  7  7  7  7  7  7  7  7  7  7  8  8  8  8  8  8  8  8  8  8  8  8  9  9  9    239
SEP   9  9  9 10 10 10 10 10 10 10 11 11 11 11 11 11 11 11 11 12 12 12 12 12 12 12 12 12 12 13       329
OCT  13 13 13 13 13 13 13 13 13 13 14 14 14 14 14 14 14 14 14 14 14 15 15 15 15 15 15 15 15 15 16    435
NOV  16 16 16 16 16 16 16 16 16 16 16 16 16 16 17 17 17 17 16 16 16 16 16 16 16 16 16 16 16 16       484
DEC  16 16 15 15 15 15 15 15 15 15 15 15 14 14 14 14 14 14 14 14 14 14 13 13 13 13 13 13 13 13 13    439
                                                                                                        
