-------------------------------------------------------------------------------------------------       
 1971-2000 Daily/Monthly Station Normals                                                                
 Provided by National Climatic Data Center/NESDIS/NOAA                                                  
-------------------------------------------------------------------------------------------------       
 Station COOP ID:                           416734                                                      
 Station Name, State, Division, Call:       OZONA 1 SSW                        TX 06                    
 Latitude, Longitude, Elevation, Elements:  30 41 00 -101 12 00  2340 XNP                               
-------------------------------------------------------------------------------------------------       
 Minimum Temperature (deg F [tenths deg F for monthly])                                                 
 DAY  1  2  3  4  5  6  7  8  9 10 11 12 13 14 15 16 17 18 19 20 21 22 23 24 25 26 27 28 29 30 31  MONTH
-------------------------------------------------------------------------------------------------       
JAN  27 27 27 27 27 27 27 27 27 27 27 27 27 27 28 28 28 28 28 28 28 28 28 28 28 28 29 29 29 29 29    277
FEB  29 29 30 30 30 30 30 31 31 31 31 31 32 32 32 32 32 33 33 33 34 34 34 34 34 35 35 35             320
MAR  36 36 36 36 37 37 37 38 38 38 38 39 39 39 40 40 40 40 41 41 41 41 42 42 42 43 43 43 43 44 44    398
APR  44 44 45 45 45 45 46 46 46 47 47 47 48 48 48 49 49 49 49 50 50 51 51 51 52 52 52 53 53 53       485
MAY  54 54 55 55 55 56 56 56 57 57 57 58 58 58 59 59 59 59 60 60 60 61 61 61 61 62 62 62 62 63 63    587
JUN  63 63 64 64 64 64 65 65 65 65 65 65 66 66 66 66 66 66 66 67 67 67 67 67 67 67 67 67 67 67       657
JUL  68 68 68 68 68 68 68 68 68 68 68 68 68 68 68 68 68 68 68 68 68 68 68 68 68 68 68 68 68 68 68    680
AUG  68 68 68 68 68 68 68 68 68 68 68 68 67 67 67 67 67 67 67 67 66 66 66 66 66 66 66 65 65 65 65    669
SEP  65 64 64 64 64 63 63 63 63 63 62 62 62 61 61 61 61 60 60 60 59 59 59 58 58 58 57 57 57 56       608
OCT  56 55 55 55 54 54 53 53 53 52 52 52 51 51 50 50 50 49 49 48 48 48 47 47 47 46 46 45 45 45 44    500
NOV  44 43 43 43 42 42 41 41 41 40 40 40 39 39 38 38 38 37 37 37 36 36 36 35 35 34 34 34 33 33       383
DEC  33 32 32 32 32 31 31 31 30 30 30 30 30 29 29 29 29 29 28 28 28 28 28 28 28 28 27 27 27 27 27    293
                                                                                                        
-------------------------------------------------------------------------------------------------       
 Maximum Temperature (deg F [tenths deg F for monthly])                                                 
 DAY  1  2  3  4  5  6  7  8  9 10 11 12 13 14 15 16 17 18 19 20 21 22 23 24 25 26 27 28 29 30 31  MONTH
-------------------------------------------------------------------------------------------------       
JAN  58 58 58 58 58 58 58 58 58 58 58 58 58 59 59 59 59 59 59 59 59 59 59 60 60 60 60 60 60 61 61    589
FEB  61 61 61 61 62 62 62 62 63 63 63 63 63 64 64 64 64 65 65 65 65 66 66 66 67 67 67 67             639
MAR  68 68 68 69 69 69 69 70 70 70 71 71 71 71 72 72 72 73 73 73 73 74 74 74 74 75 75 75 75 75 76    719
APR  76 76 76 77 77 77 77 78 78 78 78 78 79 79 79 79 80 80 80 80 81 81 81 81 82 82 82 82 82 83       793
MAY  83 83 83 84 84 84 84 84 85 85 85 85 86 86 86 86 86 86 87 87 87 87 87 87 88 88 88 88 88 88 88    859
JUN  89 89 89 89 89 89 89 89 90 90 90 90 90 90 90 90 90 91 91 91 91 91 91 91 91 91 92 92 92 92       903
JUL  92 92 92 92 92 93 93 93 93 93 93 93 93 93 93 93 93 93 93 93 93 93 93 93 93 93 94 94 94 94 94    930
AUG  94 93 93 93 93 93 93 93 93 93 93 93 93 93 93 93 93 92 92 92 92 92 92 92 91 91 91 91 91 90 90    923
SEP  90 90 90 89 89 89 89 89 88 88 88 88 87 87 87 87 86 86 86 86 85 85 85 85 84 84 84 84 83 83       867
OCT  83 83 82 82 82 81 81 81 80 80 80 79 79 79 79 78 78 77 77 77 76 76 76 75 75 75 74 74 73 73 73    780
NOV  72 72 71 71 71 70 70 69 69 69 68 68 68 67 67 67 66 66 66 65 65 65 64 64 64 64 63 63 63 63       670
DEC  62 62 62 62 61 61 61 61 61 60 60 60 60 60 60 59 59 59 59 59 59 59 59 59 59 58 58 58 58 58 58    597
                                                                                                        
-------------------------------------------------------------------------------------------------       
 Average Temperature (deg F [tenths deg F for monthly])                                                 
 DAY  1  2  3  4  5  6  7  8  9 10 11 12 13 14 15 16 17 18 19 20 21 22 23 24 25 26 27 28 29 30 31  MONTH
-------------------------------------------------------------------------------------------------       
JAN  43 43 43 42 42 43 43 43 43 43 43 43 43 43 43 43 43 43 43 43 43 43 44 44 44 44 44 44 44 45 45    433
FEB  45 45 45 46 46 46 46 46 47 47 47 47 48 48 48 48 48 49 49 49 50 50 50 50 51 51 51 51             480
MAR  52 52 52 53 53 53 53 54 54 54 55 55 55 55 56 56 56 56 57 57 57 58 58 58 58 59 59 59 59 60 60    559
APR  60 60 61 61 61 61 62 62 62 62 63 63 63 63 64 64 64 64 65 65 65 66 66 66 67 67 67 67 68 68       639
MAY  68 69 69 69 70 70 70 70 71 71 71 71 72 72 72 72 73 73 73 73 74 74 74 74 75 75 75 75 75 75 76    723
JUN  76 76 76 76 77 77 77 77 77 77 77 78 78 78 78 78 78 78 79 79 79 79 79 79 79 79 79 80 80 80       780
JUL  80 80 80 80 80 80 80 80 80 80 80 80 80 80 80 81 81 81 81 81 81 81 81 81 81 81 81 81 81 81 81    805
AUG  81 81 81 81 81 81 81 80 80 80 80 80 80 80 80 80 80 80 79 79 79 79 79 79 79 78 78 78 78 78 78    796
SEP  77 77 77 77 76 76 76 76 76 75 75 75 75 74 74 74 74 73 73 73 72 72 72 72 71 71 71 70 70 70       738
OCT  69 69 69 68 68 68 67 67 67 66 66 66 65 65 64 64 64 63 63 63 62 62 61 61 61 60 60 60 59 59 58    640
NOV  58 58 57 57 56 56 56 55 55 55 54 54 53 53 53 52 52 52 51 51 51 50 50 50 49 49 49 49 48 48       527
DEC  48 47 47 47 46 46 46 46 46 45 45 45 45 44 44 44 44 44 44 44 43 43 43 43 43 43 43 43 43 43 43    445
                                                                                                        
-------------------------------------------------------------------------------------------------       
 Heating Degree Days                                                                                    
 DAY  1  2  3  4  5  6  7  8  9 10 11 12 13 14 15 16 17 18 19 20 21 22 23 24 25 26 27 28 29 30 31  MONTH
-------------------------------------------------------------------------------------------------       
JAN  22 22 22 23 23 22 22 22 22 22 22 22 22 22 22 22 22 22 22 22 22 22 21 21 21 21 21 21 21 20 20    673
FEB  20 20 20 19 19 19 19 19 18 18 18 18 18 17 17 17 17 16 16 16 16 15 15 15 14 14 14 14             478
MAR  13 13 13 12 12 12 12 11 11 11 11 10 10 10 10  9  9  9  9  8  8  8  8  7  7  7  7  6  6  6  6    291
APR   6  6  5  5  5  5  5  4  4  4  4  4  4  3  3  3  3  3  3  3  3  2  2  2  2  2  2  2  2  2       103
MAY   2  2  2  1  1  1  1  1  1  1  1  1  1  1  1  1  1  1  1  1  1  1  1  0  0  0  0  0  0  0  0     26
JUN   0  0  0  0  0  0  0  0  0  0  0  0  0  0  0  0  0  0  0  0  0  0  0  0  0  0  0  0  0  0         0
JUL   0  0  0  0  0  0  0  0  0  0  0  0  0  0  0  0  0  0  0  0  0  0  0  0  0  0  0  0  0  0  0      0
AUG   0  0  0  0  0  0  0  0  0  0  0  0  0  0  0  0  0  0  0  0  0  0  0  0  0  0  0  0  0  0  0      0
SEP   0  0  0  0  0  0  0  0  0  0  0  0  0  0  0  0  1  1  1  1  1  1  1  1  1  1  1  1  1  1        14
OCT   1  1  1  1  1  1  1  1  2  2  2  2  2  2  3  3  3  3  3  4  4  4  4  5  5  5  6  6  6  7  7     98
NOV   7  8  8  9  9  9 10 10 10 11 11 11 12 12 12 13 13 13 14 14 14 15 15 15 16 16 16 17 17 17       374
DEC  17 18 18 18 19 19 19 19 19 20 20 20 20 21 21 21 21 21 21 21 22 22 22 22 22 22 22 22 22 22 22    635
                                                                                                        
-------------------------------------------------------------------------------------------------       
 Cooling Degree Days                                                                                    
 DAY  1  2  3  4  5  6  7  8  9 10 11 12 13 14 15 16 17 18 19 20 21 22 23 24 25 26 27 28 29 30 31  MONTH
-------------------------------------------------------------------------------------------------       
JAN   0  0  0  0  0  0  0  0  0  0  0  0  0  0  0  0  0  0  0  0  0  0  0  0  0  0  0  0  0  0  0      0
FEB   0  0  0  0  0  0  0  0  0  0  0  0  0  0  0  0  0  0  0  0  0  0  0  0  0  0  0  0               0
MAR   0  0  0  0  0  0  0  0  0  0  0  0  0  0  0  0  0  0  0  0  0  0  0  0  0  1  1  1  1  1  1      6
APR   1  1  1  1  1  1  1  1  1  1  1  2  2  2  2  2  2  2  3  3  3  3  3  3  4  4  4  4  5  5        69
MAY   5  5  5  6  6  6  6  7  7  7  7  7  8  8  8  8  8  9  9  9  9  9 10 10 10 10 10 10 11 11 11    252
JUN  11 11 11 12 12 12 12 12 12 12 13 13 13 13 13 13 13 13 14 14 14 14 14 14 14 14 14 14 15 15       391
JUL  15 15 15 15 15 15 15 15 15 15 15 15 15 15 15 15 15 16 16 16 16 16 16 16 16 16 16 16 16 16 16    479
AUG  16 16 16 16 16 16 15 15 15 15 15 15 15 15 15 15 15 15 14 14 14 14 14 14 14 14 13 13 13 13 13    453
SEP  12 12 12 12 12 12 11 11 11 11 10 10 10 10 10  9  9  9  9  8  8  8  7  7  7  7  6  6  6  6       278
OCT   5  5  5  4  4  4  4  3  3  3  3  3  2  2  2  2  2  2  1  1  1  1  1  1  1  1  1  1  0  0  0     68
NOV -99-99-99-99  0  0  0  0  0  0  0  0  0  0  0  0  0  0  0  0  0  0  0  0  0  0  0  0  0  0         4
DEC   0  0  0  0  0  0  0  0  0  0  0  0  0  0  0  0  0  0  0  0  0  0  0  0  0  0  0  0  0  0  0      0
                                                                                                        
-------------------------------------------------------------------------------------------------       
 Total  Precipitation (Hundreths of an Inch)                                                            
 DAY  1  2  3  4  5  6  7  8  9 10 11 12 13 14 15 16 17 18 19 20 21 22 23 24 25 26 27 28 29 30 31  MONTH
-------------------------------------------------------------------------------------------------       
JAN   2  2  2  2  2  2  2  2  2  2  2  2  2  2  2  2  2  2  2  2  2  2  2  3  3  3  3  3  3  3  3     70
FEB   2  2  2  2  2  2  3  3  3  3  3  3  3  3  3  3  3  3  3  3  3  3  3  3  3  3  3  3              78
MAR   3  3  3  3  3  3  3  3  3  3  3  3  3  3  3  3  3  3  4  4  4  4  4  4  4  4  4  4  4  4  4    106
APR   3  4  4  4  4  4  4  4  4  4  4  4  4  4  4  4  4  4  5  5  5  5  5  5  5  6  6  6  6  6       136
MAY   7  7  7  7  7  7  8  8  8  8  8  8  8  8  8  8  8  8  8  9  9  8  8  8  8  8  8  8  8  8  8    244
JUN   8  8  8  7  7  7  7  7  7  7  7  7  7  7  6  6  6  6  6  6  6  6  6  6  6  6  6  5  5  5       194
JUL   5  5  5  5  5  5  5  5  5  5  5  5  5  5  5  5  5  5  5  5  5  5  5  5  5  5  5  5  5  6  6    157
AUG   6  6  6  6  6  6  6  6  7  7  7  7  7  7  7  7  7  7  8  8  8  8  8  8  8  8  9  9  9  9  9    227
SEP   9  9  9  9  9 10 10 10 10 10 10 10 10 10 10 10 10 10 10 10 10 10 10 10 10 10 10  9  9  9       292
OCT   9  9  9  9  9  9  9  8  8  8  8  8  8  8  7  7  7  7  7  7  7  6  6  6  6  6  6  6  5  5  5    225
NOV   5  5  5  4  4  4  4  4  4  4  4  3  3  3  3  3  3  3  3  3  3  3  3  3  3  2  2  2  2  2        99
DEC   3  3  3  3  3  2  2  2  2  2  2  2  2  2  2  2  2  2  2  2  2  2  2  2  2  2  2  2  2  2  2     67
                                                                                                        
