-------------------------------------------------------------------------------------------------       
 1971-2000 Daily/Monthly Station Normals                                                                
 Provided by National Climatic Data Center/NESDIS/NOAA                                                  
-------------------------------------------------------------------------------------------------       
 Station COOP ID:                           419847                                                      
 Station Name, State, Division, Call:       WINTERS 1 NNE                      TX 02                    
 Latitude, Longitude, Elevation, Elements:  31 58 04 -099 57 31  1862 XNP                               
-------------------------------------------------------------------------------------------------       
 Minimum Temperature (deg F [tenths deg F for monthly])                                                 
 DAY  1  2  3  4  5  6  7  8  9 10 11 12 13 14 15 16 17 18 19 20 21 22 23 24 25 26 27 28 29 30 31  MONTH
-------------------------------------------------------------------------------------------------       
JAN  31 31 31 31 31 31 31 31 31 31 31 31 31 31 31 31 31 31 31 32 32 32 32 32 32 32 32 32 33 33 33    315
FEB  33 33 33 33 34 34 34 34 34 35 35 35 35 36 36 36 36 36 37 37 37 38 38 38 38 39 39 39             358
MAR  40 40 40 40 41 41 41 41 42 42 42 42 43 43 43 43 44 44 44 44 45 45 45 45 45 46 46 46 46 46 47    433
APR  47 47 47 47 48 48 48 48 48 49 49 49 49 50 50 50 51 51 51 51 52 52 52 53 53 54 54 54 55 55       504
MAY  55 56 56 56 57 57 58 58 58 59 59 59 60 60 60 60 61 61 61 62 62 62 63 63 63 63 64 64 64 64 64    603
JUN  65 65 65 65 66 66 66 66 66 67 67 67 67 67 68 68 68 68 68 68 68 69 69 69 69 69 69 69 69 69       674
JUL  69 70 70 70 70 70 70 70 70 70 70 70 70 70 71 71 71 71 71 71 71 71 71 71 71 71 71 71 71 71 71    705
AUG  71 71 71 71 71 71 71 71 71 70 70 70 70 70 70 70 70 70 69 69 69 69 69 69 69 68 68 68 68 67 67    696
SEP  67 67 67 66 66 66 66 65 65 65 65 64 64 64 63 63 63 63 62 62 62 62 61 61 61 60 60 60 60 59       633
OCT  59 59 58 58 58 57 57 57 56 56 56 55 55 55 54 54 54 53 53 53 52 52 51 51 51 50 50 49 49 48 48    538
NOV  48 47 47 46 46 45 45 45 44 44 43 43 43 42 42 42 41 41 40 40 40 39 39 39 38 38 38 38 37 37       419
DEC  37 36 36 36 36 35 35 35 35 34 34 34 34 34 33 33 33 33 33 33 32 32 32 32 32 32 32 32 32 31 31    335
                                                                                                        
-------------------------------------------------------------------------------------------------       
 Maximum Temperature (deg F [tenths deg F for monthly])                                                 
 DAY  1  2  3  4  5  6  7  8  9 10 11 12 13 14 15 16 17 18 19 20 21 22 23 24 25 26 27 28 29 30 31  MONTH
-------------------------------------------------------------------------------------------------       
JAN  58 58 58 58 58 58 58 58 58 58 58 58 58 58 58 58 58 58 58 58 58 58 59 59 59 59 59 59 60 60 60    584
FEB  60 61 61 61 61 61 62 62 62 62 63 63 63 63 64 64 64 64 65 65 65 66 66 66 66 67 67 67             636
MAR  68 68 68 69 69 69 70 70 70 71 71 71 72 72 72 72 73 73 73 74 74 74 75 75 75 75 76 76 76 76 77    724
APR  77 77 78 78 78 78 79 79 79 79 80 80 80 80 81 81 81 81 82 82 82 82 83 83 83 83 83 84 84 84       807
MAY  84 84 85 85 85 85 86 86 86 86 86 86 87 87 87 87 87 88 88 88 88 88 89 89 89 89 89 89 90 90 90    872
JUN  90 90 90 91 91 91 91 91 91 92 92 92 92 92 92 92 93 93 93 93 93 93 93 94 94 94 94 94 94 94       923
JUL  94 95 95 95 95 95 95 95 95 95 95 96 96 96 96 96 96 96 96 96 96 96 96 96 96 96 96 96 96 96 96    956
AUG  96 96 96 96 96 96 96 96 96 96 96 95 95 95 95 95 95 95 95 94 94 94 94 94 94 93 93 93 93 92 92    947
SEP  92 92 92 91 91 91 91 90 90 90 90 89 89 89 89 88 88 88 88 87 87 87 87 86 86 86 86 85 85 85       885
OCT  85 85 84 84 84 83 83 83 83 82 82 82 81 81 81 80 80 79 79 79 78 78 77 77 77 76 76 75 75 74 74    799
NOV  73 73 72 72 71 71 70 70 70 69 69 68 68 68 67 67 67 66 66 66 65 65 65 64 64 64 63 63 63 63       674
DEC  62 62 62 62 62 61 61 61 61 61 60 60 60 60 60 60 59 59 59 59 59 59 59 59 59 58 58 58 58 58 58    598
                                                                                                        
-------------------------------------------------------------------------------------------------       
 Average Temperature (deg F [tenths deg F for monthly])                                                 
 DAY  1  2  3  4  5  6  7  8  9 10 11 12 13 14 15 16 17 18 19 20 21 22 23 24 25 26 27 28 29 30 31  MONTH
-------------------------------------------------------------------------------------------------       
JAN  45 45 45 45 44 44 44 44 44 44 44 45 45 45 45 45 45 45 45 45 45 45 45 45 46 46 46 46 46 46 46    450
FEB  47 47 47 47 47 48 48 48 48 49 49 49 49 49 50 50 50 50 51 51 51 52 52 52 52 53 53 53             497
MAR  54 54 54 55 55 55 55 56 56 56 57 57 57 57 58 58 58 59 59 59 59 60 60 60 60 61 61 61 61 61 62    579
APR  62 62 62 63 63 63 63 64 64 64 64 65 65 65 65 66 66 66 66 67 67 67 68 68 68 68 69 69 69 70       656
MAY  70 70 70 71 71 71 72 72 72 72 73 73 73 73 74 74 74 74 75 75 75 75 76 76 76 76 77 77 77 77 77    738
JUN  77 78 78 78 78 78 79 79 79 79 79 79 80 80 80 80 80 80 81 81 81 81 81 81 81 81 82 82 82 82       799
JUL  82 82 82 82 82 83 83 83 83 83 83 83 83 83 83 83 83 83 83 83 83 83 83 84 84 84 84 84 84 84 84    831
AUG  84 84 84 83 83 83 83 83 83 83 83 83 83 83 83 83 82 82 82 82 82 82 81 81 81 81 81 80 80 80 80    822
SEP  79 79 79 79 79 78 78 78 78 77 77 77 77 76 76 76 76 75 75 75 75 74 74 74 73 73 73 73 72 72       759
OCT  72 72 71 71 71 70 70 70 70 69 69 69 68 68 68 67 67 66 66 66 65 65 64 64 64 63 63 62 62 61 61    669
NOV  60 60 60 59 59 58 58 57 57 57 56 56 55 55 55 54 54 54 53 53 52 52 52 52 51 51 51 50 50 50       547
DEC  50 49 49 49 49 48 48 48 48 48 47 47 47 47 47 46 46 46 46 46 46 46 45 45 45 45 45 45 45 45 45    467
                                                                                                        
-------------------------------------------------------------------------------------------------       
 Heating Degree Days                                                                                    
 DAY  1  2  3  4  5  6  7  8  9 10 11 12 13 14 15 16 17 18 19 20 21 22 23 24 25 26 27 28 29 30 31  MONTH
-------------------------------------------------------------------------------------------------       
JAN  20 20 20 20 21 21 21 21 21 21 21 21 20 20 20 20 20 20 20 20 20 20 20 20 19 19 19 19 19 19 19    621
FEB  18 18 18 18 18 17 17 17 17 17 16 16 16 16 16 15 15 15 14 14 14 14 13 13 13 13 12 12             432
MAR  12 11 11 11 10 10 10 10  9  9  9  9  8  8  8  8  7  7  7  7  7  6  6  6  6  6  5  5  5  5  5    243
APR   5  4  4  4  4  4  4  3  3  3  3  3  3  3  3  2  2  2  2  2  2  2  2  2  2  2  1  1  1  1        79
MAY   1  1  1  1  1  1  1  1  1  1  1  1  1  1  1  1  0  0  0  0  0  0  0  0  0  0  0  0  0  0  0     16
JUN   0  0  0  0  0  0  0  0  0  0  0  0  0  0  0  0  0  0  0  0  0  0  0  0  0  0  0  0  0  0         0
JUL   0  0  0  0  0  0  0  0  0  0  0  0  0  0  0  0  0  0  0  0  0  0  0  0  0  0  0  0  0  0  0      0
AUG   0  0  0  0  0  0  0  0  0  0  0  0  0  0  0  0  0  0  0  0  0  0  0  0  0  0  0  0  0  0  0      0
SEP   0  0  0  0  0  0  0  0-99-99-99-99-99-99  0  0  0  0  0  0  0  0  0  0  0  0  0  0  0  0         6
OCT   0  0  0  0  0  0  0  0  0  0  0  1  1  1  1  1  1  2  2  2  2  2  3  3  3  4  4  4  5  5  5     52
NOV   6  6  7  7  7  8  8  8  9  9  9 10 10 11 11 11 11 12 12 12 13 13 13 14 14 14 14 15 15 15       324
DEC  16 16 16 16 16 17 17 17 17 18 18 18 18 18 18 19 19 19 19 19 19 20 20 20 20 20 20 20 20 20 20    570
                                                                                                        
-------------------------------------------------------------------------------------------------       
 Cooling Degree Days                                                                                    
 DAY  1  2  3  4  5  6  7  8  9 10 11 12 13 14 15 16 17 18 19 20 21 22 23 24 25 26 27 28 29 30 31  MONTH
-------------------------------------------------------------------------------------------------       
JAN   0  0  0  0  0  0  0  0  0  0  0  0  0  0  0  0  0  0  0  0  0  0  0  0  0  0  0  0  0  0  0      0
FEB   0  0  0  0  0  0  0  0  0  0  0  0  0  0  0  0  0  0  0  0  0  0  0  0  0-99-99-99               3
MAR   0  0  0  0  0  0  0  0  0  1  1  1  1  1  1  1  1  1  1  1  1  1  1  1  1  1  1  1  1  1  1     22
APR   1  1  2  2  2  2  2  2  2  2  2  2  3  3  3  3  3  3  4  4  4  4  4  4  5  5  5  5  5  6        95
MAY   6  6  6  7  7  7  7  8  8  8  8  8  9  9  9  9 10 10 10 10 10 11 11 11 11 11 12 12 12 12 12    287
JUN  12 13 13 13 13 13 14 14 14 14 14 14 15 15 15 15 15 15 15 16 16 16 16 16 16 16 16 17 17 17       445
JUL  17 17 17 17 17 18 18 18 18 18 18 18 18 18 18 18 18 18 18 18 18 18 18 19 19 19 19 19 19 19 18    560
AUG  19 19 18 18 18 18 18 18 18 18 18 18 18 18 18 17 17 17 17 17 17 17 16 16 16 16 16 16 15 15 15    532
SEP  15 14 14 14 14 14 13 13 13 13 12 12 12 12 11 11 11 10 10 10 10  9  9  9  9  8  8  8  7  7       332
OCT   7  7  6  6  6  5  5  5  5  4  4  4  4  4  3  3  3  3  3  3  2  2  2  2  2  2  2  2  1  1  1    109
NOV   1  1  1  1  1  1  1  1  1  1  1  1  1  1  0  0  0  0  0  0  0  0  0  0  0  0  0  0  0  0        14
DEC   0  0  0  0  0  0  0  0  0  0  0  0  0  0  0  0  0  0  0  0  0  0  0  0  0  0  0  0  0  0  0      0
                                                                                                        
-------------------------------------------------------------------------------------------------       
 Total  Precipitation (Hundreths of an Inch)                                                            
 DAY  1  2  3  4  5  6  7  8  9 10 11 12 13 14 15 16 17 18 19 20 21 22 23 24 25 26 27 28 29 30 31  MONTH
-------------------------------------------------------------------------------------------------       
JAN   3  3  3  3  3  3  3  3  3  3  2  2  2  2  2  3  3  3  3  3  3  3  3  3  3  3  3  3  3  3  3     88
FEB   3  4  4  4  4  4  4  4  4  4  4  4  4  4  5  5  5  5  5  5  5  5  5  5  5  5  5  5             125
MAR   5  5  5  5  5  5  5  5  4  4  4  4  4  4  4  5  5  5  5  5  5  5  5  5  5  5  5  5  5  5  5    148
APR   5  5  5  5  5  5  5  5  5  5  6  6  6  6  6  6  6  6  6  6  6  6  7  7  7  7  7  7  7  7       178
MAY   8  8  8  8  8  8  8  9  9  9  9  9  9  9  9 10 10 10 10 10 10 10 11 11 11 11 11 11 11 11 12    298
JUN  12 12 12 12 12 12 12 12 12 12 12 12 12 12 12 12 12 12 12 12 11 11 11 11 11 11 10 10 10 10       346
JUL   9  9  9  8  8  8  8  7  7  7  7  7  6  6  6  6  6  6  5  5  5  5  5  5  5  5  5  5  5  4  4    193
AUG   4  4  4  4  5  5  5  5  5  5  5  5  5  5  5  6  6  6  6  6  7  7  7  7  8  8  8  9  9  9 10    190
SEP  10 10 11 11 11 12 12 12 12 12 13 13 13 13 13 13 13 13 13 14 14 13 13 13 13 13 13 13 13 13       375
OCT  12 12 12 12 12 12 11 11 11 11 11 10 10 10 10 10  9  9  9  9  8  8  8  8  8  7  7  7  7  7  6    294
NOV   6  6  6  6  5  5  5  5  5  4  4  4  4  4  4  4  4  4  4  4  3  3  3  3  3  3  3  3  3  3       123
DEC   3  3  3  3  4  4  4  4  4  4  4  4  4  4  4  4  4  4  4  4  4  3  3  3  3  3  3  3  3  3  3    110
                                                                                                        
