-------------------------------------------------------------------------------------------------       
 1971-2000 Daily/Monthly Station Normals                                                                
 Provided by National Climatic Data Center/NESDIS/NOAA                                                  
-------------------------------------------------------------------------------------------------       
 Station COOP ID:                           419419                                                      
 Station Name, State, Division, Call:       WACO RGNL AP                       TX 03 ACT                
 Latitude, Longitude, Elevation, Elements:  31 36 41 -097 13 43   500 XNP                               
-------------------------------------------------------------------------------------------------       
 Minimum Temperature (deg F [tenths deg F for monthly])                                                 
 DAY  1  2  3  4  5  6  7  8  9 10 11 12 13 14 15 16 17 18 19 20 21 22 23 24 25 26 27 28 29 30 31  MONTH
-------------------------------------------------------------------------------------------------       
JAN  35 35 35 35 35 35 35 35 35 34 34 35 35 35 35 35 35 35 35 35 35 35 35 35 35 35 36 36 36 36 36    351
FEB  36 37 37 37 37 37 38 38 38 38 38 39 39 39 39 39 40 40 40 40 41 41 41 42 42 42 42 43             393
MAR  43 43 43 44 44 44 45 45 45 45 46 46 46 46 47 47 47 47 48 48 48 48 49 49 49 49 50 50 50 50 50    468
APR  51 51 51 51 51 52 52 52 52 53 53 53 53 54 54 54 54 55 55 55 56 56 56 57 57 57 57 58 58 58       542
MAY  59 59 59 60 60 60 61 61 61 62 62 62 63 63 63 63 64 64 64 65 65 65 65 66 66 66 66 67 67 67 67    633
JUN  68 68 68 68 69 69 69 69 69 70 70 70 70 70 71 71 71 71 71 72 72 72 72 72 72 72 73 73 73 73       706
JUL  73 73 73 73 73 73 74 74 74 74 74 74 74 74 74 74 74 74 74 74 74 74 75 75 75 75 75 75 75 75 75    741
AUG  75 75 75 75 75 75 75 74 74 74 74 74 74 74 74 74 74 74 73 73 73 73 73 73 72 72 72 72 72 71 71    735
SEP  71 71 71 70 70 70 69 69 69 69 68 68 68 68 67 67 67 66 66 66 65 65 65 65 64 64 64 63 63 62       670
OCT  62 62 61 61 61 60 60 60 59 59 59 58 58 57 57 57 56 56 56 55 55 55 54 54 53 53 53 52 52 52 51    567
NOV  51 50 50 50 49 49 49 48 48 48 47 47 47 46 46 45 45 45 45 44 44 44 43 43 43 42 42 42 41 41       458
DEC  41 41 40 40 40 39 39 39 39 38 38 38 38 38 37 37 37 37 37 37 36 36 36 36 36 36 36 35 35 35 35    375
                                                                                                        
-------------------------------------------------------------------------------------------------       
 Maximum Temperature (deg F [tenths deg F for monthly])                                                 
 DAY  1  2  3  4  5  6  7  8  9 10 11 12 13 14 15 16 17 18 19 20 21 22 23 24 25 26 27 28 29 30 31  MONTH
-------------------------------------------------------------------------------------------------       
JAN  57 57 57 57 56 56 56 56 56 56 56 56 56 57 57 57 57 57 57 57 57 57 57 57 58 58 58 58 58 59 59    570
FEB  59 59 59 60 60 60 60 61 61 61 61 62 62 62 62 63 63 63 63 64 64 64 64 65 65 65 66 66             623
MAR  66 66 67 67 67 68 68 68 68 69 69 69 69 70 70 70 71 71 71 71 72 72 72 72 73 73 73 73 73 74 74    702
APR  74 74 75 75 75 75 76 76 76 76 77 77 77 77 77 78 78 78 78 79 79 79 79 80 80 80 80 81 81 81       776
MAY  81 81 82 82 82 82 83 83 83 83 84 84 84 84 85 85 85 85 86 86 86 86 86 87 87 87 87 88 88 88 89    848
JUN  89 89 89 90 90 90 90 90 91 91 91 91 92 92 92 92 92 93 93 93 93 93 94 94 94 94 94 94 95 95       920
JUL  95 95 95 95 96 96 96 96 96 96 96 96 97 97 97 97 97 97 97 97 97 97 97 97 98 98 98 98 98 98 98    967
AUG  98 98 98 98 98 98 98 98 98 98 98 98 98 97 97 97 97 97 97 97 97 96 96 96 96 96 95 95 95 95 94    969
SEP  94 94 94 93 93 93 92 92 92 92 91 91 91 91 90 90 90 89 89 89 89 88 88 88 87 87 87 87 86 86       901
OCT  86 85 85 85 84 84 84 84 83 83 82 82 82 81 81 81 80 80 79 79 79 78 78 77 77 77 76 76 75 75 74    804
NOV  74 73 73 72 72 71 71 71 70 70 69 69 69 68 68 67 67 67 66 66 66 65 65 64 64 64 64 63 63 63       678
DEC  62 62 62 62 61 61 61 61 60 60 60 60 59 59 59 59 59 58 58 58 58 58 58 58 57 57 57 57 57 57 57    591
                                                                                                        
-------------------------------------------------------------------------------------------------       
 Average Temperature (deg F [tenths deg F for monthly])                                                 
 DAY  1  2  3  4  5  6  7  8  9 10 11 12 13 14 15 16 17 18 19 20 21 22 23 24 25 26 27 28 29 30 31  MONTH
-------------------------------------------------------------------------------------------------       
JAN  46 46 46 46 46 46 46 45 45 45 45 46 46 46 46 46 46 46 46 46 46 46 46 46 47 47 47 47 47 47 47    461
FEB  48 48 48 48 49 49 49 49 49 50 50 50 50 51 51 51 51 51 52 52 52 53 53 53 53 54 54 54             508
MAR  55 55 55 55 56 56 56 56 57 57 57 58 58 58 58 59 59 59 59 60 60 60 60 61 61 61 61 61 62 62 62    585
APR  62 63 63 63 63 64 64 64 64 64 65 65 65 65 66 66 66 66 67 67 67 68 68 68 68 69 69 69 69 70       659
MAY  70 70 71 71 71 71 72 72 72 73 73 73 73 74 74 74 74 75 75 75 75 76 76 76 76 77 77 77 78 78 78    741
JUN  78 78 79 79 79 79 80 80 80 80 81 81 81 81 81 82 82 82 82 82 82 83 83 83 83 83 83 84 84 84       813
JUL  84 84 84 84 84 85 85 85 85 85 85 85 85 85 86 86 86 86 86 86 86 86 86 86 86 86 86 86 86 86 86    854
AUG  86 86 86 86 86 86 86 86 86 86 86 86 86 86 86 86 86 85 85 85 85 85 85 84 84 84 84 84 83 83 83    852
SEP  83 82 82 82 82 81 81 81 80 80 80 80 79 79 79 79 78 78 78 77 77 77 76 76 76 76 75 75 75 74       786
OCT  74 74 73 73 73 72 72 72 71 71 71 70 70 69 69 69 68 68 68 67 67 66 66 66 65 65 64 64 64 63 63    686
NOV  62 62 62 61 61 60 60 59 59 59 58 58 58 57 57 56 56 56 55 55 55 54 54 54 53 53 53 53 52 52       568
DEC  52 51 51 51 50 50 50 50 50 49 49 49 49 48 48 48 48 48 47 47 47 47 47 47 47 47 46 46 46 46 46    483
                                                                                                        
-------------------------------------------------------------------------------------------------       
 Heating Degree Days                                                                                    
 DAY  1  2  3  4  5  6  7  8  9 10 11 12 13 14 15 16 17 18 19 20 21 22 23 24 25 26 27 28 29 30 31  MONTH
-------------------------------------------------------------------------------------------------       
JAN  19 19 19 19 19 19 19 19 20 20 20 20 20 19 19 19 19 19 19 19 19 19 19 19 19 19 18 18 18 18 18    589
FEB  18 17 17 17 17 17 16 16 16 16 15 15 15 15 15 14 14 14 14 13 13 13 13 12 12 12 12 11             409
MAR  11 11 11 10 10 10  9  9  9  9  9  8  8  8  8  7  7  7  7  7  6  6  6  6  6  5  5  5  5  5  5    235
APR   5  4  4  4  4  4  4  3  3  3  3  3  3  3  3  2  2  2  2  2  2  2  2  2  1  1  1  1  1  1        77
MAY   1  1  1  1  1  1  1  0  0  0  0  0  0  0  0  0  0  0  0  0  0  0  0  0  0  0  0  0  0  0  0      7
JUN   0  0  0  0  0  0  0  0  0  0  0  0  0  0  0  0  0  0  0  0  0  0  0  0  0  0  0  0  0  0         0
JUL   0  0  0  0  0  0  0  0  0  0  0  0  0  0  0  0  0  0  0  0  0  0  0  0  0  0  0  0  0  0  0      0
AUG   0  0  0  0  0  0  0  0  0  0  0  0  0  0  0  0  0  0  0  0  0  0  0  0  0  0  0  0  0  0  0      0
SEP   0  0  0  0  0  0  0  0  0  0  0  0  0  0  0  0  0  0  0  0  0  0  0  0-99-99-99-99-99-99         6
OCT   0  0  0  0  0  1  1  1  1  1  1  1  1  1  1  2  2  2  2  2  2  3  3  3  3  3  4  4  4  4  5     58
NOV   5  5  6  6  6  6  7  7  7  8  8  8  8  9  9  9  9 10 10 10 11 11 11 11 12 12 12 12 13 13       271
DEC  13 14 14 14 14 15 15 15 15 15 16 16 16 16 17 17 17 17 17 17 18 18 18 18 18 18 18 19 19 19 19    512
                                                                                                        
-------------------------------------------------------------------------------------------------       
 Cooling Degree Days                                                                                    
 DAY  1  2  3  4  5  6  7  8  9 10 11 12 13 14 15 16 17 18 19 20 21 22 23 24 25 26 27 28 29 30 31  MONTH
-------------------------------------------------------------------------------------------------       
JAN   0  0  0  0  0  0  0  0  0  0  0  0  0  0  0  0  0  0  0  0  0  0  0  0  0  0  0  0  0-99-99      2
FEB   0  0  0  0  0  0  0  0  0  0  0  0  0  0  0  0  0  0  0  0  1  1  1  1  1  1  1  1               8
MAR   1  1  1  1  1  1  1  1  1  1  1  1  1  1  1  1  1  1  1  1  1  1  1  2  2  2  2  2  2  2  2     39
APR   2  2  2  2  2  3  3  3  3  3  3  3  3  3  3  4  4  4  4  4  4  4  5  5  5  5  5  6  6  6       111
MAY   6  6  6  7  7  7  7  8  8  8  8  8  9  9  9  9 10 10 10 10 10 11 11 11 12 12 12 12 13 13 13    292
JUN  13 14 14 14 14 15 15 15 15 16 16 16 16 16 17 17 17 17 17 18 18 18 18 18 18 19 19 19 19 19       497
JUL  19 19 20 20 20 20 20 20 20 20 20 20 21 21 21 21 21 21 21 21 21 21 21 21 21 21 21 21 21 21 21    637
AUG  21 21 21 21 21 21 21 21 21 21 21 21 21 21 21 21 21 20 20 20 20 20 20 20 19 19 19 19 19 18 18    628
SEP  18 17 17 17 17 17 16 16 16 15 15 15 15 14 14 14 14 13 13 13 12 12 12 11 11 11 11 10 10 10       416
OCT   9  9  9  8  8  8  8  7  7  7  6  6  6  6  5  5  5  5  5  4  4  4  4  4  3  3  3  3  3  3  3    170
NOV   2  2  2  2  2  2  2  2  2  1  1  1  1  1  1  1  1  1  1  1  1  1  1  1  1  0  0  0  0  0        34
DEC -99-99-99-99-99-99  0  0  0  0  0  0  0  0  0  0  0  0  0  0  0  0  0  0  0  0  0  0  0  0  0      6
                                                                                                        
-------------------------------------------------------------------------------------------------       
 Total  Precipitation (Hundreths of an Inch)                                                            
 DAY  1  2  3  4  5  6  7  8  9 10 11 12 13 14 15 16 17 18 19 20 21 22 23 24 25 26 27 28 29 30 31  MONTH
-------------------------------------------------------------------------------------------------       
JAN   7  7  7  7  6  6  6  6  6  6  6  6  6  6  5  5  5  6  6  6  6  6  6  6  6  6  6  6  7  7  7    190
FEB   7  8  8  8  8  8  8  8  9  9  9  9  9  9  9  9  9  9  9  9  9  9  9  9  9  9  9  9             243
MAR   8  8  8  8  8  8  8  8  8  8  8  8  8  8  8  8  8  8  8  8  8  8  8  8  8  8  8  8  8  8  8    248
APR   8  8  8  8  8  8  9  9  9  9  9  9  9  9 10 10 10 10 10 11 11 11 11 11 12 12 12 12 13 13       299
MAY  13 13 14 14 14 14 14 14 15 15 15 15 15 15 15 15 15 15 15 15 15 15 15 15 14 14 14 14 14 13 13    446
JUN  13 13 13 12 12 12 12 11 11 11 11 11 10 10 10 10 10 10  9  9  9  9  9  9  9  9  9  9  8  8       308
JUL   8  8  8  8  8  8  8  8  8  8  8  8  7  7  7  7  7  7  7  7  7  7  7  7  7  6  6  6  6  6  6    223
AUG   6  6  6  6  6  6  6  5  5  5  5  5  5  6  6  6  6  6  6  6  6  6  6  6  6  6  7  7  7  7  7    185
SEP   7  8  8  8  8  8  8  9  9  9  9  9  9  9 10 10 10 10 10 10 10 11 11 11 11 11 11 11 11 12       288
OCT  12 12 12 12 12 12 12 12 12 12 13 13 12 12 12 12 12 12 12 12 12 12 12 12 12 11 11 11 11 11 10    367
NOV  10 10 10 10  9  9  9  9  9  9  9  9  9  8  8  8  8  8  8  8  8  8  8  8  8  8  9  9  9  9       261
DEC   9  9  9  9  9  9  9  9  9 10 10 10 10  9  9  9  9  9  9  9  9  9  9  9  9  8  8  8  8  8  7    276
                                                                                                        
