-------------------------------------------------------------------------------------------------       
 1971-2000 Daily/Monthly Station Normals                                                                
 Provided by National Climatic Data Center/NESDIS/NOAA                                                  
-------------------------------------------------------------------------------------------------       
 Station COOP ID:                           419207                                                      
 Station Name, State, Division, Call:       TYLER                              TX 04                    
 Latitude, Longitude, Elevation, Elements:  32 18 24 -095 17 49   550 XNP                               
-------------------------------------------------------------------------------------------------       
 Minimum Temperature (deg F [tenths deg F for monthly])                                                 
 DAY  1  2  3  4  5  6  7  8  9 10 11 12 13 14 15 16 17 18 19 20 21 22 23 24 25 26 27 28 29 30 31  MONTH
-------------------------------------------------------------------------------------------------       
JAN  38 38 38 37 37 37 37 37 37 37 37 37 37 37 38 38 38 38 38 38 38 38 38 38 38 38 38 38 38 39 39    377
FEB  39 39 39 39 39 39 40 40 40 40 40 40 41 41 41 41 42 42 42 42 43 43 43 43 44 44 44 44             412
MAR  45 45 45 46 46 46 47 47 47 47 48 48 48 48 49 49 49 49 49 50 50 50 50 50 51 51 51 51 51 52 52    486
APR  52 52 52 52 53 53 53 53 53 54 54 54 54 54 55 55 55 55 55 56 56 56 56 57 57 57 57 58 58 58       548
MAY  59 59 59 59 60 60 60 61 61 61 61 62 62 62 62 63 63 63 64 64 64 64 65 65 65 65 66 66 66 66 67    627
JUN  67 67 67 68 68 68 68 68 69 69 69 69 70 70 70 70 70 70 71 71 71 71 71 71 71 72 72 72 72 72       698
JUL  72 72 72 72 73 73 73 73 73 73 73 73 73 73 73 73 73 73 73 73 73 73 73 73 74 74 74 74 74 74 74    731
AUG  74 74 73 73 73 73 73 73 73 73 73 73 73 73 73 73 73 73 72 72 72 72 72 72 72 72 71 71 71 71 71    725
SEP  70 70 70 70 70 69 69 69 69 69 68 68 68 67 67 67 67 66 66 66 65 65 65 64 64 63 63 63 62 62       667
OCT  61 61 61 60 60 59 59 59 58 58 58 57 57 57 56 56 56 55 55 55 55 54 54 54 54 53 53 53 53 52 52    563
NOV  52 52 52 51 51 51 51 50 50 50 50 49 49 49 49 48 48 48 47 47 47 47 46 46 46 45 45 45 44 44       483
DEC  44 43 43 42 42 42 42 41 41 41 40 40 40 40 40 39 39 39 39 39 38 38 38 38 38 38 38 38 38 38 38    398
                                                                                                        
-------------------------------------------------------------------------------------------------       
 Maximum Temperature (deg F [tenths deg F for monthly])                                                 
 DAY  1  2  3  4  5  6  7  8  9 10 11 12 13 14 15 16 17 18 19 20 21 22 23 24 25 26 27 28 29 30 31  MONTH
-------------------------------------------------------------------------------------------------       
JAN  56 56 56 56 56 56 56 56 56 56 56 57 57 57 57 57 57 57 57 57 58 58 58 58 58 58 59 59 59 59 60    572
FEB  60 60 60 60 61 61 61 62 62 62 62 63 63 63 64 64 64 64 65 65 65 66 66 66 67 67 67 68             635
MAR  68 68 69 69 69 69 70 70 70 71 71 71 71 72 72 72 72 73 73 73 73 74 74 74 74 75 75 75 75 75 75    720
APR  76 76 76 76 76 77 77 77 77 77 77 78 78 78 78 78 79 79 79 79 79 79 80 80 80 80 80 81 81 81       783
MAY  81 81 81 82 82 82 82 82 82 83 83 83 83 83 84 84 84 84 84 85 85 85 85 86 86 86 86 86 87 87 87    839
JUN  87 87 88 88 88 88 89 89 89 89 89 90 90 90 90 90 90 91 91 91 91 91 91 91 92 92 92 92 92 92       900
JUL  92 92 93 93 93 93 93 93 93 93 93 93 93 94 94 94 94 94 94 94 94 94 94 94 94 94 94 94 95 95 95    936
AUG  95 95 95 95 95 95 95 95 95 95 95 95 94 94 94 94 94 94 94 94 94 94 93 93 93 93 93 93 92 92 92    940
SEP  92 92 91 91 91 91 90 90 90 90 89 89 89 89 88 88 88 87 87 87 87 86 86 86 86 85 85 85 84 84       881
OCT  84 83 83 83 82 82 82 82 81 81 80 80 80 79 79 79 78 78 78 77 77 76 76 76 75 75 74 74 73 73 73    785
NOV  72 72 71 71 70 70 70 69 69 68 68 68 67 67 67 66 66 66 65 65 64 64 64 64 63 63 63 62 62 62       666
DEC  61 61 61 61 60 60 60 60 59 59 59 59 59 58 58 58 58 58 58 58 57 57 57 57 57 57 57 57 57 56 56    584
                                                                                                        
-------------------------------------------------------------------------------------------------       
 Average Temperature (deg F [tenths deg F for monthly])                                                 
 DAY  1  2  3  4  5  6  7  8  9 10 11 12 13 14 15 16 17 18 19 20 21 22 23 24 25 26 27 28 29 30 31  MONTH
-------------------------------------------------------------------------------------------------       
JAN  47 47 47 47 47 47 47 47 47 47 47 47 47 47 47 47 47 47 47 48 48 48 48 48 48 48 48 49 49 49 49    475
FEB  49 49 50 50 50 50 51 51 51 51 51 52 52 52 52 53 53 53 53 54 54 54 55 55 55 55 56 56             524
MAR  56 57 57 57 58 58 58 58 59 59 59 59 60 60 60 60 61 61 61 61 62 62 62 62 63 63 63 63 63 63 64    603
APR  64 64 64 64 65 65 65 65 65 65 66 66 66 66 66 67 67 67 67 67 68 68 68 68 69 69 69 69 69 70       666
MAY  70 70 70 71 71 71 71 71 72 72 72 72 73 73 73 73 73 74 74 74 74 75 75 75 75 76 76 76 76 77 77    733
JUN  77 77 78 78 78 78 78 79 79 79 79 79 80 80 80 80 80 80 81 81 81 81 81 81 82 82 82 82 82 82       799
JUL  82 82 82 83 83 83 83 83 83 83 83 83 83 83 83 83 84 84 84 84 84 84 84 84 84 84 84 84 84 84 84    834
AUG  84 84 84 84 84 84 84 84 84 84 84 84 84 84 84 84 84 83 83 83 83 83 83 83 82 82 82 82 82 82 81    833
SEP  81 81 81 80 80 80 80 80 79 79 79 79 78 78 78 77 77 77 77 76 76 76 75 75 75 74 74 74 73 73       774
OCT  73 72 72 72 71 71 70 70 70 69 69 69 68 68 68 67 67 67 66 66 66 65 65 65 64 64 64 63 63 63 62    674
NOV  62 62 62 61 61 61 60 60 60 59 59 59 58 58 58 57 57 57 56 56 56 55 55 55 54 54 54 53 53 53       575
DEC  53 52 52 52 51 51 51 50 50 50 50 50 49 49 49 49 49 48 48 48 48 48 48 48 47 47 47 47 47 47 47    491
                                                                                                        
-------------------------------------------------------------------------------------------------       
 Heating Degree Days                                                                                    
 DAY  1  2  3  4  5  6  7  8  9 10 11 12 13 14 15 16 17 18 19 20 21 22 23 24 25 26 27 28 29 30 31  MONTH
-------------------------------------------------------------------------------------------------       
JAN  18 18 18 18 18 19 19 19 19 18 18 18 18 18 18 18 18 18 18 18 18 18 18 17 17 17 17 17 17 17 16    553
FEB  16 16 16 15 15 15 15 15 14 14 14 14 14 13 13 13 13 12 12 12 12 11 11 11 10 10 10 10             366
MAR   9  9  9  8  8  8  8  7  7  7  7  6  6  6  6  5  5  5  5  5  5  4  4  4  4  4  4  3  3  3  3    177
APR   3  3  3  3  3  2  2  2  2  2  2  2  2  2  2  2  2  1  1  1  1  1  1  1  1  1  1  1  1  1        52
MAY   1  1  1  1  1  1  1  1  1  1  0  0  0  0  0  0  0  0  0  0  0  0  0  0  0  0  0  0  0  0  0     10
JUN   0  0  0  0  0  0  0  0  0  0  0  0  0  0  0  0  0  0  0  0  0  0  0  0  0  0  0  0  0  0         0
JUL   0  0  0  0  0  0  0  0  0  0  0  0  0  0  0  0  0  0  0  0  0  0  0  0  0  0  0  0  0  0  0      0
AUG   0  0  0  0  0  0  0  0  0  0  0  0  0  0  0  0  0  0  0  0  0  0  0  0  0  0  0  0  0  0  0      0
SEP   0  0  0  0  0  0  0  0  0  0  0  0  0  0  0  0  0  0  0  0  0  0  0-99-99  0  0  0  0  0         2
OCT   0  0  0  0  0  0  0  0  0  1  1  1  1  1  1  1  1  1  2  2  2  2  2  2  3  3  3  3  4  4  4     45
NOV   4  5  5  5  5  6  6  6  7  7  7  7  8  8  8  8  9  9  9 10 10 10 11 11 11 11 12 12 12 13       252
DEC  13 13 13 14 14 14 15 15 15 15 16 16 16 16 16 16 17 17 17 17 17 17 18 18 18 18 18 18 18 18 18    501
                                                                                                        
-------------------------------------------------------------------------------------------------       
 Cooling Degree Days                                                                                    
 DAY  1  2  3  4  5  6  7  8  9 10 11 12 13 14 15 16 17 18 19 20 21 22 23 24 25 26 27 28 29 30 31  MONTH
-------------------------------------------------------------------------------------------------       
JAN   0  0  0  0  0  0  0  0  0  0  0  0  0  0  0  0  0  0  0  0  0  0  0  0  0  0  0-99-99-99-99      4
FEB   0  0  0  0  0  0  0  0  0  0  0  0  0  0  0  0-99-99-99-99-99-99-99-99-99-99-99-99              12
MAR   0  0  1  1  1  1  1  1  1  1  1  1  1  1  1  1  1  1  1  1  1  1  1  1  1  1  1  1  1  2  2     31
APR   2  2  2  2  2  2  2  2  2  2  3  3  3  3  3  3  3  3  4  4  4  4  4  4  5  5  5  5  5  5        98
MAY   6  6  6  6  6  6  7  7  7  7  8  8  8  8  8  9  9  9  9  9 10 10 10 10 11 11 11 11 11 12 12    268
JUN  12 12 13 13 13 13 13 14 14 14 14 14 15 15 15 15 15 16 16 16 16 16 16 16 17 17 17 17 17 17       448
JUL  17 17 17 17 18 18 18 18 18 18 18 18 18 18 18 18 18 19 19 19 19 19 19 19 19 19 19 19 19 19 19    568
AUG  19 19 19 19 19 19 19 19 19 19 19 19 19 19 19 18 18 18 18 18 18 18 18 18 17 17 17 17 17 17 16    565
SEP  16 16 16 16 15 15 15 15 14 14 14 14 13 13 13 13 12 12 12 11 11 11 10 10 10  9  9  9  8  8       374
OCT   8  7  7  7  6  6  6  5  5  5  5  4  4  4  4  3  3  3  3  3  3  2  2  2  2  2  2  2  2  2  1    120
NOV   1  1  1  1  1  1  1  1  1  1  1  1  1  1  1  1  1  1  1  1  1  1  1  1  1  0  0  0  0  0        25
DEC -99-99-99-99-99-99-99-99  0  0  0  0  0  0  0  0  0  0  0  0  0  0  0  0  0  0  0  0  0  0  0      8
                                                                                                        
-------------------------------------------------------------------------------------------------       
 Total  Precipitation (Hundreths of an Inch)                                                            
 DAY  1  2  3  4  5  6  7  8  9 10 11 12 13 14 15 16 17 18 19 20 21 22 23 24 25 26 27 28 29 30 31  MONTH
-------------------------------------------------------------------------------------------------       
JAN  13 13 12 12 12 11 11 11 11 11 11 10 10 10 10 10 10 10 10 10 10 10 10 10 10 11 11 11 11 11 11    334
FEB  12 12 12 12 12 12 13 13 13 13 13 13 13 14 14 14 14 14 14 14 14 14 14 14 14 14 14 14             373
MAR  14 14 14 13 13 13 13 13 13 13 13 13 13 13 13 13 13 13 13 13 13 12 12 12 12 12 12 12 12 12 12    396
APR  12 12 12 12 12 12 12 12 12 12 12 12 12 12 12 12 12 12 12 12 13 13 13 13 13 13 13 13 13 13       370
MAY  13 14 14 14 14 14 14 14 14 14 14 14 14 15 15 15 15 15 15 15 15 15 15 15 15 15 14 14 14 14 14    446
JUN  14 14 14 14 14 14 14 14 13 13 13 13 13 13 13 12 12 12 12 12 11 11 11 11 10 10 10 10  9  9       365
JUL   9  9  8  8  8  8  8  7  7  7  7  7  7  7  7  7  6  6  6  6  6  6  6  6  6  6  7  7  7  7  7    216
AUG   7  7  7  7  8  8  8  8  8  8  8  8  8  8  9  9  9  9  9  9  9  9  9  9  9  9  9  9  9  9  9    261
SEP   9  9  9  9  9  9 10 10 10 10 10 10 10 10 10 11 11 11 11 11 12 12 12 12 13 13 13 14 14 14       328
OCT  15 15 15 15 16 16 16 16 17 17 17 17 17 17 17 17 17 17 17 17 17 17 17 17 17 17 17 17 17 17 16    514
NOV  16 16 16 15 15 15 15 15 15 15 15 15 15 14 14 14 14 14 14 14 14 15 15 15 15 15 15 15 15 15       445
DEC  16 16 16 16 16 16 16 16 16 16 16 16 16 16 16 16 16 16 16 16 16 15 15 15 15 15 14 14 14 13 13    479
                                                                                                        
