-------------------------------------------------------------------------------------------------       
 1971-2000 Daily/Monthly Station Normals                                                                
 Provided by National Climatic Data Center/NESDIS/NOAA                                                  
-------------------------------------------------------------------------------------------------       
 Station COOP ID:                           415821                                                      
 Station Name, State, Division, Call:       MEMPHIS                            TX 02                    
 Latitude, Longitude, Elevation, Elements:  34 43 34 -100 32 14  2090 XNP                               
-------------------------------------------------------------------------------------------------       
 Minimum Temperature (deg F [tenths deg F for monthly])                                                 
 DAY  1  2  3  4  5  6  7  8  9 10 11 12 13 14 15 16 17 18 19 20 21 22 23 24 25 26 27 28 29 30 31  MONTH
-------------------------------------------------------------------------------------------------       
JAN  26 26 25 25 25 25 25 25 25 25 25 25 25 25 25 25 25 25 25 25 26 26 26 26 26 26 26 26 26 27 27    255
FEB  27 27 27 27 28 28 28 28 28 29 29 29 29 29 30 30 30 30 31 31 31 31 31 32 32 32 32 33             296
MAR  33 33 33 33 34 34 34 34 35 35 35 35 36 36 36 36 37 37 37 37 38 38 38 38 39 39 39 39 40 40 40    364
APR  41 41 41 41 42 42 42 43 43 43 43 44 44 44 45 45 45 46 46 46 47 47 47 48 48 48 49 49 50 50       450
MAY  50 51 51 52 52 52 53 53 53 54 54 54 55 55 55 56 56 57 57 57 58 58 58 58 59 59 59 60 60 60 61    557
JUN  61 61 61 62 62 62 63 63 63 63 64 64 64 64 65 65 65 65 66 66 66 66 66 67 67 67 67 67 68 68       646
JUL  68 68 68 68 69 69 69 69 69 69 69 69 70 70 70 70 70 70 70 70 70 70 70 70 70 70 70 70 70 70 70    695
AUG  70 70 70 70 70 69 69 69 69 69 69 69 69 69 68 68 68 68 68 68 67 67 67 67 67 66 66 66 66 65 65    680
SEP  65 65 64 64 64 64 63 63 63 62 62 62 61 61 61 61 60 60 60 59 59 58 58 58 57 57 57 56 56 55       605
OCT  55 55 54 54 53 53 53 52 52 51 51 50 50 50 49 49 48 48 47 47 47 46 46 45 45 44 44 44 43 43 42    487
NOV  42 41 41 41 40 40 39 39 38 38 38 37 37 37 36 36 35 35 35 34 34 34 33 33 33 33 32 32 32 31       362
DEC  31 31 31 30 30 30 30 29 29 29 29 29 28 28 28 28 28 27 27 27 27 27 27 26 26 26 26 26 26 26 26    280
                                                                                                        
-------------------------------------------------------------------------------------------------       
 Maximum Temperature (deg F [tenths deg F for monthly])                                                 
 DAY  1  2  3  4  5  6  7  8  9 10 11 12 13 14 15 16 17 18 19 20 21 22 23 24 25 26 27 28 29 30 31  MONTH
-------------------------------------------------------------------------------------------------       
JAN  51 51 51 51 51 51 51 51 51 51 51 51 52 52 52 52 52 52 52 52 52 52 53 53 53 53 53 53 54 54 54    520
FEB  54 55 55 55 55 55 56 56 56 56 57 57 57 57 58 58 58 58 59 59 59 60 60 60 60 61 61 61             576
MAR  61 62 62 62 63 63 63 63 64 64 64 65 65 65 66 66 66 66 67 67 67 68 68 68 69 69 69 70 70 70 71    659
APR  71 71 71 72 72 72 73 73 73 74 74 74 74 75 75 75 76 76 76 76 77 77 77 77 78 78 78 78 78 79       750
MAY  79 79 79 80 80 80 80 81 81 81 81 81 82 82 82 83 83 83 83 84 84 84 84 85 85 85 85 86 86 86 87    826
JUN  87 87 88 88 88 88 89 89 89 89 90 90 90 90 91 91 91 91 92 92 92 92 93 93 93 93 93 94 94 94       907
JUL  94 95 95 95 95 95 95 95 96 96 96 96 96 96 96 96 96 96 96 96 96 96 96 96 96 96 96 96 96 96 96    957
AUG  96 96 96 96 96 96 96 95 95 95 95 95 95 95 94 94 94 94 94 94 93 93 93 93 92 92 92 92 91 91 91    940
SEP  91 90 90 90 89 89 89 88 88 88 88 87 87 87 86 86 86 86 85 85 85 84 84 84 84 83 83 83 82 82       863
OCT  82 81 81 81 81 80 80 80 79 79 78 78 78 77 77 77 76 76 75 75 74 74 74 73 73 72 72 71 71 70 70    763
NOV  69 69 68 68 67 67 66 66 65 65 64 64 64 63 63 62 62 62 61 61 60 60 60 59 59 59 58 58 58 57       628
DEC  57 57 56 56 56 56 55 55 55 55 54 54 54 54 53 53 53 53 53 53 52 52 52 52 52 52 52 52 52 51 51    536
                                                                                                        
-------------------------------------------------------------------------------------------------       
 Average Temperature (deg F [tenths deg F for monthly])                                                 
 DAY  1  2  3  4  5  6  7  8  9 10 11 12 13 14 15 16 17 18 19 20 21 22 23 24 25 26 27 28 29 30 31  MONTH
-------------------------------------------------------------------------------------------------       
JAN  39 39 38 38 38 38 38 38 38 38 38 38 38 38 38 39 39 39 39 39 39 39 39 39 39 40 40 40 40 40 41    388
FEB  41 41 41 41 41 42 42 42 42 42 43 43 43 43 44 44 44 44 45 45 45 45 46 46 46 46 47 47             436
MAR  47 47 48 48 48 48 49 49 49 50 50 50 50 51 51 51 51 52 52 52 53 53 53 53 54 54 54 55 55 55 55    512
APR  56 56 56 57 57 57 57 58 58 58 59 59 59 60 60 60 60 61 61 61 62 62 62 63 63 63 63 64 64 64       600
MAY  65 65 65 66 66 66 66 67 67 67 68 68 68 69 69 69 70 70 70 70 71 71 71 72 72 72 72 73 73 73 74    692
JUN  74 74 75 75 75 75 76 76 76 76 77 77 77 77 78 78 78 78 79 79 79 79 80 80 80 80 80 81 81 81       777
JUL  81 81 82 82 82 82 82 82 82 82 83 83 83 83 83 83 83 83 83 83 83 83 83 83 83 83 83 83 83 83 83    826
AUG  83 83 83 83 83 83 82 82 82 82 82 82 82 82 81 81 81 81 81 81 80 80 80 80 79 79 79 79 79 78 78    810
SEP  78 78 77 77 77 76 76 76 75 75 75 75 74 74 74 73 73 73 72 72 72 71 71 71 70 70 70 69 69 69       734
OCT  68 68 68 67 67 67 66 66 65 65 65 64 64 64 63 63 62 62 61 61 61 60 60 59 59 58 58 57 57 56 56    625
NOV  55 55 55 54 54 53 53 52 52 51 51 51 50 50 49 49 49 48 48 48 47 47 47 46 46 46 45 45 45 44       495
DEC  44 44 43 43 43 43 42 42 42 42 42 41 41 41 41 40 40 40 40 40 40 40 39 39 39 39 39 39 39 39 39    408
                                                                                                        
-------------------------------------------------------------------------------------------------       
 Heating Degree Days                                                                                    
 DAY  1  2  3  4  5  6  7  8  9 10 11 12 13 14 15 16 17 18 19 20 21 22 23 24 25 26 27 28 29 30 31  MONTH
-------------------------------------------------------------------------------------------------       
JAN  26 27 27 27 27 27 27 27 27 27 27 27 27 27 27 27 26 26 26 26 26 26 26 26 26 25 25 25 25 25 25    815
FEB  24 24 24 24 24 23 23 23 23 22 22 22 22 22 21 21 21 21 20 20 20 20 19 19 19 19 18 18             598
MAR  18 17 17 17 17 16 16 16 16 15 15 15 15 14 14 14 14 13 13 13 13 12 12 12 12 11 11 11 11 10 10    430
APR  10 10  9  9  9  9  8  8  8  8  7  7  7  7  7  6  6  6  6  5  5  5  5  5  4  4  4  4  4  4       196
MAY   3  3  3  3  3  2  2  2  2  2  2  2  2  1  1  1  1  1  1  1  1  1  1  1  1  0  0  0  0  0  0     43
JUN -99-99-99-99  0  0  0  0  0  0  0  0  0  0  0  0  0  0  0  0  0  0  0  0  0  0  0  0  0  0         4
JUL   0  0  0  0  0  0  0  0  0  0  0  0  0  0  0  0  0  0  0  0  0  0  0  0  0  0  0  0  0  0  0      0
AUG   0  0  0  0  0  0  0  0  0  0  0  0  0  0  0  0  0  0  0  0  0  0  0  0  0  0  0  0  0  0  0      0
SEP   0  0  0  0  0  0  0  0  0  0  0  0  0  0  1  1  1  1  1  1  1  1  1  1  1  1  1  1  1  1        16
OCT   1  1  1  1  1  1  2  2  2  2  2  2  3  3  3  3  4  4  4  4  5  5  6  6  6  7  7  8  8  9  9    122
NOV  10 10 10 11 11 12 12 13 13 14 14 15 15 15 16 16 17 17 17 18 18 18 19 19 19 20 20 20 20 21       470
DEC  21 21 22 22 22 22 23 23 23 23 24 24 24 24 24 24 25 25 25 25 25 25 26 26 26 26 26 26 26 26 26    750
                                                                                                        
-------------------------------------------------------------------------------------------------       
 Cooling Degree Days                                                                                    
 DAY  1  2  3  4  5  6  7  8  9 10 11 12 13 14 15 16 17 18 19 20 21 22 23 24 25 26 27 28 29 30 31  MONTH
-------------------------------------------------------------------------------------------------       
JAN   0  0  0  0  0  0  0  0  0  0  0  0  0  0  0  0  0  0  0  0  0  0  0  0  0  0  0  0  0  0  0      0
FEB   0  0  0  0  0  0  0  0  0  0  0  0  0  0  0  0  0  0  0  0  0  0  0  0  0  0  0  0               0
MAR   0  0  0  0  0  0  0  0  0  0  0  0  0  0  0  0  0  0  0  0  0  0  0  0  0  0  0  0  0  0-99      1
APR   0  1  1  1  1  1  1  1  1  1  1  1  1  1  1  1  2  2  2  2  2  2  2  2  2  2  2  3  3  3        46
MAY   3  3  3  3  3  4  4  4  4  4  4  5  5  5  5  5  5  6  6  6  6  7  7  7  7  8  8  8  8  9  9    171
JUN   9  9 10 10 10 11 11 11 11 12 12 12 12 13 13 13 13 14 14 14 14 14 15 15 15 15 15 16 16 16       385
JUL  16 16 17 17 17 17 17 17 17 17 18 18 18 18 18 18 18 18 18 18 18 18 18 18 18 18 18 18 18 18 18    546
AUG  18 18 18 18 18 17 17 17 17 17 17 17 17 17 16 16 16 16 16 16 15 15 15 15 15 14 14 14 14 13 13    496
SEP  13 13 12 12 12 12 11 11 11 11 10 10 10  9  9  9  9  8  8  8  7  7  7  6  6  6  6  5  5  5       268
OCT   4  4  4  4  3  3  3  3  2  2  2  2  2  1  1  1  1  1  1  1  0  0  0  0  0  0  0  0  0  0  0     45
NOV   0  0  0  0  0  0  0  0  0  0  0  0  0  0  0-99-99-99-99-99  0  0  0  0  0  0  0  0  0  0         5
DEC   0  0  0  0  0  0  0  0  0  0  0  0  0  0  0  0  0  0  0  0  0  0  0  0  0  0  0  0  0  0  0      0
                                                                                                        
-------------------------------------------------------------------------------------------------       
 Total  Precipitation (Hundreths of an Inch)                                                            
 DAY  1  2  3  4  5  6  7  8  9 10 11 12 13 14 15 16 17 18 19 20 21 22 23 24 25 26 27 28 29 30 31  MONTH
-------------------------------------------------------------------------------------------------       
JAN   2  2  2  2  2  2  2  2  2  2  1  1  1  1  1  2  2  2  2  2  2  2  2  2  2  2  2  2  2  2  2     57
FEB   2  2  2  2  3  3  3  3  3  3  3  3  3  3  3  3  3  3  3  3  4  4  4  4  4  4  4  4              88
MAR   4  4  4  5  5  5  5  5  5  5  5  5  5  5  5  5  5  5  5  5  5  5  5  5  5  5  5  5  5  5  5    152
APR   5  5  5  5  5  5  6  6  6  6  6  6  6  6  6  7  7  7  7  7  7  8  8  8  8  9  9  9  9 10       204
MAY  10 10 10 11 11 11 12 12 12 12 12 12 13 13 13 13 13 13 13 13 14 14 14 14 14 14 14 14 14 14 14    393
JUN  14 14 14 13 13 13 13 13 13 13 13 13 12 12 12 12 12 12 11 11 11 11 10 10 10 10  9  9  9  9       351
JUL   8  8  8  8  7  7  7  7  7  6  6  6  6  6  6  6  5  5  5  5  5  5  5  5  5  5  5  6  6  6  6    188
AUG   6  6  6  6  6  6  7  7  7  7  7  7  7  7  7  7  7  8  8  8  8  8  8  8  8  8  8  8  8  8  8    225
SEP   8  8  8  8  8  9  9  9  9  9  9  8  8  8  8  8  8  8  8  8  8  8  8  8  8  8  8  8  8  7       245
OCT   7  7  7  7  7  7  7  7  6  6  6  6  6  6  6  6  6  5  5  5  5  5  5  5  5  5  5  5  4  4  4    177
NOV   4  4  4  4  4  4  3  3  3  3  3  3  3  3  3  3  3  3  3  3  3  3  3  3  3  3  3  3  3  3        96
DEC   3  3  3  3  3  3  3  3  3  3  3  3  3  2  2  2  2  2  2  2  2  2  2  2  2  2  2  2  2  2  2     75
                                                                                                        
