-------------------------------------------------------------------------------------------------       
 1971-2000 Daily/Monthly Station Normals                                                                
 Provided by National Climatic Data Center/NESDIS/NOAA                                                  
-------------------------------------------------------------------------------------------------       
 Station COOP ID:                           416664                                                      
 Station Name, State, Division, Call:       ORANGE                             TX 08                    
 Latitude, Longitude, Elevation, Elements:  30 05 00 -093 44 00    10 XNP                               
-------------------------------------------------------------------------------------------------       
 Minimum Temperature (deg F [tenths deg F for monthly])                                                 
 DAY  1  2  3  4  5  6  7  8  9 10 11 12 13 14 15 16 17 18 19 20 21 22 23 24 25 26 27 28 29 30 31  MONTH
-------------------------------------------------------------------------------------------------       
JAN  40 40 40 40 40 40 40 40 40 40 40 40 40 40 40 40 41 41 41 41 41 41 41 41 41 41 41 41 41 41 41    405
FEB  41 41 41 41 41 42 42 42 42 42 42 42 42 43 43 43 43 43 43 44 44 44 44 45 45 45 45 46             429
MAR  46 46 46 47 47 47 47 48 48 48 48 49 49 49 49 50 50 50 50 51 51 51 51 51 52 52 52 52 52 53 53    495
APR  53 53 53 53 54 54 54 54 55 55 55 55 55 56 56 56 56 57 57 57 57 58 58 58 59 59 59 60 60 60       562
MAY  60 61 61 61 62 62 62 62 63 63 63 64 64 64 64 65 65 65 65 66 66 66 66 67 67 67 67 67 68 68 68    645
JUN  68 68 69 69 69 69 69 70 70 70 70 70 70 70 71 71 71 71 71 71 71 71 71 71 71 72 72 72 72 72       704
JUL  72 72 72 72 72 72 72 72 72 72 72 72 72 72 72 72 72 72 72 72 72 72 73 73 73 73 73 73 73 73 73    723
AUG  73 73 73 72 72 72 72 72 72 72 72 72 72 72 72 72 72 72 72 72 72 71 71 71 71 71 71 71 71 70 70    717
SEP  70 70 70 70 69 69 69 69 69 68 68 68 68 68 67 67 67 67 66 66 66 65 65 65 64 64 64 63 63 63       669
OCT  62 62 62 61 61 60 60 60 59 59 59 58 58 58 57 57 57 56 56 56 55 55 55 54 54 54 54 53 53 53 52    571
NOV  52 52 52 51 51 51 50 50 50 50 49 49 49 49 48 48 48 48 47 47 47 47 46 46 46 46 45 45 45 45       483
DEC  44 44 44 44 43 43 43 43 43 42 42 42 42 42 42 42 41 41 41 41 41 41 41 41 41 41 41 40 40 40 40    418
                                                                                                        
-------------------------------------------------------------------------------------------------       
 Maximum Temperature (deg F [tenths deg F for monthly])                                                 
 DAY  1  2  3  4  5  6  7  8  9 10 11 12 13 14 15 16 17 18 19 20 21 22 23 24 25 26 27 28 29 30 31  MONTH
-------------------------------------------------------------------------------------------------       
JAN  60 60 60 60 60 60 60 60 60 60 60 59 60 60 60 60 60 60 60 60 60 60 60 60 60 60 60 61 61 61 61    601
FEB  61 61 62 62 62 62 62 63 63 63 63 63 63 64 64 64 64 65 65 65 65 65 66 66 66 66 67 67             639
MAR  67 67 68 68 68 68 69 69 69 69 70 70 70 70 71 71 71 71 71 72 72 72 72 72 73 73 73 73 73 73 74    706
APR  74 74 74 74 75 75 75 75 75 75 76 76 76 76 76 77 77 77 77 78 78 78 78 79 79 79 79 79 80 80       767
MAY  80 81 81 81 81 81 82 82 82 82 83 83 83 83 84 84 84 84 84 85 85 85 85 85 85 86 86 86 86 86 87    836
JUN  87 87 87 87 87 87 87 88 88 88 88 88 88 88 89 89 89 89 89 89 89 89 89 89 90 90 90 90 90 90       885
JUL  90 90 90 90 90 90 90 90 91 91 91 91 91 91 91 91 91 91 91 91 91 91 91 91 91 91 92 92 92 92 92    909
AUG  92 92 92 92 92 92 92 92 92 92 92 92 92 92 92 92 92 92 92 91 91 91 91 91 91 91 91 91 90 90 90    915
SEP  90 90 90 90 90 89 89 89 89 89 88 88 88 88 88 87 87 87 87 87 86 86 86 86 85 85 85 85 84 84       874
OCT  84 84 83 83 83 83 82 82 82 81 81 81 81 80 80 80 79 79 79 78 78 78 78 77 77 77 76 76 76 75 75    796
NOV  75 74 74 74 73 73 73 73 72 72 72 71 71 71 70 70 70 70 69 69 69 68 68 68 67 67 67 67 66 66       703
DEC  66 66 65 65 65 64 64 64 64 64 63 63 63 63 63 62 62 62 62 62 62 61 61 61 61 61 61 61 60 60 60    626
                                                                                                        
-------------------------------------------------------------------------------------------------       
 Average Temperature (deg F [tenths deg F for monthly])                                                 
 DAY  1  2  3  4  5  6  7  8  9 10 11 12 13 14 15 16 17 18 19 20 21 22 23 24 25 26 27 28 29 30 31  MONTH
-------------------------------------------------------------------------------------------------       
JAN  50 50 50 50 50 50 50 50 50 50 50 50 50 50 50 50 50 50 50 50 50 50 51 51 51 51 51 51 51 51 51    503
FEB  51 51 51 52 52 52 52 52 52 52 53 53 53 53 53 53 54 54 54 54 55 55 55 55 56 56 56 56             534
MAR  57 57 57 57 58 58 58 58 59 59 59 59 60 60 60 60 60 61 61 61 61 61 62 62 62 62 62 63 63 63 63    601
APR  63 64 64 64 64 64 65 65 65 65 65 66 66 66 66 66 67 67 67 67 68 68 68 68 69 69 69 70 70 70       665
MAY  70 71 71 71 71 72 72 72 73 73 73 73 74 74 74 74 74 75 75 75 75 76 76 76 76 76 77 77 77 77 77    741
JUN  78 78 78 78 78 78 78 79 79 79 79 79 79 79 80 80 80 80 80 80 80 80 80 80 81 81 81 81 81 81       795
JUL  81 81 81 81 81 81 81 81 81 81 81 81 82 82 82 82 82 82 82 82 82 82 82 82 82 82 82 82 82 82 82    816
AUG  82 82 82 82 82 82 82 82 82 82 82 82 82 82 82 82 82 82 82 82 82 81 81 81 81 81 81 81 81 80 80    816
SEP  80 80 80 80 80 79 79 79 79 79 78 78 78 78 78 77 77 77 77 76 76 76 75 75 75 75 74 74 74 73       772
OCT  73 73 72 72 72 72 71 71 71 70 70 70 69 69 69 68 68 68 67 67 67 66 66 66 66 65 65 65 64 64 64    684
NOV  63 63 63 63 62 62 62 61 61 61 61 60 60 60 59 59 59 59 58 58 58 57 57 57 57 56 56 56 56 55       593
DEC  55 55 55 54 54 54 54 53 53 53 53 53 52 52 52 52 52 52 51 51 51 51 51 51 51 51 51 51 50 50 50    522
                                                                                                        
-------------------------------------------------------------------------------------------------       
 Heating Degree Days                                                                                    
 DAY  1  2  3  4  5  6  7  8  9 10 11 12 13 14 15 16 17 18 19 20 21 22 23 24 25 26 27 28 29 30 31  MONTH
-------------------------------------------------------------------------------------------------       
JAN  15 15 15 15 15 15 15 15 15 16 16 16 16 15 15 15 15 15 15 15 15 15 15 15 15 15 15 15 15 14 14    467
FEB  14 14 14 14 14 13 13 13 13 13 13 12 12 12 12 12 12 11 11 11 11 10 10 10 10 10  9  9             332
MAR   9  9  8  8  8  8  7  7  7  7  7  6  6  6  6  6  6  5  5  5  5  5  5  4  4  4  4  4  4  4  3    182
APR   3  3  3  3  3  3  3  3  3  2  2  2  2  2  2  2  2  2  2  1  1  1  1  1  1  1  1  1  1  1        58
MAY   1  1  1  0  0  0  0  0  0  0  0  0  0  0  0  0  0  0  0  0  0  0  0  0  0  0  0  0  0  0  0      3
JUN   0  0  0  0  0  0  0  0  0  0  0  0  0  0  0  0  0  0  0  0  0  0  0  0  0  0  0  0  0  0         0
JUL   0  0  0  0  0  0  0  0  0  0  0  0  0  0  0  0  0  0  0  0  0  0  0  0  0  0  0  0  0  0  0      0
AUG   0  0  0  0  0  0  0  0  0  0  0  0  0  0  0  0  0  0  0  0  0  0  0  0  0  0  0  0  0  0  0      0
SEP   0  0  0  0  0  0  0  0  0  0  0  0  0  0  0  0  0  0  0  0  0  0  0  0  0  0  0  0  0  0         0
OCT   0  0  0  0  0  0  0  0  1  1  1  1  1  1  1  1  1  1  2  2  2  2  2  2  3  3  3  3  3  4  4     45
NOV   4  4  4  5  5  5  5  5  6  6  6  6  7  7  7  7  7  8  8  8  8  9  9  9  9 10 10 10 10 10       214
DEC  11 11 11 11 11 12 12 12 12 12 13 13 13 13 13 13 14 14 14 14 14 14 14 14 14 15 15 15 15 15 15    409
                                                                                                        
-------------------------------------------------------------------------------------------------       
 Cooling Degree Days                                                                                    
 DAY  1  2  3  4  5  6  7  8  9 10 11 12 13 14 15 16 17 18 19 20 21 22 23 24 25 26 27 28 29 30 31  MONTH
-------------------------------------------------------------------------------------------------       
JAN -99-99-99  0  0  0  0  0  0  0  0  0  0  0  0  0  0  0  0  0  0  0  0  0  0  0  0  0  0  0  0      3
FEB   0  0  0  0  0  0  0  0  0  0  0  0  0  0  0  0  0  0  0  0  0-99-99-99-99-99-99-99               7
MAR   0  0  0  0  0  1  1  1  1  1  1  1  1  1  1  1  1  1  1  1  1  1  1  1  1  1  1  1  1  2  2     28
APR   2  2  2  2  2  2  2  2  2  2  3  3  3  3  3  3  3  3  4  4  4  4  4  5  5  5  5  5  5  6       100
MAY   6  6  6  7  7  7  7  7  8  8  8  8  9  9  9  9  9 10 10 10 10 10 11 11 11 11 11 12 12 12 12    283
JUN  12 13 13 13 13 13 13 14 14 14 14 14 14 14 15 15 15 15 15 15 15 15 15 15 16 16 16 16 16 16       434
JUL  16 16 16 16 16 16 16 16 16 16 16 16 17 17 17 17 17 17 17 17 17 17 17 17 17 17 17 17 17 17 17    515
AUG  17 17 17 17 17 17 17 17 17 17 17 17 17 17 17 17 17 17 17 17 16 16 16 16 16 16 16 16 16 15 15    514
SEP  15 15 15 15 14 14 14 14 14 13 13 13 13 13 12 12 12 12 12 11 11 11 10 10 10 10  9  9  9  9       364
OCT   8  8  8  7  7  7  7  6  6  6  6  5  5  5  5  5  4  4  4  4  4  3  3  3  3  3  3  3  3  2  2    149
NOV   2  2  2  2  2  2  2  2  2  2  2  2  1  1  1  1  1  1  1  1  1  1  1  1  1  1  1  1  1  1        42
DEC   1  1  1  1  1  1  1  1  1  1  1  1  1  0  0  0  0  0  0  0  0  0  0  0  0  0  0  0  0  0  0     13
                                                                                                        
-------------------------------------------------------------------------------------------------       
 Total  Precipitation (Hundreths of an Inch)                                                            
 DAY  1  2  3  4  5  6  7  8  9 10 11 12 13 14 15 16 17 18 19 20 21 22 23 24 25 26 27 28 29 30 31  MONTH
-------------------------------------------------------------------------------------------------       
JAN  19 20 20 20 20 20 20 20 20 20 20 21 20 20 20 20 20 20 20 20 20 19 19 19 19 18 18 18 17 17 17    601
FEB  16 16 15 15 14 14 14 14 13 13 13 13 12 12 12 12 12 12 12 12 12 12 12 12 12 12 12 12             362
MAR  12 12 12 12 12 13 13 13 13 13 13 13 13 13 13 13 13 13 13 13 13 13 13 12 12 12 12 12 12 12 12    390
APR  12 12 12 11 11 11 11 11 11 11 11 11 11 11 11 12 12 12 12 12 12 12 13 13 13 13 14 14 14 15       361
MAY  15 15 15 16 16 16 17 17 17 17 18 18 18 18 19 19 19 19 19 19 20 20 20 20 20 20 20 20 21 21 21    570
JUN  21 21 21 21 21 21 21 21 21 21 21 21 21 21 21 21 21 21 21 21 21 20 20 20 20 20 20 20 20 20       621
JUL  19 19 19 19 19 19 19 18 18 18 18 18 18 18 17 17 17 17 17 17 17 16 16 16 16 16 16 15 15 15 15    534
AUG  15 15 15 15 15 14 14 14 14 14 14 14 14 14 14 14 15 15 15 15 15 15 15 16 16 16 16 16 17 17 17    465
SEP  18 18 18 18 18 19 19 19 19 19 19 19 19 19 20 19 19 19 19 19 19 19 19 19 19 18 18 18 18 17       560
OCT  17 17 16 16 16 16 16 15 15 15 15 15 15 14 14 14 14 14 14 14 14 14 14 14 14 14 14 14 14 14 14    456
NOV  14 14 15 15 15 15 15 15 15 15 15 15 15 15 15 15 16 16 16 16 16 16 16 16 16 16 16 16 16 16       462
DEC  16 16 16 16 16 16 16 16 16 16 16 16 16 16 16 16 17 17 17 17 17 17 17 18 18 18 18 18 19 19 19    522
                                                                                                        
