-------------------------------------------------------------------------------------------------       
 1971-2000 Daily/Monthly Station Normals                                                                
 Provided by National Climatic Data Center/NESDIS/NOAA                                                  
-------------------------------------------------------------------------------------------------       
 Station COOP ID:                           417074                                                      
 Station Name, State, Division, Call:       PLAINS                             TX 01                    
 Latitude, Longitude, Elevation, Elements:  33 11 15 -102 49 43  3675 XNP                               
-------------------------------------------------------------------------------------------------       
 Minimum Temperature (deg F [tenths deg F for monthly])                                                 
 DAY  1  2  3  4  5  6  7  8  9 10 11 12 13 14 15 16 17 18 19 20 21 22 23 24 25 26 27 28 29 30 31  MONTH
-------------------------------------------------------------------------------------------------       
JAN  25 25 25 25 24 24 24 24 24 24 25 25 25 25 25 25 25 25 25 25 25 25 25 26 26 26 26 26 26 26 27    251
FEB  27 27 27 27 28 28 28 28 28 28 29 29 29 29 29 30 30 30 30 30 30 31 31 31 31 31 31 31             292
MAR  32 32 32 32 32 32 33 33 33 33 33 34 34 34 34 34 35 35 35 35 36 36 36 36 37 37 37 37 38 38 38    346
APR  38 39 39 39 40 40 40 40 41 41 41 42 42 42 43 43 43 44 44 44 45 45 45 46 46 46 47 47 47 48       429
MAY  48 48 49 49 49 50 50 50 51 51 51 52 52 52 53 53 53 54 54 54 55 55 55 55 56 56 56 57 57 57 58    529
JUN  58 58 58 59 59 59 60 60 60 60 60 61 61 61 61 62 62 62 62 62 62 63 63 63 63 63 63 63 64 64       612
JUL  64 64 64 64 64 64 64 64 64 64 64 64 65 65 65 65 65 65 65 65 65 65 65 65 65 65 65 65 65 65 65    646
AUG  65 65 65 65 65 64 64 64 64 64 64 64 64 64 64 63 63 63 63 63 63 63 63 62 62 62 62 62 61 61 61    633
SEP  61 61 60 60 60 60 59 59 59 59 58 58 58 58 57 57 57 56 56 56 55 55 54 54 54 53 53 53 52 52       568
OCT  51 51 51 50 50 49 49 48 48 48 47 47 46 46 45 45 45 44 44 43 43 42 42 42 41 41 40 40 39 39 39    450
NOV  38 38 37 37 36 36 36 35 35 35 34 34 33 33 33 32 32 32 32 31 31 31 30 30 30 30 29 29 29 29       329
DEC  29 28 28 28 28 28 27 27 27 27 27 27 26 26 26 26 26 26 26 26 26 25 25 25 25 25 25 25 25 25 25    263
                                                                                                        
-------------------------------------------------------------------------------------------------       
 Maximum Temperature (deg F [tenths deg F for monthly])                                                 
 DAY  1  2  3  4  5  6  7  8  9 10 11 12 13 14 15 16 17 18 19 20 21 22 23 24 25 26 27 28 29 30 31  MONTH
-------------------------------------------------------------------------------------------------       
JAN  53 53 53 53 52 52 52 52 52 52 52 52 52 52 53 53 53 53 53 53 53 53 54 54 54 54 54 55 55 55 55    531
FEB  56 56 56 57 57 57 57 58 58 58 59 59 59 59 60 60 60 60 61 61 61 62 62 62 62 63 63 63             595
MAR  63 64 64 64 64 65 65 65 65 66 66 66 66 67 67 67 67 68 68 68 68 69 69 69 70 70 70 70 71 71 71    672
APR  71 72 72 72 72 73 73 73 73 74 74 74 74 75 75 75 75 76 76 76 77 77 77 77 78 78 78 78 79 79       751
MAY  79 80 80 80 80 81 81 81 81 82 82 82 83 83 83 83 84 84 84 84 85 85 85 86 86 86 86 87 87 87 88    834
JUN  88 88 88 89 89 89 89 89 90 90 90 90 90 90 91 91 91 91 91 91 91 91 91 92 92 92 92 92 92 92       904
JUL  92 92 92 92 92 92 92 92 92 92 92 92 92 92 92 92 92 92 92 92 92 92 91 91 91 91 91 91 91 91 91    917
AUG  91 91 91 91 91 91 91 91 91 91 91 91 91 90 90 90 90 90 90 90 89 89 89 89 89 89 88 88 88 88 88    899
SEP  87 87 87 86 86 86 86 86 85 85 85 85 84 84 84 84 84 83 83 83 83 82 82 82 82 82 81 81 81 81       839
OCT  80 80 80 80 80 79 79 79 78 78 78 77 77 77 76 76 76 75 75 75 74 74 73 73 72 72 72 71 71 70 70    757
NOV  69 69 68 68 67 67 66 66 65 65 65 64 64 63 63 63 62 62 62 61 61 61 60 60 60 60 59 59 59 58       632
DEC  58 58 58 58 57 57 57 57 56 56 56 56 56 56 55 55 55 55 55 54 54 54 54 54 54 54 53 53 53 53 53    553
                                                                                                        
-------------------------------------------------------------------------------------------------       
 Average Temperature (deg F [tenths deg F for monthly])                                                 
 DAY  1  2  3  4  5  6  7  8  9 10 11 12 13 14 15 16 17 18 19 20 21 22 23 24 25 26 27 28 29 30 31  MONTH
-------------------------------------------------------------------------------------------------       
JAN  39 39 39 39 38 38 38 38 38 38 38 38 39 39 39 39 39 39 39 39 39 39 39 40 40 40 40 40 41 41 41    391
FEB  41 42 42 42 42 42 43 43 43 43 44 44 44 44 45 45 45 45 45 46 46 46 46 47 47 47 47 47             444
MAR  47 48 48 48 48 49 49 49 49 49 50 50 50 50 51 51 51 51 52 52 52 52 52 53 53 53 54 54 54 54 55    509
APR  55 55 55 56 56 56 57 57 57 57 58 58 58 59 59 59 59 60 60 60 61 61 61 61 62 62 62 63 63 63       590
MAY  64 64 64 65 65 65 65 66 66 66 67 67 67 68 68 68 69 69 69 69 70 70 70 71 71 71 71 72 72 72 73    682
JUN  73 73 73 74 74 74 74 75 75 75 75 75 76 76 76 76 76 76 77 77 77 77 77 77 77 77 78 78 78 78       758
JUL  78 78 78 78 78 78 78 78 78 78 78 78 78 78 78 78 79 79 79 79 79 79 78 78 78 78 78 78 78 78 78    782
AUG  78 78 78 78 78 78 78 78 78 78 77 77 77 77 77 77 77 77 76 76 76 76 76 76 75 75 75 75 75 74 74    766
SEP  74 74 74 73 73 73 73 72 72 72 72 71 71 71 71 70 70 70 70 69 69 69 68 68 68 68 67 67 67 66       704
OCT  66 66 65 65 65 64 64 64 63 63 62 62 62 61 61 61 60 60 59 59 59 58 58 57 57 56 56 55 55 55 54    604
NOV  54 53 53 52 52 51 51 51 50 50 49 49 49 48 48 48 47 47 47 46 46 46 45 45 45 45 44 44 44 44       481
DEC  43 43 43 43 43 42 42 42 42 42 41 41 41 41 41 41 41 40 40 40 40 40 40 40 39 39 39 39 39 39 39    408
                                                                                                        
-------------------------------------------------------------------------------------------------       
 Heating Degree Days                                                                                    
 DAY  1  2  3  4  5  6  7  8  9 10 11 12 13 14 15 16 17 18 19 20 21 22 23 24 25 26 27 28 29 30 31  MONTH
-------------------------------------------------------------------------------------------------       
JAN  26 26 26 26 26 27 27 27 27 27 27 27 26 26 26 26 26 26 26 26 26 26 26 25 25 25 25 25 24 24 24    802
FEB  24 23 23 23 23 23 22 22 22 22 21 21 21 21 20 20 20 20 20 19 19 19 19 19 18 18 18 18             578
MAR  18 17 17 17 17 17 16 16 16 16 15 15 15 15 15 14 14 14 14 13 13 13 13 12 12 12 12 11 11 11 11    442
APR  10 10 10 10  9  9  9  9  8  8  8  8  7  7  7  7  7  6  6  6  6  5  5  5  5  5  4  4  4  4       208
MAY   4  3  3  3  3  3  3  2  2  2  2  2  2  2  2  1  1  1  1  1  1  1  1  1  1  1  1  1  1  1  1     54
JUN   1  1  1  1  1  1  1  1  0  0  0  0  0  0  0  0  0  0  0  0  0  0  0  0  0  0  0  0  0  0         8
JUL   0  0  0  0  0  0  0  0  0  0  0  0  0  0  0  0  0  0  0  0  0  0  0  0  0  0  0  0  0  0  0      0
AUG   0  0  0  0  0  0  0  0  0  0  0  0  0  0  0  0  0  0  0  0  0  0  0  0  0  0  0  0  0-99-99      2
SEP   0  0  1  1  1  1  1  1  1  1  1  1  1  1  1  1  1  1  1  1  1  1  2  2  2  2  2  2  2  2        36
OCT   2  2  2  2  3  3  3  3  3  3  4  4  4  4  5  5  5  6  6  6  6  7  7  8  8  8  9  9 10 10 11    168
NOV  11 12 12 13 13 14 14 14 15 15 16 16 16 17 17 17 18 18 18 19 19 19 20 20 20 21 21 21 21 21       508
DEC  22 22 22 22 22 23 23 23 23 23 24 24 24 24 24 24 24 25 25 25 25 25 25 25 26 26 26 26 26 26 26    750
                                                                                                        
-------------------------------------------------------------------------------------------------       
 Cooling Degree Days                                                                                    
 DAY  1  2  3  4  5  6  7  8  9 10 11 12 13 14 15 16 17 18 19 20 21 22 23 24 25 26 27 28 29 30 31  MONTH
-------------------------------------------------------------------------------------------------       
JAN   0  0  0  0  0  0  0  0  0  0  0  0  0  0  0  0  0  0  0  0  0  0  0  0  0  0  0  0  0  0  0      0
FEB   0  0  0  0  0  0  0  0  0  0  0  0  0  0  0  0  0  0  0  0  0  0  0  0  0  0  0  0               0
MAR   0  0  0  0  0  0  0  0  0  0  0  0  0  0  0  0  0  0  0  0  0  0  0  0  0  0  0-99-99-99-99      4
APR   0  0  0  0  0  0  0  0  0  1  1  1  1  1  1  1  1  1  1  1  1  1  1  2  2  2  2  2  2  2        28
MAY   2  2  3  3  3  3  3  3  3  4  4  4  4  4  5  5  5  5  5  6  6  6  6  6  7  7  7  7  8  8  8    152
JUN   8  9  9  9  9 10 10 10 10 10 11 11 11 11 11 11 12 12 12 12 12 12 12 12 12 12 13 13 13 13       332
JUL  13 13 13 13 13 13 13 13 13 13 13 13 13 13 13 14 14 14 14 13 13 13 13 13 13 13 13 13 13 13 13    407
AUG  13 13 13 13 13 13 13 13 12 12 12 12 12 12 12 12 12 12 11 11 11 11 11 11 11 10 10 10 10 10 10    361
SEP   9  9  9  9  9  9  8  8  8  8  8  7  7  7  7  7  6  6  6  6  5  5  5  5  5  4  4  4  4  3       197
OCT   3  3  3  2  2  2  2  2  1  1  1  1  1  1  0  0  0  0  0  0  0  0  0  0  0  0  0  0  0  0  0     25
NOV   0  0  0  0  0  0  0  0  0  0  0  0  0  0  0  0  0  0  0  0  0  0  0  0  0  0  0  0  0  0         0
DEC   0  0  0  0  0  0  0  0  0  0  0  0  0  0  0  0  0  0  0  0  0  0  0  0  0  0  0  0  0  0  0      0
                                                                                                        
-------------------------------------------------------------------------------------------------       
 Total  Precipitation (Hundreths of an Inch)                                                            
 DAY  1  2  3  4  5  6  7  8  9 10 11 12 13 14 15 16 17 18 19 20 21 22 23 24 25 26 27 28 29 30 31  MONTH
-------------------------------------------------------------------------------------------------       
JAN   2  2  2  2  2  2  2  1  1  1  1  1  1  1  1  1  1  1  1  1  2  2  2  2  2  2  2  2  2  2  2     49
FEB   2  2  2  2  2  2  2  3  3  3  3  3  3  3  3  3  3  3  3  3  3  3  3  2  2  2  2  2              72
MAR   2  2  2  2  2  2  2  2  2  2  2  2  2  2  2  1  1  2  2  2  2  2  2  2  2  2  2  2  2  2  2     60
APR   2  2  2  3  3  3  3  3  3  3  3  3  3  4  4  4  4  4  4  4  4  5  5  5  5  5  5  5  6  6       115
MAY   6  6  6  6  7  7  7  7  7  7  7  7  8  8  8  8  8  8  8  8  8  8  8  8  8  9  9  9  9  9  9    238
JUN   9  9  9  9  9  9  9  9  9  9  9  9  9  9  9  8  8  8  8  8  8  8  8  8  8  8  8  8  8  8       255
JUL   8  8  8  8  8  8  8  8  7  7  7  7  7  7  7  7  7  7  7  7  7  7  8  8  8  8  8  8  8  8  8    234
AUG   8  8  8  8  8  8  8  8  8  9  9  9  9  9  9  9  9  9  9  9  9  9  9  9  9  9 10 10 10 10 10    275
SEP  10 10 10 10 10 10 10 10 10 10 10  9  9  9  9  9  9  9  9  9  8  8  8  8  8  8  7  7  7  7       267
OCT   6  6  6  6  6  5  5  5  5  5  4  4  4  4  4  4  4  3  3  3  3  3  3  3  3  3  3  3  3  3  2    124
NOV   3  3  3  3  3  2  2  2  2  2  2  2  2  2  2  2  2  2  2  2  3  3  3  3  3  3  3  3  3  3        75
DEC   3  3  3  3  3  3  3  3  3  3  3  3  3  3  3  2  2  2  2  2  2  2  2  2  2  2  2  2  2  2  2     77
                                                                                                        
