-------------------------------------------------------------------------------------------------       
 1971-2000 Daily/Monthly Station Normals                                                                
 Provided by National Climatic Data Center/NESDIS/NOAA                                                  
-------------------------------------------------------------------------------------------------       
 Station COOP ID:                           416892                                                      
 Station Name, State, Division, Call:       PECOS                              TX 05                    
 Latitude, Longitude, Elevation, Elements:  31 25 00 -103 30 00  2610 XNP                               
-------------------------------------------------------------------------------------------------       
 Minimum Temperature (deg F [tenths deg F for monthly])                                                 
 DAY  1  2  3  4  5  6  7  8  9 10 11 12 13 14 15 16 17 18 19 20 21 22 23 24 25 26 27 28 29 30 31  MONTH
-------------------------------------------------------------------------------------------------       
JAN  27 27 27 27 27 27 28 28 28 28 28 28 28 28 28 28 28 28 28 28 28 28 29 29 29 29 29 29 29 29 29    281
FEB  30 30 30 30 30 30 30 31 31 31 31 31 31 32 32 32 32 32 32 33 33 33 33 33 33 34 34 34             317
MAR  34 35 35 35 35 35 36 36 36 36 36 37 37 37 37 38 38 38 38 39 39 39 39 40 40 40 40 41 41 41 41    377
APR  42 42 42 43 43 43 43 44 44 44 45 45 45 46 46 46 47 47 47 47 48 48 48 49 49 49 50 50 50 51       461
MAY  51 52 52 52 53 53 53 54 54 54 55 55 55 56 56 56 57 57 57 58 58 58 59 59 59 60 60 60 61 61 61    563
JUN  62 62 62 63 63 63 63 64 64 64 65 65 65 65 65 66 66 66 66 66 67 67 67 67 67 67 68 68 68 68       653
JUL  68 68 68 68 68 68 68 69 69 69 69 69 69 69 69 69 69 69 69 69 69 69 69 69 69 69 69 69 69 69 69    688
AUG  69 69 69 69 69 69 69 69 69 68 68 68 68 68 68 68 68 67 67 67 67 67 67 66 66 66 66 66 65 65 65    675
SEP  65 65 64 64 64 63 63 63 63 62 62 62 61 61 61 60 60 60 59 59 59 58 58 58 57 57 57 56 56 55       604
OCT  55 54 54 54 53 53 52 52 51 51 51 50 50 49 49 48 48 48 47 47 46 46 45 45 44 44 44 43 43 42 42    484
NOV  41 41 40 40 39 39 39 38 38 37 37 37 36 36 35 35 35 34 34 34 34 33 33 33 32 32 32 32 31 31       356
DEC  31 31 30 30 30 30 30 29 29 29 29 29 29 29 28 28 28 28 28 28 28 28 28 28 28 28 28 27 27 27 27    286
                                                                                                        
-------------------------------------------------------------------------------------------------       
 Maximum Temperature (deg F [tenths deg F for monthly])                                                 
 DAY  1  2  3  4  5  6  7  8  9 10 11 12 13 14 15 16 17 18 19 20 21 22 23 24 25 26 27 28 29 30 31  MONTH
-------------------------------------------------------------------------------------------------       
JAN  59 59 59 59 59 59 59 59 59 59 59 59 59 59 59 59 60 60 60 60 60 60 61 61 61 61 61 62 62 62 62    599
FEB  63 63 63 63 64 64 64 64 65 65 65 66 66 66 67 67 67 67 68 68 68 69 69 69 69 70 70 70             664
MAR  71 71 71 72 72 72 72 73 73 73 74 74 74 74 75 75 75 76 76 76 76 77 77 77 78 78 78 78 79 79 79    750
APR  79 80 80 80 80 81 81 81 81 82 82 82 82 83 83 83 83 84 84 84 85 85 85 85 86 86 86 86 87 87       831
MAY  87 87 88 88 88 89 89 89 89 90 90 90 90 91 91 91 91 92 92 92 93 93 93 93 94 94 94 94 95 95 95    912
JUN  95 96 96 96 96 97 97 97 97 97 97 98 98 98 98 98 98 98 98 99 99 99 99 99 99 99 99 99 99 99       978
JUL  99 99 99 99 99 99 99 99 99 99 99 99 99 99 99 99 98 98 98 98 98 98 98 98 98 98 98 98 98 98 98    985
AUG  98 98 98 98 98 98 98 98 98 98 97 97 97 97 97 97 97 97 96 96 96 96 96 96 95 95 95 95 95 94 94    966
SEP  94 93 93 93 93 92 92 92 92 92 91 91 91 91 90 90 90 90 89 89 89 89 88 88 88 88 87 87 87 87       902
OCT  86 86 86 86 85 85 85 84 84 84 84 83 83 83 82 82 82 81 81 80 80 80 79 79 78 78 78 77 77 76 76    816
NOV  75 75 75 74 74 73 73 72 72 72 71 71 70 70 70 69 69 69 68 68 68 67 67 66 66 66 66 65 65 65       697
DEC  64 64 64 64 63 63 63 63 62 62 62 62 61 61 61 61 61 61 60 60 60 60 60 60 60 60 59 59 59 59 59    612
                                                                                                        
-------------------------------------------------------------------------------------------------       
 Average Temperature (deg F [tenths deg F for monthly])                                                 
 DAY  1  2  3  4  5  6  7  8  9 10 11 12 13 14 15 16 17 18 19 20 21 22 23 24 25 26 27 28 29 30 31  MONTH
-------------------------------------------------------------------------------------------------       
JAN  43 43 43 43 43 43 43 43 43 43 43 43 44 44 44 44 44 44 44 44 44 44 45 45 45 45 45 45 46 46 46    440
FEB  46 46 47 47 47 47 47 48 48 48 48 48 49 49 49 49 50 50 50 50 51 51 51 51 51 52 52 52             491
MAR  53 53 53 53 54 54 54 54 55 55 55 55 56 56 56 56 57 57 57 57 58 58 58 58 59 59 59 59 60 60 60    564
APR  61 61 61 61 62 62 62 62 63 63 63 63 64 64 64 65 65 65 66 66 66 66 67 67 67 68 68 68 69 69       646
MAY  69 70 70 70 70 71 71 71 72 72 72 73 73 73 74 74 74 74 75 75 75 76 76 76 77 77 77 77 78 78 78    738
JUN  79 79 79 79 80 80 80 80 81 81 81 81 82 82 82 82 82 82 82 83 83 83 83 83 83 83 83 83 83 83       816
JUL  83 83 83 83 83 83 83 84 84 84 84 84 84 84 84 84 84 84 84 84 84 84 84 84 84 84 84 84 84 84 83    837
AUG  84 84 84 83 83 83 83 83 83 83 83 83 83 83 83 82 82 82 82 82 82 81 81 81 81 81 80 80 80 80 80    821
SEP  79 79 79 79 78 78 78 77 77 77 77 76 76 76 76 75 75 75 74 74 74 73 73 73 73 72 72 72 71 71       753
OCT  71 70 70 70 69 69 68 68 68 67 67 67 66 66 66 65 65 64 64 64 63 63 62 62 61 61 61 60 60 59 59    650
NOV  58 58 57 57 57 56 56 55 55 55 54 54 53 53 53 52 52 52 51 51 51 50 50 50 49 49 49 48 48 48       527
DEC  48 47 47 47 47 46 46 46 46 46 45 45 45 45 45 45 45 44 44 44 44 44 44 44 44 44 43 43 43 43 43    449
                                                                                                        
-------------------------------------------------------------------------------------------------       
 Heating Degree Days                                                                                    
 DAY  1  2  3  4  5  6  7  8  9 10 11 12 13 14 15 16 17 18 19 20 21 22 23 24 25 26 27 28 29 30 31  MONTH
-------------------------------------------------------------------------------------------------       
JAN  22 22 22 22 22 22 22 22 22 22 22 22 21 21 21 21 21 21 21 21 21 21 20 20 20 20 20 20 19 19 19    651
FEB  19 19 19 18 18 18 18 17 17 17 17 17 16 16 16 16 15 15 15 15 14 14 14 14 14 13 13 13             447
MAR  12 12 12 12 11 11 11 11 11 10 10 10 10  9  9  9  9  8  8  8  8  8  7  7  7  7  7  6  6  6  6    278
APR   6  5  5  5  5  5  4  4  4  4  4  4  3  3  3  3  3  3  3  3  2  2  2  2  2  2  2  2  2  1        98
MAY   1  1  1  1  1  1  1  1  1  1  1  1  1  1  1  0  0  0  0  0  0  0  0  0  0  0  0  0  0  0  0     15
JUN   0  0  0  0  0  0  0  0  0  0  0  0  0  0  0  0  0  0  0  0  0  0  0  0  0  0  0  0  0  0         0
JUL   0  0  0  0  0  0  0  0  0  0  0  0  0  0  0  0  0  0  0  0  0  0  0  0  0  0  0  0  0  0  0      0
AUG   0  0  0  0  0  0  0  0  0  0  0  0  0  0  0  0  0  0  0  0  0  0  0  0  0  0  0  0  0  0  0      0
SEP   0  0  0  0  0  0  0  0  0  0  0  0  0  0-99-99-99-99-99-99-99-99-99  0  0  0  0  0  0  0         9
OCT   0  0  0  0  0  0  1  1  1  1  1  1  1  2  2  2  2  2  3  3  3  3  4  4  4  5  5  6  6  6  7     76
NOV   7  8  8  9  9  9 10 10 11 11 11 12 12 12 13 13 13 14 14 14 15 15 15 16 16 16 16 17 17 17       380
DEC  17 18 18 18 18 19 19 19 19 19 20 20 20 20 20 20 21 21 21 21 21 21 21 21 21 21 21 22 22 22 22    623
                                                                                                        
-------------------------------------------------------------------------------------------------       
 Cooling Degree Days                                                                                    
 DAY  1  2  3  4  5  6  7  8  9 10 11 12 13 14 15 16 17 18 19 20 21 22 23 24 25 26 27 28 29 30 31  MONTH
-------------------------------------------------------------------------------------------------       
JAN   0  0  0  0  0  0  0  0  0  0  0  0  0  0  0  0  0  0  0  0  0  0  0  0  0  0  0  0  0  0  0      0
FEB   0  0  0  0  0  0  0  0  0  0  0  0  0  0  0  0  0  0  0  0  0  0  0  0  0  0  0  0               0
MAR   0  0  0  0  0  0  0  0  0  0  0  0  0  0  0  0  0  0  0  0  0  1  1  1  1  1  1  1  1  1  1     10
APR   1  1  1  1  1  2  2  2  2  2  2  2  2  3  3  3  3  3  3  3  4  4  4  4  4  4  5  5  5  5        86
MAY   5  6  6  6  6  7  7  7  7  8  8  8  8  9  9  9  9 10 10 10 10 11 11 11 11 12 12 12 13 13 13    284
JUN  14 14 14 14 15 15 15 15 16 16 16 16 17 17 17 17 17 17 17 18 18 18 18 18 18 18 18 18 18 18       497
JUL  18 18 18 18 18 18 18 18 19 19 19 19 19 19 19 19 19 19 19 19 19 19 19 19 19 19 19 19 18 18 18    578
AUG  19 19 18 18 18 18 18 18 18 18 18 18 18 18 18 17 17 17 17 17 17 16 16 16 16 16 16 15 15 15 15    530
SEP  14 14 14 14 14 13 13 13 12 12 12 12 11 11 11 11 10 10 10  9  9  9  9  8  8  8  7  7  7  6       318
OCT   6  6  5  5  5  4  4  4  3  3  3  3  3  2  2  2  2  2  2  1  1  1  1  1  1  1  1  1  1  1  0     77
NOV -99-99-99-99-99-99-99-99-99  0  0  0  0  0  0  0  0  0  0  0  0  0  0  0  0  0  0  0  0  0         9
DEC   0  0  0  0  0  0  0  0  0  0  0  0  0  0  0  0  0  0  0  0  0  0  0  0  0  0  0  0  0  0  0      0
                                                                                                        
-------------------------------------------------------------------------------------------------       
 Total  Precipitation (Hundreths of an Inch)                                                            
 DAY  1  2  3  4  5  6  7  8  9 10 11 12 13 14 15 16 17 18 19 20 21 22 23 24 25 26 27 28 29 30 31  MONTH
-------------------------------------------------------------------------------------------------       
JAN   2  2  2  2  2  2  2  2  2  2  2  2  1  1  1  1  1  1  1  1  1  1  1  1  1  1  1  2  2  2  2     47
FEB   1  1  1  2  2  2  2  2  2  2  2  2  2  2  2  2  2  2  2  2  1  1  1  1  1  1  1  1              45
MAR   2  2  2  1  1  1  1  1  1  1  1  1  1  1  1  1  1  1  1  1  1  1  1  1  1  1  1  1  1  1  1     34
APR   1  1  1  1  1  1  1  1  1  1  1  1  1  1  1  1  2  2  2  2  2  2  2  2  2  2  2  3  3  3        47
MAY   3  3  3  3  3  4  4  4  4  4  4  4  4  4  4  4  4  4  4  4  4  4  5  5  5  5  5  5  4  4  4    125
JUN   5  5  5  5  4  4  4  4  4  4  4  4  4  4  4  4  4  4  4  4  4  4  4  4  4  4  4  4  4  4       124
JUL   4  4  4  4  4  4  4  4  4  4  4  4  4  4  4  4  4  4  4  4  5  5  5  5  5  5  5  5  5  5  5    135
AUG   4  4  4  4  4  4  5  5  5  5  5  5  5  5  5  5  5  5  5  5  5  6  6  6  6  6  6  6  7  7  7    162
SEP   7  7  7  7  7  8  8  8  8  8  8  8  8  8  8  8  8  8  8  8  8  7  7  7  7  7  7  7  6  6       224
OCT   6  6  6  5  5  5  5  5  4  4  4  4  4  4  3  3  3  3  3  3  3  3  3  2  2  2  2  2  2  2  2    110
NOV   2  2  2  2  2  2  2  2  2  2  1  1  1  1  1  1  1  1  1  1  1  1  1  2  2  2  2  2  2  2        47
DEC   1  2  2  2  2  2  2  2  2  2  2  2  2  2  2  2  2  2  2  2  2  2  2  2  2  2  2  2  2  2  2     61
                                                                                                        
