-------------------------------------------------------------------------------------------------       
 1971-2000 Daily/Monthly Station Normals                                                                
 Provided by National Climatic Data Center/NESDIS/NOAA                                                  
-------------------------------------------------------------------------------------------------       
 Station COOP ID:                           415618                                                      
 Station Name, State, Division, Call:       MARSHALL                           TX 04                    
 Latitude, Longitude, Elevation, Elements:  32 32 25 -094 21 03   352 XNP                               
-------------------------------------------------------------------------------------------------       
 Minimum Temperature (deg F [tenths deg F for monthly])                                                 
 DAY  1  2  3  4  5  6  7  8  9 10 11 12 13 14 15 16 17 18 19 20 21 22 23 24 25 26 27 28 29 30 31  MONTH
-------------------------------------------------------------------------------------------------       
JAN  34 33 33 33 33 33 33 33 33 33 33 33 33 33 33 33 33 33 33 33 33 34 34 34 34 34 34 34 34 34 35    334
FEB  35 35 35 35 35 35 36 36 36 36 36 36 37 37 37 37 38 38 38 38 39 39 39 40 40 40 40 41             373
MAR  41 41 42 42 42 43 43 43 43 44 44 44 44 45 45 45 45 46 46 46 46 47 47 47 47 47 48 48 48 48 48    450
APR  48 49 49 49 49 49 49 50 50 50 50 51 51 51 51 51 52 52 52 53 53 53 53 54 54 54 55 55 55 56       516
MAY  56 56 57 57 57 58 58 58 59 59 59 59 60 60 60 61 61 61 61 62 62 62 63 63 63 63 64 64 64 64 65    605
JUN  65 65 65 66 66 66 66 66 67 67 67 67 67 68 68 68 68 68 69 69 69 69 69 69 70 70 70 70 70 70       678
JUL  70 70 70 70 71 71 71 71 71 71 71 71 71 71 71 71 71 71 72 72 72 72 72 72 72 72 72 72 72 72 72    713
AUG  72 72 72 71 71 71 71 71 71 71 71 71 71 71 71 71 71 70 70 70 70 70 70 70 70 69 69 69 69 69 69    705
SEP  69 68 68 68 68 67 67 67 67 66 66 66 66 65 65 65 64 64 64 63 63 62 62 62 61 61 60 60 59 59       644
OCT  58 58 57 57 56 56 55 55 54 54 54 53 53 52 52 52 51 51 51 50 50 50 49 49 49 48 48 48 48 47 47    520
NOV  47 47 46 46 46 46 45 45 45 45 44 44 44 44 43 43 43 42 42 42 42 41 41 41 41 40 40 40 39 39       431
DEC  39 39 38 38 38 38 37 37 37 37 36 36 36 36 36 35 35 35 35 35 35 34 34 34 34 34 34 34 34 34 33    357
                                                                                                        
-------------------------------------------------------------------------------------------------       
 Maximum Temperature (deg F [tenths deg F for monthly])                                                 
 DAY  1  2  3  4  5  6  7  8  9 10 11 12 13 14 15 16 17 18 19 20 21 22 23 24 25 26 27 28 29 30 31  MONTH
-------------------------------------------------------------------------------------------------       
JAN  54 54 54 54 54 54 54 54 53 53 53 53 54 54 54 54 54 54 54 54 54 54 54 55 55 55 55 55 55 56 56    542
FEB  56 57 57 57 57 57 58 58 58 59 59 59 59 60 60 60 60 61 61 61 61 62 62 62 62 63 63 63             597
MAR  64 64 64 64 65 65 65 65 66 66 66 66 67 67 67 68 68 68 68 69 69 69 69 70 70 70 70 71 71 71 71    675
APR  71 72 72 72 72 73 73 73 73 74 74 74 74 75 75 75 75 75 76 76 76 76 76 77 77 77 77 78 78 78       748
MAY  78 78 79 79 79 79 80 80 80 80 80 81 81 81 81 82 82 82 82 83 83 83 83 83 84 84 84 84 85 85 85    816
JUN  85 86 86 86 86 87 87 87 87 88 88 88 88 88 89 89 89 89 89 89 90 90 90 90 90 90 91 91 91 91       885
JUL  91 91 91 91 92 92 92 92 92 92 92 92 92 92 92 93 93 93 93 93 93 93 93 93 93 93 93 93 93 93 93    924
AUG  93 93 94 94 94 93 93 93 93 93 93 93 93 93 93 93 93 93 93 92 92 92 92 92 92 91 91 91 91 91 90    925
SEP  90 90 90 89 89 89 89 88 88 88 88 87 87 87 87 86 86 86 85 85 85 85 84 84 84 83 83 83 82 82       863
OCT  82 81 81 81 81 80 80 80 79 79 79 78 78 77 77 77 76 76 76 75 75 74 74 74 73 73 73 72 72 71 71    766
NOV  71 70 70 69 69 68 68 68 67 67 67 66 66 65 65 65 64 64 64 63 63 63 62 62 62 62 61 61 61 60       651
DEC  60 60 60 59 59 59 58 58 58 58 58 57 57 57 57 56 56 56 56 56 56 55 55 55 55 55 55 55 54 54 54    567
                                                                                                        
-------------------------------------------------------------------------------------------------       
 Average Temperature (deg F [tenths deg F for monthly])                                                 
 DAY  1  2  3  4  5  6  7  8  9 10 11 12 13 14 15 16 17 18 19 20 21 22 23 24 25 26 27 28 29 30 31  MONTH
-------------------------------------------------------------------------------------------------       
JAN  44 44 44 44 44 43 43 43 43 43 43 43 43 43 43 43 44 44 44 44 44 44 44 44 44 44 45 45 45 45 45    438
FEB  45 46 46 46 46 46 47 47 47 47 48 48 48 48 48 49 49 49 50 50 50 50 51 51 51 51 52 52             485
MAR  52 53 53 53 53 54 54 54 55 55 55 55 56 56 56 56 57 57 57 57 58 58 58 58 59 59 59 59 59 60 60    563
APR  60 60 60 61 61 61 61 61 62 62 62 62 63 63 63 63 63 64 64 64 64 65 65 65 65 66 66 66 67 67       632
MAY  67 67 68 68 68 68 69 69 69 70 70 70 70 71 71 71 71 72 72 72 72 73 73 73 73 74 74 74 75 75 75    711
JUN  75 76 76 76 76 76 77 77 77 77 78 78 78 78 78 78 79 79 79 79 79 79 80 80 80 80 80 80 80 81       782
JUL  81 81 81 81 81 81 81 81 82 82 82 82 82 82 82 82 82 82 82 82 82 82 82 82 82 82 83 83 83 83 83    819
AUG  83 83 83 82 82 82 82 82 82 82 82 82 82 82 82 82 82 82 81 81 81 81 81 81 81 80 80 80 80 80 80    815
SEP  79 79 79 79 78 78 78 78 78 77 77 77 76 76 76 76 75 75 75 74 74 74 73 73 72 72 72 71 71 70       754
OCT  70 70 69 69 68 68 68 67 67 66 66 66 65 65 65 64 64 63 63 63 62 62 62 61 61 61 60 60 60 59 59    643
NOV  59 58 58 58 57 57 57 56 56 56 55 55 55 55 54 54 54 53 53 53 52 52 52 51 51 51 51 50 50 50       541
DEC  49 49 49 49 48 48 48 48 47 47 47 47 47 46 46 46 46 46 45 45 45 45 45 45 45 44 44 44 44 44 44    462
                                                                                                        
-------------------------------------------------------------------------------------------------       
 Heating Degree Days                                                                                    
 DAY  1  2  3  4  5  6  7  8  9 10 11 12 13 14 15 16 17 18 19 20 21 22 23 24 25 26 27 28 29 30 31  MONTH
-------------------------------------------------------------------------------------------------       
JAN  21 21 22 22 22 22 22 22 22 22 22 22 22 22 22 22 22 22 22 21 21 21 21 21 21 21 21 20 20 20 20    664
FEB  20 20 19 19 19 19 19 18 18 18 18 17 17 17 17 16 16 16 16 15 15 15 15 14 14 14 13 13             467
MAR  13 13 12 12 12 11 11 11 11 10 10 10 10  9  9  9  9  9  8  8  8  8  7  7  7  7  7  6  6  6  6    282
APR   6  6  5  5  5  5  5  5  5  4  4  4  4  4  4  4  3  3  3  3  3  3  3  2  2  2  2  2  2  2       110
MAY   2  2  2  1  1  1  1  1  1  1  1  1  1  1  1  1  1  0  0  0  0  0  0  0  0  0  0  0  0  0  0     20
JUN   0  0  0  0  0  0  0  0  0  0  0  0  0  0  0  0  0  0  0  0  0  0  0  0  0  0  0  0  0  0         0
JUL   0  0  0  0  0  0  0  0  0  0  0  0  0  0  0  0  0  0  0  0  0  0  0  0  0  0  0  0  0  0  0      0
AUG   0  0  0  0  0  0  0  0  0  0  0  0  0  0  0  0  0  0  0  0  0  0  0  0  0  0  0  0  0  0  0      0
SEP   0  0  0  0  0  0  0  0  0  0  0  0  0  0  0  0  0  0  0  0  0  0  0  0  1  1  1  1  1  1         6
OCT   1  1  1  1  1  1  1  2  2  2  2  2  2  3  3  3  3  3  4  4  4  4  4  5  5  5  6  6  6  6  7    100
NOV   7  7  8  8  8  9  9  9 10 10 10 10 11 11 11 12 12 12 12 13 13 13 14 14 14 14 15 15 15 15       341
DEC  16 16 16 16 17 17 17 17 18 18 18 18 18 19 19 19 19 19 20 20 20 20 20 20 21 21 21 21 21 21 21    584
                                                                                                        
-------------------------------------------------------------------------------------------------       
 Cooling Degree Days                                                                                    
 DAY  1  2  3  4  5  6  7  8  9 10 11 12 13 14 15 16 17 18 19 20 21 22 23 24 25 26 27 28 29 30 31  MONTH
-------------------------------------------------------------------------------------------------       
JAN   0  0  0  0  0  0  0  0  0  0  0  0  0  0  0  0  0  0  0  0  0  0  0  0  0  0  0  0  0  0  0      0
FEB   0  0  0  0  0  0  0  0  0  0  0  0  0  0  0  0  0  0  0  0-99-99-99-99-99  0  0  0               5
MAR   0  0  0  0  0  0  0  0  0  0  0  0  0  0  0  0  0  0  0  0  1  1  1  1  1  1  1  1  1  1  1     11
APR   1  1  1  1  1  1  1  1  1  1  1  1  1  2  2  2  2  2  2  2  2  2  3  3  3  3  3  3  3  4        56
MAY   4  4  4  4  4  5  5  5  5  5  6  6  6  6  6  7  7  7  7  7  8  8  8  8  9  9  9  9  9 10 10    207
JUN  10 11 11 11 11 11 12 12 12 12 12 13 13 13 13 13 14 14 14 14 14 14 15 15 15 15 15 15 15 16       395
JUL  16 16 16 16 16 16 16 16 17 17 17 17 17 17 17 17 17 17 17 17 17 17 17 17 17 17 17 18 18 18 18    523
AUG  18 18 18 18 17 17 17 17 17 17 17 17 17 17 17 17 17 17 16 16 16 16 16 16 16 15 15 15 15 15 14    511
SEP  14 14 14 14 13 13 13 13 12 12 12 12 11 11 11 11 10 10 10  9  9  9  9  8  8  8  7  7  7  6       317
OCT   6  6  5  5  5  4  4  4  3  3  3  3  3  2  2  2  2  2  2  1  1  1  1  1  1  1  1  1  1  1  1     78
NOV   1  1  1  1  1  1  1  1  1  1  1  1  1  1  0  0  0  0  0  0  0  0  0  0  0  0  0  0  0  0        14
DEC   0  0  0  0  0  0  0  0  0  0  0  0  0  0  0  0  0  0  0  0  0  0  0  0  0  0  0  0  0  0  0      0
                                                                                                        
-------------------------------------------------------------------------------------------------       
 Total  Precipitation (Hundreths of an Inch)                                                            
 DAY  1  2  3  4  5  6  7  8  9 10 11 12 13 14 15 16 17 18 19 20 21 22 23 24 25 26 27 28 29 30 31  MONTH
-------------------------------------------------------------------------------------------------       
JAN  15 15 15 15 14 14 14 14 14 14 14 14 14 14 14 14 14 14 14 14 14 14 14 14 14 14 14 14 14 14 14    438
FEB  14 14 14 14 14 14 14 14 15 15 15 15 15 15 15 15 15 15 15 15 15 15 15 14 14 14 14 14             407
MAR  14 14 14 14 14 14 14 14 14 14 14 14 14 14 14 14 14 14 14 14 13 14 14 14 14 14 14 14 14 14 14    433
APR  14 14 14 14 14 14 14 14 14 14 14 14 14 14 14 15 15 15 15 15 15 15 15 15 15 15 15 15 15 15       435
MAY  15 15 15 15 15 15 16 16 16 16 16 16 16 16 16 16 16 16 17 17 17 17 17 17 17 17 17 18 18 18 18    507
JUN  18 18 18 18 18 19 19 19 19 19 19 18 18 18 18 18 18 18 18 17 17 17 17 16 16 16 15 15 15 14       523
JUL  14 13 13 13 12 12 11 11 11 11 10 10 10 10  9  9  9  9  9  8  8  8  8  8  8  8  8  8  8  8  8    302
AUG   8  8  8  8  8  8  8  8  8  8  8  8  8  8  8  8  8  9  9  9  9  9  9  9  9 10 10 10 10 10 10    268
SEP  11 11 11 11 12 12 12 12 12 12 13 13 13 13 13 13 13 13 14 14 14 14 14 14 14 14 14 14 14 15       389
OCT  15 15 15 15 15 15 15 15 15 15 15 15 15 15 15 15 15 15 15 15 15 15 15 16 15 15 15 15 15 15 15    466
NOV  15 15 15 15 15 15 15 15 15 15 15 15 15 15 15 15 15 15 15 15 15 16 16 16 16 16 16 16 16 16       459
DEC  16 16 16 16 16 16 16 16 16 16 16 17 16 16 16 16 16 16 16 16 16 16 16 16 16 16 16 16 16 15 15    495
                                                                                                        
