-------------------------------------------------------------------------------------------------       
 1971-2000 Daily/Monthly Station Normals                                                                
 Provided by National Climatic Data Center/NESDIS/NOAA                                                  
-------------------------------------------------------------------------------------------------       
 Station COOP ID:                           419286                                                      
 Station Name, State, Division, Call:       VALLEY VIEW                        TX 03                    
 Latitude, Longitude, Elevation, Elements:  33 29 12 -097 09 51   725   P                               
-------------------------------------------------------------------------------------------------       
 Total  Precipitation (Hundreths of an Inch)                                                            
 DAY  1  2  3  4  5  6  7  8  9 10 11 12 13 14 15 16 17 18 19 20 21 22 23 24 25 26 27 28 29 30 31  MONTH
-------------------------------------------------------------------------------------------------       
JAN   6  6  6  6  6  6  6  5  5  5  5  5  5  5  5  5  5  5  5  5  5  5  5  6  6  6  6  6  6  6  7    171
FEB   7  7  7  7  8  8  8  8  8  8  8  9  9  9  9  9  9  9  9 10 10 10 10 10 10 10 10 10             246
MAR  10 10 10 10 10 10 10 10 10 10 10 11 11 11 11 11 11 11 11 11 11 11 11 11 11 11 11 11 11 11 11    330
APR  11 11 11 11 11 11 11 11 11 11 11 11 12 12 12 12 12 12 12 13 13 13 13 14 14 14 14 14 15 15       368
MAY  15 16 16 16 16 16 17 17 17 17 17 17 17 18 18 18 18 18 18 18 18 18 18 17 17 17 17 17 17 17 16    529
JUN  16 16 16 16 15 15 15 15 15 14 14 14 14 13 13 13 13 13 12 12 12 12 11 11 11 11 11 10 10 10       393
JUL  10 10  9  9  9  9  9  8  8  8  8  8  8  7  7  7  7  7  7  7  7  7  6  6  6  6  6  6  6  6  6    230
AUG   6  6  6  6  6  6  6  6  6  6  6  6  6  6  7  7  7  7  7  7  7  7  7  8  8  8  8  8  8  9  9    213
SEP   9  9  9  9 10 10 10 10 10 11 11 11 11 11 11 12 12 12 12 12 13 13 13 13 13 14 14 14 14 14       347
OCT  15 15 15 15 15 15 15 15 15 15 15 16 16 15 15 15 15 15 15 15 15 15 15 14 14 14 14 14 13 13 13    456
NOV  12 12 12 11 11 11 11 11 10 10 10 10 10  9  9  9  9  9  9  9  9  9  9  9  9  9  8  9  9  9       293
DEC   9  9  9  9  9  9  9  9  9  9  9  9  8  8  8  8  8  8  8  8  8  8  8  7  7  7  7  7  7  7  6    251
                                                                                                        
