-------------------------------------------------------------------------------------------------       
 1971-2000 Daily/Monthly Station Normals                                                                
 Provided by National Climatic Data Center/NESDIS/NOAA                                                  
-------------------------------------------------------------------------------------------------       
 Station COOP ID:                           416146                                                      
 Station Name, State, Division, Call:       MUNDAY                             TX 02                    
 Latitude, Longitude, Elevation, Elements:  33 27 14 -099 36 57  1480 XNP                               
-------------------------------------------------------------------------------------------------       
 Minimum Temperature (deg F [tenths deg F for monthly])                                                 
 DAY  1  2  3  4  5  6  7  8  9 10 11 12 13 14 15 16 17 18 19 20 21 22 23 24 25 26 27 28 29 30 31  MONTH
-------------------------------------------------------------------------------------------------       
JAN  28 28 28 28 28 28 28 28 28 28 28 27 27 28 28 28 28 28 28 28 28 28 28 28 28 28 29 29 29 29 29    281
FEB  30 30 30 30 30 30 31 31 31 31 31 32 32 32 32 33 33 33 33 33 34 34 34 34 35 35 35 35             323
MAR  36 36 36 36 37 37 37 38 38 38 38 39 39 39 40 40 40 40 41 41 41 42 42 42 43 43 43 43 44 44 44    399
APR  45 45 45 46 46 46 47 47 47 48 48 48 49 49 49 50 50 50 51 51 51 52 52 52 52 53 53 53 54 54       494
MAY  54 55 55 55 56 56 56 57 57 57 58 58 58 59 59 59 60 60 60 61 61 61 62 62 62 63 63 63 63 64 64    593
JUN  65 65 65 65 66 66 66 67 67 67 67 68 68 68 68 68 69 69 69 69 69 69 70 70 70 70 70 70 70 70       680
JUL  70 71 71 71 71 71 71 71 71 71 71 71 71 71 71 71 71 71 71 71 71 71 71 71 72 72 72 72 72 72 72    712
AUG  72 72 71 71 71 71 71 71 71 71 71 71 71 71 70 70 70 70 70 70 70 69 69 69 69 69 68 68 68 68 67    700
SEP  67 67 66 66 66 66 65 65 65 64 64 64 63 63 63 62 62 62 62 61 61 60 60 60 59 59 59 58 58 58       625
OCT  57 57 56 56 56 55 55 54 54 54 53 53 53 52 52 51 51 50 50 50 49 49 48 48 48 47 47 46 46 45 45    512
NOV  45 44 44 43 43 42 42 42 41 41 41 40 40 39 39 39 38 38 38 37 37 37 36 36 36 36 35 35 35 34       391
DEC  34 34 34 33 33 33 33 32 32 32 32 31 31 31 31 31 31 30 30 30 30 30 29 29 29 29 29 29 29 29 28    309
                                                                                                        
-------------------------------------------------------------------------------------------------       
 Maximum Temperature (deg F [tenths deg F for monthly])                                                 
 DAY  1  2  3  4  5  6  7  8  9 10 11 12 13 14 15 16 17 18 19 20 21 22 23 24 25 26 27 28 29 30 31  MONTH
-------------------------------------------------------------------------------------------------       
JAN  54 54 54 54 54 54 54 54 54 54 54 54 54 54 54 55 55 55 55 55 55 55 55 55 56 56 56 56 56 57 57    548
FEB  57 57 57 58 58 58 58 59 59 59 59 60 60 60 60 61 61 61 61 62 62 62 62 63 63 63 64 64             603
MAR  64 64 65 65 65 66 66 66 66 67 67 67 68 68 68 69 69 69 70 70 70 70 71 71 71 72 72 72 73 73 73    686
APR  74 74 74 75 75 75 75 76 76 76 77 77 77 77 78 78 78 79 79 79 79 79 80 80 80 80 81 81 81 81       777
MAY  81 82 82 82 82 83 83 83 83 83 84 84 84 84 85 85 85 85 86 86 86 86 86 87 87 87 88 88 88 88 89    849
JUN  89 89 89 90 90 90 90 91 91 91 91 92 92 92 92 92 93 93 93 93 93 94 94 94 94 94 95 95 95 95       922
JUL  95 95 95 96 96 96 96 96 96 96 96 96 97 97 97 97 97 97 97 97 97 97 97 97 97 97 97 97 97 97 97    965
AUG  97 97 97 97 97 97 97 97 97 96 96 96 96 96 96 96 95 95 95 95 95 94 94 94 94 94 93 93 93 93 92    953
SEP  92 92 91 91 91 91 90 90 90 89 89 89 88 88 88 88 87 87 87 86 86 86 86 85 85 85 85 84 84 84       878
OCT  83 83 83 82 82 82 82 81 81 81 80 80 80 79 79 79 78 78 77 77 77 76 76 75 75 75 74 74 73 73 72    783
NOV  72 71 71 71 70 70 69 69 68 68 68 67 67 66 66 66 65 65 64 64 64 63 63 63 62 62 61 61 61 60       659
DEC  60 60 59 59 59 59 58 58 58 57 57 57 57 57 56 56 56 56 56 55 55 55 55 55 55 55 55 54 54 54 54    565
                                                                                                        
-------------------------------------------------------------------------------------------------       
 Average Temperature (deg F [tenths deg F for monthly])                                                 
 DAY  1  2  3  4  5  6  7  8  9 10 11 12 13 14 15 16 17 18 19 20 21 22 23 24 25 26 27 28 29 30 31  MONTH
-------------------------------------------------------------------------------------------------       
JAN  41 41 41 41 41 41 41 41 41 41 41 41 41 41 41 41 41 41 41 41 42 42 42 42 42 42 42 43 43 43 43    415
FEB  43 43 44 44 44 44 44 45 45 45 45 46 46 46 46 47 47 47 47 48 48 48 48 49 49 49 49 50             463
MAR  50 50 50 51 51 51 52 52 52 52 53 53 53 54 54 54 55 55 55 55 56 56 56 57 57 57 58 58 58 59 59    543
APR  59 60 60 60 60 61 61 61 62 62 62 63 63 63 64 64 64 64 65 65 65 66 66 66 66 67 67 67 67 68       636
MAY  68 68 69 69 69 69 70 70 70 70 71 71 71 71 72 72 72 73 73 73 73 74 74 74 75 75 75 76 76 76 76    721
JUN  77 77 77 77 78 78 78 79 79 79 79 80 80 80 80 80 81 81 81 81 81 82 82 82 82 82 82 82 83 83       801
JUL  83 83 83 83 83 83 84 84 84 84 84 84 84 84 84 84 84 84 84 84 84 84 84 84 84 84 85 85 85 84 84    839
AUG  84 84 84 84 84 84 84 84 84 84 84 84 84 83 83 83 83 83 83 82 82 82 82 82 81 81 81 81 80 80 80    827
SEP  80 79 79 79 78 78 78 77 77 77 77 76 76 76 75 75 75 74 74 74 74 73 73 73 72 72 72 71 71 71       752
OCT  70 70 70 69 69 69 68 68 68 67 67 66 66 66 65 65 65 64 64 63 63 63 62 62 61 61 60 60 60 59 59    648
NOV  58 58 57 57 57 56 56 55 55 54 54 54 53 53 53 52 52 51 51 51 50 50 50 49 49 49 48 48 48 47       525
DEC  47 47 47 46 46 46 45 45 45 45 44 44 44 44 44 43 43 43 43 43 43 42 42 42 42 42 42 42 42 41 41    437
                                                                                                        
-------------------------------------------------------------------------------------------------       
 Heating Degree Days                                                                                    
 DAY  1  2  3  4  5  6  7  8  9 10 11 12 13 14 15 16 17 18 19 20 21 22 23 24 25 26 27 28 29 30 31  MONTH
-------------------------------------------------------------------------------------------------       
JAN  24 24 24 24 24 24 24 24 24 24 24 24 24 24 24 24 24 24 24 24 24 23 23 23 23 23 23 23 22 22 22    731
FEB  22 22 21 21 21 21 21 20 20 20 20 20 19 19 19 19 18 18 18 18 17 17 17 16 16 16 16 15             527
MAR  15 15 15 14 14 14 13 13 13 13 12 12 12 11 11 11 11 10 10 10 10  9  9  9  9  8  8  8  8  7  7    341
APR   7  6  6  6  6  6  5  5  5  5  4  4  4  4  4  4  3  3  3  3  3  3  2  2  2  2  2  2  2  2       115
MAY   2  2  2  1  1  1  1  1  1  1  1  1  1  1  1  1  1  1  0  0  0  0  0  0  0  0  0  0  0  0  0     21
JUN   0  0  0  0  0  0  0  0  0  0  0  0  0  0  0  0  0  0  0  0  0  0  0  0  0  0  0  0  0  0         0
JUL   0  0  0  0  0  0  0  0  0  0  0  0  0  0  0  0  0  0  0  0  0  0  0  0  0  0  0  0  0  0  0      0
AUG   0  0  0  0  0  0  0  0  0  0  0  0  0  0  0  0  0  0  0  0  0  0  0  0  0  0  0  0  0  0  0      0
SEP   0  0  0  0  0  0  0  0  0  0  0  0  0  0  0  0  0  0  0  0  1  1  1  1  1  1  1  1  1  1        10
OCT   1  1  1  1  1  1  1  1  1  1  2  2  2  2  2  3  3  3  3  4  4  4  4  5  5  5  6  6  6  7  7     95
NOV   8  8  8  9  9 10 10 10 11 11 11 12 12 12 13 13 13 14 14 15 15 15 15 16 16 16 17 17 17 18       385
DEC  18 18 19 19 19 19 20 20 20 20 21 21 21 21 21 22 22 22 22 22 22 23 23 23 23 23 23 23 23 24 24    661
                                                                                                        
-------------------------------------------------------------------------------------------------       
 Cooling Degree Days                                                                                    
 DAY  1  2  3  4  5  6  7  8  9 10 11 12 13 14 15 16 17 18 19 20 21 22 23 24 25 26 27 28 29 30 31  MONTH
-------------------------------------------------------------------------------------------------       
JAN   0  0  0  0  0  0  0  0  0  0  0  0  0  0  0  0  0  0  0  0  0  0  0  0  0  0  0  0  0  0  0      0
FEB   0  0  0  0  0  0  0  0  0  0  0-99-99-99-99  0  0  0  0  0  0  0  0  0  0  0  0  0               4
MAR   0  0  0  0  0  0  0  0  0  0  0  0  0  0  0  0  0  0  0  0  0  0  0  1  1  1  1  1  1  1  1      8
APR   1  1  1  1  1  1  1  1  2  2  2  2  2  2  2  2  2  3  3  3  3  3  3  3  4  4  4  4  4  4        71
MAY   5  5  5  5  5  5  6  6  6  6  6  7  7  7  7  8  8  8  8  9  9  9  9 10 10 10 10 11 11 11 12    241
JUN  12 12 12 13 13 13 13 14 14 14 14 15 15 15 15 15 16 16 16 16 16 17 17 17 17 17 17 17 18 18       454
JUL  18 18 18 18 18 19 19 19 19 19 19 19 19 19 19 19 19 19 19 19 19 19 19 19 19 19 20 19 19 19 19    585
AUG  19 19 19 19 19 19 19 19 19 19 19 18 18 18 18 18 18 18 17 17 17 17 17 17 16 16 16 16 15 15 15    546
SEP  15 14 14 14 13 13 13 13 12 12 12 11 11 11 11 10 10 10  9  9  9  9  8  8  8  7  7  7  7  6       313
OCT   6  6  5  5  5  5  4  4  4  4  3  3  3  3  3  3  2  2  2  2  2  2  2  1  1  1  1  1  1  1  1     88
NOV   1  1  1  1  1  1  1  1  1  1  0  0  0  0  0  0  0  0  0  0  0  0  0  0  0  0  0  0  0  0        10
DEC   0  0  0  0  0  0  0  0  0  0  0  0  0  0  0  0  0  0  0  0  0  0  0  0  0  0  0  0  0  0  0      0
                                                                                                        
-------------------------------------------------------------------------------------------------       
 Total  Precipitation (Hundreths of an Inch)                                                            
 DAY  1  2  3  4  5  6  7  8  9 10 11 12 13 14 15 16 17 18 19 20 21 22 23 24 25 26 27 28 29 30 31  MONTH
-------------------------------------------------------------------------------------------------       
JAN   3  3  3  3  3  3  3  3  3  3  3  3  3  3  3  3  3  3  3  3  3  3  3  3  4  4  4  4  4  4  4    100
FEB   4  4  5  5  5  5  5  5  5  5  5  5  6  6  6  6  6  6  6  6  6  6  6  6  6  6  6  6             154
MAR   6  6  6  6  6  6  6  6  6  6  6  6  6  6  5  5  5  5  5  5  5  5  5  5  5  5  5  5  5  5  5    169
APR   5  5  5  5  5  5  5  5  5  5  5  6  6  6  6  6  6  6  7  7  7  7  7  8  8  8  8  9  9  9       191
MAY   9 10 10 10 11 11 11 11 12 12 12 12 12 13 13 13 13 13 13 13 13 13 13 14 14 14 14 14 14 14 14    385
JUN  14 14 14 13 13 13 13 13 13 13 13 13 12 12 12 12 12 11 11 11 11 10 10 10 10  9  9  9  8  8       346
JUL   8  7  7  7  6  6  6  6  5  5  5  5  5  5  5  5  5  5  5  5  5  5  5  5  5  5  5  5  5  6  6    170
AUG   6  6  7  7  7  7  7  8  8  8  8  8  8  9  9  9  9  9  9  9 10 10 10 10 10 10 10 10 10 10 10    268
SEP  10 10 10 10 11 11 11 11 11 11 11 11 11 11 11 11 11 11 11 11 11 11 11 11 11 11 10 10 10 10       322
OCT  10 10 10 10 10 10 10 10 10 10 10 10  9  9  9  9  9  9  9  8  8  8  8  8  8  7  7  7  7  7  7    273
NOV   6  6  6  6  6  5  5  5  5  5  5  5  5  4  4  4  4  4  4  4  4  4  4  4  4  4  4  4  4  4       138
DEC   4  4  4  4  4  4  4  4  4  4  4  4  4  4  4  4  4  4  4  4  4  4  4  4  4  4  4  3  3  3  3    120
                                                                                                        
