-------------------------------------------------------------------------------------------------       
 1971-2000 Daily/Monthly Station Normals                                                                
 Provided by National Climatic Data Center/NESDIS/NOAA                                                  
-------------------------------------------------------------------------------------------------       
 Station COOP ID:                           411239                                                      
 Station Name, State, Division, Call:       BURKETT                            TX 02                    
 Latitude, Longitude, Elevation, Elements:  32 00 00 -099 13 00  1555   P                               
-------------------------------------------------------------------------------------------------       
 Total  Precipitation (Hundreths of an Inch)                                                            
 DAY  1  2  3  4  5  6  7  8  9 10 11 12 13 14 15 16 17 18 19 20 21 22 23 24 25 26 27 28 29 30 31  MONTH
-------------------------------------------------------------------------------------------------       
JAN   4  4  4  4  4  4  4  4  3  3  3  3  3  3  3  4  4  4  4  4  4  4  4  4  4  4  4  4  4  5  5    119
FEB   5  5  5  5  5  5  5  6  6  6  6  6  6  6  6  6  6  6  6  6  7  7  7  7  7  7  7  7             169
MAR   7  7  7  7  7  7  7  7  7  7  7  7  7  6  6  6  6  6  6  6  6  6  6  6  6  6  6  6  6  6  6    199
APR   6  6  6  5  5  5  5  5  5  6  6  6  6  6  6  6  6  6  6  6  7  7  7  7  7  8  8  8  8  9       190
MAY   9  9  9 10 10 10 11 11 11 11 11 12 12 12 12 12 13 13 13 13 13 14 14 14 14 14 14 14 14 15 15    379
JUN  15 15 15 15 15 15 15 15 15 15 15 15 15 14 14 14 14 14 13 13 13 12 12 12 11 11 11 10 10  9       402
JUL   9  8  8  8  7  7  7  6  6  6  5  5  5  5  5  5  5  4  4  4  4  5  5  5  5  5  5  5  5  6  6    175
AUG   6  6  7  7  7  8  8  8  8  8  9  9  9  9  9  9  9  9 10 10 10 10 10 10 10 10 10 10 10 10 10    275
SEP  10 10 10 10 10 10  9  9  9 10 10 10 10 10 10 10 10 10 10 10 10 10 10 10 10 10 11 11 11 11       301
OCT  11 11 11 12 12 12 12 12 12 12 12 12 12 12 11 11 11 11 11 11 11 11 10 10 10 10  9  9  9  8  8    336
NOV   8  7  7  7  7  6  6  6  6  5  5  5  5  5  5  4  4  4  4  4  4  4  4  4  4  4  4  4  4  4       150
DEC   4  4  4  4  4  4  4  4  5  5  5  5  5  5  5  5  5  5  5  5  5  5  4  4  4  4  4  4  4  4  4    138
                                                                                                        
