-------------------------------------------------------------------------------------------------       
 1971-2000 Daily/Monthly Station Normals                                                                
 Provided by National Climatic Data Center/NESDIS/NOAA                                                  
-------------------------------------------------------------------------------------------------       
 Station COOP ID:                           415229                                                      
 Station Name, State, Division, Call:       LINDEN                             TX 04                    
 Latitude, Longitude, Elevation, Elements:  33 00 58 -094 22 03   415   P                               
-------------------------------------------------------------------------------------------------       
 Total  Precipitation (Hundreths of an Inch)                                                            
 DAY  1  2  3  4  5  6  7  8  9 10 11 12 13 14 15 16 17 18 19 20 21 22 23 24 25 26 27 28 29 30 31  MONTH
-------------------------------------------------------------------------------------------------       
JAN  13 13 13 13 13 13 13 13 13 13 13 13 13 13 13 13 13 13 13 13 13 13 13 13 13 13 13 13 13 13 13    403
FEB  14 14 14 14 14 14 14 15 15 15 15 15 15 15 15 15 15 15 15 15 15 15 15 15 15 15 15 15             413
MAR  15 15 15 15 15 15 15 15 15 15 15 15 15 15 15 15 15 15 15 15 15 15 15 16 16 16 16 16 16 16 16    473
APR  15 15 15 15 15 15 15 16 16 16 16 16 16 16 16 16 16 16 16 16 16 15 15 15 15 15 15 15 15 15       464
MAY  15 15 15 15 15 15 15 15 15 16 16 16 16 16 16 16 16 16 16 16 16 16 16 17 17 17 17 17 17 17 18    496
JUN  18 18 18 18 18 18 18 18 18 18 18 18 18 18 18 18 17 17 17 17 17 16 16 16 15 15 15 14 14 13       507
JUL  13 13 12 12 12 11 11 11 10 10 10  9  9  9  9  9  9  8  8  8  8  8  8  8  8  8  8  8  8  8  8    291
AUG   9  9  9  9  9  9  9  9 10 10 10 10 10 10 10 10 10 11 11 11 11 11 11 11 11 11 11 11 11 11 11    316
SEP  12 12 12 12 12 12 12 12 12 12 12 12 12 12 12 12 12 12 12 12 12 12 12 12 12 13 13 13 13 13       365
OCT  13 13 13 13 13 13 13 13 13 13 13 13 13 13 13 14 14 14 14 14 14 14 15 15 15 15 15 15 16 16 16    431
NOV  16 17 17 17 17 17 18 18 18 18 18 18 18 18 18 18 18 18 18 18 18 18 18 18 18 18 18 18 17 17       531
DEC  17 17 17 17 16 16 16 16 16 16 16 16 15 15 15 15 15 15 15 15 14 14 14 14 14 14 14 14 14 13 13    468
                                                                                                        
