-------------------------------------------------------------------------------------------------       
 1971-2000 Daily/Monthly Station Normals                                                                
 Provided by National Climatic Data Center/NESDIS/NOAA                                                  
-------------------------------------------------------------------------------------------------       
 Station COOP ID:                           412772                                                      
 Station Name, State, Division, Call:       EDOM                               TX 04                    
 Latitude, Longitude, Elevation, Elements:  32 22 00 -095 37 00   508   P                               
-------------------------------------------------------------------------------------------------       
 Total  Precipitation (Hundreths of an Inch)                                                            
 DAY  1  2  3  4  5  6  7  8  9 10 11 12 13 14 15 16 17 18 19 20 21 22 23 24 25 26 27 28 29 30 31  MONTH
-------------------------------------------------------------------------------------------------       
JAN  11 11 11 11 11 11 11 11 11 11 11 10 10 10 10 10 10 10 10 10 10 10 10 11 11 11 11 11 11 11 11    329
FEB  11 11 11 12 12 12 12 12 12 12 12 12 12 12 12 12 12 12 12 13 13 13 13 13 13 12 12 12             339
MAR  12 12 12 12 12 12 12 12 12 12 12 12 12 12 12 12 12 12 12 12 12 11 11 11 11 11 11 11 11 11 11    362
APR  11 11 11 11 11 10 10 11 11 11 11 11 11 11 11 11 11 11 11 11 12 12 12 12 12 12 13 13 13 13       342
MAY  14 14 14 14 15 15 15 15 15 15 15 16 16 16 16 16 16 16 16 16 16 16 16 16 16 16 16 16 15 15 15    478
JUN  15 15 15 15 15 14 14 14 14 14 13 13 13 13 13 13 12 12 12 12 11 11 11 11 10 10 10 10 10  9       374
JUL   9  9  9  8  8  8  8  7  7  7  7  7  7  6  6  6  6  6  6  6  6  6  6  6  5  5  5  5  5  5  5    202
AUG   5  5  5  6  6  6  6  6  6  6  6  6  6  6  6  6  6  6  7  7  7  7  7  7  7  7  8  8  8  8  8    201
SEP   8  9  9  9  9  9  9 10 10 10 10 10 10 10 11 11 11 11 11 11 12 12 12 12 12 12 13 13 13 13       322
OCT  13 13 13 14 14 14 14 14 14 14 14 14 14 14 14 15 15 15 15 15 15 15 15 15 15 15 15 14 14 14 14    443
NOV  14 14 14 14 14 14 14 14 14 14 14 14 14 14 14 14 14 14 14 13 13 13 13 13 13 13 13 13 13 13       409
DEC  13 13 14 14 14 13 13 13 13 13 13 13 13 13 13 13 13 13 13 13 13 13 13 12 12 12 12 12 12 12 12    398
                                                                                                        
