-------------------------------------------------------------------------------------------------       
 1971-2000 Daily/Monthly Station Normals                                                                
 Provided by National Climatic Data Center/NESDIS/NOAA                                                  
-------------------------------------------------------------------------------------------------       
 Station COOP ID:                           414597                                                      
 Station Name, State, Division, Call:       JOE POOL LAKE                      TX 03                    
 Latitude, Longitude, Elevation, Elements:  32 38 00 -096 58 00   591   P                               
-------------------------------------------------------------------------------------------------       
 Total  Precipitation (Hundreths of an Inch)                                                            
 DAY  1  2  3  4  5  6  7  8  9 10 11 12 13 14 15 16 17 18 19 20 21 22 23 24 25 26 27 28 29 30 31  MONTH
-------------------------------------------------------------------------------------------------       
JAN   8  7  7  7  7  6  6  6  6  6  6  6  5  5  5  5  5  5  5  6  6  6  6  6  6  6  7  7  7  7  8    191
FEB   8  8  9  9  9  9 10 10 10 10 11 11 11 11 11 11 11 11 11 11 11 11 11 11 11 11 11 11             290
MAR  11 10 10 10 10 10 10 10 10 10 10 10 10 10 10 10 10  9 10 10 10 10 10 10 10 10 10 10 10 10 10    310
APR  10 10 11 11 11 11 11 11 11 11 11 12 12 12 12 12 12 12 13 13 13 13 13 13 13 14 14 14 14 14       364
MAY  15 15 15 15 15 15 16 16 16 16 16 16 16 16 16 16 16 16 16 16 16 16 16 16 16 16 16 16 16 16 16    490
JUN  16 16 15 15 15 15 15 15 15 14 14 14 14 14 13 13 13 13 12 12 12 12 11 11 11 11 10 10 10  9       390
JUL   9  9  8  8  8  8  7  7  7  7  7  6  6  6  6  6  6  6  6  6  6  6  5  5  6  6  6  6  6  6  6    203
AUG   6  6  6  7  7  7  7  7  7  7  7  7  7  7  7  7  7  7  7  7  7  7  7  7  7  8  7  7  7  7  7    215
SEP   7  7  7  7  7  7  7  7  8  8  8  8  8  8  8  8  9  9  9  9  9 10 10 10 11 11 11 11 12 12       263
OCT  12 13 13 13 14 14 14 14 14 15 15 15 15 15 15 15 15 15 15 15 15 15 15 14 14 14 14 14 13 13 13    440
NOV  12 12 12 12 11 11 11 11 10 10 10 10 10 10 10 10 10 10  9  9 10 10 10 10 10 10 10 10 10 10       310
DEC  11 11 11 11 11 11 11 11 11 11 11 11 11 11 11 11 11 11 11 11 11 11 10 10 10 10  9  9  9  9  8    326
                                                                                                        
