-------------------------------------------------------------------------------------------------       
 1971-2000 Daily/Monthly Station Normals                                                                
 Provided by National Climatic Data Center/NESDIS/NOAA                                                  
-------------------------------------------------------------------------------------------------       
 Station COOP ID:                           416024                                                      
 Station Name, State, Division, Call:       MONTGOMERY                         TX 04                    
 Latitude, Longitude, Elevation, Elements:  30 23 44 -095 41 56   320   P                               
-------------------------------------------------------------------------------------------------       
 Total  Precipitation (Hundreths of an Inch)                                                            
 DAY  1  2  3  4  5  6  7  8  9 10 11 12 13 14 15 16 17 18 19 20 21 22 23 24 25 26 27 28 29 30 31  MONTH
-------------------------------------------------------------------------------------------------       
JAN  13 13 13 13 13 13 13 13 13 13 13 13 13 13 13 13 13 13 13 13 13 13 13 13 12 12 12 12 12 12 12    396
FEB  12 12 12 11 11 11 11 11 11 11 11 11 11 10 10 10 10 10 10 10 10 10 10 10 10 10 10 10             296
MAR  10 10 10 10 10 10 10 10 10 10 10 10 10 10 10 10 10 10 10 10 11 11 11 11 11 11 11 11 11 11 11    321
APR  11 11 11 11 11 11 11 11 12 12 12 12 12 12 12 12 12 13 13 13 13 13 13 14 14 14 14 14 14 15       373
MAY  15 15 15 15 15 16 16 16 16 16 16 16 16 17 17 17 17 17 17 17 17 17 17 17 17 17 17 17 17 17 16    508
JUN  16 16 16 16 16 16 16 16 16 15 15 15 15 15 15 14 14 14 14 14 13 13 13 13 12 12 12 12 11 11       426
JUL  11 10 10 10 10  9  9  9  9  9  8  8  8  8  8  8  8  8  8  8  8  8  8  8  8  8  8  8  8  8  9    265
AUG   9  9  9  9  9  9 10 10 10 10 10 10 11 11 11 11 11 11 12 12 12 12 12 13 13 13 13 13 13 14 14    346
SEP  14 14 14 15 15 15 15 15 15 15 15 15 15 16 16 16 16 16 16 16 16 16 16 16 15 15 15 15 15 15       458
OCT  15 15 15 15 15 15 14 14 14 14 14 14 14 14 14 14 14 14 14 14 14 14 14 14 14 15 15 15 15 15 15    446
NOV  15 15 15 15 15 15 16 16 16 16 16 16 16 16 16 16 16 16 16 15 15 15 15 15 15 15 15 15 14 14       461
DEC  14 14 14 14 14 13 13 13 13 13 13 13 13 13 13 13 13 13 12 12 12 12 12 12 12 12 13 13 13 13 13    400
                                                                                                        
