-------------------------------------------------------------------------------------------------       
 1971-2000 Daily/Monthly Station Normals                                                                
 Provided by National Climatic Data Center/NESDIS/NOAA                                                  
-------------------------------------------------------------------------------------------------       
 Station COOP ID:                           410408                                                      
 Station Name, State, Division, Call:       ATLANTA                            TX 04                    
 Latitude, Longitude, Elevation, Elements:  33 06 18 -094 10 19   300   P                               
-------------------------------------------------------------------------------------------------       
 Total  Precipitation (Hundreths of an Inch)                                                            
 DAY  1  2  3  4  5  6  7  8  9 10 11 12 13 14 15 16 17 18 19 20 21 22 23 24 25 26 27 28 29 30 31  MONTH
-------------------------------------------------------------------------------------------------       
JAN  13 13 13 13 13 13 13 13 13 13 13 13 13 12 12 12 12 12 12 12 12 12 12 12 13 13 13 13 13 13 13    392
FEB  13 13 13 13 13 13 13 13 14 14 14 14 14 14 14 14 14 14 14 14 14 14 14 14 15 15 15 15             388
MAR  15 15 15 15 15 15 15 15 15 15 15 15 15 15 15 15 15 15 15 16 16 16 16 15 15 15 15 15 15 15 15    469
APR  15 15 15 15 15 15 15 15 15 15 15 15 15 15 15 15 15 15 15 15 14 14 14 14 14 14 14 14 14 14       440
MAY  14 14 14 14 14 14 14 14 14 14 14 14 14 14 14 14 14 14 14 14 14 14 15 15 15 15 15 15 15 15 15    443
JUN  16 16 16 16 16 16 16 16 16 16 16 16 16 16 16 16 16 15 15 15 15 15 15 14 14 14 14 13 13 13       457
JUL  12 12 12 11 11 11 10 10 10 10  9  9  9  9  9  9  8  8  8  8  8  8  8  8  8  7  7  7  7  7  7    277
AUG   7  7  7  7  7  7  8  8  8  8  8  8  8  8  8  8  8  8  8  8  8  8  9  9  9  9  9  9  9  9  9    251
SEP   9  9 10 10 10 10 10 10 10 10 10 10 11 11 11 11 11 11 11 11 11 11 12 12 12 12 12 12 12 12       324
OCT  12 12 12 13 13 13 13 13 13 13 13 13 13 14 14 14 14 14 14 14 15 15 15 15 15 15 16 16 16 16 16    434
NOV  16 17 17 17 17 17 17 17 18 18 18 18 18 18 18 18 18 18 18 18 18 18 18 18 18 18 18 18 18 17       530
DEC  17 17 17 17 17 17 17 16 16 16 16 16 16 16 15 15 15 15 15 15 15 15 15 14 14 14 14 14 14 14 14    478
                                                                                                        
