-------------------------------------------------------------------------------------------------       
 1971-2000 Daily/Monthly Station Normals                                                                
 Provided by National Climatic Data Center/NESDIS/NOAA                                                  
-------------------------------------------------------------------------------------------------       
 Station COOP ID:                           411800                                                      
 Station Name, State, Division, Call:       CLEBURNE                           TX 03                    
 Latitude, Longitude, Elevation, Elements:  32 20 00 -097 24 00   783 XNP                               
-------------------------------------------------------------------------------------------------       
 Minimum Temperature (deg F [tenths deg F for monthly])                                                 
 DAY  1  2  3  4  5  6  7  8  9 10 11 12 13 14 15 16 17 18 19 20 21 22 23 24 25 26 27 28 29 30 31  MONTH
-------------------------------------------------------------------------------------------------       
JAN  34 34 34 34 34 34 33 33 33 33 33 33 34 34 34 34 34 34 34 34 34 34 34 34 35 35 35 35 35 35 35    340
FEB  36 36 36 36 36 37 37 37 37 37 38 38 38 38 38 39 39 39 39 40 40 40 40 41 41 41 42 42             385
MAR  42 42 43 43 43 43 44 44 44 45 45 45 45 46 46 46 46 46 47 47 47 47 48 48 48 48 49 49 49 49 49    459
APR  50 50 50 50 51 51 51 51 51 52 52 52 52 53 53 53 54 54 54 54 55 55 55 56 56 56 57 57 57 57       533
MAY  58 58 58 59 59 59 60 60 60 61 61 61 62 62 62 62 63 63 63 63 64 64 64 64 65 65 65 65 66 66 66    622
JUN  66 67 67 67 67 67 68 68 68 68 68 69 69 69 69 69 69 70 70 70 70 70 70 70 70 71 71 71 71 71       690
JUL  71 71 71 71 71 72 72 72 72 72 72 72 72 72 72 72 72 72 72 72 72 72 72 72 72 72 73 73 73 73 73    720
AUG  73 73 73 72 72 72 72 72 72 72 72 72 72 72 72 72 72 72 71 71 71 71 71 71 71 70 70 70 70 70 70    715
SEP  69 69 69 69 69 68 68 68 68 67 67 67 67 66 66 66 65 65 65 64 64 64 64 63 63 62 62 62 61 61       656
OCT  61 60 60 60 59 59 58 58 58 57 57 57 56 56 55 55 55 54 54 54 53 53 53 52 52 52 51 51 51 50 50    552
NOV  50 49 49 49 48 48 47 47 47 46 46 46 45 45 45 44 44 44 44 43 43 43 42 42 42 41 41 41 40 40       447
DEC  40 39 39 39 39 38 38 38 38 37 37 37 37 36 36 36 36 36 35 35 35 35 35 35 35 34 34 34 34 34 34    363
                                                                                                        
-------------------------------------------------------------------------------------------------       
 Maximum Temperature (deg F [tenths deg F for monthly])                                                 
 DAY  1  2  3  4  5  6  7  8  9 10 11 12 13 14 15 16 17 18 19 20 21 22 23 24 25 26 27 28 29 30 31  MONTH
-------------------------------------------------------------------------------------------------       
JAN  57 57 57 57 57 57 57 57 57 57 57 57 57 57 57 57 57 58 58 58 58 58 58 58 58 59 59 59 59 60 60    577
FEB  60 60 60 61 61 61 61 62 62 62 62 63 63 63 64 64 64 64 65 65 65 65 66 66 66 66 67 67             634
MAR  67 68 68 68 68 69 69 69 69 70 70 70 71 71 71 71 72 72 72 72 73 73 73 73 74 74 74 74 75 75 75    713
APR  75 76 76 76 76 76 77 77 77 77 78 78 78 78 79 79 79 79 79 80 80 80 80 80 81 81 81 81 82 82       786
MAY  82 82 82 83 83 83 83 83 84 84 84 84 84 85 85 85 85 86 86 86 86 87 87 87 87 87 88 88 88 88 89    852
JUN  89 89 89 89 90 90 90 90 91 91 91 91 92 92 92 92 92 93 93 93 93 93 94 94 94 94 94 95 95 95       920
JUL  95 95 95 96 96 96 96 96 96 97 97 97 97 97 97 97 97 97 97 98 98 98 98 98 98 98 98 98 98 98 98    970
AUG  98 98 98 98 98 98 98 98 98 98 98 98 98 98 97 97 97 97 97 97 97 96 96 96 96 96 95 95 95 94 94    969
SEP  94 94 93 93 93 92 92 92 92 91 91 91 90 90 90 90 89 89 89 89 88 88 88 87 87 87 87 86 86 86       898
OCT  86 85 85 85 84 84 84 83 83 83 82 82 82 81 81 81 80 80 80 79 79 78 78 77 77 77 76 76 75 75 74    804
NOV  74 73 73 72 72 71 71 70 70 70 69 69 68 68 68 67 67 67 66 66 65 65 65 64 64 64 64 63 63 63       677
DEC  62 62 62 62 62 61 61 61 61 60 60 60 60 60 59 59 59 59 59 59 58 58 58 58 58 58 58 58 58 57 57    595
                                                                                                        
-------------------------------------------------------------------------------------------------       
 Average Temperature (deg F [tenths deg F for monthly])                                                 
 DAY  1  2  3  4  5  6  7  8  9 10 11 12 13 14 15 16 17 18 19 20 21 22 23 24 25 26 27 28 29 30 31  MONTH
-------------------------------------------------------------------------------------------------       
JAN  46 46 46 45 45 45 45 45 45 45 45 45 45 45 46 46 46 46 46 46 46 46 46 46 47 47 47 47 47 47 48    459
FEB  48 48 48 48 49 49 49 49 50 50 50 50 51 51 51 51 52 52 52 52 53 53 53 53 54 54 54 54             510
MAR  55 55 55 56 56 56 56 57 57 57 57 58 58 58 58 59 59 59 59 60 60 60 60 61 61 61 61 62 62 62 62    586
APR  62 63 63 63 63 64 64 64 64 65 65 65 65 66 66 66 66 67 67 67 67 68 68 68 68 69 69 69 69 70       660
MAY  70 70 70 71 71 71 71 72 72 72 73 73 73 73 74 74 74 74 75 75 75 75 75 76 76 76 76 77 77 77 77    737
JUN  78 78 78 78 78 79 79 79 79 80 80 80 80 80 80 81 81 81 81 81 82 82 82 82 82 82 83 83 83 83       805
JUL  83 83 83 84 84 84 84 84 84 84 84 84 84 85 85 85 85 85 85 85 85 85 85 85 85 85 85 85 85 85 85    845
AUG  85 85 85 85 85 85 85 85 85 85 85 85 85 85 85 85 85 84 84 84 84 84 84 83 83 83 83 83 82 82 82    842
SEP  82 81 81 81 81 80 80 80 80 79 79 79 78 78 78 78 77 77 77 77 76 76 76 75 75 75 74 74 74 73       777
OCT  73 73 72 72 72 72 71 71 70 70 70 69 69 69 68 68 68 67 67 66 66 66 65 65 65 64 64 63 63 62 62    678
NOV  62 61 61 60 60 60 59 59 58 58 58 57 57 57 56 56 55 55 55 54 54 54 54 53 53 53 52 52 52 51       562
DEC  51 51 51 50 50 50 50 49 49 49 49 48 48 48 48 48 47 47 47 47 47 47 46 46 46 46 46 46 46 46 46    479
                                                                                                        
-------------------------------------------------------------------------------------------------       
 Heating Degree Days                                                                                    
 DAY  1  2  3  4  5  6  7  8  9 10 11 12 13 14 15 16 17 18 19 20 21 22 23 24 25 26 27 28 29 30 31  MONTH
-------------------------------------------------------------------------------------------------       
JAN  19 19 20 20 20 20 20 20 20 20 20 20 20 20 20 20 19 19 19 19 19 19 19 19 19 18 18 18 18 18 18    597
FEB  18 17 17 17 17 17 16 16 16 16 15 15 15 15 15 14 14 14 13 13 13 13 12 12 12 12 11 11             406
MAR  11 10 10 10 10  9  9  9  8  8  8  8  8  7  7  7  7  6  6  6  6  6  5  5  5  5  5  4  4  4  4    217
APR   4  4  4  3  3  3  3  3  3  3  3  2  2  2  2  2  2  2  2  2  1  1  1  1  1  1  1  1  1  1        64
MAY   1  1  1  1  1  1  1  1  0  0  0  0  0  0  0  0  0  0  0  0  0  0  0  0  0  0  0  0  0  0  0      8
JUN   0  0  0  0  0  0  0  0  0  0  0  0  0  0  0  0  0  0  0  0  0  0  0  0  0  0  0  0  0  0         0
JUL   0  0  0  0  0  0  0  0  0  0  0  0  0  0  0  0  0  0  0  0  0  0  0  0  0  0  0  0  0  0  0      0
AUG   0  0  0  0  0  0  0  0  0  0  0  0  0  0  0  0  0  0  0  0  0  0  0  0  0  0  0  0  0  0  0      0
SEP   0  0  0  0  0  0  0-99-99-99  0  0  0  0  0  0  0  0  0  0  0  0  0  0  0  0  0  0  0  0         3
OCT   0  0  0  0  0  0  0  0  0  0  0  0  0  0  1  1  1  1  1  2  2  2  2  2  3  3  3  4  4  4  5     41
NOV   5  5  6  6  6  7  7  7  8  8  8  9  9  9 10 10 10 10 11 11 11 12 12 12 12 13 13 13 14 14       288
DEC  14 14 15 15 15 15 16 16 16 16 17 17 17 17 17 18 18 18 18 18 18 18 19 19 19 19 19 19 19 19 19    534
                                                                                                        
-------------------------------------------------------------------------------------------------       
 Cooling Degree Days                                                                                    
 DAY  1  2  3  4  5  6  7  8  9 10 11 12 13 14 15 16 17 18 19 20 21 22 23 24 25 26 27 28 29 30 31  MONTH
-------------------------------------------------------------------------------------------------       
JAN   0  0  0  0  0  0  0  0  0  0  0  0  0  0  0  0  0  0  0  0  0  0  0  0  0  0  0  0-99-99-99      3
FEB   0  0  0  0  0  0  0  0  0  0  0-99-99-99-99-99-99-99-99-99-99-99  0  0  0  0  0  0              11
MAR   0  0  0  0  0  0  0  0  0  0  0  0  1  1  1  1  1  1  1  1  1  1  1  1  1  1  1  1  1  1  1     19
APR   1  1  2  2  2  2  2  2  2  2  2  2  3  3  3  3  3  3  3  4  4  4  4  4  5  5  5  5  5  5        93
MAY   6  6  6  6  7  7  7  7  7  8  8  8  8  8  9  9  9  9 10 10 10 10 11 11 11 11 11 12 12 12 12    278
JUN  13 13 13 13 13 14 14 14 14 15 15 15 15 15 15 16 16 16 16 16 17 17 17 17 17 17 18 18 18 18       465
JUL  18 18 18 19 19 19 19 19 19 19 19 19 20 20 20 20 20 20 20 20 20 20 20 20 20 20 20 20 20 20 20    605
AUG  20 20 20 20 20 20 20 20 20 20 20 20 20 20 20 20 19 19 19 19 19 19 19 18 18 18 18 18 18 17 17    595
SEP  17 16 16 16 16 16 15 15 15 14 14 14 14 13 13 13 12 12 12 12 11 11 11 10 10 10  9  9  9  8       383
OCT   8  8  7  7  7  6  6  6  5  5  5  5  4  4  4  4  3  3  3  3  3  3  2  2  2  2  2  2  2  2  2    127
NOV   2  1  1  1  1  1  1  1  1  1  1  1  1  1  1  1  1  1  1  1  1  1  0  0  0  0  0  0  0  0        23
DEC -99-99  0  0  0  0  0  0  0  0  0  0  0  0  0  0  0  0  0  0  0  0  0  0  0  0  0  0  0  0  0      2
                                                                                                        
-------------------------------------------------------------------------------------------------       
 Total  Precipitation (Hundreths of an Inch)                                                            
 DAY  1  2  3  4  5  6  7  8  9 10 11 12 13 14 15 16 17 18 19 20 21 22 23 24 25 26 27 28 29 30 31  MONTH
-------------------------------------------------------------------------------------------------       
JAN   7  7  7  7  6  6  6  6  6  6  6  6  6  6  6  6  6  6  6  6  6  6  6  6  6  6  6  6  6  6  6    190
FEB   7  7  7  7  7  7  7  8  8  8  8  8  8  8  8  8  9  9  9  9  9  9  9  9  9  9  9  9             229
MAR   9  9  9 10 10 10 10 10 10 10 10 10 10 10 10 10 10 10 10 10 10 10 10 10 10 10 10 10 10 10 10    307
APR  10 10 10 10 10 11 11 11 11 11 11 11 11 11 11 12 12 12 12 12 12 13 13 13 13 13 14 14 14 14       353
MAY  15 15 15 15 16 16 16 16 16 17 17 17 17 17 17 17 17 17 17 17 17 17 17 17 17 17 17 17 16 16 16    511
JUN  16 16 16 15 15 15 15 15 14 14 14 14 14 13 13 13 13 13 12 12 12 12 11 11 11 11 10 10 10 10       390
JUL   9  9  9  9  8  8  8  8  8  7  7  7  7  7  7  7  7  6  6  6  6  6  6  6  6  6  6  6  6  7  7    218
AUG   7  7  7  7  7  7  7  7  7  7  7  7  8  8  8  8  8  8  8  8  8  8  8  8  8  8  8  8  8  8  8    236
SEP   8  8  8  8  8  9  9  9  9  9  9  9  9  9  9  9 10 10 10 10 10 10 10 11 11 11 11 11 12 12       288
OCT  12 12 13 13 13 13 13 13 13 13 13 13 13 13 13 13 13 13 13 13 13 13 13 13 12 12 12 12 12 11 11    392
NOV  11 10 10 10  9  9  9  9  9  9  8  8  8  8  8  8  8  8  8  8  8  8  7  8  8  8  8  8  8  8       254
DEC   8  8  8  8  8  8  9  9  9  9  9  9  9  9  9  9  9  9  8  8  8  8  8  8  8  8  8  8  7  7  7    257
                                                                                                        
