-------------------------------------------------------------------------------------------------       
 1971-2000 Daily/Monthly Station Normals                                                                
 Provided by National Climatic Data Center/NESDIS/NOAA                                                  
-------------------------------------------------------------------------------------------------       
 Station COOP ID:                           417943                                                      
 Station Name, State, Division, Call:       SAN ANGELO MATHIS AP               TX 06 SJT                
 Latitude, Longitude, Elevation, Elements:  31 21 05 -100 29 38  1916 XNP                               
-------------------------------------------------------------------------------------------------       
 Minimum Temperature (deg F [tenths deg F for monthly])                                                 
 DAY  1  2  3  4  5  6  7  8  9 10 11 12 13 14 15 16 17 18 19 20 21 22 23 24 25 26 27 28 29 30 31  MONTH
-------------------------------------------------------------------------------------------------       
JAN  32 32 31 31 31 31 31 31 31 31 31 31 31 32 32 32 32 32 32 32 32 32 32 32 32 32 33 33 33 33 33    318
FEB  33 33 34 34 34 34 34 35 35 35 35 35 36 36 36 36 36 37 37 37 37 38 38 38 38 39 39 39             360
MAR  39 40 40 40 41 41 41 41 42 42 42 42 43 43 43 43 44 44 44 44 45 45 45 45 45 46 46 46 46 47 47    433
APR  47 47 48 48 48 48 49 49 49 49 50 50 50 50 51 51 51 52 52 52 52 53 53 53 54 54 54 55 55 56       510
MAY  56 56 57 57 57 58 58 58 59 59 59 60 60 60 60 61 61 61 62 62 62 62 63 63 63 64 64 64 64 64 65    606
JUN  65 65 65 66 66 66 66 66 67 67 67 67 67 68 68 68 68 68 68 68 69 69 69 69 69 69 69 69 70 70       676
JUL  70 70 70 70 70 70 70 70 70 70 70 70 70 70 70 70 70 70 70 71 71 71 71 71 71 71 71 71 71 71 71    704
AUG  71 71 71 71 71 71 70 70 70 70 70 70 70 70 70 70 70 69 69 69 69 69 69 68 68 68 68 68 67 67 67    694
SEP  67 67 66 66 66 66 65 65 65 65 64 64 64 64 63 63 63 62 62 62 61 61 61 61 60 60 60 59 59 59       630
OCT  58 58 58 57 57 57 56 56 56 55 55 55 54 54 54 53 53 52 52 52 51 51 50 50 50 49 49 48 48 48 47    530
NOV  47 46 46 46 45 45 44 44 44 43 43 42 42 42 41 41 41 40 40 40 39 39 39 38 38 38 38 37 37 37       414
DEC  36 36 36 36 35 35 35 35 35 34 34 34 34 34 33 33 33 33 33 33 32 32 32 32 32 32 32 32 32 32 32    335
                                                                                                        
-------------------------------------------------------------------------------------------------       
 Maximum Temperature (deg F [tenths deg F for monthly])                                                 
 DAY  1  2  3  4  5  6  7  8  9 10 11 12 13 14 15 16 17 18 19 20 21 22 23 24 25 26 27 28 29 30 31  MONTH
-------------------------------------------------------------------------------------------------       
JAN  57 57 57 57 57 57 57 57 57 57 57 57 57 57 58 58 58 58 58 58 58 58 58 59 59 59 59 59 60 60 60    579
FEB  60 60 61 61 61 61 62 62 62 62 63 63 63 63 64 64 64 64 65 65 65 65 66 66 66 66 67 67             635
MAR  67 67 68 68 68 68 69 69 69 70 70 70 70 71 71 71 71 72 72 72 72 73 73 73 74 74 74 74 75 75 75    711
APR  75 76 76 76 76 77 77 77 77 78 78 78 79 79 79 79 79 80 80 80 80 81 81 81 81 82 82 82 82 82       790
MAY  83 83 83 83 83 84 84 84 84 85 85 85 85 85 85 86 86 86 86 86 87 87 87 87 87 88 88 88 88 88 88    856
JUN  88 89 89 89 89 89 89 90 90 90 90 90 90 91 91 91 91 91 91 92 92 92 92 92 92 92 93 93 93 93       908
JUL  93 93 93 93 94 94 94 94 94 94 94 94 94 94 94 95 95 95 95 95 95 95 95 95 95 95 95 95 95 95 95    944
AUG  95 95 95 95 95 94 94 94 94 94 94 94 94 94 93 93 93 93 93 93 93 92 92 92 92 92 91 91 91 91 90    931
SEP  90 90 90 90 89 89 89 89 88 88 88 88 87 87 87 86 86 86 86 85 85 85 85 84 84 84 84 83 83 83       866
OCT  83 82 82 82 82 81 81 81 80 80 80 79 79 79 78 78 78 77 77 77 76 76 75 75 75 74 74 73 73 73 72    778
NOV  72 71 71 71 70 70 69 69 69 68 68 67 67 67 66 66 66 65 65 65 65 64 64 64 63 63 63 63 62 62       665
DEC  62 62 61 61 61 61 61 60 60 60 60 60 60 59 59 59 59 59 59 59 58 58 58 58 58 58 58 58 58 57 57    593
                                                                                                        
-------------------------------------------------------------------------------------------------       
 Average Temperature (deg F [tenths deg F for monthly])                                                 
 DAY  1  2  3  4  5  6  7  8  9 10 11 12 13 14 15 16 17 18 19 20 21 22 23 24 25 26 27 28 29 30 31  MONTH
-------------------------------------------------------------------------------------------------       
JAN  45 45 44 44 44 44 44 44 44 44 44 44 44 45 45 45 45 45 45 45 45 45 45 45 46 46 46 46 46 46 47    449
FEB  47 47 47 47 48 48 48 48 48 49 49 49 49 50 50 50 50 50 51 51 51 51 52 52 52 52 53 53             497
MAR  53 54 54 54 54 55 55 55 55 56 56 56 56 57 57 57 57 58 58 58 59 59 59 59 60 60 60 60 60 61 61    572
APR  61 61 62 62 62 62 63 63 63 64 64 64 64 65 65 65 65 66 66 66 66 67 67 67 68 68 68 68 69 69       650
MAY  69 70 70 70 70 71 71 71 71 72 72 72 72 73 73 73 73 74 74 74 74 75 75 75 75 76 76 76 76 76 77    731
JUN  77 77 77 77 77 78 78 78 78 78 79 79 79 79 79 79 80 80 80 80 80 80 80 81 81 81 81 81 81 81       792
JUL  81 81 81 82 82 82 82 82 82 82 82 82 82 82 82 82 83 83 83 83 83 83 83 83 83 83 83 83 83 83 83    824
AUG  83 83 83 83 83 83 82 82 82 82 82 82 82 82 82 82 81 81 81 81 81 81 80 80 80 80 80 79 79 79 79    813
SEP  79 78 78 78 78 77 77 77 77 76 76 76 76 75 75 75 74 74 74 74 73 73 73 72 72 72 72 71 71 71       748
OCT  70 70 70 70 69 69 69 68 68 68 67 67 67 66 66 66 65 65 64 64 64 63 63 63 62 62 61 61 60 60 60    654
NOV  59 59 58 58 58 57 57 57 56 56 55 55 55 54 54 54 53 53 53 52 52 52 51 51 51 51 50 50 50 49       540
DEC  49 49 49 48 48 48 48 48 47 47 47 47 47 46 46 46 46 46 46 46 45 45 45 45 45 45 45 45 45 45 44    464
                                                                                                        
-------------------------------------------------------------------------------------------------       
 Heating Degree Days                                                                                    
 DAY  1  2  3  4  5  6  7  8  9 10 11 12 13 14 15 16 17 18 19 20 21 22 23 24 25 26 27 28 29 30 31  MONTH
-------------------------------------------------------------------------------------------------       
JAN  20 20 20 20 20 20 21 21 21 21 21 20 20 20 20 20 20 20 20 20 20 20 20 20 19 19 19 19 19 19 18    617
FEB  18 18 18 18 17 17 17 17 17 16 16 16 16 15 15 15 15 14 14 14 14 14 13 13 13 13 12 12             427
MAR  12 12 11 11 11 10 10 10 10 10  9  9  9  9  8  8  8  8  8  7  7  7  7  7  6  6  6  6  6  5  5    258
APR   5  5  5  5  5  4  4  4  4  4  4  3  3  3  3  3  3  3  3  2  2  2  2  2  2  2  2  2  1  1        93
MAY   1  1  1  1  1  1  1  1  1  1  1  1  1  0  0  0  0  0  0  0  0  0  0  0  0  0  0  0  0  0  0     13
JUN   0  0  0  0  0  0  0  0  0  0  0  0  0  0  0  0  0  0  0  0  0  0  0  0  0  0  0  0  0  0         0
JUL   0  0  0  0  0  0  0  0  0  0  0  0  0  0  0  0  0  0  0  0  0  0  0  0  0  0  0  0  0  0  0      0
AUG   0  0  0  0  0  0  0  0  0  0  0  0  0  0  0  0  0  0  0  0  0  0  0  0  0  0  0  0  0  0  0      0
SEP   0  0  0  0  0  0  0  0  0  0  0  0  0  0  0  0  0  0  1  1  1  1  1  1  1  1  1  1  1  1        12
OCT   1  1  1  1  1  1  1  1  1  1  1  2  2  2  2  2  2  3  3  3  3  4  4  4  4  5  5  5  6  6  6     84
NOV   7  7  7  8  8  8  8  9  9  9 10 10 10 11 11 11 12 12 12 12 13 13 13 13 14 14 14 15 15 15       330
DEC  15 16 16 16 16 16 17 17 17 17 17 18 18 18 18 18 19 19 19 19 19 19 19 19 20 20 20 20 20 20 20    562
                                                                                                        
-------------------------------------------------------------------------------------------------       
 Cooling Degree Days                                                                                    
 DAY  1  2  3  4  5  6  7  8  9 10 11 12 13 14 15 16 17 18 19 20 21 22 23 24 25 26 27 28 29 30 31  MONTH
-------------------------------------------------------------------------------------------------       
JAN   0  0  0  0  0  0  0  0  0  0  0  0  0  0  0  0  0  0  0  0  0  0  0  0  0  0  0  0  0  0  0      0
FEB   0  0  0  0  0  0  0  0  0  0  0  0  0  0  0  0  0  0  0  0  0  0  0  0-99-99-99-99               4
MAR   0  0  0  0  0  0  1  1  1  1  1  1  1  1  1  1  1  1  1  1  1  1  1  1  1  1  2  2  2  2  2     30
APR   2  2  2  2  2  2  2  3  3  3  3  3  3  3  3  3  4  4  4  4  4  4  5  5  5  5  5  5  6  6       107
MAY   6  6  6  7  7  7  7  7  8  8  8  8  8  8  9  9  9  9  9 10 10 10 10 11 11 11 11 11 12 12 12    277
JUN  12 12 13 13 13 13 13 14 14 14 14 14 14 15 15 15 15 15 15 16 16 16 16 16 16 16 16 17 17 17       442
JUL  17 17 17 17 18 18 18 18 18 18 18 18 18 18 18 18 18 18 18 18 18 18 18 18 18 18 18 18 18 18 18    554
AUG  18 18 18 18 18 18 18 18 18 18 18 17 17 17 17 17 17 17 17 16 16 16 16 16 16 15 15 15 15 15 14    519
SEP  14 14 14 13 13 13 13 13 12 12 12 12 11 11 11 11 10 10 10 10  9  9  9  9  8  8  8  8  7  7       321
OCT   7  6  6  6  6  5  5  5  5  5  4  4  4  4  4  3  3  3  3  3  3  2  2  2  2  2  2  2  2  1  1    112
NOV   1  1  1  1  1  1  1  1  1  1  1  1  1  1  1  1  0  0  0  0  0  0  0  0  0  0  0  0  0  0        16
DEC -99  0  0  0  0  0  0  0  0  0  0  0  0  0  0  0  0  0  0  0  0  0  0  0  0  0  0  0  0  0  0      1
                                                                                                        
-------------------------------------------------------------------------------------------------       
 Total  Precipitation (Hundreths of an Inch)                                                            
 DAY  1  2  3  4  5  6  7  8  9 10 11 12 13 14 15 16 17 18 19 20 21 22 23 24 25 26 27 28 29 30 31  MONTH
-------------------------------------------------------------------------------------------------       
JAN   3  3  3  3  2  2  2  2  2  2  2  2  2  2  2  2  3  3  3  3  3  3  3  3  3  3  3  3  3  3  4     82
FEB   4  4  4  4  4  4  4  4  4  4  4  4  5  5  5  5  5  5  4  4  4  4  4  4  4  4  4  4             118
MAR   4  4  4  4  4  3  3  3  3  3  3  3  3  3  3  3  3  3  3  3  3  3  3  3  3  3  3  3  3  3  4     99
APR   3  4  4  4  4  4  4  4  4  4  4  5  5  5  5  5  5  6  6  6  6  6  6  7  7  7  7  7  8  8       160
MAY   8  8  8  9  9  9  9  9 10 10 10 10 10 10 10 10 10 10 10 11 11 11 11 11 11 11 11 11 11 10 10    309
JUN  10 10 10 10 10 10 10 10 10  9  9  9  9  9  9  9  8  8  8  8  8  7  7  7  7  7  6  6  6  6       252
JUL   5  5  5  5  4  4  4  4  4  3  3  3  3  3  3  3  3  3  3  3  3  3  3  3  3  3  3  4  4  4  4    110
AUG   4  4  4  5  5  5  5  5  6  6  6  6  6  6  7  7  7  7  7  7  7  8  8  8  8  8  8  8  9  9  9    205
SEP   9  9  9  9  9 10 10 10 10 10 10 10 10 10 10 10 10 10 10 10 10 10 10 10 10 10 10 10 10 10       295
OCT  10 10 10 10 10 10 10  9  9  9  9  9  9  9  9  8  8  8  8  8  8  8  7  7  7  7  7  6  6  6  6    257
NOV   6  5  5  5  5  5  4  4  4  4  4  4  4  3  3  3  3  3  3  3  3  3  3  3  3  3  3  3  3  3       110
DEC   3  3  3  3  3  3  3  3  3  3  3  3  4  3  3  3  3  3  3  3  3  3  3  3  3  3  3  3  3  3  3     94
                                                                                                        
