-------------------------------------------------------------------------------------------------       
 1971-2000 Daily/Monthly Station Normals                                                                
 Provided by National Climatic Data Center/NESDIS/NOAA                                                  
-------------------------------------------------------------------------------------------------       
 Station COOP ID:                           416276                                                      
 Station Name, State, Division, Call:       NEW BRAUNFELS                      TX 07                    
 Latitude, Longitude, Elevation, Elements:  29 44 00 -098 07 00   710 XNP                               
-------------------------------------------------------------------------------------------------       
 Minimum Temperature (deg F [tenths deg F for monthly])                                                 
 DAY  1  2  3  4  5  6  7  8  9 10 11 12 13 14 15 16 17 18 19 20 21 22 23 24 25 26 27 28 29 30 31  MONTH
-------------------------------------------------------------------------------------------------       
JAN  36 36 36 36 35 35 35 35 35 35 35 35 35 35 35 35 35 35 35 35 36 36 36 36 36 36 36 36 36 36 36    355
FEB  36 37 37 37 37 37 37 37 38 38 38 38 38 39 39 39 39 39 40 40 40 41 41 41 41 42 42 42             389
MAR  43 43 43 43 44 44 44 45 45 45 45 46 46 46 46 46 47 47 47 47 48 48 48 48 48 49 49 49 49 49 49    463
APR  50 50 50 50 50 50 51 51 51 51 51 52 52 52 52 53 53 53 53 54 54 54 55 55 55 56 56 56 57 57       528
MAY  57 58 58 59 59 59 60 60 60 61 61 61 61 62 62 62 63 63 63 63 64 64 64 64 65 65 65 65 65 66 66    621
JUN  66 66 66 67 67 67 67 67 67 68 68 68 68 68 68 69 69 69 69 69 69 69 69 69 70 70 70 70 70 70       683
JUL  70 70 70 70 70 70 70 70 70 70 70 70 71 71 71 71 71 71 71 71 71 71 71 71 71 71 71 71 71 71 71    706
AUG  71 71 71 71 71 71 71 71 70 70 70 70 70 70 70 70 70 70 70 70 70 69 69 69 69 69 69 69 69 69 68    699
SEP  68 68 68 68 68 68 67 67 67 67 67 66 66 66 66 65 65 65 65 64 64 64 63 63 63 62 62 62 61 61       652
OCT  61 60 60 59 59 59 58 58 58 57 57 57 56 56 55 55 55 54 54 54 54 53 53 53 52 52 52 51 51 51 50    553
NOV  50 50 50 49 49 49 48 48 48 47 47 47 47 46 46 46 45 45 45 44 44 44 44 43 43 43 42 42 42 41       458
DEC  41 41 41 40 40 40 40 39 39 39 39 38 38 38 38 38 37 37 37 37 37 37 36 36 36 36 36 36 36 36 36    379
                                                                                                        
-------------------------------------------------------------------------------------------------       
 Maximum Temperature (deg F [tenths deg F for monthly])                                                 
 DAY  1  2  3  4  5  6  7  8  9 10 11 12 13 14 15 16 17 18 19 20 21 22 23 24 25 26 27 28 29 30 31  MONTH
-------------------------------------------------------------------------------------------------       
JAN  62 61 61 61 61 61 61 61 61 61 61 61 61 61 61 61 62 62 62 62 62 62 62 62 62 63 63 63 63 63 63    617
FEB  63 64 64 64 64 65 65 65 65 65 66 66 66 66 67 67 67 67 68 68 68 68 69 69 69 70 70 70             666
MAR  70 71 71 71 72 72 72 72 73 73 73 73 74 74 74 74 74 75 75 75 75 76 76 76 76 76 76 77 77 77 77    741
APR  77 78 78 78 78 78 78 79 79 79 79 79 79 80 80 80 80 80 80 81 81 81 81 81 82 82 82 82 82 83       799
MAY  83 83 83 83 84 84 84 84 84 85 85 85 85 85 86 86 86 86 86 86 87 87 87 87 87 88 88 88 88 88 89    857
JUN  89 89 89 89 90 90 90 90 90 90 91 91 91 91 91 91 92 92 92 92 92 92 92 92 93 93 93 93 93 93       912
JUL  93 93 94 94 94 94 94 94 94 94 94 95 95 95 95 95 95 95 95 95 95 95 95 95 95 95 96 96 96 96 96    947
AUG  96 96 96 96 96 96 96 96 96 96 96 96 96 96 96 95 95 95 95 95 95 95 95 95 95 94 94 94 94 94 94    953
SEP  93 93 93 93 93 92 92 92 92 92 91 91 91 91 91 90 90 90 90 89 89 89 89 88 88 88 88 87 87 87       903
OCT  87 86 86 86 85 85 85 85 84 84 84 83 83 83 82 82 82 81 81 81 80 80 80 79 79 79 78 78 77 77 77    819
NOV  76 76 75 75 75 74 74 74 73 73 73 72 72 71 71 71 71 70 70 70 69 69 69 68 68 68 68 67 67 67       712
DEC  67 66 66 66 66 65 65 65 65 64 64 64 64 64 64 63 63 63 63 63 63 62 62 62 62 62 62 62 62 62 61    636
                                                                                                        
-------------------------------------------------------------------------------------------------       
 Average Temperature (deg F [tenths deg F for monthly])                                                 
 DAY  1  2  3  4  5  6  7  8  9 10 11 12 13 14 15 16 17 18 19 20 21 22 23 24 25 26 27 28 29 30 31  MONTH
-------------------------------------------------------------------------------------------------       
JAN  49 49 49 48 48 48 48 48 48 48 48 48 48 48 48 48 48 48 49 49 49 49 49 49 49 49 49 49 50 50 50    486
FEB  50 50 50 50 51 51 51 51 51 52 52 52 52 53 53 53 53 53 54 54 54 55 55 55 55 56 56 56             528
MAR  57 57 57 57 58 58 58 58 59 59 59 59 60 60 60 60 61 61 61 61 61 62 62 62 62 62 63 63 63 63 63    602
APR  63 64 64 64 64 64 65 65 65 65 65 65 66 66 66 66 67 67 67 67 68 68 68 68 68 69 69 69 70 70       664
MAY  70 70 71 71 71 72 72 72 72 73 73 73 73 74 74 74 74 74 75 75 75 75 76 76 76 76 76 77 77 77 77    739
JUN  77 78 78 78 78 78 79 79 79 79 79 79 80 80 80 80 80 80 80 81 81 81 81 81 81 81 81 81 82 82       798
JUL  82 82 82 82 82 82 82 82 82 82 82 83 83 83 83 83 83 83 83 83 83 83 83 83 83 83 83 83 83 83 83    827
AUG  83 83 83 83 83 83 83 83 83 83 83 83 83 83 83 83 83 83 83 83 83 82 82 82 82 82 82 82 82 81 81    826
SEP  81 81 81 80 80 80 80 80 79 79 79 79 79 78 78 78 78 77 77 77 77 76 76 76 75 75 75 75 74 74       778
OCT  74 73 73 73 72 72 72 71 71 71 70 70 70 69 69 69 68 68 68 67 67 67 66 66 66 65 65 64 64 64 63    686
NOV  63 63 63 62 62 61 61 61 60 60 60 60 59 59 59 58 58 58 57 57 57 56 56 56 56 55 55 55 54 54       585
DEC  54 54 53 53 53 53 52 52 52 52 51 51 51 51 51 51 50 50 50 50 50 50 49 49 49 49 49 49 49 49 49    508
                                                                                                        
-------------------------------------------------------------------------------------------------       
 Heating Degree Days                                                                                    
 DAY  1  2  3  4  5  6  7  8  9 10 11 12 13 14 15 16 17 18 19 20 21 22 23 24 25 26 27 28 29 30 31  MONTH
-------------------------------------------------------------------------------------------------       
JAN  17 17 17 17 17 17 17 17 17 17 17 17 17 17 17 17 17 17 17 17 17 17 16 16 16 16 16 16 16 16 15    517
FEB  15 15 15 15 15 14 14 14 14 14 14 13 13 13 13 12 12 12 12 11 11 11 11 11 10 10 10  9             353
MAR   9  9  9  8  8  8  8  7  7  7  7  6  6  6  6  6  6  5  5  5  5  5  5  4  4  4  4  4  4  4  3    184
APR   3  3  3  3  3  3  3  3  3  3  3  2  2  2  2  2  2  2  2  2  2  2  2  1  1  1  1  1  1  1        64
MAY   1  1  1  1  1  1  1  1  1  1  1  0  0  0  0  0  0  0  0  0  0  0  0  0  0  0  0  0  0  0  0     11
JUN   0  0  0  0  0  0  0  0  0  0  0  0  0  0  0  0  0  0  0  0  0  0  0  0  0  0  0  0  0  0         0
JUL   0  0  0  0  0  0  0  0  0  0  0  0  0  0  0  0  0  0  0  0  0  0  0  0  0  0  0  0  0  0  0      0
AUG   0  0  0  0  0  0  0  0  0  0  0  0  0  0  0  0  0  0  0  0  0  0  0  0  0  0  0  0  0  0  0      0
SEP   0  0  0  0  0  0  0  0-99  0  0  0  0  0  0  0  0  0  0  0  0  0  0  0  0  0  0  0  0  0         1
OCT   0  0  0  0  0  0  0  0  0  0  0  0  0  1  1  1  1  1  1  1  2  2  2  2  2  2  3  3  3  3  4     35
NOV   4  4  4  5  5  5  5  6  6  6  6  7  7  7  7  8  8  8  8  9  9  9 10 10 10 10 11 11 11 11       227
DEC  12 12 12 12 12 13 13 13 13 14 14 14 14 14 14 15 15 15 15 15 15 16 16 16 16 16 16 16 16 17 17    448
                                                                                                        
-------------------------------------------------------------------------------------------------       
 Cooling Degree Days                                                                                    
 DAY  1  2  3  4  5  6  7  8  9 10 11 12 13 14 15 16 17 18 19 20 21 22 23 24 25 26 27 28 29 30 31  MONTH
-------------------------------------------------------------------------------------------------       
JAN   0  0  0  0  0  0  0  0  0  0  0  0  0  0  0  0  0  0  0  0  0  0  0  0  0  0  0-99-99-99-99      4
FEB   0  0  0  0  0  0  0  0  0  0  0  0  0  0  0  0  0  0  1  1  1  1  1  1  1  1  1  1              10
MAR   1  1  1  1  1  1  1  1  1  1  1  1  1  1  1  1  1  1  1  1  1  1  1  1  1  1  1  2  2  2  2     35
APR   2  2  2  2  2  2  2  2  3  3  3  3  3  3  3  3  4  4  4  4  4  4  4  5  5  5  5  5  6  6       105
MAY   6  6  7  7  7  7  7  8  8  8  8  8  9  9  9  9  9 10 10 10 10 11 11 11 11 11 11 12 12 12 12    286
JUN  12 13 13 13 13 13 14 14 14 14 14 14 15 15 15 15 15 15 15 15 16 16 16 16 16 16 16 16 17 17       443
JUL  17 17 17 17 17 17 17 17 17 17 18 18 18 18 18 18 18 18 18 18 18 18 18 18 18 18 18 18 18 18 18    548
AUG  18 18 18 18 18 18 18 18 18 18 18 18 18 18 18 18 18 18 18 18 17 17 17 17 17 17 17 17 17 16 16    545
SEP  16 16 16 15 15 15 15 15 14 14 14 14 14 13 13 13 13 12 12 12 12 11 11 11 10 10 10  9  9  9       383
OCT   8  8  8  8  7  7  7  6  6  6  6  5  5  5  5  4  4  4  4  4  3  3  3  3  3  3  3  2  2  2  2    146
NOV   2  2  2  2  2  2  1  1  1  1  1  1  1  1  1  1  1  1  1  1  1  1  1  1  1  1  0  0  0  0        32
DEC -99-99-99-99-99-99-99-99  0  0  0  0  0  0  0  0  0  0  0  0  0  0  0  0  0  0  0  0  0  0  0      8
                                                                                                        
-------------------------------------------------------------------------------------------------       
 Total  Precipitation (Hundreths of an Inch)                                                            
 DAY  1  2  3  4  5  6  7  8  9 10 11 12 13 14 15 16 17 18 19 20 21 22 23 24 25 26 27 28 29 30 31  MONTH
-------------------------------------------------------------------------------------------------       
JAN   7  7  6  6  6  6  6  6  6  6  6  6  6  6  6  6  6  6  6  6  6  6  6  6  6  6  6  6  6  6  6    188
FEB   7  7  7  7  7  7  7  7  7  7  7  7  7  7  7  7  8  8  7  7  7  7  7  7  7  7  7  7             198
MAR   7  7  7  7  7  7  7  7  7  7  6  6  6  6  6  6  6  6  6  6  6  6  6  7  7  7  7  7  7  7  7    204
APR   7  7  7  7  7  7  7  8  8  8  8  8  8  8  9  9  9  9 10 10 10 10 10 11 11 11 12 12 12 12       272
MAY  13 13 13 14 14 14 15 15 15 15 15 16 16 16 16 17 17 17 17 17 17 17 18 18 18 18 18 18 18 18 18    501
JUN  18 18 18 18 18 18 18 18 18 18 18 18 17 17 17 17 16 16 16 16 15 15 14 14 14 13 13 12 12 11       481
JUL  11 10 10  9  9  8  8  8  7  7  7  6  6  6  6  6  5  5  5  5  5  5  5  5  5  5  5  5  5  5  5    199
AUG   5  6  6  6  6  6  6  6  7  7  7  7  7  7  7  8  8  8  8  8  8  8  8  9  9  9  9  9  9  9  9    232
SEP  10 10 10 10 10 10 10 10 11 11 11 11 11 11 11 11 12 12 12 12 12 12 13 13 13 13 13 13 14 14       346
OCT  14 14 14 14 14 15 15 15 15 15 15 15 15 15 15 15 15 15 14 14 14 14 14 14 13 13 13 13 13 12 12    438
NOV  12 11 11 11 11 10 10 10 10  9  9  9  9  9  9  9  8  8  8  8  8  8  8  8  8  8  8  8  8  8       271
DEC   8  8  8  8  8  8  8  8  8  8  8  8  8  8  8  8  8  8  8  8  8  8  8  8  8  8  8  7  7  7  7    244
                                                                                                        
