-------------------------------------------------------------------------------------------------       
 1971-2000 Daily/Monthly Station Normals                                                                
 Provided by National Climatic Data Center/NESDIS/NOAA                                                  
-------------------------------------------------------------------------------------------------       
 Station COOP ID:                           419125                                                      
 Station Name, State, Division, Call:       TRENTON                            TX 03                    
 Latitude, Longitude, Elevation, Elements:  33 23 00 -096 20 00   760   P                               
-------------------------------------------------------------------------------------------------       
 Total  Precipitation (Hundreths of an Inch)                                                            
 DAY  1  2  3  4  5  6  7  8  9 10 11 12 13 14 15 16 17 18 19 20 21 22 23 24 25 26 27 28 29 30 31  MONTH
-------------------------------------------------------------------------------------------------       
JAN   9  9  9  9  9  9  8  8  8  8  8  8  8  8  8  8  8  8  8  8  8  8  8  8  8  8  8  8  8  9  9    256
FEB   9  9  9 10 10 10 10 10 10 10 11 11 11 11 11 11 11 11 11 12 12 12 12 12 12 12 12 12             304
MAR  12 12 12 12 12 12 12 12 12 12 12 12 12 12 12 12 12 12 12 12 12 12 11 11 11 11 11 11 11 11 11    363
APR  10 10 10 10 10 10 10 10 10 10 10 10 10 11 11 11 11 11 11 12 12 12 13 13 13 14 14 14 15 15       343
MAY  16 16 16 17 17 18 18 18 18 19 19 19 19 19 20 20 20 20 20 20 20 20 20 20 20 20 19 19 19 19 19    584
JUN  19 18 18 18 17 17 17 17 16 16 16 16 15 15 15 15 14 14 14 14 13 13 13 12 12 12 12 11 11 11       441
JUL  11 10 10 10 10  9  9  9  9  9  8  8  8  8  8  8  8  8  8  7  7  7  7  7  7  7  7  7  7  7  7    252
AUG   7  7  7  7  8  8  8  8  8  8  8  8  8  8  8  8  8  8  9  9  9  9  9  9  9  9  9  9 10 10 10    260
SEP  10 10 10 10 10 10 11 11 11 11 11 11 12 12 12 12 12 12 13 13 13 13 14 14 14 14 15 15 15 15       366
OCT  16 16 16 16 17 17 17 17 17 17 17 17 18 18 18 18 18 18 17 17 17 17 17 17 17 16 16 16 16 16 15    522
NOV  15 15 14 14 14 14 13 13 13 13 13 12 12 12 12 12 12 12 12 12 12 11 11 11 11 11 12 12 12 12       374
DEC  12 12 12 12 12 12 12 12 12 12 12 12 12 12 12 12 12 12 12 12 11 11 11 11 11 11 10 10 10 10 10    356
                                                                                                        
