-------------------------------------------------------------------------------------------------       
 1971-2000 Daily/Monthly Station Normals                                                                
 Provided by National Climatic Data Center/NESDIS/NOAA                                                  
-------------------------------------------------------------------------------------------------       
 Station COOP ID:                           419501                                                      
 Station Name, State, Division, Call:       WATER VALLEY 11 NNE                TX 06                    
 Latitude, Longitude, Elevation, Elements:  31 49 00 -100 38 00  2455   P                               
-------------------------------------------------------------------------------------------------       
 Total  Precipitation (Hundreths of an Inch)                                                            
 DAY  1  2  3  4  5  6  7  8  9 10 11 12 13 14 15 16 17 18 19 20 21 22 23 24 25 26 27 28 29 30 31  MONTH
-------------------------------------------------------------------------------------------------       
JAN   3  3  3  3  3  3  3  3  2  2  2  2  2  2  2  2  3  3  3  3  3  3  3  3  3  3  3  3  3  3  3     85
FEB   4  4  4  4  4  4  4  4  4  4  4  4  4  4  4  5  5  5  4  4  4  4  4  4  4  4  4  4             115
MAR   4  4  4  4  4  4  4  4  3  3  3  3  3  3  3  3  3  3  3  3  3  3  3  3  4  4  4  4  4  4  4    108
APR   4  4  4  4  4  4  4  5  5  5  5  5  5  5  5  5  6  6  6  6  6  6  7  7  7  7  7  7  8  8       167
MAY   8  8  8  9  9  9  9  9  9 10 10 10 10 10 10 10 11 11 11 11 11 11 11 11 11 11 11 11 11 11 11    313
JUN  11 11 11 11 11 11 11 11 11 11 11 11 11 11 11 10 10 10 10 10 10  9  9  9  9  8  8  8  8  7       300
JUL   7  7  7  6  6  6  6  5  5  5  5  5  5  5  5  5  4  4  4  4  4  4  5  5  5  5  5  5  5  5  5    159
AUG   6  6  6  6  6  7  7  7  7  7  7  8  8  8  8  8  8  8  9  9  9  9  9  9  9 10 10 10 10 10 10    251
SEP  11 11 11 11 11 11 11 11 11 11 11 11 11 11 11 12 12 11 11 11 11 11 11 11 11 11 11 11 11 11       332
OCT  11 10 10 10 10 10 10 10  9  9  9  9  9  9  9  8  8  8  8  8  8  7  7  7  7  7  6  6  6  6  6    257
NOV   5  5  5  5  5  4  4  4  4  4  4  4  4  3  3  3  3  3  3  3  3  3  3  3  3  3  3  3  3  3       108
DEC   3  3  3  3  3  3  3  3  3  3  4  4  4  4  4  4  4  4  4  3  3  3  3  3  3  3  3  3  3  3  3    102
                                                                                                        
