-------------------------------------------------------------------------------------------------       
 1971-2000 Daily/Monthly Station Normals                                                                
 Provided by National Climatic Data Center/NESDIS/NOAA                                                  
-------------------------------------------------------------------------------------------------       
 Station COOP ID:                           415271                                                      
 Station Name, State, Division, Call:       LIVINGSTON 2 NNE                   TX 04                    
 Latitude, Longitude, Elevation, Elements:  30 44 00 -094 56 00   178 XNP                               
-------------------------------------------------------------------------------------------------       
 Minimum Temperature (deg F [tenths deg F for monthly])                                                 
 DAY  1  2  3  4  5  6  7  8  9 10 11 12 13 14 15 16 17 18 19 20 21 22 23 24 25 26 27 28 29 30 31  MONTH
-------------------------------------------------------------------------------------------------       
JAN  36 36 36 35 35 35 35 35 35 36 36 36 36 36 36 36 36 36 36 36 36 36 36 36 36 36 36 36 36 36 36    358
FEB  36 36 37 37 37 37 37 37 37 37 38 38 38 38 38 38 39 39 39 39 39 40 40 40 41 41 41 41             384
MAR  42 42 42 43 43 43 43 44 44 44 44 45 45 45 45 46 46 46 46 47 47 47 47 47 48 48 48 48 48 49 49    455
APR  49 49 49 49 50 50 50 50 50 51 51 51 51 52 52 52 52 53 53 53 54 54 54 54 55 55 55 56 56 56       522
MAY  57 57 57 58 58 58 59 59 59 60 60 60 61 61 61 61 62 62 62 63 63 63 63 64 64 64 64 65 65 65 65    613
JUN  65 66 66 66 66 66 67 67 67 67 67 67 68 68 68 68 68 68 68 69 69 69 69 69 69 69 69 69 70 70       678
JUL  70 70 70 70 70 70 70 70 70 70 70 70 70 71 71 71 71 71 71 71 71 71 71 71 71 71 71 71 71 70 70    705
AUG  71 70 70 70 70 70 70 70 70 70 70 70 70 70 70 70 69 69 69 69 69 69 69 69 69 69 68 68 68 68 68    694
SEP  68 68 68 67 67 67 67 67 66 66 66 66 65 65 65 65 64 64 64 63 63 63 62 62 62 61 61 60 60 60       644
OCT  59 59 58 58 58 57 57 56 56 56 55 55 55 54 54 53 53 53 52 52 52 52 51 51 51 50 50 50 50 49 49    537
NOV  49 49 48 48 48 48 47 47 47 47 46 46 46 45 45 45 45 44 44 44 44 43 43 43 42 42 42 41 41 41       450
DEC  40 40 40 40 39 39 39 39 38 38 38 38 37 37 37 37 37 37 37 36 36 36 36 36 36 36 36 36 36 36 36    374
                                                                                                        
-------------------------------------------------------------------------------------------------       
 Maximum Temperature (deg F [tenths deg F for monthly])                                                 
 DAY  1  2  3  4  5  6  7  8  9 10 11 12 13 14 15 16 17 18 19 20 21 22 23 24 25 26 27 28 29 30 31  MONTH
-------------------------------------------------------------------------------------------------       
JAN  59 59 59 59 59 59 59 59 59 59 59 59 59 59 59 59 59 59 59 59 59 59 59 60 60 60 60 60 60 61 61    593
FEB  61 61 61 61 62 62 62 62 63 63 63 63 63 64 64 64 64 65 65 65 65 66 66 66 67 67 67 67             639
MAR  68 68 68 68 69 69 69 69 70 70 70 70 71 71 71 71 72 72 72 72 73 73 73 73 73 74 74 74 74 74 75    713
APR  75 75 75 75 75 76 76 76 76 76 77 77 77 77 77 78 78 78 78 79 79 79 79 79 80 80 80 80 80 81       776
MAY  81 81 81 82 82 82 82 83 83 83 83 83 84 84 84 84 85 85 85 85 85 86 86 86 86 86 87 87 87 87 88    843
JUN  88 88 88 88 89 89 89 89 89 90 90 90 90 90 90 91 91 91 91 91 91 92 92 92 92 92 92 92 92 93       904
JUL  93 93 93 93 93 93 93 93 94 94 94 94 94 94 94 94 94 94 94 94 95 95 95 95 95 95 95 95 95 95 95    941
AUG  95 95 95 95 95 95 95 95 95 95 95 95 95 95 95 94 94 94 94 94 94 94 94 94 93 93 93 93 93 92 92    942
SEP  92 92 92 91 91 91 91 91 90 90 90 90 90 89 89 89 88 88 88 88 87 87 87 87 86 86 86 86 85 85       887
OCT  85 85 84 84 84 83 83 83 83 82 82 82 81 81 81 80 80 80 79 79 79 78 78 78 77 77 76 76 76 75 75    802
NOV  75 74 74 73 73 73 72 72 72 71 71 71 70 70 70 69 69 69 68 68 68 67 67 67 67 66 66 66 65 65       696
DEC  65 65 64 64 64 64 63 63 63 63 63 62 62 62 62 62 61 61 61 61 61 61 60 60 60 60 60 60 60 60 59    618
                                                                                                        
-------------------------------------------------------------------------------------------------       
 Average Temperature (deg F [tenths deg F for monthly])                                                 
 DAY  1  2  3  4  5  6  7  8  9 10 11 12 13 14 15 16 17 18 19 20 21 22 23 24 25 26 27 28 29 30 31  MONTH
-------------------------------------------------------------------------------------------------       
JAN  48 48 48 47 47 47 47 47 47 47 47 47 47 47 47 47 47 48 48 48 48 48 48 48 48 48 48 48 48 49 49    476
FEB  49 49 49 49 49 49 50 50 50 50 50 51 51 51 51 51 52 52 52 52 52 53 53 53 54 54 54 54             512
MAR  55 55 55 55 56 56 56 57 57 57 57 58 58 58 58 59 59 59 59 59 60 60 60 60 60 61 61 61 61 61 62    584
APR  62 62 62 62 62 63 63 63 63 64 64 64 64 64 65 65 65 65 66 66 66 66 67 67 67 67 68 68 68 69       649
MAY  69 69 69 70 70 70 71 71 71 71 72 72 72 72 73 73 73 73 74 74 74 74 75 75 75 75 76 76 76 76 76    728
JUN  77 77 77 77 77 78 78 78 78 78 78 79 79 79 79 79 79 80 80 80 80 80 80 80 81 81 81 81 81 81       791
JUL  81 81 81 82 82 82 82 82 82 82 82 82 82 82 82 82 82 82 82 83 83 83 83 83 83 83 83 83 83 83 83    823
AUG  83 83 83 83 83 83 83 83 82 82 82 82 82 82 82 82 82 82 82 82 81 81 81 81 81 81 81 81 80 80 80    818
SEP  80 80 80 79 79 79 79 79 78 78 78 78 78 77 77 77 76 76 76 76 75 75 75 74 74 74 73 73 73 72       766
OCT  72 72 71 71 71 70 70 70 69 69 69 68 68 68 67 67 67 66 66 66 65 65 65 64 64 64 63 63 63 62 62    670
NOV  62 61 61 61 60 60 60 60 59 59 59 58 58 58 57 57 57 57 56 56 56 55 55 55 54 54 54 54 53 53       573
DEC  53 52 52 52 52 51 51 51 51 50 50 50 50 50 49 49 49 49 49 49 49 48 48 48 48 48 48 48 48 48 48    496
                                                                                                        
-------------------------------------------------------------------------------------------------       
 Heating Degree Days                                                                                    
 DAY  1  2  3  4  5  6  7  8  9 10 11 12 13 14 15 16 17 18 19 20 21 22 23 24 25 26 27 28 29 30 31  MONTH
-------------------------------------------------------------------------------------------------       
JAN  18 18 18 18 18 18 18 18 18 18 18 18 18 18 18 18 18 18 18 18 18 18 18 17 17 17 17 17 17 17 17    550
FEB  17 16 16 16 16 16 16 16 15 15 15 15 15 14 14 14 14 13 13 13 13 13 12 12 12 12 11 11             395
MAR  11 10 10 10 10  9  9  9  9  8  8  8  8  8  7  7  7  7  7  6  6  6  6  6  6  5  5  5  5  5  5    228
APR   5  4  4  4  4  4  4  4  4  3  3  3  3  3  3  3  3  3  2  2  2  2  2  2  2  2  2  2  1  1        86
MAY   1  1  1  1  1  1  1  1  1  1  0  0  0  0  0  0  0  0  0  0  0  0  0  0  0  0  0  0  0  0  0     10
JUN   0  0  0  0  0  0  0  0  0  0  0  0  0  0  0  0  0  0  0  0  0  0  0  0  0  0  0  0  0  0         0
JUL   0  0  0  0  0  0  0  0  0  0  0  0  0  0  0  0  0  0  0  0  0  0  0  0  0  0  0  0  0  0  0      0
AUG   0  0  0  0  0  0  0  0  0  0  0  0  0  0  0  0  0  0  0  0  0  0  0  0  0  0  0  0  0  0  0      0
SEP   0  0  0  0  0  0  0  0  0  0  0  0  0  0  0  0  0  0  0  0  0  0  0  0  0  0  0  0  0-99         1
OCT   0  0  0  0  0  1  1  1  1  1  1  1  1  1  2  2  2  2  2  2  3  3  3  3  3  4  4  4  4  5  5     62
NOV   5  5  6  6  6  6  7  7  7  8  8  8  8  9  9  9  9 10 10 10 10 11 11 11 11 12 12 12 12 13       268
DEC  13 13 13 14 14 14 14 14 15 15 15 15 15 16 16 16 16 16 16 16 17 17 17 17 17 17 17 17 18 18 18    486
                                                                                                        
-------------------------------------------------------------------------------------------------       
 Cooling Degree Days                                                                                    
 DAY  1  2  3  4  5  6  7  8  9 10 11 12 13 14 15 16 17 18 19 20 21 22 23 24 25 26 27 28 29 30 31  MONTH
-------------------------------------------------------------------------------------------------       
JAN   0  0  0  0  0  0  0  0  0  0  0  0  0  0  0  0  0  0  0  0  0  0  0  0  0  0  0  0  0  0  0      0
FEB   0  0  0  0  0  0  0  0  0  0  0  0  0  0  0  0  0  0  0  0  0  0-99-99-99-99-99-99               6
MAR   0  0  0  0  0  0  0  1  1  1  1  1  1  1  1  1  1  1  1  1  1  1  1  1  1  1  1  1  1  1  1     24
APR   1  1  1  2  2  2  2  2  2  2  2  2  2  2  2  3  3  3  3  3  3  3  4  4  4  4  4  4  5  5        82
MAY   5  5  5  6  6  6  6  6  7  7  7  7  7  8  8  8  8  9  9  9  9  9 10 10 10 10 10 11 11 11 11    251
JUN  11 12 12 12 12 13 13 13 13 13 13 14 14 14 14 14 14 15 15 15 15 15 15 15 16 16 16 16 16 16       422
JUL  16 16 16 16 17 17 17 17 17 17 17 17 17 17 17 17 17 17 18 18 18 18 18 18 18 18 18 18 18 18 18    536
AUG  18 18 18 18 18 18 18 18 18 17 17 17 17 17 17 17 17 17 17 17 16 16 16 16 16 16 16 15 15 15 15    521
SEP  15 15 14 14 14 14 14 13 13 13 13 13 12 12 12 12 11 11 11 11 10 10 10  9  9  9  9  8  8  8       347
OCT   7  7  7  6  6  6  6  5  5  5  5  4  4  4  4  4  3  3  3  3  3  3  3  2  2  2  2  2  2  2  2    122
NOV   2  2  2  2  2  2  1  1  1  1  1  1  1  1  1  1  1  1  1  1  1  1  1  1  1  1  1  1  1  1        36
DEC   1  1  1  1  1  1  1  1  1  0  0  0  0  0  0  0  0  0  0  0  0  0  0  0  0  0  0  0  0  0  0      9
                                                                                                        
-------------------------------------------------------------------------------------------------       
 Total  Precipitation (Hundreths of an Inch)                                                            
 DAY  1  2  3  4  5  6  7  8  9 10 11 12 13 14 15 16 17 18 19 20 21 22 23 24 25 26 27 28 29 30 31  MONTH
-------------------------------------------------------------------------------------------------       
JAN  16 16 16 16 16 16 16 15 15 15 15 15 15 15 15 15 15 15 15 15 15 15 15 14 14 14 14 14 14 14 14    464
FEB  14 13 13 13 13 13 13 13 13 13 12 12 12 12 12 12 12 12 12 12 12 12 12 12 12 12 12 12             347
MAR  12 12 12 12 12 12 12 12 13 13 13 13 13 13 13 13 13 13 13 13 13 13 13 13 13 12 12 12 12 12 12    389
APR  12 12 12 12 12 12 12 12 12 12 12 12 13 13 13 13 13 13 13 13 14 14 14 14 14 14 15 15 15 15       392
MAY  15 16 16 16 16 17 17 17 17 17 18 18 18 18 18 18 18 18 18 19 19 19 19 19 19 19 19 19 19 19 19    554
JUN  19 19 19 19 19 19 19 18 18 18 18 18 18 18 18 18 17 17 17 17 17 16 16 16 16 16 15 15 15 15       520
JUL  14 14 14 14 13 13 13 13 12 12 12 12 12 11 11 11 11 11 11 11 10 10 10 10 10 10 10 10 10 10 10    355
AUG  10 10 10 10 10 10 10 10 10 10 10 10 10 10 10 10 11 11 11 11 11 11 12 12 12 12 13 13 13 14 14    341
SEP  14 15 15 15 15 16 16 16 16 16 16 16 16 17 17 17 17 17 16 16 16 16 16 16 16 15 15 15 15 14       473
OCT  14 14 13 13 13 13 12 12 12 12 12 12 12 12 12 12 11 11 12 12 12 12 12 12 12 12 12 13 13 13 13    382
NOV  14 14 14 14 15 15 15 15 15 15 16 16 16 16 16 16 16 16 16 17 17 17 17 17 17 17 17 17 17 16       476
DEC  16 16 16 16 16 16 16 16 16 16 16 16 16 16 16 16 16 16 16 16 16 16 16 16 16 15 15 15 15 16 16    492
                                                                                                        
