-------------------------------------------------------------------------------------------------       
 1971-2000 Daily/Monthly Station Normals                                                                
 Provided by National Climatic Data Center/NESDIS/NOAA                                                  
-------------------------------------------------------------------------------------------------       
 Station COOP ID:                           414323                                                      
 Station Name, State, Division, Call:       HOUSTON INDEP HEIGHTS              TX 08                    
 Latitude, Longitude, Elevation, Elements:  29 52 00 -095 25 00    93   P                               
-------------------------------------------------------------------------------------------------       
 Total  Precipitation (Hundreths of an Inch)                                                            
 DAY  1  2  3  4  5  6  7  8  9 10 11 12 13 14 15 16 17 18 19 20 21 22 23 24 25 26 27 28 29 30 31  MONTH
-------------------------------------------------------------------------------------------------       
JAN  13 13 13 13 14 14 14 14 14 14 14 14 14 14 15 14 14 14 14 14 14 14 14 14 14 14 13 13 13 13 12    425
FEB  12 12 12 11 11 11 11 11 11 10 10 10 10 10 10 10 10 10 10 10 10 10 10 10 10 11 11 11             295
MAR  11 11 11 12 12 12 12 12 12 12 12 12 12 12 12 12 12 13 12 12 12 12 12 12 12 12 12 12 12 12 12    370
APR  11 11 11 11 11 11 11 11 11 11 10 11 11 11 11 11 11 11 11 11 11 11 11 12 12 12 12 12 12 13       337
MAY  13 13 14 14 14 14 14 15 15 15 15 15 16 16 16 16 16 17 17 17 17 17 17 18 18 18 18 18 18 18 18    497
JUN  18 19 19 19 19 19 19 19 19 19 19 19 19 19 19 19 19 19 18 18 18 18 18 18 18 18 17 17 17 17       553
JUL  17 16 16 16 16 16 15 15 15 15 15 15 15 14 14 14 14 14 14 14 14 14 14 13 13 13 13 13 13 13 13    446
AUG  13 13 13 13 13 13 13 14 14 14 14 14 14 14 14 14 14 14 15 15 15 15 15 15 16 16 16 16 16 16 17    448
SEP  17 17 17 17 17 18 18 18 18 18 18 18 18 18 18 18 18 18 18 18 17 17 17 17 17 17 16 16 16 15       520
OCT  15 15 15 14 14 14 14 13 13 13 13 13 13 13 13 13 12 12 12 12 13 13 13 13 13 13 13 13 13 14 14    411
NOV  14 14 15 15 15 15 15 15 15 15 15 15 16 16 16 15 15 15 15 15 15 15 15 15 14 14 14 14 14 13       444
DEC  13 13 12 12 12 12 12 11 11 11 11 11 11 11 11 11 11 11 11 11 11 11 11 11 11 11 12 12 12 12 12    355
                                                                                                        
