-------------------------------------------------------------------------------------------------       
 1971-2000 Daily/Monthly Station Normals                                                                
 Provided by National Climatic Data Center/NESDIS/NOAA                                                  
-------------------------------------------------------------------------------------------------       
 Station COOP ID:                           417707                                                      
 Station Name, State, Division, Call:       ROCKWALL                           TX 03                    
 Latitude, Longitude, Elevation, Elements:  32 56 00 -096 28 00   543   P                               
-------------------------------------------------------------------------------------------------       
 Total  Precipitation (Hundreths of an Inch)                                                            
 DAY  1  2  3  4  5  6  7  8  9 10 11 12 13 14 15 16 17 18 19 20 21 22 23 24 25 26 27 28 29 30 31  MONTH
-------------------------------------------------------------------------------------------------       
JAN   8  8  8  8  7  7  7  7  7  7  7  6  6  6  6  6  6  6  6  6  6  6  6  6  7  7  7  7  7  7  7    208
FEB   8  8  8  8  8  9  9  9  9  9  9  9 10 10 10 10 10 10 10 10 10 10 11 11 11 11 11 11             269
MAR  11 11 11 11 11 11 11 11 11 11 11 11 11 12 12 12 12 11 11 11 11 11 11 11 11 11 11 11 11 11 11    345
APR  11 11 11 11 11 11 11 11 11 11 11 11 11 11 12 12 12 12 12 12 13 13 13 13 13 14 14 14 15 15       363
MAY  15 15 16 16 16 16 17 17 17 17 17 17 18 18 18 18 18 18 18 18 18 18 17 17 17 17 17 17 16 16 16    526
JUN  16 15 15 15 15 14 14 14 14 13 13 13 13 13 12 12 12 12 11 11 11 11 11 11 10 10 10 10 10  9       370
JUL   9  9  9  9  9  8  8  8  8  8  8  8  8  8  7  7  7  7  7  7  7  7  7  7  7  7  6  6  6  6  6    231
AUG   6  6  6  6  6  6  6  6  6  6  6  6  6  6  6  6  7  7  7  7  7  7  7  7  7  7  7  7  7  8  8    203
SEP   8  8  8  8  8  8  8  9  9  9  9  9  9 10 10 10 10 10 11 11 11 11 12 12 12 12 12 13 13 13       303
OCT  14 14 14 14 14 15 15 15 15 15 15 15 15 15 15 16 16 15 15 15 15 15 15 15 15 15 14 14 14 14 14    457
NOV  13 13 13 13 12 12 12 12 12 11 11 11 11 11 11 11 11 11 11 10 10 10 10 10 10 10 11 11 11 11       336
DEC  11 11 11 11 11 11 11 11 11 11 11 11 11 11 11 11 11 11 11 10 10 10 10 10 10 10  9  9  9  9  8    323
                                                                                                        
