-------------------------------------------------------------------------------------------------       
 1971-2000 Daily/Monthly Station Normals                                                                
 Provided by National Climatic Data Center/NESDIS/NOAA                                                  
-------------------------------------------------------------------------------------------------       
 Station COOP ID:                           411698                                                      
 Station Name, State, Division, Call:       CHILDRESS MUNICIPAL AP             TX 02 CDS                
 Latitude, Longitude, Elevation, Elements:  34 25 39 -100 17 00  1951 XNP                               
-------------------------------------------------------------------------------------------------       
 Minimum Temperature (deg F [tenths deg F for monthly])                                                 
 DAY  1  2  3  4  5  6  7  8  9 10 11 12 13 14 15 16 17 18 19 20 21 22 23 24 25 26 27 28 29 30 31  MONTH
-------------------------------------------------------------------------------------------------       
JAN  27 27 27 27 26 26 26 26 26 26 26 26 26 26 26 26 27 27 27 27 27 27 27 27 27 28 28 28 28 28 28    268
FEB  29 29 29 29 29 30 30 30 30 30 31 31 31 31 32 32 32 32 33 33 33 33 34 34 34 34 35 35             316
MAR  35 35 36 36 36 36 37 37 37 38 38 38 38 39 39 39 39 40 40 40 40 41 41 41 41 42 42 42 43 43 43    391
APR  43 44 44 44 44 45 45 45 45 46 46 46 47 47 47 48 48 48 49 49 49 50 50 50 51 51 51 52 52 52       476
MAY  53 53 53 54 54 54 55 55 56 56 56 57 57 57 58 58 58 58 59 59 59 60 60 60 61 61 61 61 62 62 62    577
JUN  63 63 63 63 64 64 64 64 65 65 65 65 66 66 66 66 67 67 67 67 67 68 68 68 68 68 69 69 69 69       661
JUL  70 70 70 70 70 70 70 71 71 71 71 71 71 71 71 71 71 71 71 71 71 71 71 72 71 71 71 71 71 71 71    708
AUG  71 71 71 71 71 71 71 70 70 70 70 70 70 70 70 69 69 69 69 69 68 68 68 68 68 67 67 67 67 66 66    691
SEP  66 66 65 65 65 65 64 64 64 63 63 63 62 62 62 61 61 61 61 60 60 59 59 59 58 58 58 57 57 57       615
OCT  56 56 55 55 55 54 54 53 53 53 52 52 52 51 51 50 50 49 49 49 48 48 47 47 47 46 46 45 45 44 44    502
NOV  44 43 43 42 42 41 41 41 40 40 39 39 39 38 38 38 37 37 36 36 36 35 35 35 34 34 34 34 33 33       379
DEC  33 32 32 32 31 31 31 31 30 30 30 30 30 29 29 29 29 29 28 28 28 28 28 28 27 27 27 27 27 27 27    292
                                                                                                        
-------------------------------------------------------------------------------------------------       
 Maximum Temperature (deg F [tenths deg F for monthly])                                                 
 DAY  1  2  3  4  5  6  7  8  9 10 11 12 13 14 15 16 17 18 19 20 21 22 23 24 25 26 27 28 29 30 31  MONTH
-------------------------------------------------------------------------------------------------       
JAN  51 51 51 51 51 51 51 51 51 51 51 51 51 51 52 52 52 52 52 52 52 52 52 53 53 53 53 53 54 54 54    519
FEB  54 54 55 55 55 55 55 56 56 56 56 57 57 57 58 58 58 58 59 59 59 60 60 60 60 61 61 61             575
MAR  62 62 62 63 63 63 63 64 64 64 65 65 65 66 66 66 67 67 67 68 68 68 68 69 69 69 70 70 70 71 71    663
APR  71 72 72 72 73 73 73 73 74 74 74 75 75 75 75 76 76 76 76 77 77 77 77 78 78 78 78 79 79 79       754
MAY  79 79 80 80 80 80 81 81 81 81 81 82 82 82 82 83 83 83 83 84 84 84 85 85 85 85 86 86 86 87 87    828
JUN  87 88 88 88 88 89 89 89 90 90 90 90 91 91 91 91 92 92 92 92 92 93 93 93 93 93 93 94 94 94       910
JUL  94 94 94 94 95 95 95 95 95 95 95 95 95 95 95 95 95 96 96 96 96 96 96 96 96 96 96 96 96 96 95    953
AUG  96 95 95 95 95 95 95 95 95 95 95 95 94 94 94 94 94 94 93 93 93 93 93 92 92 92 92 91 91 91 91    936
SEP  90 90 90 89 89 89 89 88 88 88 87 87 87 86 86 86 86 85 85 85 84 84 84 83 83 83 83 82 82 82       860
OCT  81 81 81 80 80 80 79 79 79 78 78 78 77 77 77 76 76 75 75 74 74 74 73 73 72 72 71 71 70 70 69    758
NOV  69 68 68 67 67 67 66 66 65 65 64 64 63 63 63 62 62 61 61 61 60 60 60 59 59 58 58 58 57 57       626
DEC  57 56 56 56 56 55 55 55 55 54 54 54 54 53 53 53 53 53 53 52 52 52 52 52 52 52 52 51 51 51 51    534
                                                                                                        
-------------------------------------------------------------------------------------------------       
 Average Temperature (deg F [tenths deg F for monthly])                                                 
 DAY  1  2  3  4  5  6  7  8  9 10 11 12 13 14 15 16 17 18 19 20 21 22 23 24 25 26 27 28 29 30 31  MONTH
-------------------------------------------------------------------------------------------------       
JAN  39 39 39 39 39 39 39 39 39 39 39 39 39 39 39 39 39 39 39 39 39 39 40 40 40 40 40 40 41 41 41    394
FEB  41 42 42 42 42 43 43 43 43 43 44 44 44 44 45 45 45 45 46 46 46 46 47 47 47 48 48 48             446
MAR  48 49 49 49 50 50 50 50 51 51 51 52 52 52 52 53 53 53 54 54 54 54 55 55 55 56 56 56 56 57 57    527
APR  57 58 58 58 58 59 59 59 60 60 60 60 61 61 61 62 62 62 63 63 63 63 64 64 64 65 65 65 65 66       615
MAY  66 66 67 67 67 67 68 68 68 69 69 69 69 70 70 70 71 71 71 71 72 72 72 73 73 73 73 74 74 74 75    703
JUN  75 75 76 76 76 76 77 77 77 77 78 78 78 78 79 79 79 79 80 80 80 80 80 81 81 81 81 81 81 82       786
JUL  82 82 82 82 82 82 83 83 83 83 83 83 83 83 83 83 83 83 83 84 84 84 84 84 84 84 84 84 83 83 83    831
AUG  83 83 83 83 83 83 83 83 83 83 82 82 82 82 82 82 82 81 81 81 81 81 80 80 80 80 79 79 79 79 78    814
SEP  78 78 78 77 77 77 76 76 76 76 75 75 75 74 74 74 73 73 73 72 72 72 72 71 71 71 70 70 69 69       738
OCT  69 68 68 68 67 67 67 66 66 65 65 65 64 64 64 63 63 62 62 62 61 61 60 60 59 59 58 58 58 57 57    630
NOV  56 56 55 55 54 54 54 53 53 52 52 52 51 51 50 50 50 49 49 48 48 48 47 47 47 46 46 46 45 45       503
DEC  45 44 44 44 44 43 43 43 43 42 42 42 42 41 41 41 41 41 40 40 40 40 40 40 40 39 39 39 39 39 39    413
                                                                                                        
-------------------------------------------------------------------------------------------------       
 Heating Degree Days                                                                                    
 DAY  1  2  3  4  5  6  7  8  9 10 11 12 13 14 15 16 17 18 19 20 21 22 23 24 25 26 27 28 29 30 31  MONTH
-------------------------------------------------------------------------------------------------       
JAN  26 26 26 26 26 26 26 26 26 26 26 26 26 26 26 26 26 26 26 26 26 26 26 25 25 25 25 25 25 24 24    796
FEB  24 24 23 23 23 23 23 22 22 22 22 21 21 21 21 20 20 20 20 19 19 19 18 18 18 18 17 17             578
MAR  17 16 16 16 15 15 15 14 14 14 14 13 13 13 13 12 12 12 11 11 11 11 10 10 10 10  9  9  9  9  8    382
APR   8  8  8  7  7  7  7  7  6  6  6  6  6  5  5  5  5  5  5  4  4  4  4  4  4  3  3  3  3  3       158
MAY   3  3  2  2  2  2  2  2  2  2  1  1  1  1  1  1  1  1  1  1  1  1  1  0  0  0  0  0  0  0  0     35
JUN -99-99-99  0  0  0  0  0  0  0  0  0  0  0  0  0  0  0  0  0  0  0  0  0  0  0  0  0  0  0         3
JUL   0  0  0  0  0  0  0  0  0  0  0  0  0  0  0  0  0  0  0  0  0  0  0  0  0  0  0  0  0  0  0      0
AUG   0  0  0  0  0  0  0  0  0  0  0  0  0  0  0  0  0  0  0  0  0  0  0  0  0  0  0  0  0  0  0      0
SEP   0  0  0  0  0  0  0  0  0  0  0  0  1  1  1  1  1  1  1  1  1  1  1  1  1  1  1  1  1  1        18
OCT   1  1  1  1  1  1  2  2  2  2  2  2  3  3  3  3  3  4  4  4  5  5  5  6  6  6  7  7  8  8  9    117
NOV   9  9 10 10 11 11 12 12 12 13 13 14 14 15 15 15 16 16 16 17 17 17 18 18 19 19 19 19 20 20       446
DEC  20 21 21 21 22 22 22 22 23 23 23 23 23 24 24 24 24 24 25 25 25 25 25 25 25 25 26 26 26 26 26    736
                                                                                                        
-------------------------------------------------------------------------------------------------       
 Cooling Degree Days                                                                                    
 DAY  1  2  3  4  5  6  7  8  9 10 11 12 13 14 15 16 17 18 19 20 21 22 23 24 25 26 27 28 29 30 31  MONTH
-------------------------------------------------------------------------------------------------       
JAN   0  0  0  0  0  0  0  0  0  0  0  0  0  0  0  0  0  0  0  0  0  0  0  0  0  0  0  0  0  0  0      0
FEB   0  0  0  0  0  0  0  0  0  0  0  0  0  0  0  0  0  0  0  0  0  0  0  0  0  0  0  0               0
MAR   0  0  0  0  0  0  0  0  0  0  0  0  0  0  0  0  0  0  0  0  0  0  0  0  0  0  0  0  0  0  1      1
APR   1  1  1  1  1  1  1  1  1  1  1  1  1  1  2  2  2  2  2  2  2  2  2  3  3  3  3  3  3  3        53
MAY   3  4  4  4  4  4  4  5  5  5  5  5  6  6  6  6  6  7  7  7  7  8  8  8  8  9  9  9  9 10 10    198
JUN  10 10 11 11 11 11 12 12 12 13 13 13 13 13 14 14 14 14 15 15 15 15 15 16 16 16 16 16 16 17       409
JUL  17 17 17 17 17 17 18 18 18 18 18 18 18 18 18 18 18 18 18 19 19 19 19 19 19 19 18 18 18 18 18    559
AUG  18 18 18 18 18 18 18 18 17 17 17 17 17 17 17 17 16 16 16 16 16 16 15 15 15 15 14 14 14 14 14    506
SEP  13 13 13 13 12 12 12 12 11 11 11 10 10 10 10  9  9  9  8  8  8  8  7  7  7  6  6  6  5  5       281
OCT   5  5  4  4  4  3  3  3  3  3  2  2  2  2  2  1  1  1  1  1  1  1  1  0  0  0  0  0  0  0  0     55
NOV -99-99-99  0  0  0  0  0  0  0  0  0  0  0  0  0  0  0  0  0  0  0  0  0  0  0  0  0  0  0         3
DEC   0  0  0  0  0  0  0  0  0  0  0  0  0  0  0  0  0  0  0  0  0  0  0  0  0  0  0  0  0  0  0      0
                                                                                                        
-------------------------------------------------------------------------------------------------       
 Total  Precipitation (Hundreths of an Inch)                                                            
 DAY  1  2  3  4  5  6  7  8  9 10 11 12 13 14 15 16 17 18 19 20 21 22 23 24 25 26 27 28 29 30 31  MONTH
-------------------------------------------------------------------------------------------------       
JAN   2  2  2  2  2  2  2  2  2  2  2  1  1  1  1  1  2  2  2  2  2  2  2  2  2  2  2  2  2  2  2     57
FEB   2  3  3  3  3  3  3  3  3  3  3  3  3  3  3  3  4  4  4  4  4  4  4  4  4  4  4  4              95
MAR   4  4  4  4  4  4  4  4  4  4  4  4  4  4  5  5  5  5  5  5  5  5  5  5  5  5  5  5  5  5  5    141
APR   5  5  5  5  6  6  6  6  6  6  6  6  6  6  6  7  7  7  7  7  7  7  8  8  8  8  8  8  9  9       201
MAY   9  9  9 10 10 10 10 10 10 11 11 11 11 11 11 11 11 12 12 12 12 12 12 12 12 12 12 12 13 13 13    346
JUN  13 13 13 13 13 13 13 13 13 13 12 12 12 12 12 12 12 12 12 11 11 11 11 11 10 10 10 10  9  9       351
JUL   9  9  8  8  8  8  7  7  7  7  7  6  6  6  6  6  6  6  6  6  6  6  6  6  6  6  6  6  6  6  6    205
AUG   6  6  6  6  6  6  6  7  7  7  7  7  7  7  7  7  7  7  7  7  7  7  8  8  8  8  8  8  8  8  8    219
SEP   8  8  8  8  8  8  8  8  8  9  9  9  9  9  9  9  9  9  9  9  8  8  8  8  8  8  8  8  8  8       251
OCT   8  8  8  8  8  8  8  8  7  7  7  7  7  7  7  7  7  7  6  6  6  6  6  6  6  6  5  5  5  5  5    207
NOV   5  5  5  4  4  4  4  4  4  4  4  4  4  3  3  3  3  3  3  3  3  3  3  3  3  3  3  3  3  3       106
DEC   3  3  3  3  3  3  3  3  3  3  3  3  3  3  3  3  3  3  3  3  3  3  3  3  2  2  2  2  2  2  2     86
                                                                                                        
