-------------------------------------------------------------------------------------------------       
 1971-2000 Daily/Monthly Station Normals                                                                
 Provided by National Climatic Data Center/NESDIS/NOAA                                                  
-------------------------------------------------------------------------------------------------       
 Station COOP ID:                           415701                                                      
 Station Name, State, Division, Call:       MCALLEN                            TX 10                    
 Latitude, Longitude, Elevation, Elements:  26 12 00 -098 15 00   100 XNP                               
-------------------------------------------------------------------------------------------------       
 Minimum Temperature (deg F [tenths deg F for monthly])                                                 
 DAY  1  2  3  4  5  6  7  8  9 10 11 12 13 14 15 16 17 18 19 20 21 22 23 24 25 26 27 28 29 30 31  MONTH
-------------------------------------------------------------------------------------------------       
JAN  48 48 48 48 48 48 48 48 48 48 48 48 48 48 48 48 48 48 48 48 48 48 48 48 48 49 49 49 49 49 49    482
FEB  49 49 50 50 50 50 50 50 50 51 51 51 51 51 51 52 52 52 52 52 53 53 53 53 54 54 54 54             515
MAR  55 55 55 55 56 56 56 56 57 57 57 57 57 58 58 58 58 59 59 59 59 59 59 60 60 60 60 60 61 61 61    580
APR  61 61 61 62 62 62 62 62 62 63 63 63 63 63 64 64 64 64 64 65 65 65 65 66 66 66 66 66 67 67       638
MAY  67 67 68 68 68 68 69 69 69 69 70 70 70 70 70 70 71 71 71 71 71 72 72 72 72 72 72 72 72 73 73    703
JUN  73 73 73 73 73 73 73 74 74 74 74 74 74 74 74 74 74 74 74 74 74 74 74 74 74 74 75 75 75 75       739
JUL  74 74 74 74 74 74 74 74 74 75 75 75 75 75 75 75 75 75 75 75 75 75 75 75 75 75 75 75 75 75 75    747
AUG  75 75 75 75 75 75 75 75 76 76 76 75 75 75 75 75 75 75 75 75 75 75 75 75 75 75 75 75 75 75 75    751
SEP  74 74 74 74 74 74 74 74 73 73 73 73 73 73 72 72 72 72 72 71 71 71 71 71 70 70 70 70 69 69       721
OCT  69 69 68 68 68 67 67 67 67 66 66 66 66 65 65 65 65 64 64 64 64 63 63 63 63 62 62 62 62 61 61    649
NOV  61 61 60 60 60 59 59 59 59 58 58 58 58 57 57 57 57 56 56 56 55 55 55 55 54 54 54 53 53 53       569
DEC  53 52 52 52 52 51 51 51 51 50 50 50 50 50 50 49 49 49 49 49 49 49 49 48 48 48 48 48 48 48 48    497
                                                                                                        
-------------------------------------------------------------------------------------------------       
 Maximum Temperature (deg F [tenths deg F for monthly])                                                 
 DAY  1  2  3  4  5  6  7  8  9 10 11 12 13 14 15 16 17 18 19 20 21 22 23 24 25 26 27 28 29 30 31  MONTH
-------------------------------------------------------------------------------------------------       
JAN  69 69 69 69 69 68 68 68 69 69 69 69 69 69 69 69 69 69 69 69 69 69 69 69 69 70 70 70 70 70 70    691
FEB  70 71 71 71 71 71 71 72 72 72 72 72 73 73 73 73 73 74 74 74 74 75 75 75 76 76 76 77             731
MAR  77 77 78 78 78 78 79 79 79 79 80 80 80 80 81 81 81 81 82 82 82 82 82 82 83 83 83 83 83 83 83    806
APR  83 84 84 84 84 84 84 84 84 85 85 85 85 85 85 85 85 85 86 86 86 86 86 86 86 86 87 87 87 87       852
MAY  87 87 87 87 88 88 88 88 88 88 88 89 89 89 89 89 89 89 90 90 90 90 90 90 91 91 91 91 91 91 92    892
JUN  92 92 92 92 92 93 93 93 93 93 93 93 93 94 94 94 94 94 94 94 94 94 94 94 95 95 95 95 95 95       936
JUL  95 95 95 95 95 95 95 95 95 95 95 95 95 95 95 95 96 96 96 96 96 96 96 96 96 96 96 96 96 96 96    955
AUG  96 96 96 97 97 97 97 97 97 97 97 97 97 97 96 96 96 96 96 96 96 96 96 96 96 96 95 95 95 95 95    962
SEP  95 95 94 94 94 94 94 94 93 93 93 93 93 93 92 92 92 92 92 92 91 91 91 91 91 90 90 90 90 90       923
OCT  90 89 89 89 89 89 88 88 88 88 88 87 87 87 87 86 86 86 86 85 85 85 85 84 84 84 84 83 83 83 83    863
NOV  82 82 82 81 81 81 80 80 80 80 79 79 79 78 78 78 78 77 77 77 76 76 76 76 75 75 75 74 74 74       780
DEC  74 73 73 73 73 72 72 72 72 71 71 71 71 71 70 70 70 70 70 70 70 69 69 69 69 69 69 69 69 69 69    706
                                                                                                        
-------------------------------------------------------------------------------------------------       
 Average Temperature (deg F [tenths deg F for monthly])                                                 
 DAY  1  2  3  4  5  6  7  8  9 10 11 12 13 14 15 16 17 18 19 20 21 22 23 24 25 26 27 28 29 30 31  MONTH
-------------------------------------------------------------------------------------------------       
JAN  58 58 58 58 58 58 58 58 58 58 58 58 58 59 59 59 59 59 59 59 59 59 59 59 59 59 59 60 60 60 60    587
FEB  60 60 60 60 60 61 61 61 61 61 61 62 62 62 62 62 63 63 63 63 64 64 64 64 65 65 65 65             623
MAR  66 66 66 67 67 67 67 68 68 68 68 69 69 69 69 69 70 70 70 70 70 71 71 71 71 71 72 72 72 72 72    693
APR  72 72 73 73 73 73 73 73 73 74 74 74 74 74 74 74 75 75 75 75 75 76 76 76 76 76 76 77 77 77       745
MAY  77 77 78 78 78 78 78 78 79 79 79 79 79 80 80 80 80 80 80 81 81 81 81 81 81 81 82 82 82 82 82    798
JUN  82 82 83 83 83 83 83 83 83 83 84 84 84 84 84 84 84 84 84 84 84 84 84 84 85 85 85 85 85 85       838
JUL  85 85 85 85 85 85 85 85 85 85 85 85 85 85 85 85 85 85 85 85 85 85 85 85 85 85 85 85 86 86 86    851
AUG  86 86 86 86 86 86 86 86 86 86 86 86 86 86 86 86 86 86 86 86 86 86 85 85 85 85 85 85 85 85 85    857
SEP  85 84 84 84 84 84 84 84 83 83 83 83 83 83 82 82 82 82 82 81 81 81 81 81 81 80 80 80 80 79       822
OCT  79 79 79 79 78 78 78 78 77 77 77 77 76 76 76 76 75 75 75 75 74 74 74 74 73 73 73 73 72 72 72    756
NOV  72 71 71 71 70 70 70 70 69 69 69 68 68 68 68 67 67 67 67 66 66 66 65 65 65 65 64 64 64 63       675
DEC  63 63 63 62 62 62 62 61 61 61 61 61 60 60 60 60 60 60 59 59 59 59 59 59 59 59 59 59 58 58 58    602
                                                                                                        
-------------------------------------------------------------------------------------------------       
 Heating Degree Days                                                                                    
 DAY  1  2  3  4  5  6  7  8  9 10 11 12 13 14 15 16 17 18 19 20 21 22 23 24 25 26 27 28 29 30 31  MONTH
-------------------------------------------------------------------------------------------------       
JAN   8  8  9  9  9  9  9  9  9  9  9  9  9  8  8  8  8  8  8  8  8  8  8  8  8  8  8  8  8  7  7    257
FEB   7  7  7  7  6  6  6  6  6  6  6  5  5  5  5  5  5  4  4  4  4  4  4  4  3  3  3  3             140
MAR   3  3  2  2  2  2  2  2  2  1  1  1  1  1  1  1  1  1  1  1  1  0  0  0  0  0  0  0  0  0  0     32
APR -99-99-99  0  0  0  0  0  0  0  0  0  0  0  0  0  0  0  0  0  0  0  0  0  0  0  0  0  0  0         3
MAY   0  0  0  0  0  0  0  0  0  0  0  0  0  0  0  0  0  0  0  0  0  0  0  0  0  0  0  0  0  0  0      0
JUN   0  0  0  0  0  0  0  0  0  0  0  0  0  0  0  0  0  0  0  0  0  0  0  0  0  0  0  0  0  0         0
JUL   0  0  0  0  0  0  0  0  0  0  0  0  0  0  0  0  0  0  0  0  0  0  0  0  0  0  0  0  0  0  0      0
AUG   0  0  0  0  0  0  0  0  0  0  0  0  0  0  0  0  0  0  0  0  0  0  0  0  0  0  0  0  0  0  0      0
SEP   0  0  0  0  0  0  0  0  0  0  0  0  0  0  0  0  0  0  0  0  0  0  0  0  0  0  0  0  0  0         0
OCT   0  0  0  0  0  0  0  0  0  0  0  0  0  0  0  0  0  0  0  0  0  0  0  0  0  0  0  0  1  1  1      3
NOV   1  1  1  1  1  1  2  2  2  2  2  2  2  2  2  3  3  3  3  3  3  3  4  4  4  4  4  4  4  5        78
DEC   5  5  5  5  5  5  6  6  6  6  6  6  6  7  7  7  7  7  7  7  7  7  7  8  8  8  8  8  8  8  8    206
                                                                                                        
-------------------------------------------------------------------------------------------------       
 Cooling Degree Days                                                                                    
 DAY  1  2  3  4  5  6  7  8  9 10 11 12 13 14 15 16 17 18 19 20 21 22 23 24 25 26 27 28 29 30 31  MONTH
-------------------------------------------------------------------------------------------------       
JAN   1  1  1  1  1  1  1  1  1  1  1  1  1  1  2  2  2  2  2  2  2  2  2  2  2  2  2  2  2  2  2     48
FEB   2  2  2  2  2  2  2  2  2  2  2  2  2  2  2  2  2  2  2  2  2  3  3  3  3  3  3  3              63
MAR   3  4  4  4  4  4  4  4  4  5  5  5  5  5  5  5  5  6  6  6  6  6  6  6  6  7  7  7  7  7  7    165
APR   7  8  8  8  8  8  8  8  9  9  9  9  9  9  9 10 10 10 10 10 10 11 11 11 11 11 11 12 12 12       288
MAY  12 12 13 13 13 13 13 13 14 14 14 14 14 14 15 15 15 15 15 15 16 16 16 16 16 16 17 17 17 17 17    457
JUN  17 17 18 18 18 18 18 18 18 18 18 19 19 19 19 19 19 19 19 19 19 19 19 19 19 20 20 20 20 20       562
JUL  20 20 20 20 20 20 20 20 20 20 20 20 20 20 20 20 20 20 20 20 20 20 20 20 20 20 20 20 21 21 21    623
AUG  21 21 21 21 21 21 21 21 21 21 21 21 21 21 21 21 21 21 21 20 20 20 20 20 20 20 20 20 20 20 20    639
SEP  20 19 19 19 19 19 19 19 18 18 18 18 18 18 17 17 17 17 17 16 16 16 16 16 15 15 15 15 15 14       515
OCT  14 14 13 13 13 13 13 12 12 12 12 11 11 11 11 11 10 10 10 10 10  9  9  9  9  9  8  8  8  8  8    331
NOV   7  7  7  7  7  7  6  6  6  6  6  6  5  5  5  5  5  5  4  4  4  4  4  4  4  4  3  3  3  3       152
DEC   3  3  3  3  3  2  2  2  2  2  2  2  2  2  2  2  2  2  2  1  1  1  1  1  1  1  1  1  1  1  1     55
                                                                                                        
-------------------------------------------------------------------------------------------------       
 Total  Precipitation (Hundreths of an Inch)                                                            
 DAY  1  2  3  4  5  6  7  8  9 10 11 12 13 14 15 16 17 18 19 20 21 22 23 24 25 26 27 28 29 30 31  MONTH
-------------------------------------------------------------------------------------------------       
JAN   3  3  3  3  3  3  4  4  4  4  4  4  4  4  4  4  4  4  4  4  4  4  4  4  4  4  4  4  4  5  5    120
FEB   5  5  5  5  5  5  5  5  5  5  5  5  5  5  5  5  5  5  5  5  5  5  5  5  5  4  4  4             137
MAR   4  4  4  3  3  3  3  3  3  3  3  3  3  3  3  3  3  3  3  3  2  3  3  3  3  3  3  3  3  3  3     95
APR   3  3  3  3  3  4  4  4  4  4  4  4  4  4  4  4  5  5  5  5  5  5  5  6  6  6  6  6  6  6       136
MAY   6  7  7  7  7  7  7  7  8  8  8  8  8  8  8  8  8  8  8  9  9  9  9  9  9  9  9  9  9  9  9    251
JUN   9  9  9  9  9  9  9  9  9  9  9  9  9  9  8  8  8  8  8  8  8  8  8  8  8  7  7  7  7  7       249
JUL   7  7  7  6  6  6  6  6  6  6  6  6  5  5  5  5  5  5  5  5  5  5  5  5  5  5  5  5  5  5  5    170
AUG   5  5  5  5  6  6  6  6  6  6  6  6  7  7  7  7  7  8  8  8  8  8  9  9  9  9 10 10 10 11 11    231
SEP  11 12 12 12 12 13 13 13 13 14 14 14 14 14 14 14 14 14 14 14 14 14 14 14 14 13 13 13 13 13       400
OCT  12 12 12 12 12 11 11 11 11 10 10 10 10  9  9  9  9  8  8  8  8  7  7  7  7  7  6  6  6  6  5    276
NOV   5  5  5  4  4  4  4  4  4  3  3  3  3  3  3  3  3  3  3  3  2  2  2  2  2  2  2  3  3  3        95
DEC   3  3  3  3  3  3  3  3  3  3  3  3  3  3  3  3  3  3  3  3  3  3  3  4  4  4  4  4  4  4  4    101
                                                                                                        
