-------------------------------------------------------------------------------------------------       
 1971-2000 Daily/Monthly Station Normals                                                                
 Provided by National Climatic Data Center/NESDIS/NOAA                                                  
-------------------------------------------------------------------------------------------------       
 Station COOP ID:                           415398                                                      
 Station Name, State, Division, Call:       LOVELADY                           TX 08                    
 Latitude, Longitude, Elevation, Elements:  31 08 00 -095 27 00   302 XNP                               
-------------------------------------------------------------------------------------------------       
 Minimum Temperature (deg F [tenths deg F for monthly])                                                 
 DAY  1  2  3  4  5  6  7  8  9 10 11 12 13 14 15 16 17 18 19 20 21 22 23 24 25 26 27 28 29 30 31  MONTH
-------------------------------------------------------------------------------------------------       
JAN  36 36 36 36 36 36 36 35 35 35 36 36 36 36 36 36 36 36 36 36 36 36 36 36 36 36 36 36 36 36 36    359
FEB  37 37 37 37 37 37 37 37 38 38 38 38 38 38 39 39 39 39 39 40 40 40 40 40 41 41 41 42             387
MAR  42 42 43 43 43 43 44 44 44 44 45 45 45 45 46 46 46 46 47 47 47 47 48 48 48 48 48 49 49 49 49    458
APR  49 50 50 50 50 51 51 51 51 52 52 52 52 53 53 53 53 54 54 54 54 55 55 55 56 56 56 57 57 57       531
MAY  58 58 58 59 59 59 59 60 60 60 61 61 61 61 62 62 62 62 63 63 63 63 64 64 64 64 65 65 65 65 66    618
JUN  66 66 66 66 66 67 67 67 67 67 68 68 68 68 68 68 69 69 69 69 69 69 69 70 70 70 70 70 70 70       682
JUL  70 70 71 71 71 71 71 71 71 71 71 71 71 71 71 71 71 71 71 72 72 72 72 72 72 72 72 72 71 71 71    712
AUG  71 71 71 71 71 71 71 71 71 71 71 71 71 71 71 70 70 70 70 70 70 70 70 70 70 69 69 69 69 69 69    703
SEP  69 68 68 68 68 68 68 67 67 67 67 67 66 66 66 65 65 65 65 64 64 64 63 63 62 62 62 61 61 60       652
OCT  60 60 59 59 58 58 57 57 57 56 56 55 55 55 54 54 54 53 53 53 52 52 52 51 51 51 50 50 50 49 49    542
NOV  49 48 48 48 48 47 47 47 46 46 46 46 45 45 45 44 44 44 44 43 43 43 42 42 42 42 41 41 41 41       446
DEC  40 40 40 40 39 39 39 39 38 38 38 38 38 38 37 37 37 37 37 37 37 36 36 36 36 36 36 36 36 36 36    375
                                                                                                        
-------------------------------------------------------------------------------------------------       
 Maximum Temperature (deg F [tenths deg F for monthly])                                                 
 DAY  1  2  3  4  5  6  7  8  9 10 11 12 13 14 15 16 17 18 19 20 21 22 23 24 25 26 27 28 29 30 31  MONTH
-------------------------------------------------------------------------------------------------       
JAN  58 58 58 58 58 58 58 58 58 58 58 58 58 58 58 58 58 58 58 58 58 58 58 59 59 59 59 59 59 59 60    583
FEB  60 60 60 61 61 61 61 62 62 62 62 62 63 63 63 63 64 64 64 65 65 65 65 66 66 66 67 67             632
MAR  67 67 68 68 68 69 69 69 69 70 70 70 70 71 71 71 71 72 72 72 72 73 73 73 73 73 74 74 74 74 74    710
APR  75 75 75 75 75 76 76 76 76 76 77 77 77 77 77 78 78 78 78 78 79 79 79 79 80 80 80 80 81 81       776
MAY  81 81 81 82 82 82 82 83 83 83 83 84 84 84 84 84 85 85 85 85 86 86 86 86 86 87 87 87 87 87 88    844
JUN  88 88 88 89 89 89 89 89 90 90 90 90 90 90 91 91 91 91 91 91 92 92 92 92 92 92 92 93 93 93       906
JUL  93 93 93 93 93 94 94 94 94 94 94 94 94 94 95 95 95 95 95 95 95 95 95 95 95 95 95 95 96 96 96    945
AUG  96 96 96 96 96 96 96 96 96 96 96 96 96 95 95 95 95 95 95 95 95 95 95 94 94 94 94 94 94 93 93    951
SEP  93 93 93 93 92 92 92 92 91 91 91 91 90 90 90 90 89 89 89 89 88 88 88 88 87 87 87 86 86 86       897
OCT  86 85 85 85 84 84 84 83 83 83 82 82 82 81 81 81 80 80 80 79 79 78 78 78 77 77 76 76 76 75 75    805
NOV  74 74 74 73 73 72 72 71 71 71 70 70 70 69 69 69 68 68 67 67 67 67 66 66 66 65 65 65 64 64       689
DEC  64 64 63 63 63 63 62 62 62 62 61 61 61 61 61 60 60 60 60 60 59 59 59 59 59 59 59 59 58 58 58    606
                                                                                                        
-------------------------------------------------------------------------------------------------       
 Average Temperature (deg F [tenths deg F for monthly])                                                 
 DAY  1  2  3  4  5  6  7  8  9 10 11 12 13 14 15 16 17 18 19 20 21 22 23 24 25 26 27 28 29 30 31  MONTH
-------------------------------------------------------------------------------------------------       
JAN  47 47 47 47 47 47 47 47 47 46 47 47 47 47 47 47 47 47 47 47 47 47 47 47 47 47 47 48 48 48 48    471
FEB  48 48 49 49 49 49 49 50 50 50 50 50 51 51 51 51 51 52 52 52 52 53 53 53 53 54 54 54             510
MAR  55 55 55 55 56 56 56 56 57 57 57 57 58 58 58 59 59 59 59 59 60 60 60 60 61 61 61 61 61 62 62    584
APR  62 62 63 63 63 63 63 64 64 64 64 64 65 65 65 65 66 66 66 66 67 67 67 67 68 68 68 69 69 69       654
MAY  69 70 70 70 70 71 71 71 71 72 72 72 72 73 73 73 73 74 74 74 74 75 75 75 75 76 76 76 76 76 77    731
JUN  77 77 77 77 78 78 78 78 78 79 79 79 79 79 79 80 80 80 80 80 80 81 81 81 81 81 81 81 81 82       794
JUL  82 82 82 82 82 82 82 82 83 83 83 83 83 83 83 83 83 83 83 83 83 83 83 83 83 83 84 84 84 84 84    829
AUG  84 84 84 84 84 83 83 83 83 83 83 83 83 83 83 83 83 83 83 83 82 82 82 82 82 82 82 82 81 81 81    827
SEP  81 81 80 80 80 80 80 80 79 79 79 79 78 78 78 78 77 77 77 76 76 76 76 75 75 75 74 74 74 73       775
OCT  73 72 72 72 71 71 71 70 70 70 69 69 68 68 68 67 67 67 66 66 66 65 65 65 64 64 63 63 63 62 62    674
NOV  62 61 61 61 60 60 59 59 59 58 58 58 57 57 57 57 56 56 56 55 55 55 54 54 54 54 53 53 53 52       568
DEC  52 52 52 51 51 51 51 50 50 50 50 50 49 49 49 49 49 49 48 48 48 48 48 48 48 47 47 47 47 47 47    491
                                                                                                        
-------------------------------------------------------------------------------------------------       
 Heating Degree Days                                                                                    
 DAY  1  2  3  4  5  6  7  8  9 10 11 12 13 14 15 16 17 18 19 20 21 22 23 24 25 26 27 28 29 30 31  MONTH
-------------------------------------------------------------------------------------------------       
JAN  18 18 18 18 18 18 19 19 19 19 19 19 19 19 19 18 18 18 18 18 18 18 18 18 18 18 18 17 17 17 17    563
FEB  17 17 17 16 16 16 16 16 16 15 15 15 15 14 14 14 14 14 13 13 13 13 12 12 12 12 11 11             399
MAR  11 11 10 10 10  9  9  9  9  8  8  8  8  8  7  7  7  7  6  6  6  6  6  6  5  5  5  5  5  5  4    226
APR   4  4  4  4  4  4  3  3  3  3  3  3  3  3  2  2  2  2  2  2  2  2  2  2  1  1  1  1  1  1        74
MAY   1  1  1  1  1  1  0  0  0  0  0  0  0  0  0  0  0  0  0  0  0  0  0  0  0  0  0  0  0  0  0      6
JUN   0  0  0  0  0  0  0  0  0  0  0  0  0  0  0  0  0  0  0  0  0  0  0  0  0  0  0  0  0  0         0
JUL   0  0  0  0  0  0  0  0  0  0  0  0  0  0  0  0  0  0  0  0  0  0  0  0  0  0  0  0  0  0  0      0
AUG   0  0  0  0  0  0  0  0  0  0  0  0  0  0  0  0  0  0  0  0  0  0  0  0  0  0  0  0  0  0  0      0
SEP   0  0  0  0  0  0  0  0  0  0  0  0  0-99  0  0  0  0  0  0  0  0  0  0  0  0  0  0  0  0         1
OCT   0  0  0  0  0  0  0  0  0  0  1  1  1  1  1  1  1  2  2  2  2  2  3  3  3  3  4  4  4  4  5     50
NOV   5  5  6  6  6  7  7  7  7  8  8  8  9  9  9  9 10 10 10 10 11 11 11 12 12 12 12 13 13 13       276
DEC  13 14 14 14 14 14 15 15 15 15 15 16 16 16 16 16 16 17 17 17 17 17 17 17 18 18 18 18 18 18 18    499
                                                                                                        
-------------------------------------------------------------------------------------------------       
 Cooling Degree Days                                                                                    
 DAY  1  2  3  4  5  6  7  8  9 10 11 12 13 14 15 16 17 18 19 20 21 22 23 24 25 26 27 28 29 30 31  MONTH
-------------------------------------------------------------------------------------------------       
JAN   0  0  0  0  0  0  0  0  0  0  0  0  0  0  0  0  0  0  0  0  0  0  0  0  0  0  0  0  0  0  0      0
FEB   0  0  0  0  0  0  0  0  0  0  0  0  0  0  0  0  0  0  0  0  0  0-99-99-99-99-99-99               6
MAR   0  0  0  0  0  0  0  0  0  0  0  1  1  1  1  1  1  1  1  1  1  1  1  1  1  1  1  1  1  1  1     20
APR   1  1  1  1  2  2  2  2  2  2  2  2  2  2  3  3  3  3  3  3  3  4  4  4  4  4  4  5  5  5        84
MAY   5  5  6  6  6  6  6  7  7  7  7  7  8  8  8  8  8  9  9  9  9 10 10 10 10 10 11 11 11 11 11    256
JUN  12 12 12 12 13 13 13 13 13 14 14 14 14 14 14 15 15 15 15 15 15 16 16 16 16 16 16 16 16 17       432
JUL  17 17 17 17 17 17 17 17 18 18 18 18 18 18 18 18 18 18 18 18 18 18 18 18 18 18 18 18 19 19 19    553
AUG  19 19 19 18 18 18 18 18 18 18 18 18 18 18 18 18 18 18 18 18 17 17 17 17 17 17 17 17 16 16 16    547
SEP  16 16 15 15 15 15 15 15 14 14 14 14 13 13 13 13 12 12 12 11 11 11 11 10 10 10  9  9  8  8       374
OCT   8  7  7  7  6  6  6  5  5  5  5  4  4  4  4  4  3  3  3  3  3  2  2  2  2  2  2  2  2  2  2    122
NOV   2  1  1  1  1  1  1  1  1  1  1  1  1  1  1  1  1  1  1  1  1  1  1  1  1  1  1  0  0  0        28
DEC -99-99-99-99-99  0  0  0  0  0  0  0  0  0  0  0  0  0  0  0  0  0  0  0  0  0  0  0  0  0  0      5
                                                                                                        
-------------------------------------------------------------------------------------------------       
 Total  Precipitation (Hundreths of an Inch)                                                            
 DAY  1  2  3  4  5  6  7  8  9 10 11 12 13 14 15 16 17 18 19 20 21 22 23 24 25 26 27 28 29 30 31  MONTH
-------------------------------------------------------------------------------------------------       
JAN  11 11 11 11 11 11 11 11 11 11 11 11 11 11 11 12 12 12 12 12 12 12 12 12 12 11 11 11 11 11 11    351
FEB  11 11 11 11 11 11 11 11 11 11 11 11 11 11 11 11 11 11 11 11 11 11 11 11 11 10 10 11             306
MAR  11 11 11 11 11 11 11 11 11 11 11 11 11 11 11 11 11 11 11 11 11 11 11 10 10 10 10 10 10 10 10    333
APR  11 11 11 11 11 11 11 11 11 11 11 11 11 11 11 11 11 12 12 12 12 12 12 13 13 13 13 13 14 14       352
MAY  14 14 15 15 15 15 15 16 16 16 16 16 16 16 16 16 17 17 17 17 17 17 17 17 17 16 16 16 16 16 16    496
JUN  16 16 16 15 15 15 15 15 15 15 15 14 14 14 14 14 14 14 14 13 13 13 13 13 13 13 12 12 12 12       419
JUL  12 12 12 12 11 11 11 11 11 11 11 11 10 10 10 10 10 10 10 10 10  9  9  9  9  9  9  9  9  8  8    314
AUG   8  8  8  8  8  8  8  8  8  8  8  7  7  7  7  7  7  8  8  8  8  8  8  8  8  8  8  8  8  8  9    243
SEP   9  9  9  9  9  9 10 10 10 10 10 10 10 11 11 11 11 11 11 11 12 12 12 12 12 12 12 13 13 13       324
OCT  13 13 13 14 14 14 14 14 14 14 14 14 14 14 14 14 15 15 15 15 15 15 15 15 14 14 14 14 14 14 14    439
NOV  14 14 14 14 14 14 14 13 13 13 13 13 13 13 13 13 13 13 12 12 12 12 12 12 12 12 12 11 11 11       382
DEC  11 11 11 11 11 11 11 11 11 11 11 10 10 10 10 10 10 10 10 10 10 10 10 10 10 10 11 11 11 11 11    326
                                                                                                        
