-------------------------------------------------------------------------------------------------       
 1971-2000 Daily/Monthly Station Normals                                                                
 Provided by National Climatic Data Center/NESDIS/NOAA                                                  
-------------------------------------------------------------------------------------------------       
 Station COOP ID:                           419088                                                      
 Station Name, State, Division, Call:       TORNILLO 2 SSE                     TX 05                    
 Latitude, Longitude, Elevation, Elements:  31 24 10 -106 03 29  3525 XNP                               
-------------------------------------------------------------------------------------------------       
 Minimum Temperature (deg F [tenths deg F for monthly])                                                 
 DAY  1  2  3  4  5  6  7  8  9 10 11 12 13 14 15 16 17 18 19 20 21 22 23 24 25 26 27 28 29 30 31  MONTH
-------------------------------------------------------------------------------------------------       
JAN  26 26 26 26 26 26 26 26 26 26 26 26 26 27 27 27 27 27 27 27 27 28 28 28 28 28 28 28 29 29 29    270
FEB  29 29 30 30 30 30 31 31 31 31 31 31 32 32 32 32 32 33 33 33 33 33 34 34 34 34 34 34             319
MAR  35 35 35 35 35 35 36 36 36 36 36 36 37 37 37 37 37 38 38 38 38 38 39 39 39 39 39 40 40 40 40    373
APR  41 41 41 41 41 42 42 42 42 43 43 43 43 44 44 44 44 44 45 45 45 45 46 46 46 46 47 47 47 47       439
MAY  48 48 48 48 49 49 49 49 50 50 50 50 51 51 51 52 52 52 52 53 53 53 54 54 54 55 55 55 56 56 56    517
JUN  57 57 57 58 58 58 59 59 59 59 60 60 60 61 61 61 61 62 62 62 62 62 63 63 63 63 63 63 64 64       607
JUL  64 64 64 65 65 65 65 65 65 65 65 65 65 65 65 65 65 65 66 66 66 66 66 66 66 65 65 65 65 65 65    651
AUG  65 65 65 65 65 65 65 65 65 64 64 64 64 64 64 64 64 64 63 63 63 63 63 63 63 63 62 62 62 62 62    637
SEP  62 61 61 61 61 61 60 60 60 60 59 59 59 59 58 58 58 57 57 57 56 56 55 55 55 54 54 53 53 52       577
OCT  52 51 51 51 50 50 49 49 48 48 47 47 46 46 45 45 45 44 44 43 43 42 42 41 41 40 40 39 39 39 38    450
NOV  38 37 37 36 36 36 35 35 34 34 34 33 33 33 32 32 32 32 31 31 31 30 30 30 30 30 29 29 29 29       326
DEC  29 28 28 28 28 28 28 28 27 27 27 27 27 27 27 27 27 27 27 26 26 26 26 26 26 26 26 26 26 26 26    269
                                                                                                        
-------------------------------------------------------------------------------------------------       
 Maximum Temperature (deg F [tenths deg F for monthly])                                                 
 DAY  1  2  3  4  5  6  7  8  9 10 11 12 13 14 15 16 17 18 19 20 21 22 23 24 25 26 27 28 29 30 31  MONTH
-------------------------------------------------------------------------------------------------       
JAN  58 58 58 58 58 58 58 58 58 58 59 59 59 59 59 59 59 59 60 60 60 60 60 61 61 61 61 62 62 62 62    595
FEB  63 63 63 64 64 64 64 65 65 65 65 66 66 66 66 67 67 67 67 68 68 68 68 69 69 69 69 69             662
MAR  70 70 70 70 70 71 71 71 71 72 72 72 72 73 73 73 73 73 74 74 74 74 75 75 75 76 76 76 76 77 77    731
APR  77 77 78 78 78 79 79 79 79 80 80 80 80 81 81 81 81 82 82 82 82 83 83 83 83 84 84 84 85 85       810
MAY  85 85 85 86 86 86 87 87 87 87 88 88 88 88 89 89 89 90 90 90 90 91 91 91 92 92 92 93 93 93 94    891
JUN  94 94 95 95 95 95 96 96 96 96 97 97 97 97 97 97 97 97 97 97 97 97 97 97 97 97 97 97 97 97       964
JUL  97 97 97 96 96 96 96 96 96 96 96 96 96 95 95 95 95 95 95 95 95 95 95 95 94 94 94 94 94 94 94    953
AUG  94 94 94 94 93 93 93 93 93 93 93 93 93 93 93 92 92 92 92 92 92 92 92 92 91 91 91 91 91 91 91    924
SEP  91 90 90 90 90 90 90 90 89 89 89 89 89 89 88 88 88 88 88 87 87 87 87 86 86 86 86 86 85 85       881
OCT  85 85 84 84 84 83 83 83 83 82 82 82 81 81 81 80 80 80 79 79 78 78 78 77 77 76 76 75 75 75 74    800
NOV  74 73 73 72 72 71 71 71 70 70 69 69 68 68 68 67 67 67 66 66 66 65 65 65 64 64 64 63 63 63       678
DEC  63 62 62 62 61 61 61 61 61 60 60 60 60 60 59 59 59 59 59 59 59 59 58 58 58 58 58 58 58 58 58    596
                                                                                                        
-------------------------------------------------------------------------------------------------       
 Average Temperature (deg F [tenths deg F for monthly])                                                 
 DAY  1  2  3  4  5  6  7  8  9 10 11 12 13 14 15 16 17 18 19 20 21 22 23 24 25 26 27 28 29 30 31  MONTH
-------------------------------------------------------------------------------------------------       
JAN  42 42 42 42 42 42 42 42 42 42 42 43 43 43 43 43 43 43 43 44 44 44 44 44 44 45 45 45 45 46 46    433
FEB  46 46 46 47 47 47 47 48 48 48 48 49 49 49 49 50 50 50 50 50 51 51 51 51 51 52 52 52             491
MAR  52 52 52 53 53 53 53 53 54 54 54 54 55 55 55 55 55 56 56 56 56 56 57 57 57 57 58 58 58 58 59    552
APR  59 59 59 60 60 60 60 61 61 61 61 62 62 62 62 63 63 63 63 64 64 64 64 65 65 65 65 66 66 66       625
MAY  66 66 67 67 67 68 68 68 68 69 69 69 69 70 70 70 71 71 71 71 72 72 72 73 73 73 74 74 74 75 75    704
JUN  75 76 76 76 77 77 77 77 78 78 78 78 79 79 79 79 79 80 80 80 80 80 80 80 80 80 80 80 80 80       786
JUL  80 80 81 81 81 81 81 81 80 80 80 80 80 80 80 80 80 80 80 80 80 80 80 80 80 80 80 80 80 80 80    802
AUG  80 79 79 79 79 79 79 79 79 79 79 79 79 78 78 78 78 78 78 78 78 78 77 77 77 77 77 77 77 76 76    781
SEP  76 76 76 76 75 75 75 75 75 74 74 74 74 74 73 73 73 73 72 72 72 71 71 71 70 70 70 69 69 69       729
OCT  68 68 68 67 67 67 66 66 65 65 65 64 64 63 63 63 62 62 61 61 61 60 60 59 59 58 58 57 57 57 56    625
NOV  56 55 55 54 54 54 53 53 52 52 52 51 51 50 50 50 49 49 49 48 48 48 48 47 47 47 46 46 46 46       502
DEC  46 45 45 45 45 45 44 44 44 44 44 44 43 43 43 43 43 43 43 43 43 42 42 42 42 42 42 42 42 42 42    433
                                                                                                        
-------------------------------------------------------------------------------------------------       
 Heating Degree Days                                                                                    
 DAY  1  2  3  4  5  6  7  8  9 10 11 12 13 14 15 16 17 18 19 20 21 22 23 24 25 26 27 28 29 30 31  MONTH
-------------------------------------------------------------------------------------------------       
JAN  23 23 23 23 23 23 23 23 23 23 23 22 22 22 22 22 22 22 22 22 21 21 21 21 21 20 20 20 20 20 19    675
FEB  19 19 19 18 18 18 18 17 17 17 17 16 16 16 16 16 15 15 15 15 15 14 14 14 14 13 13 13             447
MAR  13 13 12 12 12 12 12 12 11 11 11 11 11 10 10 10 10 10  9  9  9  9  9  8  8  8  8  8  7  7  7    309
APR   7  7  6  6  6  6  6  5  5  5  5  5  5  4  4  4  4  4  4  4  3  3  3  3  3  3  3  2  2  2       129
MAY   2  2  2  2  2  2  1  1  1  1  1  1  1  1  1  1  1  1  1  0  0  0  0  0  0  0  0  0  0  0  0     25
JUN   0  0  0  0  0  0  0  0  0  0  0  0  0  0  0  0  0  0  0  0  0  0  0  0  0  0  0  0  0  0         0
JUL   0  0  0  0  0  0  0  0  0  0  0  0  0  0  0  0  0  0  0  0  0  0  0  0  0  0  0  0  0  0  0      0
AUG   0  0  0  0  0  0  0  0  0  0  0  0  0  0  0  0  0  0  0  0  0  0  0  0  0  0  0  0  0  0  0      0
SEP   0  0  0  0  0  0  0  0  0  0  0  0  0  0  0  0  0  0  0  0  0  0  1  1  1  1  1  1  1  1         8
OCT   1  1  1  1  1  1  2  2  2  2  2  2  3  3  3  3  4  4  4  4  5  5  5  6  6  7  7  7  8  8  9    119
NOV   9 10 10 11 11 11 12 12 13 13 13 14 14 15 15 15 16 16 16 17 17 17 17 18 18 18 19 19 19 19       444
DEC  19 20 20 20 20 21 21 21 21 21 21 21 22 22 22 22 22 22 22 22 23 23 23 23 23 23 23 23 23 23 23    675
                                                                                                        
-------------------------------------------------------------------------------------------------       
 Cooling Degree Days                                                                                    
 DAY  1  2  3  4  5  6  7  8  9 10 11 12 13 14 15 16 17 18 19 20 21 22 23 24 25 26 27 28 29 30 31  MONTH
-------------------------------------------------------------------------------------------------       
JAN   0  0  0  0  0  0  0  0  0  0  0  0  0  0  0  0  0  0  0  0  0  0  0  0  0  0  0  0  0  0  0      0
FEB   0  0  0  0  0  0  0  0  0  0  0  0  0  0  0  0  0  0  0  0  0  0  0  0  0  0  0  0               0
MAR   0  0  0  0  0  0  0  0  0  0  0  0  0  0  0  0  0  0  0  0  0  0  0  0  0  0  1  1  1  1  1      5
APR   1  1  1  1  1  1  1  1  1  1  1  1  1  1  2  2  2  2  2  2  2  2  2  2  3  3  3  3  3  3        52
MAY   3  3  4  4  4  4  4  4  5  5  5  5  5  5  6  6  6  6  7  7  7  7  8  8  8  9  9  9  9 10 10    192
JUN  10 11 11 11 12 12 12 12 13 13 13 13 14 14 14 14 14 14 15 15 15 15 15 15 15 15 15 15 15 15       407
JUL  15 15 15 16 16 16 16 16 15 15 15 15 15 15 15 15 15 15 15 15 15 15 15 15 15 15 15 15 15 15 15    470
AUG  15 14 14 14 14 14 14 14 14 14 14 14 13 13 13 13 13 13 13 13 13 12 12 12 12 12 12 12 12 11 11    404
SEP  11 11 11 11 10 10 10 10 10 10  9  9  9  9  8  8  8  8  8  7  7  7  7  6  6  6  5  5  5  5       246
OCT   4  4  4  3  3  3  3  2  2  2  2  2  1  1  1  1  1  1  1  1  0  0  0  0  0  0  0  0  0  0  0     42
NOV   0  0  0  0  0  0  0  0  0  0  0  0  0  0  0  0  0  0  0  0  0-99  0  0  0  0  0  0  0  0         1
DEC   0  0  0  0  0  0  0  0  0  0  0  0  0  0  0  0  0  0  0  0  0  0  0  0  0  0  0  0  0  0  0      0
                                                                                                        
-------------------------------------------------------------------------------------------------       
 Total  Precipitation (Hundreths of an Inch)                                                            
 DAY  1  2  3  4  5  6  7  8  9 10 11 12 13 14 15 16 17 18 19 20 21 22 23 24 25 26 27 28 29 30 31  MONTH
-------------------------------------------------------------------------------------------------       
JAN   2  2  2  1  1  1  1  1  1  1  1  1  1  1  1  1  1  1  1  1  1  1  1  1  1  1  1  1  1  1  1     34
FEB   1  1  1  1  1  1  1  1  1  1  1  1  1  1  2  2  1  1  1  1  1  1  1  1  1  1  1  1              30
MAR   1  1  1  1  1  1  1  1  1  1  1  1  1  1  1  1  1  1  1  1  1  1  1  1  1  0  0  0  0  0  0     25
APR   1  1  1  0  0  0  0  0  0  0  0  0  0  0  0  0  0  0  0  1  1  1  1  1  1  1  1  1  1  1        14
MAY   1  1  1  1  1  1  1  1  1  1  1  1  1  1  1  1  1  1  2  2  2  2  2  2  2  2  2  2  2  2  2     44
JUN   2  2  2  2  2  2  3  3  3  3  3  3  3  3  3  3  3  3  3  3  3  3  3  3  3  3  3  4  4  4        87
JUL   4  4  4  4  4  4  4  4  4  4  4  4  4  4  4  4  4  4  4  4  4  4  4  4  4  4  4  4  4  4  4    124
AUG   4  4  4  4  4  4  4  4  4  4  4  4  4  4  4  4  4  4  4  4  4  4  4  4  4  4  4  4  5  5  5    127
SEP   4  4  5  5  5  5  5  5  5  5  5  5  5  5  5  5  5  5  4  4  4  4  4  4  4  4  4  4  4  4       136
OCT   4  4  4  3  3  3  3  3  3  3  3  3  3  3  3  3  3  2  2  2  2  2  2  2  2  2  2  2  2  2  2     82
NOV   2  2  2  2  2  2  2  2  2  2  1  1  1  1  1  1  1  1  1  1  1  1  1  1  2  2  2  2  2  2        46
DEC   1  1  2  2  2  2  2  2  2  2  2  2  2  2  2  2  2  2  2  2  2  2  2  2  1  1  1  1  1  1  1     53
                                                                                                        
