-------------------------------------------------------------------------------------------------       
 1971-2000 Daily/Monthly Station Normals                                                                
 Provided by National Climatic Data Center/NESDIS/NOAA                                                  
-------------------------------------------------------------------------------------------------       
 Station COOP ID:                           417170                                                      
 Station Name, State, Division, Call:       PORT ARANSAS                       TX 07                    
 Latitude, Longitude, Elevation, Elements:  27 50 11 -097 03 11    12 XNP                               
-------------------------------------------------------------------------------------------------       
 Minimum Temperature (deg F [tenths deg F for monthly])                                                 
 DAY  1  2  3  4  5  6  7  8  9 10 11 12 13 14 15 16 17 18 19 20 21 22 23 24 25 26 27 28 29 30 31  MONTH
-------------------------------------------------------------------------------------------------       
JAN  50 50 50 50 50 50 50 50 50 50 50 50 49 49 49 49 49 49 49 49 49 50 50 50 50 50 50 50 50 50 50    497
FEB  50 50 50 50 50 50 51 51 51 51 51 51 52 52 52 52 52 53 53 53 53 54 54 54 54 55 55 55             521
MAR  56 56 56 57 57 57 58 58 58 59 59 59 59 60 60 60 60 61 61 61 61 62 62 62 62 62 62 63 63 63 63    599
APR  63 63 64 64 64 64 64 64 65 65 65 65 65 65 66 66 66 66 66 67 67 67 67 68 68 68 68 69 69 69       659
MAY  69 70 70 70 70 71 71 71 71 71 72 72 72 72 73 73 73 73 73 74 74 74 74 74 75 75 75 75 75 76 76    727
JUN  76 76 76 76 77 77 77 77 77 77 77 78 78 78 78 78 78 78 78 78 78 78 78 78 79 79 79 79 79 79       777
JUL  78 78 78 79 79 79 79 79 79 79 79 79 79 79 79 79 79 79 79 79 79 79 79 79 79 79 79 79 79 79 79    789
AUG  79 79 80 80 80 80 80 80 80 80 80 80 80 80 80 80 80 80 80 80 80 79 79 79 79 79 79 79 79 79 79    796
SEP  79 79 79 79 78 78 78 78 78 78 78 78 78 77 77 77 77 77 77 76 76 76 76 76 76 75 75 75 75 74       770
OCT  74 74 74 74 73 73 73 73 72 72 72 72 71 71 71 71 70 70 70 70 69 69 69 68 68 68 67 67 67 67 66    705
NOV  66 65 65 65 64 64 64 64 63 63 63 62 62 62 61 61 61 60 60 60 59 59 59 58 58 58 57 57 57 56       611
DEC  56 56 55 55 55 55 54 54 54 53 53 53 53 53 52 52 52 52 52 51 51 51 51 51 51 51 51 50 50 50 50    525
                                                                                                        
-------------------------------------------------------------------------------------------------       
 Maximum Temperature (deg F [tenths deg F for monthly])                                                 
 DAY  1  2  3  4  5  6  7  8  9 10 11 12 13 14 15 16 17 18 19 20 21 22 23 24 25 26 27 28 29 30 31  MONTH
-------------------------------------------------------------------------------------------------       
JAN  63 63 63 63 63 63 63 63 63 62 62 62 62 62 62 62 62 62 62 62 62 62 62 62 62 63 63 63 63 63 63    625
FEB  63 63 63 63 63 64 64 64 64 64 64 65 65 65 65 65 66 66 66 66 67 67 67 67 68 68 68 68             653
MAR  69 69 69 69 70 70 70 71 71 71 71 71 72 72 72 72 73 73 73 73 73 74 74 74 74 74 74 75 75 75 75    722
APR  75 75 75 76 76 76 76 76 76 77 77 77 77 77 77 78 78 78 78 78 79 79 79 79 79 80 80 80 80 80       776
MAY  81 81 81 81 82 82 82 82 82 83 83 83 83 83 84 84 84 84 84 85 85 85 85 85 86 86 86 86 86 87 87    838
JUN  87 87 87 87 88 88 88 88 88 88 88 88 89 89 89 89 89 89 89 89 89 89 89 89 89 89 90 90 90 90       886
JUL  89 89 89 90 90 90 90 90 90 90 90 90 90 90 90 90 90 90 90 90 90 90 90 90 90 90 90 90 90 90 90    899
AUG  90 90 90 90 90 90 91 91 91 91 91 91 91 91 91 90 90 90 90 90 90 90 90 90 90 90 90 90 90 90 90    903
SEP  90 90 90 90 89 89 89 89 89 89 89 89 89 88 88 88 88 88 88 88 87 87 87 87 87 87 86 86 86 86       881
OCT  86 85 85 85 85 85 84 84 84 84 84 83 83 83 83 82 82 82 82 81 81 81 80 80 80 80 79 79 79 79 78    822
NOV  78 78 77 77 77 77 76 76 76 75 75 75 74 74 74 74 73 73 73 72 72 72 72 71 71 71 71 70 70 70       738
DEC  69 69 69 69 68 68 68 68 67 67 67 67 67 66 66 66 66 66 65 65 65 65 65 64 64 64 64 64 64 64 63    661
                                                                                                        
-------------------------------------------------------------------------------------------------       
 Average Temperature (deg F [tenths deg F for monthly])                                                 
 DAY  1  2  3  4  5  6  7  8  9 10 11 12 13 14 15 16 17 18 19 20 21 22 23 24 25 26 27 28 29 30 31  MONTH
-------------------------------------------------------------------------------------------------       
JAN  57 57 57 56 56 56 56 56 56 56 56 56 56 56 56 56 56 56 56 56 56 56 56 56 56 56 56 56 56 56 56    561
FEB  56 57 57 57 57 57 57 57 57 58 58 58 58 58 59 59 59 59 59 60 60 60 60 61 61 61 62 62             587
MAR  62 63 63 63 63 64 64 64 65 65 65 65 66 66 66 66 67 67 67 67 67 68 68 68 68 68 68 69 69 69 69    661
APR  69 69 70 70 70 70 70 70 70 71 71 71 71 71 72 72 72 72 72 73 73 73 73 73 74 74 74 74 75 75       718
MAY  75 75 75 76 76 76 76 77 77 77 77 78 78 78 78 78 79 79 79 79 79 80 80 80 80 80 81 81 81 81 81    783
JUN  81 82 82 82 82 82 82 83 83 83 83 83 83 83 83 83 84 84 84 84 84 84 84 84 84 84 84 84 84 84       832
JUL  84 84 84 84 84 84 84 84 84 84 84 84 84 84 84 84 84 84 84 85 85 85 85 85 85 85 85 85 85 85 85    844
AUG  85 85 85 85 85 85 85 85 85 85 85 85 85 85 85 85 85 85 85 85 85 85 85 85 85 85 85 85 85 85 85    850
SEP  84 84 84 84 84 84 84 84 84 84 83 83 83 83 83 83 83 82 82 82 82 82 82 81 81 81 81 81 80 80       826
OCT  80 80 80 79 79 79 79 78 78 78 78 78 77 77 77 77 76 76 76 75 75 75 75 74 74 74 73 73 73 73 72    764
NOV  72 72 71 71 71 70 70 70 69 69 69 69 68 68 68 67 67 67 66 66 66 66 65 65 65 64 64 64 63 63       675
DEC  63 62 62 62 62 61 61 61 61 60 60 60 60 59 59 59 59 59 58 58 58 58 58 58 58 57 57 57 57 57 57    593
                                                                                                        
-------------------------------------------------------------------------------------------------       
 Heating Degree Days                                                                                    
 DAY  1  2  3  4  5  6  7  8  9 10 11 12 13 14 15 16 17 18 19 20 21 22 23 24 25 26 27 28 29 30 31  MONTH
-------------------------------------------------------------------------------------------------       
JAN   9  9 10 10 10 10 10 10 10 10 10 10 10 10 10 10 10 10 10 10 10 10 10 10 10 10 10 10 10  9  9    306
FEB   9  9  9  9  9  9  9  9  8  8  8  8  8  8  7  7  7  7  7  7  6  6  6  6  6  5  5  5             207
MAR   5  5  4  4  4  4  4  3  3  3  3  3  3  2  2  2  2  2  2  2  2  2  1  1  1  1  1  1  1  1  1     75
APR   1  1  1  1  1  1  1  1  1  1  1  0  0  0  0  0  0  0  0  0  0  0  0  0  0  0  0  0  0  0        11
MAY   0  0  0  0  0  0  0  0  0  0  0  0  0  0  0  0  0  0  0  0  0  0  0  0  0  0  0  0  0  0  0      0
JUN   0  0  0  0  0  0  0  0  0  0  0  0  0  0  0  0  0  0  0  0  0  0  0  0  0  0  0  0  0  0         0
JUL   0  0  0  0  0  0  0  0  0  0  0  0  0  0  0  0  0  0  0  0  0  0  0  0  0  0  0  0  0  0  0      0
AUG   0  0  0  0  0  0  0  0  0  0  0  0  0  0  0  0  0  0  0  0  0  0  0  0  0  0  0  0  0  0  0      0
SEP   0  0  0  0  0  0  0  0  0  0  0  0  0  0  0  0  0  0  0  0  0  0  0  0  0  0  0  0  0  0         0
OCT   0  0  0  0  0  0  0  0  0  0  0  0  0  0  0  0  0  0  0  0  0  0  0  0  0  0  0  0  0  1  1      2
NOV   1  1  1  1  1  1  2  2  2  2  2  2  2  2  3  3  3  3  3  3  3  4  4  4  4  4  4  5  5  5        82
DEC   5  5  5  6  6  6  6  6  6  6  7  7  7  7  7  7  8  8  8  8  8  8  8  8  9  9  9  9  9  9  9    226
                                                                                                        
-------------------------------------------------------------------------------------------------       
 Cooling Degree Days                                                                                    
 DAY  1  2  3  4  5  6  7  8  9 10 11 12 13 14 15 16 17 18 19 20 21 22 23 24 25 26 27 28 29 30 31  MONTH
-------------------------------------------------------------------------------------------------       
JAN   1  1  1  1  1  1  1  1  1  1  1  1  1  1  1  1  1  1  1  1  1  1  1  1  1  1  1  1  1  1  0     30
FEB   1  1  1  1  1  1  1  1  1  1  1  1  1  1  1  1  1  1  1  1  1  1  1  1  1  2  2  2              31
MAR   2  2  2  2  2  3  3  3  3  3  3  3  3  3  3  3  4  4  4  4  4  4  4  4  4  4  5  5  5  5  5    108
APR   5  5  5  5  5  6  6  6  6  6  6  6  7  7  7  7  7  7  8  8  8  8  8  9  9  9  9  9 10 10       214
MAY  10 10 11 11 11 11 11 12 12 12 12 12 13 13 13 13 14 14 14 14 14 15 15 15 15 15 15 16 16 16 16    411
JUN  16 17 17 17 17 17 17 17 18 18 18 18 18 18 18 18 19 19 19 19 19 19 19 19 19 19 19 19 19 19       545
JUL  19 19 19 19 19 19 19 19 19 19 19 19 19 19 19 19 19 19 20 20 20 20 20 20 20 20 20 20 20 20 20    602
AUG  20 20 20 20 20 20 20 20 20 20 20 20 20 20 20 20 20 20 20 20 20 20 20 20 20 20 20 20 20 20 19    619
SEP  19 19 19 19 19 19 19 19 19 19 18 18 18 18 18 18 18 17 17 17 17 17 16 16 16 16 16 15 15 15       526
OCT  15 15 14 14 14 14 13 13 13 13 13 12 12 12 12 11 11 11 11 10 10 10 10 10  9  9  9  9  8  8  8    353
NOV   8  8  7  7  7  7  7  6  6  6  6  6  5  5  5  5  5  5  4  4  4  4  4  4  4  3  3  3  3  3       154
DEC   3  3  3  2  2  2  2  2  2  2  2  2  2  2  2  2  1  1  1  1  1  1  1  1  1  1  1  1  1  1  1     50
                                                                                                        
-------------------------------------------------------------------------------------------------       
 Total  Precipitation (Hundreths of an Inch)                                                            
 DAY  1  2  3  4  5  6  7  8  9 10 11 12 13 14 15 16 17 18 19 20 21 22 23 24 25 26 27 28 29 30 31  MONTH
-------------------------------------------------------------------------------------------------       
JAN   5  5  5  5  5  5  5  5  5  5  5  5  5  5  5  5  6  6  6  6  6  6  6  7  7  7  7  7  8  8  8    181
FEB   8  9  9  9  9  9 10 10 10 10 10 10 10 10 10 11 11 11 11 11 11 11 11 11 11 11 10 10             284
MAR  10 10 10 10 10 10 10 10 10  9  9  9  9  9  9  9  9  9  9  8  8  8  8  8  8  8  8  8  8  7  7    274
APR   7  7  7  7  7  7  7  7  7  7  7  6  7  7  7  7  7  7  7  7  7  7  7  7  7  7  8  8  8  8       213
MAY   8  9  9  9  9  9  9  9 10 10 10 10 10 10 10 10 10 10 10 10 10 10 10 10 11 11 11 10 10 10 10    304
JUN  10 10 10 10 10 10 10 10 10 10 10  9  9  9  9  9  9  8  8  8  8  8  7  7  7  7  7  6  6  6       257
JUL   5  5  5  5  4  4  4  4  4  3  3  3  3  3  3  3  3  3  3  3  2  2  2  3  3  3  3  3  3  3  3    103
AUG   3  3  4  4  4  4  4  4  5  5  5  6  6  6  6  7  7  8  8  8  9  9 10 10 10 11 11 12 12 13 14    228
SEP  14 15 15 16 16 17 17 17 18 18 18 19 19 19 19 19 19 19 19 20 19 19 19 19 19 19 19 19 18 18       541
OCT  18 17 17 17 17 16 16 16 15 15 15 14 14 14 14 13 13 13 12 12 12 12 11 11 11 11 10 10 10 10  9    415
NOV   9  9  9  8  8  8  8  7  7  7  7  7  7  6  6  6  6  6  6  6  6  6  6  6  6  5  5  5  5  5       198
DEC   5  5  6  6  6  6  6  6  6  6  6  6  6  6  5  5  5  5  5  5  5  5  5  5  5  5  5  5  5  5  5    167
                                                                                                        
