-------------------------------------------------------------------------------------------------       
 1971-2000 Daily/Monthly Station Normals                                                                
 Provided by National Climatic Data Center/NESDIS/NOAA                                                  
-------------------------------------------------------------------------------------------------       
 Station COOP ID:                           417836                                                      
 Station Name, State, Division, Call:       RUNGE                              TX 07                    
 Latitude, Longitude, Elevation, Elements:  28 53 20 -097 42 25   315   P                               
-------------------------------------------------------------------------------------------------       
 Total  Precipitation (Hundreths of an Inch)                                                            
 DAY  1  2  3  4  5  6  7  8  9 10 11 12 13 14 15 16 17 18 19 20 21 22 23 24 25 26 27 28 29 30 31  MONTH
-------------------------------------------------------------------------------------------------       
JAN   6  6  6  6  6  6  6  6  6  6  6  6  6  6  6  6  7  7  7  7  7  7  7  7  7  7  7  7  7  6  6    199
FEB   7  7  6  6  6  6  6  6  6  6  6  6  6  6  6  6  6  6  6  6  6  6  6  6  5  5  5  5             166
MAR   5  5  5  5  5  5  5  5  5  5  5  5  5  5  5  5  5  5  6  6  6  6  6  6  6  7  7  7  7  7  8    175
APR   8  8  8  8  9  9  9  9  9  9 10 10 10 10 10 10 10 10 10 11 11 11 11 11 11 11 11 11 11 11       297
MAY  11 11 11 10 10 10 10 10 11 11 11 11 11 11 11 11 11 11 11 11 11 12 12 12 12 12 12 12 13 13 13    349
JUN  13 14 14 14 14 14 14 14 14 14 14 14 14 14 14 14 14 14 13 13 13 13 12 12 12 12 11 11 10 10       393
JUL   9  9  9  8  8  7  7  7  7  6  6  6  6  5  5  5  5  5  5  5  4  4  4  4  4  4  4  4  5  5  5    177
AUG   5  5  5  5  6  6  6  6  6  6  7  7  7  7  7  8  8  8  8  8  9  9  9  9 10 10 10 10 11 11 11    240
SEP  11 12 12 12 12 12 13 13 13 13 13 13 13 13 14 14 14 14 14 14 14 14 13 13 13 13 13 13 13 13       391
OCT  12 12 12 12 12 12 11 11 11 11 11 11 11 10 10 10 10 10 10 10 10 10  9  9  9  9  9  9  9  9  9    320
NOV   9  9  9  9  9  9  8  8  8  8  8  8  8  8  8  8  8  8  8  8  7  7  7  7  7  7  7  7  7  6       235
DEC   6  6  6  6  6  6  6  6  6  6  6  6  6  6  5  5  5  5  5  5  5  5  5  5  6  6  6  6  6  6  6    176
                                                                                                        
