-------------------------------------------------------------------------------------------------       
 1971-2000 Daily/Monthly Station Normals                                                                
 Provided by National Climatic Data Center/NESDIS/NOAA                                                  
-------------------------------------------------------------------------------------------------       
 Station COOP ID:                           413321                                                      
 Station Name, State, Division, Call:       FRANKLIN                           TX 04                    
 Latitude, Longitude, Elevation, Elements:  31 02 00 -096 29 00   469 XNP                               
-------------------------------------------------------------------------------------------------       
 Minimum Temperature (deg F [tenths deg F for monthly])                                                 
 DAY  1  2  3  4  5  6  7  8  9 10 11 12 13 14 15 16 17 18 19 20 21 22 23 24 25 26 27 28 29 30 31  MONTH
-------------------------------------------------------------------------------------------------       
JAN  38 38 38 38 38 38 38 38 38 38 38 38 38 38 38 38 38 38 38 38 38 38 38 38 38 39 39 39 39 39 39    382
FEB  40 40 40 40 40 40 41 41 41 41 41 42 42 42 42 43 43 43 43 43 44 44 44 44 45 45 45 45             423
MAR  46 46 46 46 47 47 47 47 48 48 48 48 48 49 49 49 49 50 50 50 50 50 51 51 51 51 52 52 52 52 52    491
APR  53 53 53 53 53 54 54 54 54 54 55 55 55 55 56 56 56 56 57 57 57 57 58 58 58 59 59 59 59 60       559
MAY  60 60 61 61 61 61 62 62 62 63 63 63 63 64 64 64 64 65 65 65 65 66 66 66 66 66 67 67 67 67 68    640
JUN  68 68 68 68 68 69 69 69 69 69 69 70 70 70 70 70 70 70 71 71 71 71 71 71 71 71 71 71 71 72       699
JUL  72 72 72 72 72 72 72 72 72 72 72 72 72 72 72 72 72 72 72 72 72 72 72 72 73 73 73 73 73 73 72    722
AUG  73 72 72 72 72 72 72 72 72 72 72 72 72 72 72 72 72 72 71 71 71 71 71 71 71 71 71 70 70 70 70    715
SEP  70 70 69 69 69 69 69 68 68 68 68 68 67 67 67 67 66 66 66 66 65 65 65 64 64 64 63 63 63 62       665
OCT  62 62 61 61 61 60 60 60 59 59 59 58 58 58 57 57 57 56 56 56 55 55 55 55 54 54 54 53 53 53 52    571
NOV  52 52 51 51 51 50 50 50 49 49 49 48 48 48 48 47 47 47 46 46 46 46 45 45 45 44 44 44 44 43       475
DEC  43 43 43 42 42 42 42 42 41 41 41 41 41 40 40 40 40 40 39 39 39 39 39 39 39 39 38 38 38 38 38    402
                                                                                                        
-------------------------------------------------------------------------------------------------       
 Maximum Temperature (deg F [tenths deg F for monthly])                                                 
 DAY  1  2  3  4  5  6  7  8  9 10 11 12 13 14 15 16 17 18 19 20 21 22 23 24 25 26 27 28 29 30 31  MONTH
-------------------------------------------------------------------------------------------------       
JAN  59 59 59 59 59 59 59 59 59 59 59 59 59 59 59 59 59 59 59 60 60 60 60 60 60 60 60 60 61 61 61    595
FEB  61 61 61 62 62 62 62 63 63 63 63 63 64 64 64 64 65 65 65 65 66 66 66 66 67 67 67 68             641
MAR  68 68 68 69 69 69 70 70 70 70 71 71 71 71 72 72 72 72 73 73 73 73 73 74 74 74 74 74 75 75 75    717
APR  75 75 75 76 76 76 76 76 77 77 77 77 77 78 78 78 78 78 79 79 79 79 79 80 80 80 80 80 81 81       779
MAY  81 81 81 82 82 82 82 83 83 83 83 83 84 84 84 84 84 85 85 85 85 85 86 86 86 86 87 87 87 87 87    842
JUN  88 88 88 88 88 89 89 89 89 89 90 90 90 90 90 91 91 91 91 91 91 92 92 92 92 92 92 93 93 93       904
JUL  93 93 94 94 94 94 94 94 94 95 95 95 95 95 95 95 95 96 96 96 96 96 96 96 96 96 96 96 96 96 96    951
AUG  96 96 96 97 97 97 96 96 96 96 96 96 96 96 96 96 96 96 96 95 95 95 95 95 95 94 94 94 94 94 93    955
SEP  93 93 93 92 92 92 91 91 91 91 90 90 90 90 89 89 89 89 88 88 88 88 87 87 87 87 86 86 86 86       893
OCT  85 85 85 84 84 84 84 83 83 83 82 82 82 81 81 81 80 80 80 79 79 79 78 78 77 77 77 76 76 75 75    805
NOV  75 74 74 73 73 72 72 72 71 71 71 70 70 69 69 69 68 68 68 68 67 67 67 66 66 66 65 65 65 65       692
DEC  64 64 64 64 63 63 63 63 63 62 62 62 62 62 61 61 61 61 61 61 61 60 60 60 60 60 60 60 60 59 59    615
                                                                                                        
-------------------------------------------------------------------------------------------------       
 Average Temperature (deg F [tenths deg F for monthly])                                                 
 DAY  1  2  3  4  5  6  7  8  9 10 11 12 13 14 15 16 17 18 19 20 21 22 23 24 25 26 27 28 29 30 31  MONTH
-------------------------------------------------------------------------------------------------       
JAN  49 49 49 49 49 48 48 48 48 48 48 48 48 49 49 49 49 49 49 49 49 49 49 49 49 49 50 50 50 50 50    489
FEB  50 51 51 51 51 51 52 52 52 52 52 53 53 53 53 53 54 54 54 54 55 55 55 55 56 56 56 56             532
MAR  57 57 57 58 58 58 58 59 59 59 59 60 60 60 60 60 61 61 61 61 62 62 62 62 62 63 63 63 63 63 64    604
APR  64 64 64 64 65 65 65 65 65 66 66 66 66 66 67 67 67 67 68 68 68 68 69 69 69 69 70 70 70 70       669
MAY  71 71 71 71 72 72 72 72 72 73 73 73 73 74 74 74 74 75 75 75 75 76 76 76 76 76 77 77 77 77 77    741
JUN  78 78 78 78 78 79 79 79 79 79 80 80 80 80 80 80 81 81 81 81 81 81 81 82 82 82 82 82 82 82       802
JUL  83 83 83 83 83 83 83 83 83 83 84 84 84 84 84 84 84 84 84 84 84 84 84 84 84 84 84 84 84 84 84    837
AUG  84 84 84 84 84 84 84 84 84 84 84 84 84 84 84 84 84 84 84 83 83 83 83 83 83 83 82 82 82 82 82    835
SEP  81 81 81 81 81 80 80 80 80 79 79 79 79 78 78 78 78 77 77 77 77 76 76 76 75 75 75 75 74 74       779
OCT  74 73 73 73 72 72 72 71 71 71 71 70 70 70 69 69 69 68 68 68 67 67 66 66 66 65 65 65 64 64 64    688
NOV  63 63 63 62 62 61 61 61 60 60 60 59 59 59 58 58 58 58 57 57 57 56 56 56 55 55 55 55 54 54       584
DEC  54 54 53 53 53 53 52 52 52 52 52 51 51 51 51 51 50 50 50 50 50 50 50 50 49 49 49 49 49 49 49    509
                                                                                                        
-------------------------------------------------------------------------------------------------       
 Heating Degree Days                                                                                    
 DAY  1  2  3  4  5  6  7  8  9 10 11 12 13 14 15 16 17 18 19 20 21 22 23 24 25 26 27 28 29 30 31  MONTH
-------------------------------------------------------------------------------------------------       
JAN  17 17 17 17 17 17 17 17 17 17 17 17 17 17 17 17 17 17 17 16 16 16 16 16 16 16 16 16 15 15 15    512
FEB  15 15 15 14 14 14 14 14 13 13 13 13 13 12 12 12 12 11 11 11 11 11 10 10 10 10  9  9             341
MAR   9  9  8  8  8  8  7  7  7  7  7  6  6  6  6  6  5  5  5  5  5  5  4  4  4  4  4  4  3  3  3    178
APR   3  3  3  3  2  2  2  2  2  2  2  2  2  2  1  1  1  1  1  1  1  1  1  1  1  1  1  1  1  1        48
MAY   1  1  1  1  1  0  0  0  0  0  0  0  0  0  0  0  0  0  0  0  0  0  0  0  0  0  0  0  0  0  0      5
JUN   0  0  0  0  0  0  0  0  0  0  0  0  0  0  0  0  0  0  0  0  0  0  0  0  0  0  0  0  0  0         0
JUL   0  0  0  0  0  0  0  0  0  0  0  0  0  0  0  0  0  0  0  0  0  0  0  0  0  0  0  0  0  0  0      0
AUG   0  0  0  0  0  0  0  0  0  0  0  0  0  0  0  0  0  0  0  0  0  0  0  0  0  0  0  0  0  0  0      0
SEP   0  0  0  0  0  0  0  0-99-99  0  0  0  0  0  0  0  0  0  0  0  0  0  0  0  0  0  0  0  0         2
OCT   0  0  0  0  0  0  0  0  0  0  0  0  0  0  0  1  1  1  1  1  1  2  2  2  2  2  3  3  3  3  4     32
NOV   4  4  5  5  5  5  6  6  6  6  7  7  7  7  8  8  8  8  9  9  9 10 10 10 10 10 11 11 11 11       233
DEC  12 12 12 12 13 13 13 13 13 14 14 14 14 14 15 15 15 15 15 15 15 16 16 16 16 16 16 16 16 16 17    449
                                                                                                        
-------------------------------------------------------------------------------------------------       
 Cooling Degree Days                                                                                    
 DAY  1  2  3  4  5  6  7  8  9 10 11 12 13 14 15 16 17 18 19 20 21 22 23 24 25 26 27 28 29 30 31  MONTH
-------------------------------------------------------------------------------------------------       
JAN -99  0  0  0  0  0  0  0  0  0  0  0  0  0  0  0  0  0  0  0  0  0  0  0  0  0  0  0-99-99-99      4
FEB   0  0  0  0  0  0  0  0  0  0  0  0  0  0  0  0  0  1  1  1  1  1  1  1  1  1  1  1              11
MAR   1  1  1  1  1  1  1  1  1  1  1  1  1  1  1  1  1  1  1  1  1  1  1  1  1  1  1  2  2  2  2     35
APR   2  2  2  2  2  2  2  2  3  3  3  3  3  3  3  3  3  4  4  4  4  4  4  5  5  5  5  5  6  6       104
MAY   6  6  6  7  7  7  7  8  8  8  8  8  9  9  9  9 10 10 10 10 10 11 11 11 11 11 12 12 12 12 12    287
JUN  13 13 13 13 13 14 14 14 14 14 14 15 15 15 15 15 15 16 16 16 16 16 16 17 17 17 17 17 17 17       454
JUL  17 18 18 18 18 18 18 18 18 18 18 19 19 19 19 19 19 19 19 19 19 19 19 19 19 19 19 19 19 19 19    577
AUG  19 20 19 19 19 19 19 19 19 19 19 19 19 19 19 19 19 19 19 18 18 18 18 18 18 18 17 17 17 17 17    573
SEP  16 16 16 16 16 15 15 15 15 15 14 14 14 14 13 13 13 12 12 12 12 11 11 11 10 10 10 10  9  9       389
OCT   9  8  8  8  7  7  7  7  6  6  6  5  5  5  5  5  4  4  4  4  4  3  3  3  3  3  3  3  2  2  2    151
NOV   2  2  2  2  2  2  2  1  1  1  1  1  1  1  1  1  1  1  1  1  1  1  1  1  1  1  0  0  0  0        33
DEC -99-99-99-99-99-99-99-99-99-99  0  0  0  0  0  0  0  0  0  0  0  0  0  0  0  0  0  0  0  0  0     10
                                                                                                        
-------------------------------------------------------------------------------------------------       
 Total  Precipitation (Hundreths of an Inch)                                                            
 DAY  1  2  3  4  5  6  7  8  9 10 11 12 13 14 15 16 17 18 19 20 21 22 23 24 25 26 27 28 29 30 31  MONTH
-------------------------------------------------------------------------------------------------       
JAN  11 10 10 10 10 10 10 10 10 10 10 10 10 10 10 10  9  9  9  9  9  9  9  9 10 10 10 10 10 10 10    303
FEB  10 10 10 10 10 10 10 10 10 10 10 10 10 11 11 11 11 11 11 10 10 10 10 10 10 10 10 10             286
MAR  10 10 10 10 10 10 10 10 10 10 10  9  9  9  9  9  9  9  9  9  9  9  9  9  9  9  9  9  9  9  9    290
APR   9  9  9  8  9  9  9  9  9  9  9  9  9  9  9 10 10 10 10 10 11 11 11 11 12 12 12 13 13 13       303
MAY  14 14 14 15 15 15 16 16 16 16 16 16 16 16 16 17 17 16 16 16 16 16 16 16 16 15 15 15 15 14 14    481
JUN  14 13 13 13 12 12 12 11 11 11 11 10 10 10 10  9  9  9  9  9  8  8  8  8  8  8  8  7  7  7       295
JUL   7  7  7  7  7  7  7  7  7  7  7  6  6  6  6  6  6  6  6  6  6  6  6  6  7  7  7  7  7  7  7    204
AUG   7  7  7  7  7  7  7  8  8  8  8  8  8  8  8  8  8  9  9  9  9  9  9  9  9  9 10 10 10 10 10    260
SEP  10 10 11 11 11 11 11 11 11 11 12 12 12 12 12 12 12 13 13 13 13 13 13 13 13 13 14 14 14 14       365
OCT  14 14 14 14 14 14 15 15 15 15 15 15 15 15 15 15 14 14 14 14 14 14 14 14 14 13 13 13 13 13 13    438
NOV  12 12 12 12 12 12 11 11 11 11 11 11 11 11 11 10 10 10 10 10 10 10 10 10 10 11 11 11 11 11       326
DEC  11 11 11 11 11 11 11 11 11 12 12 12 12 12 12 12 12 12 12 12 11 11 11 11 11 11 11 11 11 11 11    352
                                                                                                        
