-------------------------------------------------------------------------------------------------       
 1971-2000 Daily/Monthly Station Normals                                                                
 Provided by National Climatic Data Center/NESDIS/NOAA                                                  
-------------------------------------------------------------------------------------------------       
 Station COOP ID:                           413685                                                      
 Station Name, State, Division, Call:       GRANGER                            TX 03                    
 Latitude, Longitude, Elevation, Elements:  30 43 00 -097 27 00   584   P                               
-------------------------------------------------------------------------------------------------       
 Total  Precipitation (Hundreths of an Inch)                                                            
 DAY  1  2  3  4  5  6  7  8  9 10 11 12 13 14 15 16 17 18 19 20 21 22 23 24 25 26 27 28 29 30 31  MONTH
-------------------------------------------------------------------------------------------------       
JAN   8  7  7  7  7  7  7  6  6  6  6  6  6  6  6  6  6  6  6  6  6  6  6  6  6  6  6  7  7  7  7    198
FEB   7  7  7  8  8  8  8  8  8  8  8  8  8  8  8  9  9  9  9  9  9  9  9  9  8  8  8  8             230
MAR   8  8  8  8  8  8  8  8  8  8  8  8  8  8  8  8  8  7  7  7  7  7  8  8  8  8  8  8  8  8  8    243
APR   8  8  8  8  8  8  8  8  9  9  9  9  9  9 10 10 10 10 11 11 11 11 12 12 12 13 13 13 14 14       305
MAY  14 15 15 15 15 16 16 16 17 17 17 17 17 17 17 18 18 18 18 18 18 18 18 18 18 17 17 17 17 17 17    523
JUN  17 16 16 16 16 15 15 15 15 14 14 14 14 13 13 13 12 12 12 12 11 11 11 10 10 10  9  9  9  8       382
JUL   8  7  7  7  7  6  6  6  5  5  5  5  5  5  4  4  4  4  4  4  4  4  4  4  4  4  4  4  4  4  4    152
AUG   4  4  4  4  4  5  5  5  5  5  5  5  5  5  6  6  6  6  6  6  6  7  7  7  7  7  7  7  8  8  8    180
SEP   8  8  9  9  9  9  9  9 10 10 10 10 10 10 10 10 10 11 11 11 11 11 11 11 11 11 11 11 11 11       303
OCT  11 11 11 11 12 12 12 12 12 12 12 12 12 12 12 12 11 11 11 11 11 11 11 11 11 11 11 11 11 11 11    353
NOV  10 10 10 10 10 10 10 10 10 10 10 10 10 10 10 10 10 10  9  9  9 10 10 10 10 10 10 10 10 10       297
DEC  10 10 10 10 10 10 10 10 10 10 10 10 10 10 10 10 10  9  9  9  9  9  9  9  9  9  8  8  8  8  8    291
                                                                                                        
