-------------------------------------------------------------------------------------------------       
 1971-2000 Daily/Monthly Station Normals                                                                
 Provided by National Climatic Data Center/NESDIS/NOAA                                                  
-------------------------------------------------------------------------------------------------       
 Station COOP ID:                           416636                                                      
 Station Name, State, Division, Call:       OLNEY                              TX 03                    
 Latitude, Longitude, Elevation, Elements:  33 22 25 -098 45 57  1195 XNP                               
-------------------------------------------------------------------------------------------------       
 Minimum Temperature (deg F [tenths deg F for monthly])                                                 
 DAY  1  2  3  4  5  6  7  8  9 10 11 12 13 14 15 16 17 18 19 20 21 22 23 24 25 26 27 28 29 30 31  MONTH
-------------------------------------------------------------------------------------------------       
JAN  30 30 30 30 30 30 30 30 30 30 30 30 30 30 30 30 30 30 30 30 30 31 31 31 31 31 31 31 31 32 32    304
FEB  32 32 32 32 33 33 33 33 33 34 34 34 34 35 35 35 35 36 36 36 36 36 37 37 37 38 38 38             348
MAR  38 39 39 39 39 40 40 40 40 41 41 41 42 42 42 42 43 43 43 43 44 44 44 44 45 45 45 45 46 46 46    423
APR  46 47 47 47 47 48 48 48 48 49 49 49 49 50 50 50 51 51 51 51 52 52 52 53 53 53 53 54 54 54       502
MAY  55 55 55 56 56 56 57 57 57 58 58 58 58 59 59 59 60 60 60 61 61 61 62 62 62 62 63 63 63 64 64    594
JUN  64 65 65 65 66 66 66 66 67 67 67 67 68 68 68 68 68 69 69 69 69 69 70 70 70 70 70 70 70 71       679
JUL  71 71 71 71 71 71 71 72 72 72 72 72 72 72 72 72 72 72 72 72 72 72 72 72 72 72 72 72 72 73 72    718
AUG  72 72 72 72 72 72 72 72 72 72 72 72 72 72 71 71 71 71 71 71 70 70 70 70 70 70 69 69 69 69 68    709
SEP  68 68 68 67 67 67 66 66 66 66 65 65 65 64 64 64 63 63 63 62 62 62 62 61 61 61 60 60 59 59       638
OCT  59 58 58 58 57 57 57 56 56 55 55 55 54 54 54 53 53 52 52 52 51 51 50 50 50 49 49 48 48 48 47    531
NOV  47 46 46 45 45 45 44 44 43 43 43 42 42 42 41 41 41 40 40 39 39 39 38 38 38 38 37 37 37 36       412
DEC  36 36 35 35 35 35 34 34 34 34 33 33 33 33 33 32 32 32 32 32 31 31 31 31 31 31 31 31 30 30 30    326
                                                                                                        
-------------------------------------------------------------------------------------------------       
 Maximum Temperature (deg F [tenths deg F for monthly])                                                 
 DAY  1  2  3  4  5  6  7  8  9 10 11 12 13 14 15 16 17 18 19 20 21 22 23 24 25 26 27 28 29 30 31  MONTH
-------------------------------------------------------------------------------------------------       
JAN  55 55 55 55 55 55 55 55 55 55 55 55 55 55 56 56 56 56 56 56 56 56 56 57 57 57 57 57 58 58 58    559
FEB  58 59 59 59 59 60 60 60 60 61 61 61 61 62 62 62 63 63 63 64 64 64 64 65 65 65 66 66             620
MAR  66 67 67 67 68 68 68 68 69 69 69 70 70 70 70 71 71 71 72 72 72 72 73 73 73 74 74 74 74 75 75    707
APR  75 75 76 76 76 76 77 77 77 77 78 78 78 78 79 79 79 79 79 80 80 80 80 81 81 81 81 81 82 82       786
MAY  82 82 82 83 83 83 83 84 84 84 84 84 85 85 85 85 86 86 86 86 86 87 87 87 87 87 88 88 88 88 89    853
JUN  89 89 89 90 90 90 90 90 91 91 91 91 91 92 92 92 92 92 93 93 93 93 93 94 94 94 94 94 95 95       919
JUL  95 95 95 95 95 96 96 96 96 96 96 96 97 97 97 97 97 97 97 97 97 97 97 98 98 98 98 98 98 98 98    967
AUG  98 98 98 98 98 98 98 98 98 98 97 97 97 97 97 97 97 97 96 96 96 96 96 95 95 95 95 94 94 94 94    965
SEP  93 93 93 92 92 92 91 91 91 91 90 90 90 89 89 89 89 88 88 88 87 87 87 87 86 86 86 85 85 85       890
OCT  85 84 84 84 83 83 83 83 82 82 81 81 81 80 80 80 79 79 78 78 78 77 77 76 76 75 75 74 74 73 73    793
NOV  72 72 72 71 71 70 70 69 69 68 68 67 67 67 66 66 65 65 65 64 64 64 63 63 63 62 62 62 61 61       663
DEC  61 61 60 60 60 60 59 59 59 59 58 58 58 58 58 57 57 57 57 57 57 56 56 56 56 56 56 56 56 56 55    577
                                                                                                        
-------------------------------------------------------------------------------------------------       
 Average Temperature (deg F [tenths deg F for monthly])                                                 
 DAY  1  2  3  4  5  6  7  8  9 10 11 12 13 14 15 16 17 18 19 20 21 22 23 24 25 26 27 28 29 30 31  MONTH
-------------------------------------------------------------------------------------------------       
JAN  43 43 43 43 43 43 42 42 42 42 43 43 43 43 43 43 43 43 43 43 43 43 43 44 44 44 44 44 44 45 45    432
FEB  45 45 46 46 46 46 46 47 47 47 47 48 48 48 48 49 49 49 50 50 50 50 51 51 51 51 52 52             484
MAR  52 53 53 53 54 54 54 54 55 55 55 55 56 56 56 57 57 57 57 58 58 58 58 59 59 59 59 60 60 60 60    565
APR  61 61 61 61 62 62 62 62 63 63 63 63 64 64 64 65 65 65 65 66 66 66 66 67 67 67 67 68 68 68       644
MAY  68 69 69 69 69 70 70 70 71 71 71 71 72 72 72 72 73 73 73 73 74 74 74 75 75 75 75 76 76 76 76    724
JUN  77 77 77 77 78 78 78 78 79 79 79 79 80 80 80 80 80 81 81 81 81 81 81 82 82 82 82 82 82 83       799
JUL  83 83 83 83 83 83 84 84 84 84 84 84 84 84 84 84 85 85 85 85 85 85 85 85 85 85 85 85 85 85 85    843
AUG  85 85 85 85 85 85 85 85 85 85 85 85 84 84 84 84 84 84 84 83 83 83 83 83 82 82 82 82 82 81 81    837
SEP  81 80 80 80 80 79 79 79 78 78 78 77 77 77 77 76 76 76 75 75 75 74 74 74 74 73 73 73 72 72       764
OCT  72 71 71 71 70 70 70 69 69 69 68 68 68 67 67 66 66 66 65 65 64 64 64 63 63 62 62 61 61 60 60    662
NOV  60 59 59 58 58 57 57 57 56 56 55 55 54 54 54 53 53 53 52 52 52 51 51 51 50 50 50 49 49 49       538
DEC  48 48 48 48 47 47 47 47 46 46 46 46 46 45 45 45 45 45 44 44 44 44 44 44 44 43 43 43 43 43 43    452
                                                                                                        
-------------------------------------------------------------------------------------------------       
 Heating Degree Days                                                                                    
 DAY  1  2  3  4  5  6  7  8  9 10 11 12 13 14 15 16 17 18 19 20 21 22 23 24 25 26 27 28 29 30 31  MONTH
-------------------------------------------------------------------------------------------------       
JAN  22 22 22 22 22 22 22 23 23 23 23 22 22 22 22 22 22 22 22 22 22 22 22 22 21 21 21 21 21 21 20    678
FEB  20 20 20 20 19 19 19 19 18 18 18 18 18 17 17 17 16 16 16 16 15 15 15 14 14 14 14 13             475
MAR  13 13 12 12 12 11 11 11 10 10 10 10  9  9  9  9  8  8  8  8  7  7  7  7  7  6  6  6  6  6  5    273
APR   5  5  5  5  5  4  4  4  4  4  4  4  3  3  3  3  3  3  3  2  2  2  2  2  2  2  2  2  2  1        95
MAY   2  1  1  1  1  1  1  1  1  1  1  1  1  1  1  1  1  0  0  0  0  0  0  0  0  0  0  0  0  0  0     18
JUN   0  0  0  0  0  0  0  0  0  0  0  0  0  0  0  0  0  0  0  0  0  0  0  0  0  0  0  0  0  0         0
JUL   0  0  0  0  0  0  0  0  0  0  0  0  0  0  0  0  0  0  0  0  0  0  0  0  0  0  0  0  0  0  0      0
AUG   0  0  0  0  0  0  0  0  0  0  0  0  0  0  0  0  0  0  0  0  0  0  0  0  0  0  0  0  0  0  0      0
SEP   0  0  0  0  0  0  0  0  0  0  0  0  0  0  0  0  0  0  0  0-99-99-99-99-99-99-99-99-99-99        10
OCT   0  0  0  0  1  1  1  1  1  1  1  1  1  2  2  2  2  2  2  3  3  3  4  4  4  4  5  5  5  6  6     73
NOV   7  7  7  8  8  8  9  9  9 10 10 11 11 11 12 12 12 13 13 13 14 14 14 14 15 15 15 16 16 16       349
DEC  17 17 17 17 18 18 18 18 19 19 19 19 20 20 20 20 20 20 21 21 21 21 21 21 21 22 22 22 22 22 22    615
                                                                                                        
-------------------------------------------------------------------------------------------------       
 Cooling Degree Days                                                                                    
 DAY  1  2  3  4  5  6  7  8  9 10 11 12 13 14 15 16 17 18 19 20 21 22 23 24 25 26 27 28 29 30 31  MONTH
-------------------------------------------------------------------------------------------------       
JAN   0  0  0  0  0  0  0  0  0  0  0  0  0  0  0  0  0  0  0  0  0  0  0  0  0  0  0  0  0  0  0      0
FEB   0  0  0  0  0  0  0  0  0  0  0  0  0  0  0  0  0  0  0  0  0  0  0  0  0  0  0  0               0
MAR   0  0  0  0  0  0  0  0  0  0  0  0  0  0  0  0  0  0  0  0  0  0  1  1  1  1  1  1  1  1  1      9
APR   1  1  1  1  1  1  2  2  2  2  2  2  2  2  2  3  3  3  3  3  3  3  3  4  4  4  4  4  4  5        77
MAY   5  5  5  5  6  6  6  6  6  7  7  7  7  7  8  8  8  8  9  9  9  9  9 10 10 10 10 11 11 11 11    246
JUN  12 12 12 12 13 13 13 13 14 14 14 14 15 15 15 15 15 16 16 16 16 16 16 17 17 17 17 17 17 18       447
JUL  18 18 18 18 18 18 18 19 19 19 19 19 19 19 19 19 19 20 20 20 20 20 20 20 20 20 20 20 20 20 20    596
AUG  20 20 20 20 20 20 20 20 20 20 20 19 19 19 19 19 19 19 19 18 18 18 18 18 17 17 17 17 17 16 16    579
SEP  16 16 15 15 15 14 14 14 14 13 13 13 13 12 12 12 11 11 11 10 10 10 10  9  9  9  8  8  8  7       352
OCT   7  7  7  6  6  6  5  5  5  5  4  4  4  4  4  3  3  3  3  3  2  2  2  2  2  2  2  1  1  1  1    112
NOV   1  1  1  1  1  1  1  1  1  1  1  1  0  0  0  0  0  0  0  0  0  0  0  0  0  0  0  0  0  0        12
DEC   0  0  0  0  0  0  0  0  0  0  0  0  0  0  0  0  0  0  0  0  0  0  0  0  0  0  0  0  0  0  0      0
                                                                                                        
-------------------------------------------------------------------------------------------------       
 Total  Precipitation (Hundreths of an Inch)                                                            
 DAY  1  2  3  4  5  6  7  8  9 10 11 12 13 14 15 16 17 18 19 20 21 22 23 24 25 26 27 28 29 30 31  MONTH
-------------------------------------------------------------------------------------------------       
JAN   4  4  4  4  4  4  4  4  4  4  4  4  3  3  3  3  3  4  4  4  4  4  4  4  4  4  4  4  4  4  4    119
FEB   5  5  5  5  5  5  5  5  6  6  6  6  6  6  6  6  6  6  6  6  7  7  7  7  7  7  7  7             168
MAR   7  7  7  7  7  7  7  7  7  7  7  8  8  7  7  7  7  7  7  7  7  7  7  7  7  7  7  7  7  7  7    219
APR   7  7  6  6  7  7  7  7  7  7  7  7  7  7  8  8  8  8  9  9  9  9 10 10 11 11 11 12 12 13       254
MAY  13 14 14 14 15 15 16 16 16 16 17 17 17 17 17 17 18 18 18 18 18 18 18 17 17 17 17 17 17 16 16    511
JUN  16 16 15 15 15 15 14 14 14 14 13 13 13 12 12 12 12 11 11 11 11 10 10 10  9  9  9  9  8  8       361
JUL   8  8  7  7  7  7  7  6  6  6  6  6  6  6  6  6  5  5  5  5  5  5  5  5  5  5  6  6  6  6  6    185
AUG   6  6  6  6  6  7  7  7  7  7  7  7  7  7  7  8  8  8  8  8  8  8  8  8  8  8  8  9  9  9  9    232
SEP   9  9  9  9  9  9  9  9  9  9 10 10 10 10 10 10 10 10 10 10 10 10 10 10 10 11 11 11 11 11       295
OCT  11 11 11 11 11 11 11 11 11 11 11 11 11 11 10 10 10 10 10 10 10 10 10  9  9  9  9  9  8  8  8    313
NOV   8  8  7  7  7  7  7  6  6  6  6  6  6  6  6  5  5  5  5  5  5  5  5  5  5  5  5  5  5  5       174
DEC   5  5  5  5  5  6  6  6  6  6  6  6  6  6  6  6  6  5  5  5  5  5  5  5  5  5  5  5  5  5  4    166
                                                                                                        
