-------------------------------------------------------------------------------------------------       
 1971-2000 Daily/Monthly Station Normals                                                                
 Provided by National Climatic Data Center/NESDIS/NOAA                                                  
-------------------------------------------------------------------------------------------------       
 Station COOP ID:                           410204                                                      
 Station Name, State, Division, Call:       ALVIN                              TX 08                    
 Latitude, Longitude, Elevation, Elements:  29 22 00 -095 14 00    28 XNP                               
-------------------------------------------------------------------------------------------------       
 Minimum Temperature (deg F [tenths deg F for monthly])                                                 
 DAY  1  2  3  4  5  6  7  8  9 10 11 12 13 14 15 16 17 18 19 20 21 22 23 24 25 26 27 28 29 30 31  MONTH
-------------------------------------------------------------------------------------------------       
JAN  43 43 43 43 43 43 43 43 43 43 43 43 43 43 43 43 43 43 43 43 43 43 43 43 43 43 43 43 44 44 44    431
FEB  44 44 44 44 44 45 45 45 45 45 45 45 46 46 46 46 46 47 47 47 47 47 48 48 48 49 49 49             461
MAR  49 50 50 50 50 51 51 51 51 52 52 52 52 53 53 53 53 54 54 54 54 54 55 55 55 55 56 56 56 56 56    530
APR  56 57 57 57 57 57 58 58 58 58 58 59 59 59 59 60 60 60 60 61 61 61 61 62 62 62 62 63 63 63       596
MAY  64 64 64 64 65 65 65 65 66 66 66 67 67 67 67 67 68 68 68 68 69 69 69 69 69 70 70 70 70 70 70    673
JUN  71 71 71 71 71 71 72 72 72 72 72 72 72 72 73 73 73 73 73 73 73 73 73 73 73 74 74 74 74 74       725
JUL  74 74 74 74 74 74 74 74 74 74 74 74 74 74 74 74 74 74 74 74 74 74 74 74 74 75 75 75 75 75 75    742
AUG  75 75 74 74 74 74 74 74 74 74 74 74 74 74 74 74 74 74 74 74 74 74 74 73 73 73 73 73 73 73 73    738
SEP  73 72 72 72 72 72 72 71 71 71 71 71 70 70 70 70 70 69 69 69 68 68 68 68 67 67 67 66 66 66       696
OCT  65 65 65 64 64 63 63 63 62 62 62 62 61 61 61 60 60 60 59 59 59 58 58 58 58 57 57 57 57 56 56    604
NOV  56 56 55 55 55 55 54 54 54 54 53 53 53 52 52 52 52 52 51 51 51 50 50 50 50 49 49 49 49 48       521
DEC  48 48 47 47 47 47 47 46 46 46 46 46 45 45 45 45 45 45 44 44 44 44 44 44 44 44 43 43 43 43 43    451
                                                                                                        
-------------------------------------------------------------------------------------------------       
 Maximum Temperature (deg F [tenths deg F for monthly])                                                 
 DAY  1  2  3  4  5  6  7  8  9 10 11 12 13 14 15 16 17 18 19 20 21 22 23 24 25 26 27 28 29 30 31  MONTH
-------------------------------------------------------------------------------------------------       
JAN  62 62 62 62 62 62 62 62 62 62 62 62 62 62 62 62 62 62 62 62 62 62 62 62 62 63 63 63 63 63 63    622
FEB  63 63 64 64 64 64 64 64 65 65 65 65 65 65 66 66 66 66 67 67 67 67 67 68 68 68 68 69             657
MAR  69 69 69 70 70 70 70 70 71 71 71 71 72 72 72 72 72 72 73 73 73 73 73 74 74 74 74 74 74 75 75    720
APR  75 75 75 75 75 76 76 76 76 76 76 77 77 77 77 77 77 78 78 78 78 78 79 79 79 79 80 80 80 80       773
MAY  80 81 81 81 81 82 82 82 82 82 83 83 83 83 83 84 84 84 84 85 85 85 85 85 85 86 86 86 86 86 87    836
JUN  87 87 87 87 87 88 88 88 88 88 88 89 89 89 89 89 89 89 89 89 90 90 90 90 90 90 90 90 90 90       888
JUL  90 90 90 91 91 91 91 91 91 91 91 91 91 91 91 91 91 91 91 91 91 91 92 92 92 92 92 92 92 92 92    912
AUG  92 92 92 92 92 92 92 92 92 92 92 92 92 92 92 92 92 92 92 92 91 91 91 91 91 91 91 91 91 91 90    916
SEP  90 90 90 90 90 89 89 89 89 89 89 88 88 88 88 88 88 87 87 87 87 87 86 86 86 86 85 85 85 85       877
OCT  85 84 84 84 84 83 83 83 83 82 82 82 82 81 81 81 81 80 80 80 80 79 79 79 78 78 78 78 77 77 77    808
NOV  76 76 76 76 75 75 75 74 74 74 73 73 73 73 72 72 72 71 71 71 71 70 70 70 70 69 69 69 68 68       722
DEC  68 68 67 67 67 67 66 66 66 66 65 65 65 65 65 64 64 64 64 64 64 63 63 63 63 63 63 63 63 63 62    647
                                                                                                        
-------------------------------------------------------------------------------------------------       
 Average Temperature (deg F [tenths deg F for monthly])                                                 
 DAY  1  2  3  4  5  6  7  8  9 10 11 12 13 14 15 16 17 18 19 20 21 22 23 24 25 26 27 28 29 30 31  MONTH
-------------------------------------------------------------------------------------------------       
JAN  53 53 53 53 53 53 52 52 52 52 52 52 52 52 52 52 53 53 53 53 53 53 53 53 53 53 53 53 53 53 54    527
FEB  54 54 54 54 54 54 54 55 55 55 55 55 55 56 56 56 56 56 57 57 57 57 58 58 58 58 58 59             559
MAR  59 59 60 60 60 60 61 61 61 61 62 62 62 62 62 63 63 63 63 63 64 64 64 64 64 65 65 65 65 65 65    625
APR  66 66 66 66 66 66 67 67 67 67 67 68 68 68 68 68 69 69 69 69 70 70 70 70 71 71 71 71 72 72       685
MAY  72 72 73 73 73 73 74 74 74 74 74 75 75 75 75 76 76 76 76 76 77 77 77 77 77 78 78 78 78 78 79    755
JUN  79 79 79 79 79 80 80 80 80 80 80 80 81 81 81 81 81 81 81 81 81 81 82 82 82 82 82 82 82 82       807
JUL  82 82 82 82 82 82 82 82 82 83 83 83 83 83 83 83 83 83 83 83 83 83 83 83 83 83 83 83 83 83 83    827
AUG  83 83 83 83 83 83 83 83 83 83 83 83 83 83 83 83 83 83 83 83 83 83 82 82 82 82 82 82 82 82 82    827
SEP  81 81 81 81 81 81 81 80 80 80 80 80 79 79 79 79 79 78 78 78 78 77 77 77 77 76 76 76 76 75       787
OCT  75 75 74 74 74 73 73 73 73 72 72 72 71 71 71 71 70 70 70 69 69 69 69 68 68 68 68 67 67 67 66    706
NOV  66 66 66 65 65 65 65 64 64 64 63 63 63 63 62 62 62 62 61 61 61 60 60 60 60 59 59 59 58 58       622
DEC  58 58 57 57 57 57 56 56 56 56 56 55 55 55 55 55 54 54 54 54 54 54 54 54 53 53 53 53 53 53 53    549
                                                                                                        
-------------------------------------------------------------------------------------------------       
 Heating Degree Days                                                                                    
 DAY  1  2  3  4  5  6  7  8  9 10 11 12 13 14 15 16 17 18 19 20 21 22 23 24 25 26 27 28 29 30 31  MONTH
-------------------------------------------------------------------------------------------------       
JAN  13 13 13 13 13 13 13 13 13 13 13 13 14 13 13 13 13 13 13 13 13 13 13 13 13 13 13 13 13 13 12    403
FEB  12 12 12 12 12 11 11 11 11 11 11 10 10 10 10 10  9  9  9  9  9  8  8  8  8  7  7  7             274
MAR   7  7  6  6  6  6  5  5  5  5  5  4  4  4  4  4  4  3  3  3  3  3  3  3  3  3  3  2  2  2  2    125
APR   2  2  2  2  2  2  2  2  2  2  2  2  1  1  1  1  1  1  1  1  1  1  1  1  1  1  1  1  1  1        42
MAY   1  1  1  0  0  0  0  0  0  0  0  0  0  0  0  0  0  0  0  0  0  0  0  0  0  0  0  0  0  0  0      3
JUN   0  0  0  0  0  0  0  0  0  0  0  0  0  0  0  0  0  0  0  0  0  0  0  0  0  0  0  0  0  0         0
JUL   0  0  0  0  0  0  0  0  0  0  0  0  0  0  0  0  0  0  0  0  0  0  0  0  0  0  0  0  0  0  0      0
AUG   0  0  0  0  0  0  0  0  0  0  0  0  0  0  0  0  0  0  0  0  0  0  0  0  0  0  0  0  0  0  0      0
SEP   0  0  0  0  0  0  0  0  0  0  0  0  0  0  0  0  0  0  0  0  0  0  0  0  0  0  0  0  0  0         0
OCT   0  0  0  0  0  0  0  0  0  0  0  0  0  0  0  0  0  1  1  1  1  1  1  1  1  2  2  2  2  2  2     20
NOV   3  3  3  3  3  4  4  4  4  4  5  5  5  5  5  6  6  6  6  6  7  7  7  7  7  7  8  8  8  8       164
DEC   8  9  9  9  9  9 10 10 10 10 10 10 10 11 11 11 11 11 11 11 12 12 12 12 12 12 12 12 12 13 13    334
                                                                                                        
-------------------------------------------------------------------------------------------------       
 Cooling Degree Days                                                                                    
 DAY  1  2  3  4  5  6  7  8  9 10 11 12 13 14 15 16 17 18 19 20 21 22 23 24 25 26 27 28 29 30 31  MONTH
-------------------------------------------------------------------------------------------------       
JAN   0  0  0  0  0  0  0  0  0  0  0  0  0  0  0  0  0-99-99-99-99-99-99-99-99-99-99-99-99-99-99     14
FEB   0  0  0  0  0  0  0  0  0  1  1  1  1  1  1  1  1  1  1  1  1  1  1  1  1  1  1  1              19
MAR   1  1  1  1  1  1  1  1  1  1  1  1  1  1  1  1  1  2  2  2  2  2  2  2  2  2  2  2  2  3  3     47
APR   3  3  3  3  3  3  4  4  4  4  4  4  4  5  5  5  5  5  5  5  6  6  6  6  6  7  7  7  7  7       146
MAY   8  8  8  8  8  9  9  9  9  9 10 10 10 10 10 11 11 11 11 11 11 12 12 12 12 12 13 13 13 13 13    326
JUN  14 14 14 14 14 14 15 15 15 15 15 15 15 16 16 16 16 16 16 16 16 16 17 17 17 17 17 17 17 17       469
JUL  17 17 17 17 17 17 17 17 17 17 18 18 18 18 18 18 18 18 18 18 18 18 18 18 18 18 18 18 18 18 18    548
AUG  18 18 18 18 18 18 18 18 18 18 18 18 18 18 18 18 18 18 18 18 18 17 17 17 17 17 17 17 17 17 16    547
SEP  16 16 16 16 16 16 15 15 15 15 15 15 14 14 14 14 14 13 13 13 13 12 12 12 11 11 11 11 10 10       408
OCT  10  9  9  9  9  8  8  8  7  7  7  7  7  6  6  6  6  6  5  5  5  5  5  5  4  4  4  4  4  4  4    193
NOV   4  4  4  3  3  3  3  3  3  3  3  3  3  3  3  3  2  2  2  2  2  2  2  2  2  2  2  2  2  1        78
DEC   1  1  1  1  1  1  1  1  1  1  1  1  1  1  1  1  1  1  1  1  0  0  0  0  0  0  0  0  0  0  0     20
                                                                                                        
-------------------------------------------------------------------------------------------------       
 Total  Precipitation (Hundreths of an Inch)                                                            
 DAY  1  2  3  4  5  6  7  8  9 10 11 12 13 14 15 16 17 18 19 20 21 22 23 24 25 26 27 28 29 30 31  MONTH
-------------------------------------------------------------------------------------------------       
JAN  13 14 14 14 15 15 15 16 16 16 16 16 16 16 16 16 16 16 16 16 16 16 16 16 16 15 15 15 15 14 14    476
FEB  13 13 13 12 12 12 12 11 11 11 11 10 10 10 10 10 10 10  9  9  9  9  9  9  9  9  9  9             291
MAR  10 10 10 10 10 10 10 10 10 10 10 10 10 10 10 10 10 10 10 11 10 10 10 10 10 10 10 10 10 10 10    311
APR  10 10 10 10 10 10 10 10 10 10 10 10 10 10 10 10 10 11 11 11 11 11 11 12 12 12 12 12 13 13       322
MAY  13 13 14 14 14 14 15 15 15 15 15 16 16 16 16 16 16 16 17 17 17 17 17 17 17 17 17 17 17 18 18    492
JUN  17 17 17 18 18 18 18 18 18 18 18 18 18 18 18 18 18 18 18 18 18 18 18 18 18 18 18 18 17 17       535
JUL  18 18 18 17 17 17 17 17 17 17 17 17 16 16 16 16 16 15 15 15 15 14 14 14 14 13 13 13 12 12 12    478
AUG  11 11 11 11 10 10 10 10 10 10 10 10 10 10 11 11 11 11 12 12 13 13 14 14 15 15 16 17 18 18 19    384
SEP  20 21 21 22 23 23 24 24 25 25 25 25 26 26 26 26 26 26 25 25 25 25 24 24 23 23 22 21 21 20       712
OCT  19 18 17 17 16 15 15 14 14 13 13 12 12 12 11 11 11 11 11 10 10 10 10 11 11 11 11 11 12 12 12    393
NOV  13 13 13 14 14 14 15 15 15 15 15 16 16 16 16 16 16 16 16 16 15 15 15 15 15 14 14 14 13 13       443
DEC  13 12 12 12 11 11 11 11 10 10 10 10 10 10 10 10 10 10 10 10 10 10 10 11 11 11 11 12 12 12 13    336
                                                                                                        
