-------------------------------------------------------------------------------------------------       
 1971-2000 Daily/Monthly Station Normals                                                                
 Provided by National Climatic Data Center/NESDIS/NOAA                                                  
-------------------------------------------------------------------------------------------------       
 Station COOP ID:                           411889                                                      
 Station Name, State, Division, Call:       COLLEGE STATION ETRWD AP           TX 04 CLL                
 Latitude, Longitude, Elevation, Elements:  30 35 18 -096 21 49   314 XNP                               
-------------------------------------------------------------------------------------------------       
 Minimum Temperature (deg F [tenths deg F for monthly])                                                 
 DAY  1  2  3  4  5  6  7  8  9 10 11 12 13 14 15 16 17 18 19 20 21 22 23 24 25 26 27 28 29 30 31  MONTH
-------------------------------------------------------------------------------------------------       
JAN  40 40 40 39 39 39 39 39 39 39 39 39 40 40 40 40 40 40 40 40 40 40 40 40 40 40 40 40 41 41 41    398
FEB  41 41 41 41 41 42 42 42 42 42 43 43 43 43 43 44 44 44 44 44 45 45 45 45 46 46 46 47             434
MAR  47 47 47 48 48 48 48 49 49 49 49 50 50 50 50 51 51 51 51 52 52 52 52 52 53 53 53 53 53 53 54    505
APR  54 54 54 54 54 55 55 55 55 55 56 56 56 56 57 57 57 57 58 58 58 58 59 59 59 60 60 60 60 61       569
MAY  61 61 62 62 62 63 63 63 64 64 64 64 65 65 65 65 66 66 66 66 67 67 67 67 68 68 68 68 69 69 69    653
JUN  69 69 70 70 70 70 70 71 71 71 71 71 71 71 72 72 72 72 72 72 72 72 73 73 73 73 73 73 73 73       715
JUL  73 73 73 73 73 73 73 73 73 73 73 73 74 74 74 74 74 74 74 74 74 74 74 74 74 74 74 74 74 74 74    736
AUG  74 74 74 74 74 74 74 74 74 74 74 74 74 73 73 73 73 73 73 73 73 73 73 73 72 72 72 72 72 72 72    732
SEP  72 72 71 71 71 71 71 70 70 70 70 70 69 69 69 69 68 68 68 68 67 67 67 66 66 66 65 65 65 64       685
OCT  64 64 63 63 63 62 62 62 61 61 61 60 60 60 59 59 59 58 58 58 57 57 57 56 56 56 55 55 55 54 54    590
NOV  54 53 53 53 52 52 52 51 51 51 50 50 50 49 49 49 49 48 48 48 47 47 47 47 46 46 46 45 45 45       491
DEC  44 44 44 44 43 43 43 43 43 42 42 42 42 42 41 41 41 41 41 41 40 40 40 40 40 40 40 40 40 40 40    415
                                                                                                        
-------------------------------------------------------------------------------------------------       
 Maximum Temperature (deg F [tenths deg F for monthly])                                                 
 DAY  1  2  3  4  5  6  7  8  9 10 11 12 13 14 15 16 17 18 19 20 21 22 23 24 25 26 27 28 29 30 31  MONTH
-------------------------------------------------------------------------------------------------       
JAN  61 60 60 60 60 60 60 60 60 60 60 60 60 60 60 60 60 60 61 61 61 61 61 61 61 61 62 62 62 62 62    606
FEB  62 63 63 63 63 63 64 64 64 64 65 65 65 65 66 66 66 66 67 67 67 67 67 68 68 68 69 69             655
MAR  69 69 70 70 70 70 71 71 71 71 72 72 72 72 72 73 73 73 73 74 74 74 74 74 75 75 75 75 75 76 76    726
APR  76 76 76 77 77 77 77 77 77 78 78 78 78 78 79 79 79 79 79 80 80 80 80 81 81 81 81 81 82 82       788
MAY  82 82 82 83 83 83 83 84 84 84 84 84 85 85 85 85 85 86 86 86 86 87 87 87 87 88 88 88 88 88 89    853
JUN  89 89 89 90 90 90 90 90 91 91 91 91 91 92 92 92 92 92 92 93 93 93 93 93 93 93 94 94 94 94       917
JUL  94 94 94 94 95 95 95 95 95 95 95 95 95 96 96 96 96 96 96 96 96 96 96 96 96 96 97 97 97 97 97    956
AUG  97 97 97 97 97 97 97 97 97 97 97 97 97 97 96 96 96 96 96 96 96 96 96 96 95 95 95 95 95 95 94    962
SEP  94 94 94 94 93 93 93 93 93 92 92 92 92 91 91 91 91 90 90 90 90 89 89 89 89 88 88 88 87 87       909
OCT  87 87 86 86 86 85 85 85 84 84 84 84 83 83 82 82 82 81 81 81 80 80 80 79 79 79 78 78 77 77 77    820
NOV  76 76 75 75 75 74 74 73 73 73 72 72 72 71 71 71 70 70 70 69 69 69 68 68 68 67 67 67 66 66       709
DEC  66 66 65 65 65 65 64 64 64 64 64 63 63 63 63 63 62 62 62 62 62 62 61 61 61 61 61 61 61 61 60    628
                                                                                                        
-------------------------------------------------------------------------------------------------       
 Average Temperature (deg F [tenths deg F for monthly])                                                 
 DAY  1  2  3  4  5  6  7  8  9 10 11 12 13 14 15 16 17 18 19 20 21 22 23 24 25 26 27 28 29 30 31  MONTH
-------------------------------------------------------------------------------------------------       
JAN  50 50 50 50 50 50 50 50 50 50 50 50 50 50 50 50 50 50 50 50 50 50 50 50 50 51 51 51 51 51 51    502
FEB  52 52 52 52 52 53 53 53 53 53 54 54 54 54 55 55 55 55 55 56 56 56 56 57 57 57 57 58             545
MAR  58 58 59 59 59 59 60 60 60 60 61 61 61 61 61 62 62 62 62 63 63 63 63 63 64 64 64 64 64 65 65    616
APR  65 65 65 65 66 66 66 66 66 67 67 67 67 67 68 68 68 68 69 69 69 69 70 70 70 70 71 71 71 71       679
MAY  71 72 72 72 73 73 73 73 74 74 74 74 75 75 75 75 76 76 76 76 77 77 77 77 77 78 78 78 78 79 79    753
JUN  79 79 80 80 80 80 80 80 81 81 81 81 81 82 82 82 82 82 82 82 83 83 83 83 83 83 83 83 83 84       816
JUL  84 84 84 84 84 84 84 84 84 84 84 84 85 85 85 85 85 85 85 85 85 85 85 85 85 85 85 85 85 85 85    846
AUG  85 85 85 86 86 85 85 85 85 85 85 85 85 85 85 85 85 85 85 85 85 85 84 84 84 84 84 84 84 83 83    847
SEP  83 83 83 82 82 82 82 82 81 81 81 81 80 80 80 80 80 79 79 79 78 78 78 78 77 77 77 76 76 76       797
OCT  75 75 75 75 74 74 74 73 73 73 72 72 72 71 71 71 70 70 70 69 69 68 68 68 67 67 67 66 66 66 65    705
NOV  65 65 64 64 63 63 63 62 62 62 61 61 61 60 60 60 59 59 59 58 58 58 58 57 57 57 56 56 56 56       600
DEC  55 55 55 55 54 54 54 54 53 53 53 53 52 52 52 52 52 52 51 51 51 51 51 51 51 51 50 50 50 50 50    522
                                                                                                        
-------------------------------------------------------------------------------------------------       
 Heating Degree Days                                                                                    
 DAY  1  2  3  4  5  6  7  8  9 10 11 12 13 14 15 16 17 18 19 20 21 22 23 24 25 26 27 28 29 30 31  MONTH
-------------------------------------------------------------------------------------------------       
JAN  15 15 15 16 16 16 16 16 16 16 16 16 16 16 16 15 15 15 15 15 15 15 15 15 15 15 14 14 14 14 14    472
FEB  14 14 13 13 13 13 13 12 12 12 12 12 11 11 11 11 11 10 10 10 10  9  9  9  9  9  8  8             309
MAR   8  7  7  7  7  7  6  6  6  6  6  5  5  5  5  5  4  4  4  4  4  4  3  3  3  3  3  3  3  3  3    149
APR   2  2  2  2  2  2  2  2  2  2  2  1  1  1  1  1  1  1  1  1  1  1  1  1  1  1  1  1  1  0        40
MAY -99-99-99-99-99  0  0  0  0  0  0  0  0  0  0  0  0  0  0  0  0  0  0  0  0  0  0  0  0  0  0      5
JUN   0  0  0  0  0  0  0  0  0  0  0  0  0  0  0  0  0  0  0  0  0  0  0  0  0  0  0  0  0  0         0
JUL   0  0  0  0  0  0  0  0  0  0  0  0  0  0  0  0  0  0  0  0  0  0  0  0  0  0  0  0  0  0  0      0
AUG   0  0  0  0  0  0  0  0  0  0  0  0  0  0  0  0  0  0  0  0  0  0  0  0  0  0  0  0  0  0  0      0
SEP   0  0  0  0  0  0  0  0  0  0  0  0  0  0  0  0  0  0  0  0  0  0  0  0  0  0  0  0  0  0         0
OCT   0  0  0  0  0  0  0  0  0  0  0  0  0  0  0  0  0  1  1  1  1  1  1  2  2  2  2  2  3  3  3     25
NOV   3  4  4  4  4  4  5  5  5  5  6  6  6  6  7  7  7  7  8  8  8  8  9  9  9  9 10 10 10 10       203
DEC  11 11 11 11 11 12 12 12 12 12 13 13 13 13 13 14 14 14 14 14 14 14 15 15 15 15 15 15 15 15 15    413
                                                                                                        
-------------------------------------------------------------------------------------------------       
 Cooling Degree Days                                                                                    
 DAY  1  2  3  4  5  6  7  8  9 10 11 12 13 14 15 16 17 18 19 20 21 22 23 24 25 26 27 28 29 30 31  MONTH
-------------------------------------------------------------------------------------------------       
JAN   0  0  0  0  0  0  0  0  0  0  0  0  0  0  0-99-99-99-99-99-99-99-99-99-99-99-99-99  0  0  0     13
FEB   0  0  0  0  0  0  0  0  0  0  0  0  0  0  1  1  1  1  1  1  1  1  1  1  1  1  1  1              14
MAR   1  1  1  1  1  1  1  1  1  1  1  1  1  1  1  1  1  1  1  1  2  2  2  2  2  2  2  2  2  2  2     42
APR   2  2  2  3  3  3  3  3  3  3  3  4  4  4  4  4  4  4  5  5  5  5  5  6  6  6  6  6  7  7       127
MAY   7  7  8  8  8  8  8  9  9  9  9 10 10 10 10 10 11 11 11 11 12 12 12 12 12 13 13 13 13 14 14    324
JUN  14 14 14 15 15 15 15 15 16 16 16 16 16 17 17 17 17 17 17 17 18 18 18 18 18 18 18 18 18 19       497
JUL  19 19 19 19 19 19 19 19 19 19 19 19 19 20 20 20 20 20 20 20 20 20 20 20 20 20 20 20 20 20 20    607
AUG  20 20 20 21 21 20 20 20 20 20 20 20 20 20 20 20 20 20 20 20 20 20 19 19 19 19 19 19 19 18 18    611
SEP  18 18 18 17 17 17 17 17 16 16 16 16 15 15 15 15 14 14 14 14 13 13 13 13 12 12 12 11 11 11       440
OCT  10 10 10  9  9  9  8  8  8  8  7  7  7  7  6  6  6  6  5  5  5  5  5  4  4  4  4  4  4  3  3    196
NOV   3  3  3  3  3  3  2  2  2  2  2  2  2  2  2  2  2  1  1  1  1  1  1  1  1  1  1  1  1  1        53
DEC   1  1  1  1  1  1  1  1  1  1  1  1  1  1  0  0  0  0  0  0  0  0  0  0  0  0  0  0  0  0  0     14
                                                                                                        
-------------------------------------------------------------------------------------------------       
 Total  Precipitation (Hundreths of an Inch)                                                            
 DAY  1  2  3  4  5  6  7  8  9 10 11 12 13 14 15 16 17 18 19 20 21 22 23 24 25 26 27 28 29 30 31  MONTH
-------------------------------------------------------------------------------------------------       
JAN  11 11 11 11 11 11 11 11 11 11 11 11 11 11 11 11 11 11 11 11 11 11 10 10 10 10 10 10 10 10 10    332
FEB  10  9  9  9  9  9  9  9  9  9  9  8  8  8  8  8  8  8  8  8  8  8  8  8  8  8  9  9             238
MAR   9  9  9  9  9  9  9  9  9  9  9  9  9  9  9  9  9  9  9  9 10 10 10 10 10  9  9  9  9  9  9    284
APR   9  9  9  9  9  9  9  9 10 10 10 10 10 10 10 10 10 11 11 11 11 12 12 12 12 13 13 13 13 14       320
MAY  14 14 15 15 15 15 16 16 16 16 16 17 17 17 17 17 17 17 17 17 17 17 17 17 17 17 17 17 16 16 16    505
JUN  16 16 16 15 15 15 15 14 14 14 14 14 13 13 13 13 12 12 12 12 11 11 11 11 10 10 10  9  9  9       379
JUL   8  8  8  8  7  7  7  7  7  6  6  6  6  6  6  6  6  6  5  5  5  5  5  5  5  6  6  6  6  6  6    192
AUG   6  6  6  7  7  7  7  7  7  8  8  8  8  8  8  8  9  9  9  9  9  9 10 10 10 10 10 10 11 11 11    263
SEP  11 11 12 12 12 12 12 12 12 13 13 13 13 13 13 13 13 13 14 14 14 14 14 14 14 14 14 14 14 14       391
OCT  14 14 14 14 14 14 14 14 14 14 14 14 14 14 14 14 14 14 14 14 14 13 13 13 13 13 13 13 13 12 12    422
NOV  12 12 12 12 11 11 11 11 11 11 11 11 11 11 10 10 10 10 10 10 10 10 10 10 10 10 10 10 10 10       318
DEC  10 10 10 10 10 10 10 10 10 10 10 10 10 10 10 10 10 10 11 11 11 11 11 11 11 11 11 11 11 11 11    323
                                                                                                        
