-------------------------------------------------------------------------------------------------       
 1971-2000 Daily/Monthly Station Normals                                                                
 Provided by National Climatic Data Center/NESDIS/NOAA                                                  
-------------------------------------------------------------------------------------------------       
 Station COOP ID:                           411838                                                      
 Station Name, State, Division, Call:       CLODINE                            TX 08                    
 Latitude, Longitude, Elevation, Elements:  29 42 00 -095 41 00    87   P                               
-------------------------------------------------------------------------------------------------       
 Total  Precipitation (Hundreths of an Inch)                                                            
 DAY  1  2  3  4  5  6  7  8  9 10 11 12 13 14 15 16 17 18 19 20 21 22 23 24 25 26 27 28 29 30 31  MONTH
-------------------------------------------------------------------------------------------------       
JAN  12 12 12 12 12 12 12 12 13 13 13 13 13 13 13 13 13 13 13 13 13 13 12 12 12 12 12 12 12 12 12    386
FEB  12 12 12 11 11 11 11 11 11 11 11 11 11 11 11 11 11 11 11 11 11 11 11 11 11 11 11 11             311
MAR  11 11 11 12 12 12 12 12 12 12 12 12 12 12 12 12 12 12 12 11 11 11 11 11 11 11 11 11 10 10 10    354
APR  10 10 10 10  9  9  9  9  9  9  9  9  9  9  9  9  9 10 10 10 10 10 10 10 11 11 11 11 12 12       295
MAY  12 13 13 13 13 14 14 14 14 15 15 15 15 16 16 16 16 17 17 17 17 17 18 18 18 18 18 19 19 19 19    495
JUN  19 19 19 19 19 20 20 20 20 19 19 19 19 19 19 19 19 18 18 18 17 17 17 17 16 16 15 15 14 14       539
JUL  13 13 13 12 12 11 11 11 10 10 10 10 10  9  9  9  9  9  9  9  9  9  9  9  9  9 10 10 10 10 10    313
AUG  11 11 11 12 12 12 12 13 13 13 14 14 14 14 15 15 15 15 15 16 16 16 16 16 17 17 17 17 17 18 18    452
SEP  18 18 18 18 18 18 19 19 19 19 19 19 19 19 19 18 18 18 18 18 18 18 17 17 17 17 16 16 16 15       536
OCT  15 15 15 14 14 14 14 13 13 13 13 13 13 13 12 12 12 12 12 12 12 12 12 13 13 13 13 13 13 14 14    406
NOV  14 14 14 15 15 15 15 15 15 15 15 15 16 16 16 16 16 16 15 15 15 15 15 15 15 15 14 14 14 14       449
DEC  14 13 13 13 13 13 12 12 12 12 12 12 12 12 12 11 11 11 11 11 11 11 11 11 11 11 12 12 12 12 12    368
                                                                                                        
