-------------------------------------------------------------------------------------------------       
 1971-2000 Daily/Monthly Station Normals                                                                
 Provided by National Climatic Data Center/NESDIS/NOAA                                                  
-------------------------------------------------------------------------------------------------       
 Station COOP ID:                           415954                                                      
 Station Name, State, Division, Call:       MINEOLA 4 S                        TX 04                    
 Latitude, Longitude, Elevation, Elements:  32 36 07 -095 29 03   370   P                               
-------------------------------------------------------------------------------------------------       
 Total  Precipitation (Hundreths of an Inch)                                                            
 DAY  1  2  3  4  5  6  7  8  9 10 11 12 13 14 15 16 17 18 19 20 21 22 23 24 25 26 27 28 29 30 31  MONTH
-------------------------------------------------------------------------------------------------       
JAN  11 11 11 10 10 10 10 10 10 10 10 10 10 10  9  9  9  9  9  9  9  9  9 10 10 10 10 10 10 10 10    304
FEB  10 10 10 11 11 11 11 11 11 11 11 11 11 11 11 11 11 11 11 12 12 12 12 12 12 12 12 11             313
MAR  12 12 11 11 11 11 11 11 11 11 11 11 11 11 12 12 12 12 12 12 12 12 12 12 12 12 12 12 12 12 12    360
APR  12 12 12 12 12 13 13 13 13 13 13 13 13 13 13 13 13 13 13 13 13 13 13 13 13 13 14 14 14 14       389
MAY  13 13 13 14 14 14 14 14 14 14 14 14 14 14 14 14 14 14 14 14 14 14 14 14 14 14 14 14 14 13 13    429
JUN  14 14 14 14 13 13 13 13 13 13 13 13 13 12 12 12 12 12 12 11 11 11 11 11 10 10 10 10  9  9       358
JUL   9  9  8  8  8  8  7  7  7  7  6  6  6  6  6  6  5  5  5  5  5  5  5  5  5  4  4  4  4  4  4    183
AUG   4  4  4  4  4  4  4  4  4  4  4  4  4  5  5  5  5  5  5  5  5  6  6  6  6  6  6  7  7  7  7    156
SEP   8  8  8  8  8  9  9  9  9 10 10 10 10 10 11 11 11 11 11 11 12 12 12 12 12 12 12 12 13 13       314
OCT  13 13 13 13 13 13 14 14 14 14 14 14 14 14 14 14 14 14 14 14 14 14 14 14 14 14 14 14 14 15 14    429
NOV  15 15 15 15 15 15 14 14 14 14 14 14 14 14 14 14 14 14 14 14 14 14 14 14 14 14 14 14 14 14       426
DEC  14 14 14 14 14 14 14 14 14 14 13 13 13 13 13 13 13 13 13 13 12 12 12 12 12 12 12 12 11 11 11    399
                                                                                                        
