-------------------------------------------------------------------------------------------------       
 1971-2000 Daily/Monthly Station Normals                                                                
 Provided by National Climatic Data Center/NESDIS/NOAA                                                  
-------------------------------------------------------------------------------------------------       
 Station COOP ID:                           417262                                                      
 Station Name, State, Division, Call:       PRESIDIO                           TX 05                    
 Latitude, Longitude, Elevation, Elements:  29 33 04 -104 20 43  2560 XNP                               
-------------------------------------------------------------------------------------------------       
 Minimum Temperature (deg F [tenths deg F for monthly])                                                 
 DAY  1  2  3  4  5  6  7  8  9 10 11 12 13 14 15 16 17 18 19 20 21 22 23 24 25 26 27 28 29 30 31  MONTH
-------------------------------------------------------------------------------------------------       
JAN  34 34 34 34 34 34 34 34 34 34 34 34 34 34 34 34 34 34 34 35 35 35 35 35 35 35 35 36 36 36 36    345
FEB  36 37 37 37 37 38 38 38 38 38 39 39 39 39 39 40 40 40 40 40 41 41 41 41 41 42 42 42             393
MAR  42 43 43 43 43 43 44 44 44 44 44 45 45 45 45 46 46 46 46 47 47 47 47 48 48 48 48 49 49 49 49    457
APR  50 50 50 50 51 51 51 51 52 52 52 52 53 53 53 54 54 54 55 55 55 55 56 56 56 57 57 57 58 58       536
MAY  58 59 59 59 60 60 60 61 61 61 62 62 62 63 63 63 64 64 64 64 65 65 65 66 66 66 67 67 67 68 68    632
JUN  68 69 69 69 70 70 70 70 71 71 71 71 72 72 72 72 72 72 73 73 73 73 73 73 73 73 73 73 73 74       716
JUL  73 73 73 73 73 74 74 74 74 74 74 74 74 74 74 74 74 74 74 74 74 74 74 74 74 74 74 73 73 73 73    737
AUG  74 73 73 73 73 73 73 73 73 73 73 73 73 73 73 73 72 72 72 72 72 72 72 72 71 71 71 71 71 71 70    723
SEP  70 70 70 70 69 69 69 69 69 68 68 68 68 67 67 67 67 66 66 66 65 65 65 65 64 64 64 63 63 63       668
OCT  62 62 62 61 61 60 60 60 59 59 59 58 58 57 57 56 56 56 55 55 54 54 53 53 52 52 51 51 50 50 49    562
NOV  49 48 48 47 47 47 46 46 45 45 44 44 44 43 43 42 42 42 41 41 41 41 40 40 40 39 39 39 39 38       430
DEC  38 38 38 38 37 37 37 37 37 36 36 36 36 36 36 36 35 35 35 35 35 35 35 35 34 34 34 34 34 34 34    357
                                                                                                        
-------------------------------------------------------------------------------------------------       
 Maximum Temperature (deg F [tenths deg F for monthly])                                                 
 DAY  1  2  3  4  5  6  7  8  9 10 11 12 13 14 15 16 17 18 19 20 21 22 23 24 25 26 27 28 29 30 31  MONTH
-------------------------------------------------------------------------------------------------       
JAN  68 68 68 68 68 68 68 68 68 68 68 68 68 68 69 69 69 69 69 69 70 70 70 70 70 70 71 71 71 71 72    691
FEB  72 72 72 73 73 73 73 74 74 74 74 75 75 75 76 76 76 76 77 77 77 77 78 78 78 78 79 79             754
MAR  79 80 80 80 80 81 81 81 81 82 82 82 82 83 83 83 83 84 84 84 84 85 85 85 85 86 86 86 86 86 87    831
APR  87 87 87 87 88 88 88 88 89 89 89 89 89 90 90 90 90 91 91 91 91 91 92 92 92 92 93 93 93 93       900
MAY  94 94 94 94 94 95 95 95 95 96 96 96 96 97 97 97 97 97 98 98 98 98 99 99 99 99100100100100100    970
JUN 101101101101101101102102102102102102102102102103103103103103103103103103102102102102102102      1021
JUL 102102102102102102101101101101101101101101101101101101101100100100100100100100100100100100100   1008
AUG 100100100100100100100100100100 99 99 99 99 99 99 99 99 99 99 99 99 98 98 98 98 98 98 98 98 97    990
SEP  97 97 97 97 97 97 96 96 96 96 96 96 95 95 95 95 95 94 94 94 94 94 93 93 93 93 93 92 92 92       948
OCT  92 91 91 91 90 90 90 90 89 89 89 88 88 88 88 87 87 87 86 86 86 85 85 85 84 84 84 83 83 82 82    871
NOV  82 81 81 81 80 80 79 79 79 78 78 78 77 77 77 76 76 76 75 75 75 74 74 74 73 73 73 73 72 72       766
DEC  72 71 71 71 71 70 70 70 70 69 69 69 69 69 69 69 68 68 68 68 68 68 68 68 68 68 68 68 68 68 68    690
                                                                                                        
-------------------------------------------------------------------------------------------------       
 Average Temperature (deg F [tenths deg F for monthly])                                                 
 DAY  1  2  3  4  5  6  7  8  9 10 11 12 13 14 15 16 17 18 19 20 21 22 23 24 25 26 27 28 29 30 31  MONTH
-------------------------------------------------------------------------------------------------       
JAN  51 51 51 51 51 51 51 51 51 51 51 51 51 51 51 51 52 52 52 52 52 52 52 53 53 53 53 53 53 54 54    518
FEB  54 54 55 55 55 55 56 56 56 56 57 57 57 57 58 58 58 58 58 59 59 59 59 60 60 60 60 61             574
MAR  61 61 61 62 62 62 62 62 63 63 63 63 64 64 64 64 65 65 65 65 66 66 66 66 67 67 67 67 67 68 68    644
APR  68 68 69 69 69 69 70 70 70 70 71 71 71 71 72 72 72 72 73 73 73 73 74 74 74 75 75 75 75 76       718
MAY  76 76 76 77 77 77 78 78 78 78 79 79 79 80 80 80 80 81 81 81 82 82 82 82 83 83 83 83 84 84 84    801
JUN  84 85 85 85 85 86 86 86 86 86 87 87 87 87 87 87 87 88 88 88 88 88 88 88 88 88 88 88 88 88       869
JUL  88 88 88 88 88 88 88 88 88 87 87 87 87 87 87 87 87 87 87 87 87 87 87 87 87 87 87 87 87 87 87    873
AUG  87 87 87 87 87 87 87 86 86 86 86 86 86 86 86 86 86 86 86 85 85 85 85 85 85 85 85 84 84 84 84    857
SEP  84 84 83 83 83 83 83 83 82 82 82 82 82 81 81 81 81 80 80 80 80 79 79 79 79 78 78 78 77 77       808
OCT  77 77 76 76 76 75 75 75 74 74 74 73 73 73 72 72 72 71 71 70 70 70 69 69 68 68 67 67 67 66 66    717
NOV  65 65 64 64 64 63 63 62 62 62 61 61 60 60 60 59 59 59 58 58 58 57 57 57 57 56 56 56 56 55       598
DEC  55 55 54 54 54 54 54 53 53 53 53 53 53 52 52 52 52 52 52 52 52 51 51 51 51 51 51 51 51 51 51    524
                                                                                                        
-------------------------------------------------------------------------------------------------       
 Heating Degree Days                                                                                    
 DAY  1  2  3  4  5  6  7  8  9 10 11 12 13 14 15 16 17 18 19 20 21 22 23 24 25 26 27 28 29 30 31  MONTH
-------------------------------------------------------------------------------------------------       
JAN  14 14 14 14 14 14 14 14 14 14 14 14 14 14 14 14 13 13 13 13 13 13 13 13 12 12 12 12 12 11 11    410
FEB  11 11 11 10 10 10 10  9  9  9  9  9  8  8  8  8  8  7  7  7  7  6  6  6  6  6  5  5             226
MAR   5  5  5  4  4  4  4  4  4  3  3  3  3  3  3  3  2  2  2  2  2  2  2  2  2  1  1  1  1  1  1     84
APR   1  1  1  1  1  1  1  1  1  1  1  1  1  1  1  1  1  1  1  0  0  0  0  0  0  0  0  0  0  0        19
MAY -99-99  0  0  0  0  0  0  0  0  0  0  0  0  0  0  0  0  0  0  0  0  0  0  0  0  0  0  0  0  0      2
JUN   0  0  0  0  0  0  0  0  0  0  0  0  0  0  0  0  0  0  0  0  0  0  0  0  0  0  0  0  0  0         0
JUL   0  0  0  0  0  0  0  0  0  0  0  0  0  0  0  0  0  0  0  0  0  0  0  0  0  0  0  0  0  0  0      0
AUG   0  0  0  0  0  0  0  0  0  0  0  0  0  0  0  0  0  0  0  0  0  0  0  0  0  0  0  0  0  0  0      0
SEP   0  0  0  0  0  0  0  0  0  0  0  0  0  0  0  0  0  0  0  0  0  0  0  0  0  0  0  0  0  0         0
OCT   0  0  0  0  0  0  0  0  0  0  0  0  0  0  0  0  0  0  1  1  1  1  1  1  1  2  2  2  2  2  3     20
NOV   3  3  3  4  4  4  4  4  5  5  5  5  6  6  6  6  7  7  7  7  8  8  8  8  8  9  9  9 10 10       188
DEC  10 10 11 11 11 11 11 12 12 12 12 12 13 13 13 13 13 13 13 13 14 14 14 14 14 14 14 14 14 14 14    393
                                                                                                        
-------------------------------------------------------------------------------------------------       
 Cooling Degree Days                                                                                    
 DAY  1  2  3  4  5  6  7  8  9 10 11 12 13 14 15 16 17 18 19 20 21 22 23 24 25 26 27 28 29 30 31  MONTH
-------------------------------------------------------------------------------------------------       
JAN   0  0  0  0  0  0  0  0  0  0  0  0  0  0  0  0  0  0  0  0  0  0  0  0  0  0  0  0  0  0-99      1
FEB   0  0  0  0  0  0  0  0  0  0  0  0  0  0  0  0  1  1  1  1  1  1  1  1  1  1  1  1              12
MAR   1  1  1  1  1  1  1  1  1  1  1  1  2  2  2  2  2  2  2  2  3  3  3  3  3  3  3  4  4  4  4     65
APR   4  4  5  5  5  5  5  6  6  6  6  7  7  7  7  7  8  8  8  8  9  9  9  9 10 10 10 10 11 11       222
MAY  11 11 12 12 12 12 13 13 13 14 14 14 14 15 15 15 15 16 16 16 16 17 17 17 18 18 18 18 19 19 19    469
JUN  19 20 20 20 20 21 21 21 21 21 22 22 22 22 22 22 22 22 23 23 23 23 23 23 23 23 23 23 23 23       656
JUL  23 23 23 23 23 23 23 23 23 22 22 22 22 22 22 22 22 22 22 22 22 22 22 22 22 22 22 22 22 22 22    691
AUG  22 22 22 22 22 22 21 21 21 21 21 21 21 21 21 21 21 21 20 20 20 20 20 20 20 20 20 19 19 19 19    640
SEP  19 19 19 18 18 18 18 18 17 17 17 17 17 16 16 16 16 15 15 15 15 14 14 14 14 13 13 13 12 12       475
OCT  12 11 11 11 10 10 10 10  9  9  9  8  8  8  7  7  7  7  6  6  6  6  5  5  5  5  4  4  4  4  3    227
NOV   3  3  3  3  2  2  2  2  2  2  1  1  1  1  1  1  1  1  0  0  0  0  0  0  0  0  0  0  0  0        32
DEC   0  0  0  0  0  0  0  0  0  0  0  0  0  0  0  0  0  0  0  0  0  0  0  0  0  0  0  0  0  0  0      0
                                                                                                        
-------------------------------------------------------------------------------------------------       
 Total  Precipitation (Hundreths of an Inch)                                                            
 DAY  1  2  3  4  5  6  7  8  9 10 11 12 13 14 15 16 17 18 19 20 21 22 23 24 25 26 27 28 29 30 31  MONTH
-------------------------------------------------------------------------------------------------       
JAN   1  1  1  1  1  1  1  1  1  1  1  1  1  1  1  1  1  1  1  1  1  1  1  1  1  1  1  1  1  1  1     31
FEB   1  1  1  1  1  1  1  2  2  2  2  2  2  2  2  1  1  1  1  1  1  1  1  1  1  1  1  1              36
MAR   1  1  1  1  1  1  1  1  1  0  0  0  0  0  0  0  0  0  0  0  0  0  0  0  0  1  1  1  1  1  1     15
APR   1  1  1  1  1  1  1  1  1  1  1  1  1  1  1  1  1  1  1  1  1  1  2  2  2  2  2  2  2  2        38
MAY   1  1  1  1  2  2  2  2  2  2  2  2  2  2  2  2  2  2  2  2  2  2  2  3  3  3  3  3  3  3  3     66
JUN   4  4  4  4  4  4  4  4  4  5  5  5  5  5  5  5  5  5  5  5  6  6  6  6  6  6  6  6  6  6       151
JUL   6  6  6  6  6  6  6  6  7  7  7  7  7  7  7  7  7  7  7  7  7  7  7  6  6  6  6  6  6  6  6    201
AUG   6  6  6  6  6  6  6  6  6  6  6  6  6  6  6  6  6  6  5  5  5  5  6  6  6  6  6  6  6  6  6    182
SEP   6  6  6  6  6  6  6  6  6  6  6  6  6  6  6  6  6  6  6  5  5  5  5  5  5  5  5  5  5  5       169
OCT   5  5  4  4  4  4  4  4  4  4  4  4  3  3  3  3  3  3  3  3  3  3  3  2  2  2  2  2  2  2  2     99
NOV   2  2  2  2  2  2  2  1  1  1  1  1  1  1  1  1  1  1  1  1  1  1  1  1  1  1  1  1  1  1        37
DEC   1  1  1  1  1  2  2  2  2  2  2  2  2  2  2  2  2  2  2  2  2  2  2  2  2  1  1  1  1  1  1     51
                                                                                                        
