-------------------------------------------------------------------------------------------------       
 1971-2000 Daily/Monthly Station Normals                                                                
 Provided by National Climatic Data Center/NESDIS/NOAA                                                  
-------------------------------------------------------------------------------------------------       
 Station COOP ID:                           414903                                                      
 Station Name, State, Division, Call:       LA GRANGE                          TX 07                    
 Latitude, Longitude, Elevation, Elements:  29 55 02 -096 52 31   357 XNP                               
-------------------------------------------------------------------------------------------------       
 Minimum Temperature (deg F [tenths deg F for monthly])                                                 
 DAY  1  2  3  4  5  6  7  8  9 10 11 12 13 14 15 16 17 18 19 20 21 22 23 24 25 26 27 28 29 30 31  MONTH
-------------------------------------------------------------------------------------------------       
JAN  41 41 41 41 41 41 41 41 41 41 41 41 41 41 41 41 41 41 41 42 42 42 42 42 42 42 42 42 42 42 42    414
FEB  42 42 43 43 43 43 43 43 43 44 44 44 44 44 44 45 45 45 45 45 46 46 46 46 47 47 47 47             445
MAR  48 48 48 49 49 49 49 50 50 50 50 51 51 51 51 52 52 52 52 52 53 53 53 53 53 54 54 54 54 54 54    514
APR  55 55 55 55 55 56 56 56 56 56 57 57 57 57 57 58 58 58 58 59 59 59 59 60 60 60 60 61 61 61       577
MAY  62 62 62 63 63 63 63 64 64 64 65 65 65 65 66 66 66 66 67 67 67 67 67 68 68 68 68 69 69 69 69    657
JUN  69 70 70 70 70 70 70 71 71 71 71 71 71 71 72 72 72 72 72 72 72 72 72 72 72 72 73 73 73 73       714
JUL  73 73 73 73 73 73 73 73 73 73 73 73 73 73 73 73 73 73 73 73 73 73 73 73 73 73 73 73 74 74 74    731
AUG  73 74 74 74 74 73 73 73 73 73 73 73 73 73 73 73 73 73 73 73 73 73 72 72 72 72 72 72 72 72 71    728
SEP  71 71 71 71 70 70 70 70 70 70 69 69 69 69 68 68 68 68 67 67 67 67 66 66 66 66 65 65 65 64       681
OCT  64 64 63 63 63 63 62 62 62 61 61 61 60 60 60 59 59 59 59 58 58 58 57 57 57 56 56 56 56 55 55    595
NOV  55 54 54 54 54 53 53 53 52 52 52 51 51 51 51 50 50 50 49 49 49 48 48 48 48 47 47 47 46 46       504
DEC  46 46 45 45 45 45 44 44 44 44 43 43 43 43 43 43 42 42 42 42 42 42 42 42 42 41 41 41 41 41 41    429
                                                                                                        
-------------------------------------------------------------------------------------------------       
 Maximum Temperature (deg F [tenths deg F for monthly])                                                 
 DAY  1  2  3  4  5  6  7  8  9 10 11 12 13 14 15 16 17 18 19 20 21 22 23 24 25 26 27 28 29 30 31  MONTH
-------------------------------------------------------------------------------------------------       
JAN  62 62 62 62 62 62 62 62 62 62 62 62 62 62 62 62 62 63 63 63 63 63 63 63 63 63 64 64 64 64 64    626
FEB  64 64 65 65 65 65 65 66 66 66 66 66 67 67 67 67 68 68 68 68 69 69 69 69 70 70 70 70             671
MAR  71 71 71 71 72 72 72 73 73 73 73 74 74 74 74 75 75 75 75 75 76 76 76 76 76 77 77 77 77 77 78    744
APR  78 78 78 78 79 79 79 79 79 79 80 80 80 80 80 81 81 81 81 81 82 82 82 82 82 82 83 83 83 83       805
MAY  83 84 84 84 84 84 85 85 85 85 85 86 86 86 86 86 86 87 87 87 87 87 88 88 88 88 88 89 89 89 89    863
JUN  89 89 90 90 90 90 90 90 91 91 91 91 91 92 92 92 92 92 92 92 93 93 93 93 93 93 94 94 94 94       917
JUL  94 94 95 95 95 95 95 95 95 95 96 96 96 96 96 96 96 96 96 96 96 96 97 97 97 97 97 97 97 97 97    959
AUG  97 97 97 97 97 97 97 97 97 97 97 97 96 96 96 96 96 96 96 96 96 96 95 95 95 95 95 95 94 94 94    960
SEP  94 94 93 93 93 93 92 92 92 92 92 91 91 91 91 90 90 90 90 90 89 89 89 89 89 88 88 88 88 87       906
OCT  87 87 87 86 86 86 86 85 85 85 85 84 84 84 83 83 83 82 82 82 81 81 81 80 80 80 79 79 78 78 78    828
NOV  77 77 76 76 75 75 75 74 74 74 73 73 72 72 72 71 71 71 70 70 70 70 69 69 69 68 68 68 68 67       718
DEC  67 67 67 66 66 66 66 65 65 65 65 65 65 64 64 64 64 64 64 63 63 63 63 63 63 63 63 63 63 62 62    643
                                                                                                        
-------------------------------------------------------------------------------------------------       
 Average Temperature (deg F [tenths deg F for monthly])                                                 
 DAY  1  2  3  4  5  6  7  8  9 10 11 12 13 14 15 16 17 18 19 20 21 22 23 24 25 26 27 28 29 30 31  MONTH
-------------------------------------------------------------------------------------------------       
JAN  52 52 52 52 52 51 51 51 51 51 52 52 52 52 52 52 52 52 52 52 52 52 52 52 52 52 53 53 53 53 53    520
FEB  53 53 54 54 54 54 54 54 55 55 55 55 55 55 56 56 56 56 57 57 57 57 58 58 58 58 59 59             558
MAR  59 59 60 60 60 61 61 61 61 62 62 62 62 63 63 63 63 63 64 64 64 64 65 65 65 65 65 66 66 66 66    629
APR  66 66 67 67 67 67 67 68 68 68 68 68 68 69 69 69 69 70 70 70 70 70 71 71 71 71 72 72 72 72       691
MAY  73 73 73 73 74 74 74 74 74 75 75 75 75 76 76 76 76 76 77 77 77 77 78 78 78 78 78 79 79 79 79    760
JUN  79 80 80 80 80 80 80 81 81 81 81 81 81 82 82 82 82 82 82 82 82 83 83 83 83 83 83 83 83 83       816
JUL  83 84 84 84 84 84 84 84 84 84 84 84 84 84 85 85 85 85 85 85 85 85 85 85 85 85 85 85 85 85 85    845
AUG  85 85 85 85 85 85 85 85 85 85 85 85 85 85 85 85 85 84 84 84 84 84 84 84 84 84 83 83 83 83 83    844
SEP  83 82 82 82 82 82 81 81 81 81 80 80 80 80 80 79 79 79 79 78 78 78 78 78 77 77 77 76 76 76       794
OCT  76 75 75 75 75 74 74 74 73 73 73 73 72 72 72 71 71 71 70 70 70 69 69 69 68 68 68 67 67 67 66    712
NOV  66 66 65 65 64 64 64 63 63 63 62 62 62 61 61 61 61 60 60 60 59 59 59 58 58 58 58 57 57 57       611
DEC  56 56 56 56 55 55 55 55 55 54 54 54 54 54 54 53 53 53 53 53 53 53 52 52 52 52 52 52 52 52 52    536
                                                                                                        
-------------------------------------------------------------------------------------------------       
 Heating Degree Days                                                                                    
 DAY  1  2  3  4  5  6  7  8  9 10 11 12 13 14 15 16 17 18 19 20 21 22 23 24 25 26 27 28 29 30 31  MONTH
-------------------------------------------------------------------------------------------------       
JAN  14 14 14 14 14 14 14 14 14 14 14 14 14 14 14 14 14 14 14 13 13 13 13 13 13 13 13 13 13 12 12    420
FEB  12 12 12 12 12 11 11 11 11 11 11 10 10 10 10 10  9  9  9  9  9  8  8  8  8  7  7  7             274
MAR   7  6  6  6  6  6  5  5  5  5  4  4  4  4  4  4  3  3  3  3  3  3  3  2  2  2  2  2  2  2  2    118
APR   2  2  2  1  1  1  1  1  1  1  1  1  1  1  1  1  1  1  1  1  1  1  1  0  0  0  0  0  0  0        26
MAY -99-99-99  0  0  0  0  0  0  0  0  0  0  0  0  0  0  0  0  0  0  0  0  0  0  0  0  0  0  0  0      3
JUN   0  0  0  0  0  0  0  0  0  0  0  0  0  0  0  0  0  0  0  0  0  0  0  0  0  0  0  0  0  0         0
JUL   0  0  0  0  0  0  0  0  0  0  0  0  0  0  0  0  0  0  0  0  0  0  0  0  0  0  0  0  0  0  0      0
AUG   0  0  0  0  0  0  0  0  0  0  0  0  0  0  0  0  0  0  0  0  0  0  0  0  0  0  0  0  0  0  0      0
SEP   0  0  0  0  0  0  0  0  0  0  0  0  0  0  0  0  0  0  0  0  0  0  0  0  0  0  0  0  0  0         0
OCT   0  0  0  0  0  0  0  0  0  0  0  0  0  0  0  0  0  0  0  0  1  1  1  1  1  1  2  2  2  2  2     16
NOV   3  3  3  3  4  4  4  4  5  5  5  5  5  6  6  6  6  7  7  7  7  8  8  8  8  8  9  9  9  9       181
DEC   9 10 10 10 10 11 11 11 11 11 11 12 12 12 12 12 12 12 13 13 13 13 13 13 13 13 13 13 14 14 14    371
                                                                                                        
-------------------------------------------------------------------------------------------------       
 Cooling Degree Days                                                                                    
 DAY  1  2  3  4  5  6  7  8  9 10 11 12 13 14 15 16 17 18 19 20 21 22 23 24 25 26 27 28 29 30 31  MONTH
-------------------------------------------------------------------------------------------------       
JAN   0  0  0  0  0  0  0  0  0  0  0  0  0  0  0  0  0  0  0  0  0  0  0-99-99-99-99-99-99-99-99      8
FEB   0  0  0  0  0  0  0  0  0  0  0  0  1  1  1  1  1  1  1  1  1  1  1  1  1  1  1  1              16
MAR   1  1  1  1  1  1  1  1  1  1  1  1  1  2  2  2  2  2  2  2  2  2  2  2  2  2  3  3  3  3  3     54
APR   3  3  3  3  3  4  4  4  4  4  4  4  4  5  5  5  5  5  5  6  6  6  6  6  7  7  7  7  7  8       150
MAY   8  8  8  9  9  9  9  9 10 10 10 10 10 11 11 11 11 12 12 12 12 12 13 13 13 13 13 14 14 14 14    344
JUN  14 14 15 15 15 15 15 16 16 16 16 16 16 16 17 17 17 17 17 17 17 18 18 18 18 18 18 18 18 18       496
JUL  18 19 19 19 19 19 19 19 19 19 19 19 19 19 20 20 20 20 20 20 20 20 20 20 20 20 20 20 20 20 20    605
AUG  20 20 20 20 20 20 20 20 20 20 20 20 20 20 20 20 20 19 19 19 19 19 19 19 19 19 18 18 18 18 18    601
SEP  18 17 17 17 17 17 16 16 16 16 16 15 15 15 15 14 14 14 14 13 13 13 13 12 12 12 12 11 11 11       432
OCT  10 10 10 10  9  9  9  8  8  8  8  7  7  7  7  6  6  6  6  6  5  5  5  5  5  5  4  4  4  4  4    207
NOV   4  4  3  3  3  3  3  3  3  3  2  2  2  2  2  2  2  2  2  2  2  2  1  1  1  1  1  1  1  1        64
DEC   1  1  1  1  1  1  1  1  1  1  1  1  1  1  1  1  1  0  0  0  0  0  0  0  0  0  0  0  0  0  0     17
                                                                                                        
-------------------------------------------------------------------------------------------------       
 Total  Precipitation (Hundreths of an Inch)                                                            
 DAY  1  2  3  4  5  6  7  8  9 10 11 12 13 14 15 16 17 18 19 20 21 22 23 24 25 26 27 28 29 30 31  MONTH
-------------------------------------------------------------------------------------------------       
JAN  10  9  9  9  9  9 10 10 10 10 10 10 10 10 10 10 10 10 10 10 10 10 10 10 10 10 10 10 10 10 10    305
FEB  10 10 10 11 11 11 11 11 11 11 11 11 11 10 10 10 10 10 10 10 10 10 10 10 10 10  9  9             288
MAR   9  9  9  9  9  9  9  8  8  8  8  8  8  8  8  8  8  8  8  8  8  8  8  8  8  8  8  8  8  8  8    255
APR   8  8  8  8  8  9  9  9  9  9  9  9  9  9 10 10 10 10 10 11 11 11 11 11 12 12 12 12 12 13       299
MAY  13 13 13 14 14 14 14 15 15 15 15 15 15 16 16 16 16 16 16 16 16 16 17 17 17 17 17 17 17 17 17    482
JUN  17 17 17 17 17 17 16 16 16 16 16 16 16 15 15 15 15 15 14 14 14 14 13 13 13 12 12 11 11 11       441
JUL  10 10 10  9  9  9  8  8  8  8  7  7  7  7  7  7  6  6  6  6  6  6  6  6  6  6  6  7  7  7  7    225
AUG   7  7  7  7  8  8  8  8  8  8  9  9  9  9  9  9  9  9 10 10 10 10 10 10 10 10 10 10 11 11 11    281
SEP  11 11 11 11 11 11 11 11 12 12 12 12 12 12 12 12 12 12 13 13 13 13 13 13 13 13 14 14 14 14       368
OCT  14 14 14 14 14 15 15 15 15 15 15 15 15 15 15 15 15 15 15 15 14 14 14 14 14 14 14 14 14 13 13    447
NOV  13 13 13 13 12 12 12 12 12 12 12 11 11 11 11 11 11 11 11 11 11 10 10 10 10 10 10 10 10 10       336
DEC  10 10 10 10 10 10 10 10 10 10 10 10 10 10 10 10 10 10 10 10 10 10 10 10 10  9  9  9  9  9  9    304
                                                                                                        
