-------------------------------------------------------------------------------------------------       
 1971-2000 Daily/Monthly Station Normals                                                                
 Provided by National Climatic Data Center/NESDIS/NOAA                                                  
-------------------------------------------------------------------------------------------------       
 Station COOP ID:                           414556                                                      
 Station Name, State, Division, Call:       JARRELL                            TX 03                    
 Latitude, Longitude, Elevation, Elements:  30 49 35 -097 36 35   895   P                               
-------------------------------------------------------------------------------------------------       
 Total  Precipitation (Hundreths of an Inch)                                                            
 DAY  1  2  3  4  5  6  7  8  9 10 11 12 13 14 15 16 17 18 19 20 21 22 23 24 25 26 27 28 29 30 31  MONTH
-------------------------------------------------------------------------------------------------       
JAN   6  6  6  6  6  6  6  6  6  6  5  5  6  6  6  6  6  6  6  6  6  6  6  6  7  7  7  7  7  8  8    193
FEB   8  8  9  9  9  9  9 10 10 10 10 10 10 10 10 10 10 10 10 10 10 10 10 10 10 10  9  9             269
MAR   9  9  9  9  8  8  8  8  8  8  8  8  8  8  8  8  8  8  8  7  8  8  8  8  8  8  8  8  8  8  8    251
APR   8  8  9  9  9  9  9  9  9  9 10 10 10 10 10 10 11 11 11 11 11 12 12 12 12 12 13 13 13 13       315
MAY  14 14 14 14 14 15 15 15 15 15 15 15 16 16 16 16 16 16 16 16 16 16 16 16 16 16 16 16 16 16 16    479
JUN  16 16 16 16 16 15 15 15 15 15 15 14 14 14 14 14 13 13 13 13 12 12 12 11 11 10 10 10  9  9       398
JUL   9  8  8  7  7  7  6  6  6  5  5  5  5  5  4  4  4  4  4  4  4  4  3  3  3  3  3  3  3  4  4    150
AUG   4  4  4  4  4  4  4  5  5  5  5  5  5  6  6  6  6  6  7  7  7  7  7  8  8  8  8  9  9  9  9    191
SEP  10 10 10 10 11 11 11 11 11 11 12 12 12 12 12 12 12 13 13 13 13 13 13 13 13 13 13 13 13 13       359
OCT  13 13 13 13 12 12 12 12 12 12 12 12 12 12 12 12 12 12 12 12 12 12 12 12 12 12 12 12 12 11 11    374
NOV  12 11 11 11 11 11 11 11 11 11 11 11 11 11 11 11 11 11 11 11 11 10 10 10 10 10 10 10 10 10       322
DEC  10 10  9  9  9  9  9  9  9  9  9  8  8  8  8  8  8  8  8  8  8  7  7  7  7  7  7  7  7  6  6    249
                                                                                                        
