-------------------------------------------------------------------------------------------------       
 1971-2000 Daily/Monthly Station Normals                                                                
 Provided by National Climatic Data Center/NESDIS/NOAA                                                  
-------------------------------------------------------------------------------------------------       
 Station COOP ID:                           414810                                                      
 Station Name, State, Division, Call:       KINGSVILLE                         TX 07                    
 Latitude, Longitude, Elevation, Elements:  27 31 25 -097 51 42    66 XNP                               
-------------------------------------------------------------------------------------------------       
 Minimum Temperature (deg F [tenths deg F for monthly])                                                 
 DAY  1  2  3  4  5  6  7  8  9 10 11 12 13 14 15 16 17 18 19 20 21 22 23 24 25 26 27 28 29 30 31  MONTH
-------------------------------------------------------------------------------------------------       
JAN  44 43 43 43 43 43 43 43 43 43 43 43 43 43 43 43 43 43 43 43 43 44 44 44 44 44 44 44 44 44 45    434
FEB  45 45 45 45 45 45 46 46 46 46 46 47 47 47 47 47 47 48 48 48 48 49 49 49 49 49 50 50             471
MAR  50 50 51 51 51 51 52 52 52 52 53 53 53 53 53 54 54 54 54 55 55 55 55 55 56 56 56 56 56 57 57    536
APR  57 57 58 58 58 58 58 59 59 59 59 60 60 60 60 60 61 61 61 61 62 62 62 62 63 63 63 63 64 64       604
MAY  64 64 65 65 65 65 66 66 66 66 66 67 67 67 67 68 68 68 68 68 69 69 69 69 69 69 70 70 70 70 70    674
JUN  70 70 71 71 71 71 71 71 71 72 72 72 72 72 72 72 72 72 72 72 72 72 73 73 73 73 73 73 73 73       719
JUL  73 73 73 73 73 73 73 73 73 73 73 73 73 73 73 73 73 73 73 73 73 73 73 73 73 73 73 73 74 74 74    731
AUG  73 73 73 74 74 74 74 74 74 74 73 73 73 73 73 73 73 73 73 73 73 73 73 73 73 73 73 73 73 72 72    732
SEP  72 72 72 72 72 72 72 72 71 71 71 71 71 71 70 70 70 70 70 69 69 69 69 68 68 68 67 67 67 67       700
OCT  66 66 66 65 65 65 64 64 64 64 63 63 63 62 62 62 61 61 61 60 60 60 60 59 59 59 58 58 58 58 57    617
NOV  57 57 56 56 56 55 55 55 55 54 54 54 53 53 53 53 52 52 52 52 51 51 51 50 50 50 50 49 49 49       528
DEC  49 48 48 48 48 47 47 47 47 47 46 46 46 46 46 45 45 45 45 45 45 45 44 44 44 44 44 44 44 44 44    457
                                                                                                        
-------------------------------------------------------------------------------------------------       
 Maximum Temperature (deg F [tenths deg F for monthly])                                                 
 DAY  1  2  3  4  5  6  7  8  9 10 11 12 13 14 15 16 17 18 19 20 21 22 23 24 25 26 27 28 29 30 31  MONTH
-------------------------------------------------------------------------------------------------       
JAN  68 68 68 68 68 68 68 68 68 68 68 68 68 68 68 68 68 68 68 68 68 68 69 69 69 69 69 69 69 69 69    683
FEB  69 70 70 70 70 70 70 70 71 71 71 71 71 71 72 72 72 72 72 73 73 73 73 74 74 74 74 75             717
MAR  75 75 75 75 76 76 76 76 77 77 77 77 78 78 78 78 78 79 79 79 79 79 80 80 80 80 80 81 81 81 81    781
APR  81 81 82 82 82 82 82 82 83 83 83 83 83 83 84 84 84 84 84 84 84 84 85 85 85 85 85 85 85 86       835
MAY  86 86 86 86 86 86 86 87 87 87 87 87 87 87 88 88 88 88 88 88 88 89 89 89 89 89 90 90 90 90 90    878
JUN  90 91 91 91 91 91 91 92 92 92 92 92 92 93 93 93 93 93 93 93 93 94 94 94 94 94 94 94 94 94       926
JUL  94 95 95 95 95 95 95 95 95 95 95 95 95 95 96 96 96 96 96 96 96 96 96 96 96 96 96 96 96 96 96    955
AUG  96 96 96 96 96 96 96 96 96 96 96 96 96 96 96 96 96 96 96 96 95 95 95 95 95 95 95 95 95 95 94    956
SEP  94 94 94 94 94 94 93 93 93 93 93 93 92 92 92 92 92 92 91 91 91 91 91 90 90 90 90 90 89 89       919
OCT  89 89 89 88 88 88 88 87 87 87 87 87 86 86 86 85 85 85 85 84 84 84 83 83 83 83 82 82 82 81 81    853
NOV  81 80 80 80 79 79 79 78 78 78 78 77 77 77 77 76 76 76 75 75 75 75 74 74 74 74 74 73 73 73       765
DEC  73 72 72 72 72 72 71 71 71 71 71 71 70 70 70 70 70 70 70 70 69 69 69 69 69 69 69 69 69 68 68    702
                                                                                                        
-------------------------------------------------------------------------------------------------       
 Average Temperature (deg F [tenths deg F for monthly])                                                 
 DAY  1  2  3  4  5  6  7  8  9 10 11 12 13 14 15 16 17 18 19 20 21 22 23 24 25 26 27 28 29 30 31  MONTH
-------------------------------------------------------------------------------------------------       
JAN  56 56 56 56 56 56 56 56 55 55 55 55 55 55 56 56 56 56 56 56 56 56 56 56 56 56 56 56 57 57 57    559
FEB  57 57 57 57 58 58 58 58 58 58 59 59 59 59 59 60 60 60 60 60 61 61 61 61 62 62 62 62             594
MAR  63 63 63 63 63 64 64 64 64 65 65 65 65 66 66 66 66 66 67 67 67 67 67 68 68 68 68 68 69 69 69    659
APR  69 69 70 70 70 70 70 71 71 71 71 71 72 72 72 72 72 72 73 73 73 73 73 74 74 74 74 74 75 75       720
MAY  75 75 75 75 76 76 76 76 76 77 77 77 77 77 77 78 78 78 78 78 79 79 79 79 79 79 80 80 80 80 80    776
JUN  80 81 81 81 81 81 81 81 82 82 82 82 82 82 82 83 83 83 83 83 83 83 83 83 83 83 83 84 84 84       823
JUL  84 84 84 84 84 84 84 84 84 84 84 84 84 84 84 84 84 84 84 84 84 84 85 85 85 85 85 85 85 85 85    843
AUG  85 85 85 85 85 85 85 85 85 85 85 85 85 85 84 84 84 84 84 84 84 84 84 84 84 84 84 84 84 83 83    844
SEP  83 83 83 83 83 83 83 82 82 82 82 82 82 82 81 81 81 81 81 80 80 80 80 79 79 79 79 78 78 78       810
OCT  78 77 77 77 77 76 76 76 76 75 75 75 74 74 74 74 73 73 73 72 72 72 72 71 71 71 70 70 70 69 69    735
NOV  69 69 68 68 68 67 67 67 66 66 66 66 65 65 65 64 64 64 64 63 63 63 63 62 62 62 62 61 61 61       647
DEC  61 60 60 60 60 60 59 59 59 59 59 58 58 58 58 58 58 58 57 57 57 57 57 57 57 57 56 56 56 56 56    580
                                                                                                        
-------------------------------------------------------------------------------------------------       
 Heating Degree Days                                                                                    
 DAY  1  2  3  4  5  6  7  8  9 10 11 12 13 14 15 16 17 18 19 20 21 22 23 24 25 26 27 28 29 30 31  MONTH
-------------------------------------------------------------------------------------------------       
JAN  10 10 10 10 11 11 11 11 11 11 11 11 11 11 11 11 11 11 11 11 10 10 10 10 10 10 10 10 10 10  9    325
FEB   9  9  9  9  9  8  8  8  8  8  8  8  7  7  7  7  7  6  6  6  6  6  6  5  5  5  5  5             197
MAR   5  4  4  4  4  4  4  3  3  3  3  3  3  3  3  2  2  2  2  2  2  2  2  2  2  1  1  1  1  1  1     79
APR   1  1  1  1  1  1  1  1  1  1  1  0  0  0  0  0  0  0  0  0  0  0  0  0  0  0  0  0  0  0        11
MAY -99  0  0  0  0  0  0  0  0  0  0  0  0  0  0  0  0  0  0  0  0  0  0  0  0  0  0  0  0  0  0      1
JUN   0  0  0  0  0  0  0  0  0  0  0  0  0  0  0  0  0  0  0  0  0  0  0  0  0  0  0  0  0  0         0
JUL   0  0  0  0  0  0  0  0  0  0  0  0  0  0  0  0  0  0  0  0  0  0  0  0  0  0  0  0  0  0  0      0
AUG   0  0  0  0  0  0  0  0  0  0  0  0  0  0  0  0  0  0  0  0  0  0  0  0  0  0  0  0  0  0  0      0
SEP   0  0  0  0  0  0  0  0  0  0  0  0  0  0  0  0  0  0  0  0  0  0  0  0  0  0  0  0  0  0         0
OCT   0  0  0  0  0  0  0  0  0  0  0  0  0  0  0  0  0  0  0  0  0  0  0  1  1  1  1  1  1  1  1      8
NOV   2  2  2  2  2  3  3  3  3  3  3  3  4  4  4  4  4  4  4  5  5  5  5  5  5  6  6  6  6  6       119
DEC   6  7  7  7  7  7  7  7  8  8  8  8  8  8  8  8  9  9  9  9  9  9  9  9 10 10 10 10 10 10 10    261
                                                                                                        
-------------------------------------------------------------------------------------------------       
 Cooling Degree Days                                                                                    
 DAY  1  2  3  4  5  6  7  8  9 10 11 12 13 14 15 16 17 18 19 20 21 22 23 24 25 26 27 28 29 30 31  MONTH
-------------------------------------------------------------------------------------------------       
JAN   1  1  1  1  1  1  1  1  1  1  1  0  1  1  1  1  1  1  1  1  1  1  1  1  1  1  1  1  1  1  1     30
FEB   1  1  1  1  1  1  1  1  1  1  1  1  1  1  1  1  2  2  2  2  2  2  2  2  2  2  2  2              40
MAR   2  2  2  2  2  2  3  3  3  3  3  3  3  3  3  3  3  4  4  4  4  4  4  4  4  4  4  5  5  5  5    105
APR   5  5  5  6  6  6  6  6  6  6  7  7  7  7  7  7  7  8  8  8  8  8  8  9  9  9  9  9 10 10       219
MAY  10 10 10 11 11 11 11 11 11 12 12 12 12 12 13 13 13 13 13 13 14 14 14 14 14 14 15 15 15 15 15    393
JUN  15 16 16 16 16 16 16 16 17 17 17 17 17 17 17 17 18 18 18 18 18 18 18 18 18 18 18 19 19 19       518
JUL  19 19 19 19 19 19 19 19 19 19 19 19 19 19 19 19 19 19 19 19 19 19 20 20 20 20 20 20 20 20 20    598
AUG  20 20 20 20 20 20 20 20 20 20 20 20 20 19 19 19 19 19 19 19 19 19 19 19 19 19 19 19 19 18 18    600
SEP  18 18 18 18 18 18 18 17 17 17 17 17 17 16 16 16 16 16 15 15 15 15 15 14 14 14 14 13 13 13       478
OCT  12 12 12 12 11 11 11 10 10 10 10 10  9  9  9  9  8  8  8  8  7  7  7  7  7  7  6  6  6  6  6    271
NOV   6  5  5  5  5  5  5  4  4  4  4  4  4  4  4  3  3  3  3  3  3  3  3  3  3  3  2  2  2  2       109
DEC   2  2  2  2  2  2  2  2  2  2  2  2  1  1  1  1  1  1  1  1  1  1  1  1  1  1  1  1  1  1  1     43
                                                                                                        
-------------------------------------------------------------------------------------------------       
 Total  Precipitation (Hundreths of an Inch)                                                            
 DAY  1  2  3  4  5  6  7  8  9 10 11 12 13 14 15 16 17 18 19 20 21 22 23 24 25 26 27 28 29 30 31  MONTH
-------------------------------------------------------------------------------------------------       
JAN   4  4  4  4  4  4  4  4  4  4  4  4  4  4  4  5  5  5  5  5  5  5  5  5  5  5  5  6  6  6  6    144
FEB   6  6  6  6  6  6  6  6  6  7  7  7  7  7  6  6  6  6  6  6  6  6  6  6  6  6  5  5             171
MAR   5  5  5  5  4  4  4  4  4  4  4  4  4  4  4  4  4  4  3  3  3  3  4  4  4  4  4  4  4  4  4    124
APR   4  4  4  4  5  5  5  5  5  5  5  5  6  6  6  6  6  6  6  7  7  7  7  7  7  8  8  8  8  8       180
MAY   9  9  9  9  9 10 10 10 10 10 11 11 11 11 11 11 12 12 12 12 12 12 13 13 13 13 13 13 14 14 14    353
JUN  14 14 14 14 15 15 15 15 15 15 15 15 14 14 14 14 14 14 14 13 13 13 12 12 12 11 11 11 10 10       402
JUL  10  9  9  8  8  8  7  7  7  6  6  6  6  6  6  5  5  5  5  5  5  5  5  5  6  6  6  6  6  6  7    197
AUG   7  7  7  8  8  8  8  8  9  9  9  9  9 10 10 10 10 10 11 11 11 11 11 11 11 12 12 12 12 12 12    305
SEP  12 12 12 13 13 13 13 13 13 13 13 13 13 13 13 13 13 13 13 14 14 14 14 14 14 14 14 14 14 14       398
OCT  14 14 14 14 14 14 13 13 13 13 13 13 13 13 13 12 12 12 12 12 11 11 11 11 10 10 10 10  9  9  9    372
NOV   8  8  8  7  7  7  6  6  6  6  6  5  5  5  5  5  4  4  4  4  4  4  4  4  3  3  3  3  3  3       150
DEC   3  3  3  3  3  3  3  3  3  3  3  3  3  3  3  3  3  4  4  4  4  4  4  4  4  4  4  4  4  4  4    107
                                                                                                        
