-------------------------------------------------------------------------------------------------       
 1971-2000 Daily/Monthly Station Normals                                                                
 Provided by National Climatic Data Center/NESDIS/NOAA                                                  
-------------------------------------------------------------------------------------------------       
 Station COOP ID:                           412218                                                      
 Station Name, State, Division, Call:       DACUS                              TX 04                    
 Latitude, Longitude, Elevation, Elements:  30 26 00 -095 47 00   240   P                               
-------------------------------------------------------------------------------------------------       
 Total  Precipitation (Hundreths of an Inch)                                                            
 DAY  1  2  3  4  5  6  7  8  9 10 11 12 13 14 15 16 17 18 19 20 21 22 23 24 25 26 27 28 29 30 31  MONTH
-------------------------------------------------------------------------------------------------       
JAN  13 13 13 13 13 14 14 14 14 14 14 14 14 14 14 14 14 14 14 14 14 14 13 13 13 13 13 13 13 12 12    418
FEB  12 12 12 12 11 11 11 11 11 11 11 11 10 10 10 10 10 10 10 10 10 10 10 10 10 10 10 10             296
MAR  10 10 10 10 10 10 10 10 11 11 11 11 11 11 11 11 11 11 11 11 11 11 11 11 11 11 11 11 11 11 11    333
APR  11 11 11 11 11 11 12 12 12 12 12 12 12 12 12 12 13 13 13 13 13 13 13 14 14 14 14 14 15 15       377
MAY  15 15 16 16 16 16 16 16 17 17 17 17 17 17 17 17 17 17 17 17 17 17 17 17 17 17 17 17 17 17 17    517
JUN  17 17 17 16 16 16 16 16 16 16 15 15 15 15 15 14 14 14 14 14 13 13 13 12 12 12 12 11 11 11       428
JUL  10 10 10  9  9  9  9  8  8  8  8  8  8  8  7  7  7  7  7  7  7  7  8  8  8  8  8  8  8  8  9    251
AUG   9  9  9  9 10 10 10 10 11 11 11 11 11 11 12 12 12 12 12 12 12 13 13 13 13 13 13 13 13 14 14    358
SEP  14 14 14 14 14 14 14 14 14 14 14 14 14 15 15 15 15 14 14 14 14 14 14 14 14 14 14 14 14 14       424
OCT  14 14 14 14 13 13 13 13 13 13 13 13 13 13 13 13 13 14 14 14 14 14 14 14 14 14 14 15 15 15 15    425
NOV  15 15 15 16 16 16 16 16 16 16 16 16 16 16 16 16 16 16 16 16 16 16 15 15 15 15 15 15 14 14       467
DEC  14 14 13 13 13 13 13 13 12 12 12 12 12 12 12 12 12 12 12 12 12 12 12 12 12 12 12 12 12 13 13    384
                                                                                                        
