-------------------------------------------------------------------------------------------------       
 1971-2000 Daily/Monthly Station Normals                                                                
 Provided by National Climatic Data Center/NESDIS/NOAA                                                  
-------------------------------------------------------------------------------------------------       
 Station COOP ID:                           412142                                                      
 Station Name, State, Division, Call:       CROWELL                            TX 02                    
 Latitude, Longitude, Elevation, Elements:  33 59 32 -099 43 35  1455   P                               
-------------------------------------------------------------------------------------------------       
 Total  Precipitation (Hundreths of an Inch)                                                            
 DAY  1  2  3  4  5  6  7  8  9 10 11 12 13 14 15 16 17 18 19 20 21 22 23 24 25 26 27 28 29 30 31  MONTH
-------------------------------------------------------------------------------------------------       
JAN   3  3  3  3  3  3  3  3  3  3  3  3  3  3  3  3  3  3  3  3  3  3  3  3  3  3  3  3  4  4  4     96
FEB   4  4  4  5  5  5  5  5  5  5  5  5  5  5  5  5  5  5  5  5  5  5  5  5  5  5  5  5             137
MAR   6  6  5  5  5  5  5  5  5  5  5  5  5  5  5  5  5  5  5  5  5  5  5  5  5  5  5  5  5  5  5    157
APR   5  5  5  5  5  5  5  6  6  6  6  6  6  6  7  7  7  7  7  8  8  8  8  9  9  9 10 10 10 11       212
MAY  11 11 11 12 12 12 13 13 13 13 14 14 14 14 14 14 15 15 15 15 15 15 15 15 15 15 15 15 15 15 15    430
JUN  15 15 15 14 14 14 14 14 14 14 13 13 13 13 13 13 12 12 12 12 11 11 11 10 10 10 10  9  9  9       369
JUL   8  8  7  7  7  7  6  6  6  6  6  5  5  5  5  5  5  5  5  5  5  5  5  5  5  5  5  5  5  5  5    174
AUG   5  6  6  6  6  6  6  7  7  7  7  7  7  7  8  8  8  8  8  8  9  9  9  9  9  9  9 10 10 10 10    241
SEP  10 10 11 11 11 11 11 11 11 11 11 11 11 11 11 11 11 11 11 11 11 11 11 11 11 11 11 10 10 10       325
OCT  10 10 10  9  9  9  9  9  9  9  8  8  8  8  8  8  8  7  7  7  7  7  7  7  7  7  6  6  6  6  6    242
NOV   6  6  6  6  6  6  6  5  5  5  5  5  5  5  5  5  5  5  5  5  5  4  4  4  4  4  4  4  4  4       148
DEC   4  4  4  4  4  4  4  4  4  4  4  3  3  3  3  3  3  3  3  3  3  3  3  3  3  3  3  3  3  3  3    104
                                                                                                        
