-------------------------------------------------------------------------------------------------       
 1971-2000 Daily/Monthly Station Normals                                                                
 Provided by National Climatic Data Center/NESDIS/NOAA                                                  
-------------------------------------------------------------------------------------------------       
 Station COOP ID:                           419268                                                      
 Station Name, State, Division, Call:       UVALDE 3 SW                        TX 06                    
 Latitude, Longitude, Elevation, Elements:  29 11 06 -099 49 57   920 XNP                               
-------------------------------------------------------------------------------------------------       
 Minimum Temperature (deg F [tenths deg F for monthly])                                                 
 DAY  1  2  3  4  5  6  7  8  9 10 11 12 13 14 15 16 17 18 19 20 21 22 23 24 25 26 27 28 29 30 31  MONTH
-------------------------------------------------------------------------------------------------       
JAN  36 36 36 36 36 36 36 36 36 36 36 36 36 36 36 36 36 36 36 36 37 37 37 37 37 37 37 38 38 38 38    365
FEB  38 38 39 39 39 39 39 40 40 40 40 41 41 41 41 42 42 42 42 43 43 43 43 44 44 44 44 45             413
MAR  45 45 46 46 46 46 47 47 47 48 48 48 48 49 49 49 49 50 50 50 50 51 51 51 51 51 52 52 52 52 53    490
APR  53 53 53 53 54 54 54 54 55 55 55 55 56 56 56 56 57 57 57 57 58 58 58 58 59 59 59 60 60 60       563
MAY  60 61 61 61 61 62 62 62 63 63 63 63 64 64 64 64 65 65 65 65 65 66 66 66 66 67 67 67 67 67 68    642
JUN  68 68 68 68 68 69 69 69 69 69 69 69 70 70 70 70 70 70 70 70 70 70 71 71 71 71 71 71 71 71       697
JUL  71 71 71 71 71 71 71 71 71 71 71 71 71 71 71 71 71 71 71 71 71 71 71 71 71 72 72 72 72 72 72    712
AUG  72 72 72 72 72 72 72 71 71 71 71 71 71 71 71 71 71 71 71 71 71 71 71 71 70 70 70 70 70 70 70    710
SEP  70 69 69 69 69 69 69 68 68 68 68 68 67 67 67 67 67 66 66 66 65 65 65 65 64 64 64 63 63 63       666
OCT  62 62 62 62 61 61 61 60 60 60 59 59 58 58 58 57 57 57 56 56 56 55 55 55 54 54 54 53 53 52 52    574
NOV  52 51 51 51 50 50 50 49 49 49 48 48 48 47 47 46 46 46 46 45 45 45 44 44 44 43 43 43 42 42       468
DEC  42 42 41 41 41 40 40 40 40 39 39 39 39 39 38 38 38 38 38 38 37 37 37 37 37 37 37 37 36 36 36    385
                                                                                                        
-------------------------------------------------------------------------------------------------       
 Maximum Temperature (deg F [tenths deg F for monthly])                                                 
 DAY  1  2  3  4  5  6  7  8  9 10 11 12 13 14 15 16 17 18 19 20 21 22 23 24 25 26 27 28 29 30 31  MONTH
-------------------------------------------------------------------------------------------------       
JAN  63 63 63 63 63 63 63 63 63 63 64 64 64 64 64 64 64 64 64 64 64 64 65 65 65 65 65 65 65 65 66    640
FEB  66 66 66 66 66 66 67 67 67 67 67 68 68 68 68 69 69 69 69 70 70 70 71 71 71 72 72 72             685
MAR  72 73 73 73 74 74 74 75 75 75 76 76 76 76 77 77 77 77 77 78 78 78 78 78 79 79 79 79 79 79 80    765
APR  80 80 80 80 80 80 81 81 81 81 81 82 82 82 82 82 83 83 83 83 83 84 84 84 84 85 85 85 85 86       824
MAY  86 86 86 87 87 87 88 88 88 88 88 89 89 89 89 90 90 90 90 90 91 91 91 91 91 91 92 92 92 92 92    894
JUN  92 92 93 93 93 93 93 93 93 94 94 94 94 94 94 94 95 95 95 95 95 95 95 95 96 96 96 96 96 96       943
JUL  96 96 96 96 97 97 97 97 97 97 97 97 97 97 97 97 97 97 98 98 98 98 98 98 98 98 98 98 98 98 98    973
AUG  98 98 98 98 98 98 98 98 98 98 97 97 97 97 97 97 97 97 97 97 97 96 96 96 96 96 96 96 95 95 95    969
SEP  95 95 95 94 94 94 94 94 93 93 93 93 93 92 92 92 92 92 91 91 91 91 90 90 90 90 89 89 89 89       920
OCT  88 88 88 87 87 87 87 86 86 86 85 85 85 84 84 84 83 83 83 82 82 82 81 81 80 80 80 79 79 79 78    835
NOV  78 77 77 77 76 76 75 75 75 74 74 74 73 73 73 72 72 71 71 71 70 70 70 70 69 69 69 68 68 68       725
DEC  68 67 67 67 66 66 66 66 66 65 65 65 65 65 65 64 64 64 64 64 64 64 64 64 63 63 63 63 63 63 63    647
                                                                                                        
-------------------------------------------------------------------------------------------------       
 Average Temperature (deg F [tenths deg F for monthly])                                                 
 DAY  1  2  3  4  5  6  7  8  9 10 11 12 13 14 15 16 17 18 19 20 21 22 23 24 25 26 27 28 29 30 31  MONTH
-------------------------------------------------------------------------------------------------       
JAN  50 50 50 50 50 50 50 50 50 50 50 50 50 50 50 50 50 50 50 50 50 50 51 51 51 51 51 51 51 51 52    503
FEB  52 52 52 53 53 53 53 53 53 54 54 54 54 55 55 55 55 56 56 56 56 57 57 57 58 58 58 58             549
MAR  59 59 59 60 60 60 61 61 61 61 62 62 62 63 63 63 63 63 64 64 64 64 65 65 65 65 65 66 66 66 66    628
APR  66 67 67 67 67 67 67 68 68 68 68 68 69 69 69 69 70 70 70 70 71 71 71 71 72 72 72 72 73 73       694
MAY  73 73 74 74 74 75 75 75 75 76 76 76 76 76 77 77 77 77 78 78 78 78 78 79 79 79 79 79 80 80 80    768
JUN  80 80 80 81 81 81 81 81 81 81 82 82 82 82 82 82 82 82 83 83 83 83 83 83 83 83 83 83 83 84       820
JUL  83 84 84 84 84 84 84 84 84 84 84 84 84 84 84 84 84 84 84 84 84 85 85 85 85 85 85 85 85 85 85    843
AUG  85 85 85 85 85 85 85 85 85 85 84 84 84 84 84 84 84 84 84 84 84 84 83 83 83 83 83 83 83 83 82    840
SEP  82 82 82 82 82 81 81 81 81 81 80 80 80 80 80 79 79 79 79 78 78 78 78 77 77 77 77 76 76 76       793
OCT  75 75 75 74 74 74 74 73 73 73 72 72 72 71 71 71 70 70 70 69 69 69 68 68 67 67 67 66 66 66 65    705
NOV  65 64 64 64 63 63 63 62 62 62 61 61 60 60 60 59 59 59 58 58 58 57 57 57 57 56 56 56 55 55       597
DEC  55 54 54 54 54 53 53 53 53 52 52 52 52 52 51 51 51 51 51 51 51 50 50 50 50 50 50 50 50 50 50    516
                                                                                                        
-------------------------------------------------------------------------------------------------       
 Heating Degree Days                                                                                    
 DAY  1  2  3  4  5  6  7  8  9 10 11 12 13 14 15 16 17 18 19 20 21 22 23 24 25 26 27 28 29 30 31  MONTH
-------------------------------------------------------------------------------------------------       
JAN  15 16 16 16 16 16 16 16 16 16 16 16 15 15 15 15 15 15 15 15 15 15 15 15 14 14 14 14 14 14 13    468
FEB  13 13 13 13 13 12 12 12 12 12 11 11 11 11 11 10 10 10 10 10  9  9  9  9  8  8  8  8             298
MAR   7  7  7  7  6  6  6  6  5  5  5  5  5  4  4  4  4  4  4  3  3  3  3  3  3  3  3  2  2  2  2    133
APR   2  2  2  2  2  1  1  1  1  1  1  1  1  1  1  1  1  1  1  1  1  1  0  0  0  0  0  0  0  0        27
MAY -99-99-99  0  0  0  0  0  0  0  0  0  0  0  0  0  0  0  0  0  0  0  0  0  0  0  0  0  0  0  0      3
JUN   0  0  0  0  0  0  0  0  0  0  0  0  0  0  0  0  0  0  0  0  0  0  0  0  0  0  0  0  0  0         0
JUL   0  0  0  0  0  0  0  0  0  0  0  0  0  0  0  0  0  0  0  0  0  0  0  0  0  0  0  0  0  0  0      0
AUG   0  0  0  0  0  0  0  0  0  0  0  0  0  0  0  0  0  0  0  0  0  0  0  0  0  0  0  0  0  0  0      0
SEP   0  0  0  0  0  0  0  0  0  0  0  0  0  0  0  0  0  0  0  0  0  0  0  0  0  0  0  0  0  0         0
OCT   0  0  0  0  0  0  0  0  0  0  0  0  0  0  0  0  0  1  1  1  1  1  1  2  2  2  2  2  2  3  3     24
NOV   3  3  4  4  4  4  5  5  5  5  6  6  6  6  7  7  7  7  8  8  8  8  9  9  9  9 10 10 10 11       203
DEC  11 11 11 12 12 12 12 12 13 13 13 13 13 14 14 14 14 14 14 15 15 15 15 15 15 15 15 15 15 15 16    423
                                                                                                        
-------------------------------------------------------------------------------------------------       
 Cooling Degree Days                                                                                    
 DAY  1  2  3  4  5  6  7  8  9 10 11 12 13 14 15 16 17 18 19 20 21 22 23 24 25 26 27 28 29 30 31  MONTH
-------------------------------------------------------------------------------------------------       
JAN   0  0  0  0  0  0  0  0  0  0  0  0  0  0  0  0  0  0  0  0  0  0  0  0  0  0-99-99-99-99-99      5
FEB   0  0  0  0  0  0  0  0  0  0  0  0  0  1  1  1  1  1  1  1  1  1  1  1  1  1  1  1              15
MAR   1  1  1  1  1  1  1  2  2  2  2  2  2  2  2  2  2  2  2  2  2  2  2  3  3  3  3  3  3  3  3     63
APR   3  3  3  3  4  4  4  4  4  4  4  4  5  5  5  5  5  5  6  6  6  6  7  7  7  7  7  8  8  8       157
MAY   8  9  9  9  9 10 10 10 10 11 11 11 11 12 12 12 12 12 13 13 13 13 14 14 14 14 14 14 15 15 15    369
JUN  15 15 15 16 16 16 16 16 16 16 17 17 17 17 17 17 17 17 18 18 18 18 18 18 18 18 18 18 18 19       510
JUL  19 19 19 19 19 19 19 19 19 19 19 19 19 19 19 19 19 19 19 19 19 19 19 20 20 20 20 20 20 20 20    597
AUG  20 20 20 20 20 20 20 19 19 19 19 19 19 19 19 19 19 19 19 19 19 19 18 18 18 18 18 18 18 18 17    586
SEP  17 17 17 17 17 16 16 16 16 16 16 15 15 15 15 14 14 14 14 13 13 13 13 12 12 12 11 11 11 10       428
OCT  10 10 10  9  9  9  8  8  8  7  7  7  7  6  6  6  6  6  5  5  5  5  4  4  4  4  4  4  3  3  3    192
NOV   3  3  3  2  2  2  2  2  2  2  2  2  1  1  1  1  1  1  1  1  1  1  1  1  1  1  1  0  0  0        42
DEC -99-99-99-99-99-99-99-99  0  0  0  0  0  0  0  0  0  0  0  0  0  0  0  0  0  0  0  0  0  0  0      8
                                                                                                        
-------------------------------------------------------------------------------------------------       
 Total  Precipitation (Hundreths of an Inch)                                                            
 DAY  1  2  3  4  5  6  7  8  9 10 11 12 13 14 15 16 17 18 19 20 21 22 23 24 25 26 27 28 29 30 31  MONTH
-------------------------------------------------------------------------------------------------       
JAN   4  4  4  4  4  3  3  3  3  3  3  3  3  3  3  3  3  3  3  4  4  4  4  4  4  4  4  4  4  4  4    110
FEB   4  4  4  4  4  4  4  4  4  4  4  4  4  4  4  4  4  4  5  5  5  5  5  5  5  5  5  5             122
MAR   5  5  5  5  5  5  5  5  5  5  5  5  5  5  5  5  6  6  6  6  6  6  6  6  6  6  6  6  5  5  5    167
APR   5  5  5  5  5  5  5  5  5  5  5  6  6  6  6  6  6  6  6  6  6  6  6  6  6  6  6  6  7  7       171
MAY   7  7  7  7  7  7  7  7  7  8  8  8  8  8  8  8  8  9  9  9  9  9  9  9 10 10 10 10 10 10 10    260
JUN  11 11 11 11 11 11 11 11 11 11 11 11 11 11 11 11 11 11 10 10 10 10 10 10  9  9  9  8  8  8       309
JUL   7  7  7  6  6  6  6  5  5  5  5  4  4  4  4  4  4  3  3  3  3  3  3  3  3  3  3  3  3  3  3    131
AUG   3  3  3  3  3  3  3  3  3  4  4  4  4  4  4  4  4  4  4  5  5  5  5  5  5  5  6  6  6  6  6    132
SEP   6  7  7  7  7  7  7  8  8  8  8  8  8  8  9  9  9  9  9  9  9  9  9  9  9 10 10 10 10 10       253
OCT  10 10 10 10 10 10 10 10 10 10 10 10 10  9  9  9  9  9  9  9  9  9  9  8  8  8  8  8  8  7  7    282
NOV   7  7  7  6  6  6  6  6  6  6  5  5  5  5  5  5  5  5  5  4  4  4  4  4  4  4  4  4  4  4       152
DEC   4  4  4  4  4  4  4  4  4  4  4  4  4  4  4  4  4  4  4  4  4  4  4  4  4  4  4  3  3  3  3    120
                                                                                                        
