-------------------------------------------------------------------------------------------------       
 1971-2000 Daily/Monthly Station Normals                                                                
 Provided by National Climatic Data Center/NESDIS/NOAA                                                  
-------------------------------------------------------------------------------------------------       
 Station COOP ID:                           414974                                                      
 Station Name, State, Division, Call:       LAKE COLORADO CITY                 TX 02                    
 Latitude, Longitude, Elevation, Elements:  32 20 00 -100 55 00  2100 XNP                               
-------------------------------------------------------------------------------------------------       
 Minimum Temperature (deg F [tenths deg F for monthly])                                                 
 DAY  1  2  3  4  5  6  7  8  9 10 11 12 13 14 15 16 17 18 19 20 21 22 23 24 25 26 27 28 29 30 31  MONTH
-------------------------------------------------------------------------------------------------       
JAN  29 29 29 29 29 29 29 29 29 29 29 29 29 29 29 29 29 29 29 29 29 29 29 30 30 30 30 30 30 30 31    293
FEB  31 31 31 32 32 32 32 32 33 33 33 33 34 34 34 34 35 35 35 35 36 36 36 37 37 37 37 38             341
MAR  38 38 39 39 39 39 40 40 40 41 41 41 41 42 42 42 42 43 43 43 44 44 44 44 44 45 45 45 45 46 46    421
APR  46 46 47 47 47 47 48 48 48 48 49 49 49 50 50 50 50 51 51 51 52 52 53 53 53 54 54 54 55 55       502
MAY  55 56 56 56 57 57 58 58 58 59 59 59 60 60 60 61 61 61 61 62 62 62 63 63 63 63 64 64 64 65 65    604
JUN  65 65 66 66 66 66 66 67 67 67 67 67 68 68 68 68 68 68 69 69 69 69 69 69 69 70 70 70 70 70       679
JUL  70 70 70 70 71 71 71 71 71 71 71 71 71 71 71 71 71 71 71 71 71 71 71 71 72 72 72 72 72 72 72    711
AUG  72 72 72 71 71 71 71 71 71 71 71 71 71 71 71 71 70 70 70 70 70 70 69 69 69 69 69 68 68 68 68    702
SEP  67 67 67 67 66 66 66 66 65 65 65 65 64 64 64 63 63 63 62 62 62 61 61 61 60 60 60 59 59 59       633
OCT  58 58 58 57 57 56 56 56 55 55 55 54 54 53 53 53 52 52 51 51 51 50 50 50 49 49 48 48 48 47 47    526
NOV  46 46 45 45 45 44 44 44 43 43 42 42 42 41 41 41 40 40 39 39 39 38 38 38 37 37 37 36 36 36       408
DEC  35 35 35 34 34 34 33 33 33 33 32 32 32 32 32 31 31 31 31 31 30 30 30 30 30 30 30 29 29 29 29    316
                                                                                                        
-------------------------------------------------------------------------------------------------       
 Maximum Temperature (deg F [tenths deg F for monthly])                                                 
 DAY  1  2  3  4  5  6  7  8  9 10 11 12 13 14 15 16 17 18 19 20 21 22 23 24 25 26 27 28 29 30 31  MONTH
-------------------------------------------------------------------------------------------------       
JAN  54 54 54 54 54 54 54 54 54 54 54 54 54 54 55 55 55 55 55 55 55 55 55 56 56 56 56 56 57 57 57    549
FEB  57 57 58 58 58 58 58 59 59 59 59 60 60 60 60 61 61 61 62 62 62 62 63 63 63 63 64 64             604
MAR  64 65 65 65 65 66 66 66 66 67 67 67 68 68 68 68 69 69 69 70 70 70 70 71 71 71 71 72 72 72 72    684
APR  73 73 73 74 74 74 74 75 75 75 75 76 76 76 76 77 77 77 77 78 78 78 78 79 79 79 79 80 80 80       765
MAY  81 81 81 81 82 82 82 82 82 83 83 83 83 84 84 84 84 85 85 85 85 86 86 86 86 86 87 87 87 87 87    841
JUN  88 88 88 88 88 89 89 89 89 89 89 90 90 90 90 90 90 91 91 91 91 91 91 91 92 92 92 92 92 92       901
JUL  92 92 92 93 93 93 93 93 93 93 93 93 93 93 93 93 93 93 93 94 94 94 94 94 94 94 94 94 94 94 94    933
AUG  94 94 94 94 94 93 93 93 93 93 93 93 93 93 93 92 92 92 92 92 92 92 91 91 91 91 90 90 90 90 90    922
SEP  89 89 89 89 88 88 88 88 87 87 87 87 86 86 86 85 85 85 85 84 84 84 84 83 83 83 83 82 82 82       856
OCT  82 81 81 81 81 80 80 80 80 79 79 79 78 78 78 77 77 77 76 76 75 75 75 74 74 73 73 73 72 72 71    770
NOV  71 71 70 70 69 69 68 68 68 67 67 66 66 66 65 65 64 64 64 63 63 63 62 62 62 61 61 61 60 60       652
DEC  60 59 59 59 59 58 58 58 58 57 57 57 57 56 56 56 56 56 56 55 55 55 55 55 55 55 55 54 54 54 54    564
                                                                                                        
-------------------------------------------------------------------------------------------------       
 Average Temperature (deg F [tenths deg F for monthly])                                                 
 DAY  1  2  3  4  5  6  7  8  9 10 11 12 13 14 15 16 17 18 19 20 21 22 23 24 25 26 27 28 29 30 31  MONTH
-------------------------------------------------------------------------------------------------       
JAN  42 42 42 42 41 41 41 41 41 41 41 42 42 42 42 42 42 42 42 42 42 42 42 43 43 43 43 43 43 44 44    421
FEB  44 44 44 45 45 45 45 46 46 46 46 47 47 47 47 48 48 48 48 49 49 49 49 50 50 50 51 51             473
MAR  51 51 52 52 52 53 53 53 53 54 54 54 55 55 55 55 56 56 56 56 57 57 57 57 58 58 58 59 59 59 59    553
APR  59 60 60 60 60 61 61 61 62 62 62 62 63 63 63 63 64 64 64 65 65 65 66 66 66 66 67 67 67 68       634
MAY  68 68 69 69 69 70 70 70 70 71 71 71 72 72 72 72 73 73 73 73 74 74 74 75 75 75 75 75 76 76 76    723
JUN  76 77 77 77 77 77 78 78 78 78 78 79 79 79 79 79 79 80 80 80 80 80 80 80 80 81 81 81 81 81       790
JUL  81 81 81 81 82 82 82 82 82 82 82 82 82 82 82 82 82 82 82 82 82 83 83 83 83 83 83 83 83 83 83    822
AUG  83 83 83 83 82 82 82 82 82 82 82 82 82 82 82 81 81 81 81 81 81 81 80 80 80 80 80 79 79 79 79    812
SEP  78 78 78 78 77 77 77 77 76 76 76 76 75 75 75 74 74 74 74 73 73 73 72 72 72 72 71 71 71 70       745
OCT  70 70 69 69 69 68 68 68 67 67 67 66 66 66 65 65 65 64 64 63 63 63 62 62 62 61 61 60 60 60 59    648
NOV  59 58 58 57 57 57 56 56 55 55 55 54 54 53 53 53 52 52 52 51 51 51 50 50 49 49 49 48 48 48       530
DEC  47 47 47 47 46 46 46 45 45 45 45 45 44 44 44 44 43 43 43 43 43 43 43 42 42 42 42 42 42 42 42    440
                                                                                                        
-------------------------------------------------------------------------------------------------       
 Heating Degree Days                                                                                    
 DAY  1  2  3  4  5  6  7  8  9 10 11 12 13 14 15 16 17 18 19 20 21 22 23 24 25 26 27 28 29 30 31  MONTH
-------------------------------------------------------------------------------------------------       
JAN  23 23 23 23 24 24 24 24 24 24 24 23 23 23 23 23 23 23 23 23 23 23 23 22 22 22 22 22 22 21 21    710
FEB  21 21 21 20 20 20 20 19 19 19 19 19 18 18 18 18 17 17 17 16 16 16 16 15 15 15 14 14             498
MAR  14 14 13 13 13 12 12 12 12 11 11 11 11 10 10 10 10  9  9  9  9  8  8  8  8  8  7  7  7  7  6    309
APR   6  6  6  6  6  5  5  5  5  5  4  4  4  4  4  4  4  3  3  3  3  3  3  3  2  2  2  2  2  2       116
MAY   2  2  2  2  2  1  1  1  1  1  1  1  1  1  1  1  1  1  1  1  0  0  0  0  0  0  0  0  0  0  0     25
JUN -99  0  0  0  0  0  0  0  0  0  0  0  0  0  0  0  0  0  0  0  0  0  0  0  0  0  0  0  0  0         1
JUL   0  0  0  0  0  0  0  0  0  0  0  0  0  0  0  0  0  0  0  0  0  0  0  0  0  0  0  0  0  0  0      0
AUG   0  0  0  0  0  0  0  0  0  0  0  0  0  0  0  0  0  0  0  0  0  0  0  0  0  0  0  0  0  0  0      0
SEP   0  0  0  0  0  0  0  0  0  0  0  0  0  0  0  0  0  0  0  0  0  0-99-99-99-99-99-99-99-99         8
OCT   0  0  0  1  1  1  1  1  1  1  1  1  1  2  2  2  2  2  3  3  3  3  4  4  4  5  5  5  6  6  7     78
NOV   7  7  8  8  9  9  9 10 10 10 11 11 12 12 12 13 13 13 14 14 14 15 15 15 16 16 16 17 17 17       370
DEC  18 18 18 18 19 19 19 20 20 20 20 21 21 21 21 21 21 22 22 22 22 22 22 23 23 23 23 23 23 23 23    651
                                                                                                        
-------------------------------------------------------------------------------------------------       
 Cooling Degree Days                                                                                    
 DAY  1  2  3  4  5  6  7  8  9 10 11 12 13 14 15 16 17 18 19 20 21 22 23 24 25 26 27 28 29 30 31  MONTH
-------------------------------------------------------------------------------------------------       
JAN   0  0  0  0  0  0  0  0  0  0  0  0  0  0  0  0  0  0  0  0  0  0  0  0  0  0  0  0  0  0  0      0
FEB   0  0  0  0  0  0  0  0  0  0  0  0-99-99  0  0  0  0  0  0  0  0  0  0  0  0  0  0               2
MAR   0  0  0  0  0  0  0  0  0  0  0  0  0  0  0  0  0  0  0  0  0  0  0  0  1  1  1  1  1  1  1      7
APR   1  1  1  1  1  1  1  1  1  1  1  2  2  2  2  2  2  2  2  3  3  3  3  3  3  4  4  4  4  5        66
MAY   5  5  5  5  6  6  6  6  7  7  7  7  7  8  8  8  8  9  9  9  9  9 10 10 10 10 10 11 11 11 11    250
JUN  11 12 12 12 12 12 13 13 13 13 13 14 14 14 14 14 14 14 15 15 15 15 15 15 15 16 16 16 16 16       419
JUL  16 16 16 16 17 17 17 17 17 17 17 17 17 17 17 17 17 17 17 17 17 17 18 18 18 18 18 18 18 18 18    532
AUG  18 18 18 18 17 17 17 17 17 17 17 17 17 17 17 16 16 16 16 16 16 16 15 15 15 15 15 14 14 14 14    502
SEP  13 13 13 13 13 12 12 12 12 11 11 11 10 10 10 10  9  9  9  9  8  8  8  7  7  7  7  6  6  6       292
OCT   5  5  5  4  4  4  4  3  3  3  3  3  2  2  2  2  2  2  1  1  1  1  1  1  1  1  1  1  1  1  1     71
NOV   1  1  1  1  1  1  1  1  1  1  0  0  0  0  0  0  0  0  0  0  0  0  0  0  0  0  0  0  0  0        10
DEC   0  0  0  0  0  0  0  0  0  0  0  0  0  0  0  0  0  0  0  0  0  0  0  0  0  0  0  0  0  0  0      0
                                                                                                        
-------------------------------------------------------------------------------------------------       
 Total  Precipitation (Hundreths of an Inch)                                                            
 DAY  1  2  3  4  5  6  7  8  9 10 11 12 13 14 15 16 17 18 19 20 21 22 23 24 25 26 27 28 29 30 31  MONTH
-------------------------------------------------------------------------------------------------       
JAN   3  3  3  3  2  2  2  2  2  2  2  2  2  2  2  2  2  2  2  2  2  2  2  2  2  2  2  2  2  3  3     68
FEB   2  2  2  3  3  3  3  3  3  3  3  3  3  3  3  3  3  3  3  3  3  3  3  3  2  2  2  2              77
MAR   3  2  2  2  2  2  2  2  2  2  2  2  2  2  2  2  2  2  2  2  2  2  2  2  2  2  2  3  3  3  3     67
APR   3  3  3  3  3  3  3  3  4  4  4  4  4  4  4  5  5  5  5  5  5  5  6  6  6  6  6  7  7  7       138
MAY   7  7  8  8  8  8  8  8  9  9  9  9  9  9  9  9  9 10 10 10 10 10 10 10 10 10 10 10 10 10 10    283
JUN  10 10 10 10 10 10 10 10 10  9  9  9  9  9  9  9  9  9  9  9  8  8  8  8  8  8  8  8  7  7       267
JUL   7  7  7  7  7  6  6  6  6  6  6  5  5  5  5  5  5  5  4  4  4  4  4  4  3  3  3  3  3  3  2    150
AUG   2  2  2  2  2  2  2  2  2  2  2  2  2  2  2  2  3  3  3  3  4  4  4  5  5  6  6  6  7  7  8    106
SEP   9  9 10 10 11 11 11 12 12 12 12 13 13 13 13 13 13 13 13 13 13 13 13 13 13 13 13 12 12 12       363
OCT  11 11 11 10 10 10  9  9  9  9  8  8  8  8  7  7  7  7  6  6  6  6  6  5  5  5  5  5  5  4  4    227
NOV   4  4  4  4  3  3  3  3  3  3  3  3  3  3  3  3  3  3  3  3  3  3  3  3  3  3  3  3  3  3        94
DEC   3  3  3  3  3  3  3  3  3  3  3  4  4  3  3  3  3  3  3  3  3  3  3  3  3  3  3  3  3  3  3     95
                                                                                                        
