-------------------------------------------------------------------------------------------------       
 1971-2000 Daily/Monthly Station Normals                                                                
 Provided by National Climatic Data Center/NESDIS/NOAA                                                  
-------------------------------------------------------------------------------------------------       
 Station COOP ID:                           416210                                                      
 Station Name, State, Division, Call:       NAVARRO MILLS DAM                  TX 03                    
 Latitude, Longitude, Elevation, Elements:  31 57 00 -096 42 00   454 XNP                               
-------------------------------------------------------------------------------------------------       
 Minimum Temperature (deg F [tenths deg F for monthly])                                                 
 DAY  1  2  3  4  5  6  7  8  9 10 11 12 13 14 15 16 17 18 19 20 21 22 23 24 25 26 27 28 29 30 31  MONTH
-------------------------------------------------------------------------------------------------       
JAN  32 32 31 31 31 31 31 31 31 31 31 31 31 31 31 31 32 32 32 32 32 32 32 32 32 32 33 33 33 33 33    317
FEB  33 33 34 34 34 34 34 35 35 35 35 36 36 36 36 36 37 37 37 38 38 38 38 39 39 39 40 40             363
MAR  40 41 41 41 41 42 42 42 43 43 43 43 44 44 44 44 45 45 45 45 46 46 46 46 47 47 47 47 47 48 48    443
APR  48 48 49 49 49 49 49 50 50 50 50 51 51 51 51 52 52 52 52 53 53 53 54 54 54 55 55 55 56 56       517
MAY  56 57 57 57 58 58 58 59 59 59 59 60 60 60 61 61 61 61 62 62 62 63 63 63 63 64 64 64 64 65 65    608
JUN  65 65 66 66 66 66 66 67 67 67 67 67 68 68 68 68 68 68 68 69 69 69 69 69 69 69 70 70 70 70       678
JUL  70 70 70 70 70 71 71 71 71 71 71 71 71 71 71 71 71 71 71 71 71 71 71 71 71 71 72 72 72 72 72    710
AUG  72 72 72 71 71 71 71 71 71 71 71 71 71 71 71 71 71 70 70 70 70 70 70 69 69 69 69 69 68 68 68    703
SEP  68 68 67 67 67 67 66 66 66 65 65 65 65 64 64 64 63 63 63 62 62 62 61 61 60 60 60 59 59 59       636
OCT  58 58 57 57 57 56 56 55 55 55 54 54 54 53 53 53 52 52 52 51 51 50 50 50 50 49 49 49 48 48 48    527
NOV  47 47 47 46 46 46 46 45 45 45 44 44 44 43 43 43 42 42 42 41 41 41 40 40 40 39 39 39 39 38       428
DEC  38 37 37 37 37 36 36 36 35 35 35 35 34 34 34 34 34 33 33 33 33 33 32 32 32 32 32 32 32 32 32    341
                                                                                                        
-------------------------------------------------------------------------------------------------       
 Maximum Temperature (deg F [tenths deg F for monthly])                                                 
 DAY  1  2  3  4  5  6  7  8  9 10 11 12 13 14 15 16 17 18 19 20 21 22 23 24 25 26 27 28 29 30 31  MONTH
-------------------------------------------------------------------------------------------------       
JAN  57 56 56 56 56 56 56 56 56 56 56 56 56 56 56 56 56 56 56 57 57 57 57 57 57 57 58 58 58 58 59    566
FEB  59 59 59 59 60 60 60 60 61 61 61 61 62 62 62 62 63 63 63 64 64 64 64 65 65 65 65 66             621
MAR  66 66 67 67 67 67 68 68 68 68 69 69 69 69 70 70 70 70 71 71 71 72 72 72 72 72 73 73 73 73 74    699
APR  74 74 74 75 75 75 75 76 76 76 76 77 77 77 77 78 78 78 78 78 79 79 79 79 80 80 80 80 81 81       774
MAY  81 81 82 82 82 82 82 83 83 83 83 84 84 84 84 85 85 85 85 86 86 86 86 87 87 87 87 87 88 88 88    846
JUN  88 89 89 89 89 90 90 90 90 91 91 91 91 91 92 92 92 92 93 93 93 93 93 94 94 94 94 94 94 95       917
JUL  95 95 95 95 95 96 96 96 96 96 96 96 96 97 97 97 97 97 97 97 97 97 97 97 97 98 98 98 98 98 98    966
AUG  98 98 98 98 98 98 98 98 98 98 98 98 97 97 97 97 97 97 97 97 97 96 96 96 96 96 95 95 95 95 95    969
SEP  94 94 94 94 94 93 93 93 92 92 92 92 91 91 91 91 90 90 90 90 89 89 89 88 88 88 88 87 87 87       907
OCT  86 86 86 86 85 85 85 84 84 83 83 83 82 82 82 81 81 80 80 80 79 79 78 78 77 77 77 76 76 75 75    810
NOV  74 74 73 73 72 72 71 71 71 70 70 69 69 68 68 68 67 67 67 66 66 65 65 65 64 64 64 64 63 63       681
DEC  63 62 62 62 61 61 61 61 60 60 60 60 60 59 59 59 59 59 58 58 58 58 58 58 57 57 57 57 57 57 57    592
                                                                                                        
-------------------------------------------------------------------------------------------------       
 Average Temperature (deg F [tenths deg F for monthly])                                                 
 DAY  1  2  3  4  5  6  7  8  9 10 11 12 13 14 15 16 17 18 19 20 21 22 23 24 25 26 27 28 29 30 31  MONTH
-------------------------------------------------------------------------------------------------       
JAN  44 44 44 44 44 44 44 44 44 43 43 44 44 44 44 44 44 44 44 44 44 44 44 44 45 45 45 45 45 45 46    442
FEB  46 46 46 47 47 47 47 48 48 48 48 49 49 49 49 49 50 50 50 51 51 51 51 52 52 52 52 53             492
MAR  53 53 54 54 54 55 55 55 55 56 56 56 56 57 57 57 57 58 58 58 58 59 59 59 59 60 60 60 60 61 61    571
APR  61 61 62 62 62 62 62 63 63 63 63 64 64 64 64 65 65 65 65 66 66 66 67 67 67 67 68 68 68 68       646
MAY  69 69 69 69 70 70 70 71 71 71 71 72 72 72 72 73 73 73 74 74 74 74 75 75 75 75 76 76 76 76 77    727
JUN  77 77 77 78 78 78 78 78 79 79 79 79 79 80 80 80 80 80 81 81 81 81 81 81 82 82 82 82 82 82       798
JUL  82 83 83 83 83 83 83 83 83 83 84 84 84 84 84 84 84 84 84 84 84 84 84 84 84 84 85 85 85 85 85    838
AUG  85 85 85 85 85 85 85 84 84 84 84 84 84 84 84 84 84 84 84 83 83 83 83 83 83 82 82 82 82 82 81    836
SEP  81 81 81 80 80 80 80 79 79 79 79 78 78 78 78 77 77 77 76 76 76 75 75 75 74 74 74 73 73 73       772
OCT  72 72 72 71 71 71 70 70 70 69 69 68 68 68 67 67 67 66 66 65 65 65 64 64 64 63 63 62 62 62 61    669
NOV  61 60 60 60 59 59 58 58 58 57 57 57 56 56 56 55 55 55 54 54 53 53 53 52 52 52 52 51 51 51       555
DEC  50 50 50 49 49 49 49 48 48 48 48 47 47 47 47 46 46 46 46 46 46 45 45 45 45 45 45 44 44 44 44    467
                                                                                                        
-------------------------------------------------------------------------------------------------       
 Heating Degree Days                                                                                    
 DAY  1  2  3  4  5  6  7  8  9 10 11 12 13 14 15 16 17 18 19 20 21 22 23 24 25 26 27 28 29 30 31  MONTH
-------------------------------------------------------------------------------------------------       
JAN  21 21 21 21 21 21 21 21 21 22 22 21 21 21 21 21 21 21 21 21 21 21 21 21 21 20 20 20 20 20 20    647
FEB  19 19 19 19 18 18 18 18 18 17 17 17 17 16 16 16 16 15 15 15 15 14 14 14 13 13 13 13             452
MAR  12 12 12 11 11 11 11 10 10 10  9  9  9  9  9  8  8  8  8  7  7  7  7  6  6  6  6  6  6  5  5    261
APR   5  5  5  4  4  4  4  4  4  4  3  3  3  3  3  3  3  2  2  2  2  2  2  2  2  2  2  1  1  1        87
MAY   1  1  1  1  1  1  1  1  1  1  0  0  0  0  0  0  0  0  0  0  0  0  0  0  0  0  0  0  0  0  0     10
JUN   0  0  0  0  0  0  0  0  0  0  0  0  0  0  0  0  0  0  0  0  0  0  0  0  0  0  0  0  0  0         0
JUL   0  0  0  0  0  0  0  0  0  0  0  0  0  0  0  0  0  0  0  0  0  0  0  0  0  0  0  0  0  0  0      0
AUG   0  0  0  0  0  0  0  0  0  0  0  0  0  0  0  0  0  0  0  0  0  0  0  0  0  0  0  0  0  0  0      0
SEP   0  0  0  0  0  0  0  0  0  0  0  0  0-99-99-99  0  0  0  0  0  0  0  0  0  0  0  0  0  0         3
OCT   0  0  0  0  0  0  0  0  0  1  1  1  1  1  1  1  2  2  2  2  2  3  3  3  3  4  4  4  4  5  5     55
NOV   5  6  6  7  7  7  8  8  8  9  9  9  9 10 10 10 11 11 11 12 12 12 13 13 13 14 14 14 14 15       307
DEC  15 15 16 16 16 16 17 17 17 17 18 18 18 18 19 19 19 19 19 19 20 20 20 20 20 20 20 21 21 21 21    572
                                                                                                        
-------------------------------------------------------------------------------------------------       
 Cooling Degree Days                                                                                    
 DAY  1  2  3  4  5  6  7  8  9 10 11 12 13 14 15 16 17 18 19 20 21 22 23 24 25 26 27 28 29 30 31  MONTH
-------------------------------------------------------------------------------------------------       
JAN   0  0  0  0  0  0  0  0  0  0  0  0  0  0  0  0  0  0  0  0  0  0  0  0  0  0  0  0  0  0-99      1
FEB   0  0  0  0  0  0  0  0  0  0  0  0  0  0  0  0  0-99-99-99-99-99-99-99-99-99  0  0               9
MAR   0  0  0  0  0  0  0  0  0  0  0  0  0  0  1  1  1  1  1  1  1  1  1  1  1  1  1  1  1  1  1     17
APR   1  1  1  1  1  1  1  2  2  2  2  2  2  2  2  2  2  3  3  3  3  3  3  4  4  4  4  4  4  5        74
MAY   5  5  5  5  6  6  6  6  6  7  7  7  7  7  8  8  8  8  9  9  9  9 10 10 10 10 10 11 11 11 11    247
JUN  12 12 12 12 13 13 13 13 14 14 14 14 14 15 15 15 15 15 16 16 16 16 16 16 17 17 17 17 17 17       443
JUL  17 18 18 18 18 18 18 18 18 18 19 19 19 19 19 19 19 19 19 19 19 19 19 19 19 20 20 20 20 20 20    584
AUG  20 20 20 20 20 20 20 19 19 19 19 19 19 19 19 19 19 19 19 18 18 18 18 18 18 17 17 17 17 17 16    577
SEP  16 16 16 16 15 15 15 15 14 14 14 13 13 13 13 12 12 12 11 11 11 10 10 10  9  9  9  8  8  8       368
OCT   7  7  7  6  6  6  5  5  5  5  4  4  4  4  3  3  3  3  3  3  2  2  2  2  2  2  2  2  1  1  1    112
NOV   1  1  1  1  1  1  1  1  1  1  1  1  1  1  1  1  1  1  1  1  0  0  0  0  0  0  0  0  0  0        20
DEC -99-99  0  0  0  0  0  0  0  0  0  0  0  0  0  0  0  0  0  0  0  0  0  0  0  0  0  0  0  0  0      2
                                                                                                        
-------------------------------------------------------------------------------------------------       
 Total  Precipitation (Hundreths of an Inch)                                                            
 DAY  1  2  3  4  5  6  7  8  9 10 11 12 13 14 15 16 17 18 19 20 21 22 23 24 25 26 27 28 29 30 31  MONTH
-------------------------------------------------------------------------------------------------       
JAN   8  8  8  8  8  7  7  7  7  7  7  7  7  7  7  6  6  6  6  7  7  7  7  7  7  7  7  7  8  8  8    221
FEB   8  8  9  9  9  9  9  9 10 10 10 10 10 10 10 10 10 10 10 11 11 11 11 11 11 11 11 11             279
MAR  11 11 11 11 11 11 11 11 11 10 10 10 10 10 10 10 10 10 10 10 10 10 10 10 10 10 10 10 10 10 10    319
APR  10 10 10 10 10 10 10 10 10 10 10 10 10 10 10 10 11 11 11 11 11 12 12 12 12 13 13 13 14 14       330
MAY  14 15 15 15 16 16 16 16 16 17 17 17 17 17 17 17 17 17 17 17 17 17 17 17 17 17 17 17 17 16 16    511
JUN  16 16 16 15 15 15 15 14 14 14 14 13 13 13 13 12 12 12 12 11 11 11 10 10 10 10  9  9  9  8       372
JUL   8  8  7  7  7  7  6  6  6  6  6  6  5  5  5  5  5  5  5  5  5  5  5  5  5  5  5  5  6  6  6    178
AUG   6  6  6  6  7  7  7  7  7  7  7  8  8  8  8  8  8  8  8  8  8  8  8  8  8  8  9  9  9  9  9    238
SEP   8  8  9  9  9  9  9  9  9  9  9  9  9  9  9 10 10 10 10 10 11 11 11 11 11 12 12 12 13 13       300
OCT  13 14 14 14 14 15 15 15 15 15 15 15 15 15 15 15 15 15 15 15 15 15 15 15 15 15 14 14 14 14 13    453
NOV  13 13 12 12 12 12 11 11 11 11 11 10 10 10 10 10 10 10 10 10 10 10 10 10 10 10 10 10 10 10       319
DEC  10 10 11 11 11 11 11 11 11 11 11 11 11 11 11 11 11 11 11 11 10 10 10 10 10 10  9  9  9  9  9    323
                                                                                                        
