-------------------------------------------------------------------------------------------------       
 1971-2000 Daily/Monthly Station Normals                                                                
 Provided by National Climatic Data Center/NESDIS/NOAA                                                  
-------------------------------------------------------------------------------------------------       
 Station COOP ID:                           413420                                                      
 Station Name, State, Division, Call:       GAINESVILLE 5 ENE                  TX 03                    
 Latitude, Longitude, Elevation, Elements:  33 38 46 -097 03 34   870 XNP                               
-------------------------------------------------------------------------------------------------       
 Minimum Temperature (deg F [tenths deg F for monthly])                                                 
 DAY  1  2  3  4  5  6  7  8  9 10 11 12 13 14 15 16 17 18 19 20 21 22 23 24 25 26 27 28 29 30 31  MONTH
-------------------------------------------------------------------------------------------------       
JAN  30 30 30 30 30 30 30 29 29 29 29 29 29 29 29 30 30 30 30 30 30 30 30 30 31 31 31 31 31 32 32    300
FEB  32 32 32 33 33 33 33 34 34 34 34 34 35 35 35 35 36 36 36 36 36 37 37 37 37 38 38 38             350
MAR  38 38 39 39 39 39 39 40 40 40 40 41 41 41 41 42 42 42 42 43 43 43 43 44 44 44 45 45 45 45 46    417
APR  46 46 47 47 47 48 48 48 48 49 49 49 50 50 50 51 51 51 51 52 52 52 53 53 53 54 54 54 54 55       504
MAY  55 55 56 56 56 57 57 57 57 58 58 58 59 59 59 60 60 60 60 61 61 61 62 62 62 62 63 63 63 64 64    595
JUN  64 65 65 65 65 66 66 66 66 67 67 67 67 68 68 68 68 69 69 69 69 69 69 70 70 70 70 70 71 71       678
JUL  71 71 71 71 71 71 72 72 72 72 72 72 72 72 72 73 73 73 73 73 73 73 73 73 73 73 73 73 73 73 73    723
AUG  73 73 73 73 73 73 73 73 73 73 73 73 73 72 72 72 72 72 72 72 71 71 71 71 71 70 70 70 70 69 69    718
SEP  69 69 68 68 68 68 67 67 67 67 66 66 66 65 65 65 64 64 64 63 63 63 62 62 62 61 61 61 60 60       647
OCT  60 59 59 59 58 58 57 57 57 56 56 56 55 55 54 54 54 53 53 52 52 52 51 51 50 50 49 49 49 48 48    539
NOV  47 47 47 46 46 45 45 44 44 44 43 43 42 42 42 41 41 41 40 40 40 39 39 39 38 38 38 37 37 37       417
DEC  37 36 36 36 35 35 35 35 34 34 34 34 33 33 33 33 33 32 32 32 32 32 31 31 31 31 31 31 31 30 30    330
                                                                                                        
-------------------------------------------------------------------------------------------------       
 Maximum Temperature (deg F [tenths deg F for monthly])                                                 
 DAY  1  2  3  4  5  6  7  8  9 10 11 12 13 14 15 16 17 18 19 20 21 22 23 24 25 26 27 28 29 30 31  MONTH
-------------------------------------------------------------------------------------------------       
JAN  51 51 51 51 51 51 50 50 50 50 50 50 51 51 51 51 51 51 51 51 51 51 52 52 52 52 53 53 53 53 54    513
FEB  54 54 55 55 55 55 56 56 56 57 57 57 58 58 58 58 59 59 59 59 60 60 60 61 61 61 61 62             579
MAR  62 62 62 63 63 63 64 64 64 64 65 65 65 65 66 66 66 67 67 67 67 68 68 68 68 69 69 69 70 70 70    660
APR  70 71 71 71 71 72 72 72 73 73 73 73 74 74 74 74 74 75 75 75 75 76 76 76 76 76 77 77 77 77       740
MAY  77 78 78 78 78 78 79 79 79 79 79 80 80 80 80 80 81 81 81 81 82 82 82 82 82 83 83 83 83 84 84    805
JUN  84 84 85 85 85 85 86 86 86 86 87 87 87 87 88 88 88 88 89 89 89 89 90 90 90 90 90 91 91 91       877
JUL  91 92 92 92 92 93 93 93 93 93 93 94 94 94 94 94 94 95 95 95 95 95 95 95 95 95 95 95 96 96 96    940
AUG  96 96 96 96 96 96 96 96 96 95 95 95 95 95 95 95 95 94 94 94 94 94 94 93 93 93 92 92 92 92 91    944
SEP  91 91 90 90 90 89 89 89 88 88 88 87 87 87 87 86 86 86 85 85 85 85 84 84 84 83 83 83 83 82       865
OCT  82 82 81 81 81 80 80 80 80 79 79 78 78 78 77 77 77 76 76 75 75 74 74 73 73 73 72 72 71 71 70    766
NOV  70 69 68 68 67 67 67 66 66 65 65 64 64 63 63 63 62 62 61 61 61 60 60 60 59 59 59 58 58 58       631
DEC  57 57 57 57 56 56 56 56 55 55 55 55 54 54 54 54 53 53 53 53 53 53 52 52 52 52 52 52 51 51 51    539
                                                                                                        
-------------------------------------------------------------------------------------------------       
 Average Temperature (deg F [tenths deg F for monthly])                                                 
 DAY  1  2  3  4  5  6  7  8  9 10 11 12 13 14 15 16 17 18 19 20 21 22 23 24 25 26 27 28 29 30 31  MONTH
-------------------------------------------------------------------------------------------------       
JAN  41 41 40 40 40 40 40 40 40 40 40 40 40 40 40 40 40 40 40 41 41 41 41 41 41 42 42 42 42 43 43    407
FEB  43 43 44 44 44 44 45 45 45 45 46 46 46 46 47 47 47 47 48 48 48 48 49 49 49 49 50 50             465
MAR  50 50 51 51 51 51 52 52 52 52 53 53 53 53 54 54 54 54 55 55 55 55 56 56 56 56 57 57 57 58 58    539
APR  58 59 59 59 59 60 60 60 61 61 61 61 62 62 62 62 63 63 63 63 64 64 64 64 65 65 65 65 66 66       622
MAY  66 66 67 67 67 67 68 68 68 68 69 69 69 69 70 70 70 71 71 71 71 72 72 72 72 73 73 73 73 74 74    700
JUN  74 74 75 75 75 76 76 76 76 77 77 77 77 78 78 78 78 78 79 79 79 79 80 80 80 80 80 81 81 81       778
JUL  81 81 82 82 82 82 82 82 83 83 83 83 83 83 83 84 84 84 84 84 84 84 84 84 84 84 84 84 84 84 84    832
AUG  84 85 85 84 84 84 84 84 84 84 84 84 84 84 84 84 83 83 83 83 83 83 82 82 82 82 81 81 81 81 80    831
SEP  80 80 79 79 79 79 78 78 78 77 77 77 76 76 76 75 75 75 75 74 74 74 73 73 73 72 72 72 71 71       756
OCT  71 71 70 70 70 69 69 69 68 68 67 67 67 66 66 65 65 65 64 64 63 63 63 62 62 61 61 60 60 59 59    653
NOV  58 58 58 57 57 56 56 55 55 54 54 54 53 53 52 52 52 51 51 50 50 50 49 49 49 48 48 48 48 47       524
DEC  47 47 46 46 46 46 45 45 45 45 44 44 44 44 44 43 43 43 43 43 42 42 42 42 42 41 41 41 41 41 41    435
                                                                                                        
-------------------------------------------------------------------------------------------------       
 Heating Degree Days                                                                                    
 DAY  1  2  3  4  5  6  7  8  9 10 11 12 13 14 15 16 17 18 19 20 21 22 23 24 25 26 27 28 29 30 31  MONTH
-------------------------------------------------------------------------------------------------       
JAN  24 25 25 25 25 25 25 25 25 25 25 25 25 25 25 25 25 25 25 24 24 24 24 24 24 24 23 23 23 23 22    756
FEB  22 22 22 22 21 21 21 20 20 20 20 19 19 19 19 18 18 18 18 17 17 17 17 16 16 16 16 15             526
MAR  15 15 15 14 14 14 14 13 13 13 13 12 12 12 12 11 11 11 10 10 10 10  9  9  9  9  8  8  8  8  7    349
APR   7  7  7  7  6  6  6  6  5  5  5  5  5  4  4  4  4  4  4  3  3  3  3  3  3  3  2  2  2  2       130
MAY   2  2  2  2  2  2  2  1  1  1  1  1  1  1  1  1  1  1  1  1  1  1  0  0  0  0  0  0  0  0  0     29
JUN   0  0  0  0  0  0  0  0  0  0  0  0  0  0  0  0  0  0  0  0  0  0  0  0  0  0  0  0  0  0         0
JUL   0  0  0  0  0  0  0  0  0  0  0  0  0  0  0  0  0  0  0  0  0  0  0  0  0  0  0  0  0  0  0      0
AUG   0  0  0  0  0  0  0  0  0  0  0  0  0  0  0  0  0  0  0  0  0  0  0  0  0  0  0  0  0  0  0      0
SEP   0  0  0  0  0  0  0  0  0  0  0  0  0  0  0-99-99-99-99-99-99-99-99-99-99-99  0  0  0  0        11
OCT   0  0  0  0  0  1  1  1  1  1  1  1  1  2  2  2  2  2  3  3  3  4  4  4  5  5  5  6  6  6  7     79
NOV   7  8  8  9  9  9 10 10 11 11 11 12 12 13 13 13 14 14 14 15 15 15 16 16 16 17 17 17 17 18       387
DEC  18 18 19 19 19 20 20 20 20 20 21 21 21 21 22 22 22 22 22 23 23 23 23 23 23 24 24 24 24 24 24    669
                                                                                                        
-------------------------------------------------------------------------------------------------       
 Cooling Degree Days                                                                                    
 DAY  1  2  3  4  5  6  7  8  9 10 11 12 13 14 15 16 17 18 19 20 21 22 23 24 25 26 27 28 29 30 31  MONTH
-------------------------------------------------------------------------------------------------       
JAN   0  0  0  0  0  0  0  0  0  0  0  0  0  0  0  0  0  0  0  0  0  0  0  0  0  0  0  0  0  0  0      0
FEB   0  0  0  0  0  0  0  0  0  0  0  0  0  0  0  0  0  0  0  0  0  0  0  0  0  0  0  0               0
MAR   0  0  0  0  0  0  0  0  0  0  0  0  0  0  0  0  0  0  0  0  0  0  0  0  0  0  0  0-99-99-99      3
APR   0  0  1  1  1  1  1  1  1  1  1  1  1  1  1  1  1  2  2  2  2  2  2  2  2  3  3  3  3  3        46
MAY   3  3  4  4  4  4  4  4  5  5  5  5  5  5  6  6  6  6  6  7  7  7  7  7  8  8  8  8  9  9  9    184
JUN   9 10 10 10 10 11 11 11 11 12 12 12 12 12 13 13 13 13 14 14 14 14 14 15 15 15 15 16 16 16       383
JUL  16 16 17 17 17 17 17 17 17 18 18 18 18 18 18 18 19 19 19 19 19 19 19 19 19 19 19 19 19 19 19    562
AUG  19 19 19 19 19 19 19 19 19 19 19 19 19 19 19 19 18 18 18 18 18 18 17 17 17 17 17 16 16 16 16    561
SEP  15 15 15 14 14 14 14 13 13 13 12 12 12 11 11 11 11 10 10 10  9  9  9  8  8  8  7  7  7  6       328
OCT   6  6  6  5  5  5  4  4  4  4  3  3  3  3  3  2  2  2  2  2  2  1  1  1  1  1  1  1  1  1  1     86
NOV   1  1  1  1  1  1  1  1  0  0  0  0  0  0  0  0  0  0  0  0  0  0  0  0  0  0  0  0  0  0         8
DEC   0  0  0  0  0  0  0  0  0  0  0  0  0  0  0  0  0  0  0  0  0  0  0  0  0  0  0  0  0  0  0      0
                                                                                                        
-------------------------------------------------------------------------------------------------       
 Total  Precipitation (Hundreths of an Inch)                                                            
 DAY  1  2  3  4  5  6  7  8  9 10 11 12 13 14 15 16 17 18 19 20 21 22 23 24 25 26 27 28 29 30 31  MONTH
-------------------------------------------------------------------------------------------------       
JAN   8  8  7  7  7  7  7  6  6  6  6  6  6  6  6  6  6  5  5  5  5  5  5  5  6  6  6  6  6  6  6    188
FEB   6  6  6  7  7  7  7  7  7  7  8  8  8  8  8  8  8  8  9  9  9  9  9  9  9  9 10 10             223
MAR  10 10 10 10 10 10 10 10 11 11 11 11 11 11 11 11 11 11 11 11 11 11 11 11 11 11 11 11 11 10 10    331
APR  10 10 10 10 10 10 10 10 11 11 11 11 11 11 11 12 12 12 12 13 13 13 14 14 14 15 15 16 16 16       364
MAY  17 17 18 18 19 19 19 19 20 20 20 20 21 21 21 21 21 21 21 21 21 20 20 20 20 20 19 19 19 18 18    608
JUN  18 17 17 17 16 16 15 15 15 14 14 14 14 13 13 13 12 12 12 12 11 11 11 11 11 10 10 10 10 10       394
JUL  10 10  9  9  9  9  9  9  8  8  8  8  8  8  8  7  7  7  7  7  7  6  6  6  6  6  5  5  5  5  5    227
AUG   5  4  4  4  4  4  4  4  4  4  4  4  4  4  4  4  5  5  5  5  6  6  6  7  7  7  8  8  9  9 10    168
SEP  10 11 11 12 12 12 13 13 14 14 14 14 15 15 15 15 15 15 16 16 16 16 16 16 15 15 15 15 15 15       426
OCT  15 14 14 14 14 14 13 13 13 13 13 13 12 12 12 12 12 12 11 11 11 11 11 11 11 11 11 11 10 10 10    375
NOV  10 10 10 10 10 10 10 10 10 10 10 10 10 10 10 10 10 10 10 10 10 10 10 10 10 10 10 11 11 11       303
DEC  11 11 11 11 11 11 11 11 11 11 11 11 11 11 11 11 11 11 10 10 10 10 10 10  9  9  9  9  9  8  8    319
                                                                                                        
