-------------------------------------------------------------------------------------------------       
 1971-2000 Daily/Monthly Station Normals                                                                
 Provided by National Climatic Data Center/NESDIS/NOAA                                                  
-------------------------------------------------------------------------------------------------       
 Station COOP ID:                           416781                                                      
 Station Name, State, Division, Call:       PANDALE 11 NE                      TX 06                    
 Latitude, Longitude, Elevation, Elements:  30 16 04 -101 27 12  1665 XNP                               
-------------------------------------------------------------------------------------------------       
 Minimum Temperature (deg F [tenths deg F for monthly])                                                 
 DAY  1  2  3  4  5  6  7  8  9 10 11 12 13 14 15 16 17 18 19 20 21 22 23 24 25 26 27 28 29 30 31  MONTH
-------------------------------------------------------------------------------------------------       
JAN  32 31 31 31 31 31 31 31 31 31 31 31 31 31 31 31 31 31 31 31 32 32 32 32 32 32 32 32 33 33 33    315
FEB  33 33 33 34 34 34 34 34 35 35 35 35 36 36 36 36 37 37 37 37 38 38 38 39 39 39 39 40             361
MAR  40 40 41 41 41 42 42 42 42 43 43 43 44 44 44 45 45 45 45 46 46 46 46 47 47 47 47 48 48 48 48    444
APR  49 49 49 49 50 50 50 51 51 51 51 52 52 52 53 53 53 53 54 54 54 55 55 55 56 56 56 57 57 57       528
MAY  58 58 58 59 59 59 60 60 60 61 61 61 62 62 62 62 63 63 63 64 64 64 65 65 65 65 66 66 66 66 67    624
JUN  67 67 67 68 68 68 68 68 69 69 69 69 69 70 70 70 70 70 70 71 71 71 71 71 71 71 71 71 71 72       696
JUL  72 72 72 72 72 72 72 72 72 72 72 72 72 72 72 72 72 72 72 72 72 72 72 72 72 73 73 73 73 73 73    722
AUG  73 73 72 72 72 72 72 72 72 72 72 72 72 72 72 72 71 71 71 71 71 71 71 71 70 70 70 70 70 69 69    713
SEP  69 69 69 68 68 68 68 67 67 67 67 66 66 66 66 65 65 65 64 64 64 64 63 63 63 62 62 62 61 61       653
OCT  61 60 60 60 59 59 59 58 58 57 57 57 56 56 56 55 55 54 54 54 53 53 52 52 51 51 50 50 50 49 49    550
NOV  48 48 47 47 46 46 46 45 45 44 44 43 43 43 42 42 42 41 41 41 40 40 40 39 39 39 38 38 38 37       424
DEC  37 37 37 36 36 36 36 35 35 35 35 34 34 34 34 34 33 33 33 33 33 33 32 32 32 32 32 32 32 32 32    339
                                                                                                        
-------------------------------------------------------------------------------------------------       
 Maximum Temperature (deg F [tenths deg F for monthly])                                                 
 DAY  1  2  3  4  5  6  7  8  9 10 11 12 13 14 15 16 17 18 19 20 21 22 23 24 25 26 27 28 29 30 31  MONTH
-------------------------------------------------------------------------------------------------       
JAN  59 59 59 59 59 59 59 59 59 59 59 59 59 59 59 59 59 59 59 59 60 60 60 60 60 60 61 61 61 61 61    595
FEB  62 62 62 62 63 63 63 63 63 64 64 64 64 65 65 65 65 66 66 66 67 67 67 67 68 68 68 68             649
MAR  69 69 69 70 70 70 70 71 71 71 71 72 72 72 72 73 73 73 74 74 74 74 75 75 75 75 76 76 76 76 77    727
APR  77 77 77 77 78 78 78 78 79 79 79 79 80 80 80 80 81 81 81 81 81 82 82 82 82 83 83 83 84 84       802
MAY  84 84 85 85 85 85 85 86 86 86 86 87 87 87 87 87 87 88 88 88 88 88 88 89 89 89 89 89 89 89 90    871
JUN  90 90 90 90 90 90 90 90 90 91 91 91 91 91 91 91 91 91 91 92 92 92 92 92 92 92 92 92 92 93       911
JUL  93 93 93 93 93 93 93 93 93 93 93 93 94 94 94 94 94 94 94 94 94 94 94 94 94 94 94 94 94 94 94    936
AUG  94 94 94 94 94 94 94 94 94 94 94 94 94 94 94 93 93 93 93 93 93 93 93 92 92 92 92 92 92 92 91    932
SEP  91 91 91 91 90 90 90 90 89 89 89 89 89 88 88 88 88 87 87 87 87 86 86 86 86 85 85 85 85 84       879
OCT  84 84 83 83 83 82 82 82 82 81 81 81 80 80 80 79 79 78 78 78 77 77 77 76 76 75 75 75 74 74 73    790
NOV  73 73 72 72 71 71 71 70 70 70 69 69 68 68 68 67 67 67 66 66 66 66 65 65 65 64 64 64 64 63       678
DEC  63 63 62 62 62 62 62 61 61 61 61 61 60 60 60 60 60 60 60 59 59 59 59 59 59 59 59 59 59 59 59    603
                                                                                                        
-------------------------------------------------------------------------------------------------       
 Average Temperature (deg F [tenths deg F for monthly])                                                 
 DAY  1  2  3  4  5  6  7  8  9 10 11 12 13 14 15 16 17 18 19 20 21 22 23 24 25 26 27 28 29 30 31  MONTH
-------------------------------------------------------------------------------------------------       
JAN  45 45 45 45 45 45 45 45 45 45 45 45 45 45 45 45 45 45 45 45 46 46 46 46 46 46 46 47 47 47 47    455
FEB  47 48 48 48 48 48 49 49 49 49 50 50 50 50 50 51 51 51 52 52 52 52 53 53 53 53 54 54             505
MAR  54 55 55 55 56 56 56 56 57 57 57 58 58 58 58 59 59 59 59 60 60 60 61 61 61 61 62 62 62 62 63    586
APR  63 63 63 63 64 64 64 64 65 65 65 65 66 66 66 67 67 67 67 68 68 68 69 69 69 69 70 70 70 71       665
MAY  71 71 72 72 72 72 73 73 73 73 74 74 74 74 75 75 75 75 76 76 76 76 77 77 77 77 77 78 78 78 78    748
JUN  78 78 79 79 79 79 79 79 80 80 80 80 80 80 80 81 81 81 81 81 81 81 81 82 82 82 82 82 82 82       804
JUL  82 82 82 83 83 83 83 83 83 83 83 83 83 83 83 83 83 83 83 83 83 83 83 83 83 83 83 83 83 83 83    829
AUG  83 83 83 83 83 83 83 83 83 83 83 83 83 83 83 83 82 82 82 82 82 82 82 82 81 81 81 81 81 81 80    823
SEP  80 80 80 79 79 79 79 79 78 78 78 78 77 77 77 77 76 76 76 75 75 75 75 74 74 74 74 73 73 73       766
OCT  72 72 72 71 71 71 70 70 70 69 69 69 68 68 68 67 67 66 66 66 65 65 64 64 64 63 63 62 62 62 61    670
NOV  61 60 60 59 59 59 58 58 57 57 57 56 56 55 55 55 54 54 54 53 53 53 52 52 52 51 51 51 51 50       551
DEC  50 50 50 49 49 49 49 48 48 48 48 48 47 47 47 47 47 46 46 46 46 46 46 46 46 46 45 45 45 45 45    471
                                                                                                        
-------------------------------------------------------------------------------------------------       
 Heating Degree Days                                                                                    
 DAY  1  2  3  4  5  6  7  8  9 10 11 12 13 14 15 16 17 18 19 20 21 22 23 24 25 26 27 28 29 30 31  MONTH
-------------------------------------------------------------------------------------------------       
JAN  20 20 20 20 20 20 20 20 20 20 20 20 20 20 20 20 20 20 20 20 19 19 19 19 19 19 19 18 18 18 18    605
FEB  18 17 17 17 17 17 16 16 16 16 16 15 15 15 15 14 14 14 14 13 13 13 12 12 12 12 11 11             408
MAR  11 10 10 10 10  9  9  9  9  8  8  8  8  7  7  7  7  6  6  6  6  6  5  5  5  5  5  4  4  4  4    218
APR   4  4  4  3  3  3  3  3  3  3  3  2  2  2  2  2  2  2  2  2  2  2  2  1  1  1  1  1  1  1        67
MAY   1  1  1  1  1  1  1  1  1  1  1  1  1  1  1  0  0  0  0  0  0  0  0  0  0  0  0  0  0  0  0     15
JUN   0  0  0  0  0  0  0  0  0  0  0  0  0  0  0  0  0  0  0  0  0  0  0  0  0  0  0  0  0  0         0
JUL   0  0  0  0  0  0  0  0  0  0  0  0  0  0  0  0  0  0  0  0  0  0  0  0  0  0  0  0  0  0  0      0
AUG   0  0  0  0  0  0  0  0  0  0  0  0  0  0  0  0  0  0  0  0  0  0  0  0  0  0  0  0  0  0  0      0
SEP   0  0  0  0  0  0  0  0  0-99-99-99  0  0  0  0  0  0  0  0  0  0  0  0  0  0  0  0  0  0         3
OCT   0  0  0  0  0  0  0  0  0  0  0  1  1  1  1  1  1  2  2  2  2  2  3  3  3  4  4  4  5  5  5     52
NOV   6  6  6  7  7  7  8  8  8  9  9  9 10 10 10 11 11 11 12 12 12 13 13 13 13 14 14 14 14 15       312
DEC  15 15 16 16 16 16 16 17 17 17 17 17 18 18 18 18 18 18 19 19 19 19 19 19 19 19 20 20 20 20 20    555
                                                                                                        
-------------------------------------------------------------------------------------------------       
 Cooling Degree Days                                                                                    
 DAY  1  2  3  4  5  6  7  8  9 10 11 12 13 14 15 16 17 18 19 20 21 22 23 24 25 26 27 28 29 30 31  MONTH
-------------------------------------------------------------------------------------------------       
JAN   0  0  0  0  0  0  0  0  0  0  0  0  0  0  0  0  0  0  0  0  0  0  0  0  0  0  0  0  0  0  0      0
FEB   0  0  0  0  0  0  0  0  0  0  0  0  0  0  0  0  0  0  0  0  0  0  0  0  0  0-99-99               2
MAR   0  0  0  0  0  0  0  0  0  0  0  0  0  0  0  1  1  1  1  1  1  1  1  1  1  1  1  1  1  2  2     18
APR   2  2  2  2  2  2  2  2  3  3  3  3  3  3  3  4  4  4  4  4  5  5  5  5  5  6  6  6  6  7       113
MAY   7  7  7  8  8  8  8  9  9  9  9 10 10 10 10 10 11 11 11 11 11 12 12 12 12 12 12 13 13 13 13    318
JUN  13 13 14 14 14 14 14 14 15 15 15 15 15 15 15 16 16 16 16 16 16 16 16 16 17 17 17 17 17 17       461
JUL  17 17 17 18 18 18 18 18 18 18 18 18 18 18 18 18 18 18 18 18 18 18 18 18 18 18 18 18 19 18 18    556
AUG  18 18 18 18 18 18 18 18 18 18 18 18 18 18 18 18 17 17 17 17 17 17 17 17 16 16 16 16 16 16 15    535
SEP  15 15 15 15 14 14 14 14 13 13 13 13 13 12 12 12 11 11 11 11 10 10 10 10  9  9  9  8  8  8       352
OCT   7  7  7  6  6  6  5  5  5  5  4  4  4  4  4  3  3  3  3  3  2  2  2  2  2  2  2  2  1  1  1    113
NOV   1  1  1  1  1  1  1  1  1  1  1  1  1  1  1  0  0  0  0  0  0  0  0  0  0  0  0  0  0  0        15
DEC   0  0  0  0  0  0  0  0  0  0  0  0  0  0  0  0  0  0  0  0  0  0  0  0  0  0  0  0  0  0  0      0
                                                                                                        
-------------------------------------------------------------------------------------------------       
 Total  Precipitation (Hundreths of an Inch)                                                            
 DAY  1  2  3  4  5  6  7  8  9 10 11 12 13 14 15 16 17 18 19 20 21 22 23 24 25 26 27 28 29 30 31  MONTH
-------------------------------------------------------------------------------------------------       
JAN   2  2  2  2  2  2  2  2  2  2  2  2  2  2  2  2  2  2  2  2  2  2  2  2  3  3  3  3  3  3  3     69
FEB   2  3  3  3  3  3  3  3  3  3  3  3  3  3  3  3  3  3  3  3  3  3  3  3  3  3  3  3              83
MAR   3  3  3  3  3  3  3  3  3  3  3  3  3  3  3  3  3  3  2  2  2  2  2  2  2  2  2  2  2  3  3     82
APR   3  3  3  3  3  3  3  3  3  3  3  3  3  3  3  3  3  4  4  4  4  4  4  4  4  5  5  5  5  5       108
MAY   5  6  6  6  6  6  6  7  7  7  7  7  7  7  7  7  7  8  8  8  8  8  8  8  8  8  8  8  8  8  8    223
JUN   8  8  8  7  7  7  7  7  7  7  7  7  7  7  7  7  7  7  7  7  7  7  7  7  7  7  6  6  6  6       209
JUL   6  6  6  6  6  6  6  6  6  6  6  6  6  6  6  6  6  6  6  6  6  6  6  5  5  5  5  5  5  5  5    178
AUG   5  5  5  5  5  5  5  5  5  5  5  5  5  5  5  6  6  6  6  6  6  6  6  6  6  7  7  7  7  7  7    177
SEP   7  8  8  8  8  8  8  8  8  9  9  9  9  9  9  9  9  8  8  8  8  8  8  8  8  8  7  7  7  7       243
OCT   7  6  6  6  6  5  5  5  5  5  5  4  4  4  4  4  4  4  4  4  4  4  4  3  3  3  3  3  3  3  4    134
NOV   3  3  4  4  4  4  4  4  4  4  4  4  4  4  4  4  4  3  3  3  3  3  3  3  3  3  3  3  3  3       105
DEC   3  2  2  2  2  2  2  2  2  2  2  2  2  2  2  2  2  2  2  2  2  2  1  1  1  2  2  2  2  2  2     60
                                                                                                        
