-------------------------------------------------------------------------------------------------       
 1971-2000 Daily/Monthly Station Normals                                                                
 Provided by National Climatic Data Center/NESDIS/NOAA                                                  
-------------------------------------------------------------------------------------------------       
 Station COOP ID:                           412585                                                      
 Station Name, State, Division, Call:       DRIPPING SPRINGS 6 E               TX 07                    
 Latitude, Longitude, Elevation, Elements:  30 13 00 -097 59 00  1120 XNP                               
-------------------------------------------------------------------------------------------------       
 Minimum Temperature (deg F [tenths deg F for monthly])                                                 
 DAY  1  2  3  4  5  6  7  8  9 10 11 12 13 14 15 16 17 18 19 20 21 22 23 24 25 26 27 28 29 30 31  MONTH
-------------------------------------------------------------------------------------------------       
JAN  37 37 37 37 37 37 37 37 37 37 37 37 37 37 37 37 37 37 37 37 37 37 38 38 38 38 38 38 38 38 38    373
FEB  38 38 39 39 39 39 39 39 40 40 40 40 40 40 41 41 41 41 42 42 42 42 43 43 43 43 44 44             408
MAR  44 44 45 45 45 46 46 46 46 47 47 47 47 48 48 48 48 48 49 49 49 49 50 50 50 50 50 51 51 51 51    479
APR  52 52 52 52 52 53 53 53 53 53 54 54 54 54 55 55 55 55 56 56 56 56 57 57 57 58 58 58 58 59       549
MAY  59 59 60 60 60 60 61 61 61 61 62 62 62 63 63 63 63 64 64 64 64 64 65 65 65 65 66 66 66 66 66    629
JUN  67 67 67 67 67 67 68 68 68 68 68 68 69 69 69 69 69 69 69 69 69 70 70 70 70 70 70 70 70 70       687
JUL  70 70 71 71 71 71 71 71 71 71 71 71 71 71 71 71 71 71 71 71 71 71 71 71 71 71 71 71 71 72 72    710
AUG  72 72 72 71 71 71 71 71 71 71 71 71 71 71 71 71 71 71 71 71 70 70 70 70 70 70 70 69 69 69 69    706
SEP  69 68 68 68 68 68 67 67 67 67 67 66 66 66 66 65 65 65 65 64 64 64 64 63 63 63 63 62 62 62       654
OCT  61 61 61 61 60 60 60 59 59 59 59 58 58 58 57 57 57 56 56 56 55 55 55 54 54 53 53 53 52 52 52    568
NOV  51 51 51 50 50 49 49 49 48 48 48 47 47 47 47 46 46 46 45 45 45 44 44 44 44 43 43 43 43 42       465
DEC  42 42 42 41 41 41 41 40 40 40 40 40 40 39 39 39 39 39 39 38 38 38 38 38 38 38 38 38 38 37 37    393
                                                                                                        
-------------------------------------------------------------------------------------------------       
 Maximum Temperature (deg F [tenths deg F for monthly])                                                 
 DAY  1  2  3  4  5  6  7  8  9 10 11 12 13 14 15 16 17 18 19 20 21 22 23 24 25 26 27 28 29 30 31  MONTH
-------------------------------------------------------------------------------------------------       
JAN  60 60 60 60 60 60 60 60 60 60 60 60 60 60 60 60 60 61 61 61 61 61 61 61 61 61 62 62 62 62 62    606
FEB  62 63 63 63 63 63 63 64 64 64 64 65 65 65 65 65 66 66 66 67 67 67 67 68 68 68 69 69             653
MAR  69 70 70 70 70 71 71 71 72 72 72 72 73 73 73 74 74 74 74 75 75 75 75 75 76 76 76 76 77 77 77    734
APR  77 77 78 78 78 78 78 79 79 79 79 79 80 80 80 80 80 80 81 81 81 81 81 81 82 82 82 82 82 82       799
MAY  83 83 83 83 83 83 84 84 84 84 84 84 85 85 85 85 85 85 86 86 86 86 86 87 87 87 87 87 88 88 88    852
JUN  88 89 89 89 89 89 90 90 90 90 90 90 91 91 91 91 91 91 92 92 92 92 92 92 92 92 93 93 93 93       909
JUL  93 93 93 93 94 94 94 94 94 94 94 94 94 94 95 95 95 95 95 95 95 95 95 95 95 96 96 96 96 96 96    946
AUG  96 96 96 96 96 96 96 97 96 96 96 96 96 96 96 96 96 96 96 96 96 96 95 95 95 95 95 94 94 94 94    956
SEP  93 93 93 93 92 92 92 92 92 91 91 91 91 90 90 90 89 89 89 89 88 88 88 88 87 87 87 87 86 86       898
OCT  86 86 85 85 85 84 84 84 84 83 83 83 82 82 82 81 81 80 80 80 79 79 79 78 78 77 77 77 76 76 75    810
NOV  75 74 74 74 73 73 72 72 72 71 71 71 70 70 70 69 69 69 68 68 68 67 67 67 66 66 66 66 65 65       696
DEC  65 65 64 64 64 64 63 63 63 63 63 63 62 62 62 62 62 62 61 61 61 61 61 61 61 61 61 60 60 60 60    621
                                                                                                        
-------------------------------------------------------------------------------------------------       
 Average Temperature (deg F [tenths deg F for monthly])                                                 
 DAY  1  2  3  4  5  6  7  8  9 10 11 12 13 14 15 16 17 18 19 20 21 22 23 24 25 26 27 28 29 30 31  MONTH
-------------------------------------------------------------------------------------------------       
JAN  49 49 49 49 49 49 48 48 48 48 48 49 49 49 49 49 49 49 49 49 49 49 49 49 49 49 50 50 50 50 50    490
FEB  50 51 51 51 51 51 51 52 52 52 52 52 53 53 53 53 54 54 54 54 54 55 55 55 56 56 56 56             531
MAR  57 57 57 58 58 58 58 59 59 59 60 60 60 60 61 61 61 61 62 62 62 62 62 63 63 63 63 64 64 64 64    607
APR  64 65 65 65 65 65 66 66 66 66 66 67 67 67 67 67 68 68 68 68 69 69 69 69 69 70 70 70 70 71       674
MAY  71 71 71 71 72 72 72 72 73 73 73 73 74 74 74 74 74 75 75 75 75 75 76 76 76 76 76 77 77 77 77    741
JUN  77 78 78 78 78 78 79 79 79 79 79 79 80 80 80 80 80 80 80 81 81 81 81 81 81 81 81 81 82 82       798
JUL  82 82 82 82 82 82 82 82 82 82 82 83 83 83 83 83 83 83 83 83 83 83 83 83 83 83 84 84 84 84 84    828
AUG  84 84 84 84 84 84 84 84 84 84 84 84 84 83 83 83 83 83 83 83 83 83 83 82 82 82 82 82 82 81 81    831
SEP  81 81 81 80 80 80 80 79 79 79 79 78 78 78 78 78 77 77 77 77 76 76 76 76 75 75 75 74 74 74       776
OCT  74 73 73 73 73 72 72 72 71 71 71 70 70 70 69 69 69 68 68 68 67 67 67 66 66 65 65 65 64 64 64    689
NOV  63 63 62 62 62 61 61 60 60 60 59 59 59 58 58 58 57 57 57 57 56 56 56 55 55 55 55 54 54 54       581
DEC  53 53 53 53 53 52 52 52 52 52 51 51 51 51 51 50 50 50 50 50 50 50 50 49 49 49 49 49 49 49 49    507
                                                                                                        
-------------------------------------------------------------------------------------------------       
 Heating Degree Days                                                                                    
 DAY  1  2  3  4  5  6  7  8  9 10 11 12 13 14 15 16 17 18 19 20 21 22 23 24 25 26 27 28 29 30 31  MONTH
-------------------------------------------------------------------------------------------------       
JAN  16 16 17 17 17 17 17 17 17 17 17 17 17 17 17 17 17 16 16 16 16 16 16 16 16 16 16 16 15 15 15    508
FEB  15 15 15 14 14 14 14 14 14 13 13 13 13 13 12 12 12 12 11 11 11 11 10 10 10 10  9  9             344
MAR   9  9  8  8  8  7  7  7  7  7  6  6  6  6  5  5  5  5  5  5  4  4  4  4  4  4  3  3  3  3  3    170
APR   3  3  2  2  2  2  2  2  2  2  2  2  2  1  1  1  1  1  1  1  1  1  1  1  1  1  1  1  1  1        45
MAY   1  1  1  1  1  1  1  0  0  0  0  0  0  0  0  0  0  0  0  0  0  0  0  0  0  0  0  0  0  0  0      7
JUN   0  0  0  0  0  0  0  0  0  0  0  0  0  0  0  0  0  0  0  0  0  0  0  0  0  0  0  0  0  0         0
JUL   0  0  0  0  0  0  0  0  0  0  0  0  0  0  0  0  0  0  0  0  0  0  0  0  0  0  0  0  0  0  0      0
AUG   0  0  0  0  0  0  0  0  0  0  0  0  0  0  0  0  0  0  0  0  0  0  0  0  0  0  0  0  0  0  0      0
SEP   0  0  0  0  0  0  0-99  0  0  0  0  0  0  0  0  0  0  0  0  0  0  0  0  0  0  0  0  0  0         1
OCT   0  0  0  0  0  0  0  0  0  0  0  0  0  0  0  1  1  1  1  1  1  2  2  2  2  2  3  3  3  3  4     32
NOV   4  4  5  5  5  6  6  6  6  7  7  7  7  8  8  8  9  9  9  9 10 10 10 10 11 11 11 11 11 12       242
DEC  12 12 12 13 13 13 13 13 14 14 14 14 14 15 15 15 15 15 15 15 15 16 16 16 16 16 16 16 16 16 16    451
                                                                                                        
-------------------------------------------------------------------------------------------------       
 Cooling Degree Days                                                                                    
 DAY  1  2  3  4  5  6  7  8  9 10 11 12 13 14 15 16 17 18 19 20 21 22 23 24 25 26 27 28 29 30 31  MONTH
-------------------------------------------------------------------------------------------------       
JAN   0  0  0  0  0  0  0  0  0  0  0  0  0  0  0  0  0  0  0  0  0  0  0  0  0  0  0-99-99-99-99      4
FEB   0  0  0  0  0  0  0  0  0  0  0  0  0  0  0  0  0  0-99-99-99-99-99-99-99-99-99-99              10
MAR   0  0  1  1  1  1  1  1  1  1  1  1  1  1  1  1  1  1  1  1  1  1  1  1  1  2  2  2  2  2  2     35
APR   2  2  2  2  3  3  3  3  3  3  3  3  3  4  4  4  4  4  4  4  5  5  5  5  5  5  6  6  6  6       117
MAY   6  7  7  7  7  7  8  8  8  8  8  9  9  9  9  9 10 10 10 10 10 10 11 11 11 11 11 12 12 12 12    289
JUN  12 13 13 13 13 13 14 14 14 14 14 14 15 15 15 15 15 15 15 15 16 16 16 16 16 16 16 16 17 17       443
JUL  17 17 17 17 17 17 17 17 17 17 18 18 18 18 18 18 18 18 18 18 18 18 18 18 18 18 19 19 19 19 19    553
AUG  19 19 19 19 19 19 19 19 19 19 19 19 19 18 18 18 18 18 18 18 18 18 18 17 17 17 17 17 17 16 16    561
SEP  16 16 16 15 15 15 15 15 14 14 14 14 13 13 13 13 12 12 12 12 11 11 11 10 10 10 10  9  9  9       379
OCT   8  8  8  8  7  7  7  7  6  6  6  6  5  5  5  5  4  4  4  4  4  4  3  3  3  3  3  3  3  2  2    153
NOV   2  2  2  2  2  2  2  1  1  1  1  1  1  1  1  1  1  1  1  1  1  1  1  1  1  0  0  0  0  0        32
DEC -99-99-99-99-99-99-99-99  0  0  0  0  0  0  0  0  0  0  0  0  0  0  0  0  0  0  0  0  0  0  0      8
                                                                                                        
-------------------------------------------------------------------------------------------------       
 Total  Precipitation (Hundreths of an Inch)                                                            
 DAY  1  2  3  4  5  6  7  8  9 10 11 12 13 14 15 16 17 18 19 20 21 22 23 24 25 26 27 28 29 30 31  MONTH
-------------------------------------------------------------------------------------------------       
JAN   7  6  6  6  6  6  6  6  6  6  6  6  6  6  6  6  6  6  6  6  6  6  6  6  6  6  6  6  6  7  7    189
FEB   7  7  7  7  8  8  8  8  8  8  8  8  8  8  8  8  8  9  9  9  9  9  9  9  8  8  8  8             227
MAR   8  8  8  8  8  8  8  8  8  8  8  8  8  8  8  8  7  7  7  7  7  7  7  7  7  7  7  7  7  7  7    233
APR   7  7  7  7  7  7  7  7  7  7  7  7  7  8  8  8  8  8  9  9  9  9  9 10 10 10 11 11 11 12       251
MAY  12 12 13 13 13 14 14 14 14 15 15 15 15 16 16 16 16 16 17 17 17 17 17 17 17 17 17 17 18 18 18    483
JUN  18 18 18 18 17 17 17 17 17 17 17 17 16 16 16 16 15 15 15 14 14 14 13 13 12 12 11 11 10 10       451
JUL   9  9  8  8  7  7  7  6  6  5  5  5  5  4  4  4  4  4  3  3  3  3  3  3  3  3  3  3  3  3  3    146
AUG   4  4  4  4  4  4  4  5  5  5  5  5  5  5  5  5  6  6  6  6  6  6  6  6  6  6  6  7  7  7  7    167
SEP   7  7  7  7  7  7  7  7  8  8  8  8  8  8  8  9  9  9  9  9  9 10 10 10 10 10 10 11 11 11       259
OCT  11 12 12 12 12 12 13 13 13 13 13 13 13 13 13 13 13 14 14 14 14 13 13 13 13 13 13 13 13 13 13    400
NOV  13 12 12 12 12 12 12 12 12 11 11 11 11 11 11 11 11 11 11 10 10 10 10 10 10 10 10 10 10 10       329
DEC  10 10 10 10 10 10 10  9  9  9  9  9  9  9  9  9  9  9  8  8  8  8  8  8  8  8  8  7  7  7  7    269
                                                                                                        
