-------------------------------------------------------------------------------------------------       
 1971-2000 Daily/Monthly Station Normals                                                                
 Provided by National Climatic Data Center/NESDIS/NOAA                                                  
-------------------------------------------------------------------------------------------------       
 Station COOP ID:                           812928                                                      
 Station Name, State, Division, Call:       KINGSVILLE NAAS                    TX 07                    
 Latitude, Longitude, Elevation, Elements:  27 30 00 -097 49 00    56 XNP                               
-------------------------------------------------------------------------------------------------       
 Minimum Temperature (deg F [tenths deg F for monthly])                                                 
 DAY  1  2  3  4  5  6  7  8  9 10 11 12 13 14 15 16 17 18 19 20 21 22 23 24 25 26 27 28 29 30 31  MONTH
-------------------------------------------------------------------------------------------------       
JAN  46 46 46 46 46 46 46 46 46 46 46 46 46 46 46 46 47 47 47 47 47 47 47 47 47 47 47 47 47 47 47    465
FEB  47 48 48 48 48 48 48 48 49 49 49 49 49 49 50 50 50 50 50 51 51 51 51 52 52 52 52 53             497
MAR  53 53 54 54 54 55 55 55 55 55 56 56 56 56 57 57 57 57 58 58 58 58 58 59 59 59 59 59 59 60 60    567
APR  60 60 60 60 61 61 61 61 61 62 62 62 62 62 63 63 63 63 63 64 64 64 64 65 65 65 65 66 66 66       628
MAY  67 67 67 67 68 68 68 68 69 69 69 69 70 70 70 70 71 71 71 71 71 71 72 72 72 72 72 72 73 73 73    701
JUN  73 73 73 73 73 74 74 74 74 74 74 74 74 74 74 74 75 75 75 75 75 75 75 75 75 75 75 75 75 75       743
JUL  75 75 75 75 75 75 75 75 75 75 75 75 75 75 75 75 75 75 75 75 75 75 76 76 76 76 76 76 76 76 76    753
AUG  76 76 76 76 76 76 76 75 75 75 75 75 75 75 75 75 75 75 75 75 75 75 75 75 75 75 75 74 74 74 74    751
SEP  74 74 74 74 74 73 73 73 73 73 73 72 72 72 72 72 72 71 71 71 71 71 70 70 70 70 69 69 69 69       717
OCT  68 68 68 67 67 67 67 66 66 66 65 65 65 65 64 64 64 63 63 63 63 62 62 62 61 61 61 61 60 60 60    640
NOV  59 59 59 58 58 58 58 57 57 57 56 56 56 55 55 55 55 54 54 54 54 53 53 53 52 52 52 52 51 51       551
DEC  51 51 50 50 50 50 49 49 49 49 49 48 48 48 48 48 48 48 47 47 47 47 47 47 47 47 47 47 46 46 46    481
                                                                                                        
-------------------------------------------------------------------------------------------------       
 Maximum Temperature (deg F [tenths deg F for monthly])                                                 
 DAY  1  2  3  4  5  6  7  8  9 10 11 12 13 14 15 16 17 18 19 20 21 22 23 24 25 26 27 28 29 30 31  MONTH
-------------------------------------------------------------------------------------------------       
JAN  67 67 67 67 67 67 67 67 67 67 67 67 67 67 67 67 68 68 68 68 68 68 68 68 68 68 68 69 69 69 69    676
FEB  69 69 69 70 70 70 70 70 71 71 71 71 71 72 72 72 72 72 73 73 73 73 74 74 74 74 75 75             718
MAR  75 75 76 76 76 76 77 77 77 77 78 78 78 78 79 79 79 79 79 79 80 80 80 80 80 80 81 81 81 81 81    785
APR  81 81 82 82 82 82 82 82 82 83 83 83 83 83 83 83 84 84 84 84 84 84 85 85 85 85 85 85 85 86       834
MAY  86 86 86 86 87 87 87 87 87 87 87 88 88 88 88 88 88 89 89 89 89 89 89 90 90 90 90 90 90 91 91    883
JUN  91 91 91 91 91 92 92 92 92 92 92 92 93 93 93 93 93 93 93 93 93 93 94 94 94 94 94 94 94 94       927
JUL  94 94 94 94 95 95 95 95 95 95 95 95 95 95 95 95 95 95 95 95 95 95 95 95 96 96 96 96 96 96 96    951
AUG  96 96 96 96 96 96 96 96 96 96 95 95 95 95 95 95 95 95 95 95 95 95 95 95 94 94 94 94 94 94 94    951
SEP  94 93 93 93 93 93 93 92 92 92 92 92 92 92 91 91 91 91 91 90 90 90 90 90 90 89 89 89 89 89       912
OCT  89 88 88 88 88 88 87 87 87 87 86 86 86 86 86 85 85 85 84 84 84 84 83 83 83 83 82 82 82 81 81    851
NOV  81 80 80 80 80 79 79 79 78 78 78 77 77 77 76 76 76 76 75 75 75 74 74 74 74 73 73 73 73 72       764
DEC  72 72 71 71 71 71 71 70 70 70 70 69 69 69 69 69 69 69 68 68 68 68 68 68 68 68 68 67 67 67 67    691
                                                                                                        
-------------------------------------------------------------------------------------------------       
 Average Temperature (deg F [tenths deg F for monthly])                                                 
 DAY  1  2  3  4  5  6  7  8  9 10 11 12 13 14 15 16 17 18 19 20 21 22 23 24 25 26 27 28 29 30 31  MONTH
-------------------------------------------------------------------------------------------------       
JAN  57 57 57 57 57 57 56 56 57 57 57 57 57 57 57 57 57 57 57 57 57 57 57 57 57 57 58 58 58 58 58    571
FEB  58 58 59 59 59 59 59 59 60 60 60 60 60 60 61 61 61 61 62 62 62 62 63 63 63 63 64 64             608
MAR  64 64 65 65 65 66 66 66 66 66 67 67 67 67 68 68 68 68 68 69 69 69 69 69 70 70 70 70 70 70 70    676
APR  71 71 71 71 71 71 71 72 72 72 72 72 73 73 73 73 73 73 74 74 74 74 74 75 75 75 75 76 76 76       731
MAY  76 76 77 77 77 77 78 78 78 78 78 79 79 79 79 79 79 80 80 80 80 80 81 81 81 81 81 81 81 82 82    792
JUN  82 82 82 82 82 83 83 83 83 83 83 83 83 83 84 84 84 84 84 84 84 84 84 84 84 84 85 85 85 85       835
JUL  85 85 85 85 85 85 85 85 85 85 85 85 85 85 85 85 85 85 85 85 85 85 85 85 86 86 86 86 86 86 86    852
AUG  86 86 86 86 86 86 86 86 86 85 85 85 85 85 85 85 85 85 85 85 85 85 85 85 85 84 84 84 84 84 84    851
SEP  84 84 84 83 83 83 83 83 83 83 82 82 82 82 82 81 81 81 81 81 81 80 80 80 80 80 79 79 79 79       815
OCT  78 78 78 78 78 77 77 77 77 76 76 76 76 75 75 75 74 74 74 74 73 73 73 72 72 72 72 71 71 71 70    746
NOV  70 70 69 69 69 69 68 68 68 67 67 67 66 66 66 66 65 65 65 64 64 64 64 63 63 63 63 62 62 62       658
DEC  61 61 61 61 60 60 60 60 60 59 59 59 59 59 59 58 58 58 58 58 58 58 57 57 57 57 57 57 57 57 57    586
                                                                                                        
-------------------------------------------------------------------------------------------------       
 Heating Degree Days                                                                                    
 DAY  1  2  3  4  5  6  7  8  9 10 11 12 13 14 15 16 17 18 19 20 21 22 23 24 25 26 27 28 29 30 31  MONTH
-------------------------------------------------------------------------------------------------       
JAN  10 10 10 10 10 10 10 10 10 10 10 10 10 10 10 10 10 10 10 10 10  9  9  9  9  9  9  9  9  9  8    299
FEB   8  8  8  8  8  8  7  7  7  7  7  7  7  6  6  6  6  6  6  5  5  5  5  5  4  4  4  4             174
MAR   4  3  3  3  3  3  3  2  2  2  2  2  2  2  2  2  1  1  1  1  1  1  1  1  1  1  1  1  1  1  1     55
APR   1  1  1  1  1  1  1  1  0  0  0  0  0  0  0  0  0  0  0  0  0  0  0  0  0  0  0  0  0  0         8
MAY   0  0  0  0  0  0  0  0  0  0  0  0  0  0  0  0  0  0  0  0  0  0  0  0  0  0  0  0  0  0  0      0
JUN   0  0  0  0  0  0  0  0  0  0  0  0  0  0  0  0  0  0  0  0  0  0  0  0  0  0  0  0  0  0         0
JUL   0  0  0  0  0  0  0  0  0  0  0  0  0  0  0  0  0  0  0  0  0  0  0  0  0  0  0  0  0  0  0      0
AUG   0  0  0  0  0  0  0  0  0  0  0  0  0  0  0  0  0  0  0  0  0  0  0  0  0  0  0  0  0  0  0      0
SEP   0  0  0  0  0  0  0  0  0  0  0  0  0  0  0  0  0  0  0  0  0  0  0  0  0  0  0  0  0  0         0
OCT   0  0  0  0  0  0  0  0  0  0  0  0  0  0  0  0  0  0  0  0  0  0  0  0  1  1  1  1  1  1  1      7
NOV   2  2  2  2  2  2  2  3  3  3  3  3  3  3  4  4  4  4  4  4  5  5  5  5  5  5  5  6  6  6       112
DEC   6  6  6  7  7  7  7  7  7  7  8  8  8  8  8  8  8  8  9  9  9  9  9  9  9  9  9  9 10 10 10    251
                                                                                                        
-------------------------------------------------------------------------------------------------       
 Cooling Degree Days                                                                                    
 DAY  1  2  3  4  5  6  7  8  9 10 11 12 13 14 15 16 17 18 19 20 21 22 23 24 25 26 27 28 29 30 31  MONTH
-------------------------------------------------------------------------------------------------       
JAN   1  1  1  1  1  1  1  1  2  2  2  2  2  1  1  1  1  1  1  1  1  1  1  1  1  1  2  2  2  2  2     41
FEB   1  1  1  1  2  2  2  2  2  2  2  2  2  2  2  2  2  2  2  2  2  2  2  2  3  3  3  3              56
MAR   3  3  3  3  3  3  3  4  4  4  4  4  4  4  4  4  4  5  5  5  5  5  5  5  5  5  5  6  6  6  6    135
APR   6  6  6  6  7  7  7  7  7  7  8  8  8  8  8  8  8  9  9  9  9  9 10 10 10 10 10 11 11 11       250
MAY  11 11 12 12 12 12 13 13 13 13 13 14 14 14 14 14 14 15 15 15 15 15 16 16 16 16 16 16 16 17 17    440
JUN  17 17 17 17 17 18 18 18 18 18 18 18 18 18 19 19 19 19 19 19 19 19 19 19 19 19 20 20 20 20       555
JUL  20 20 20 20 20 20 20 20 20 20 20 20 20 20 20 20 20 20 20 20 20 20 20 20 20 21 21 21 21 21 21    626
AUG  21 21 21 21 21 21 21 21 20 20 20 20 20 20 20 20 20 20 20 20 20 20 20 20 20 19 19 19 19 19 19    622
SEP  19 19 19 18 18 18 18 18 18 18 17 17 17 17 17 17 16 16 16 16 16 15 15 15 15 14 14 14 14 13       494
OCT  13 13 13 12 12 12 12 11 11 11 11 11 10 10 10 10  9  9  9  9  9  8  8  8  8  8  7  7  7  7  7    302
NOV   7  6  6  6  6  6  6  5  5  5  5  5  5  5  4  4  4  4  4  4  4  4  3  3  3  3  3  3  3  3       134
DEC   3  3  2  2  2  2  2  2  2  2  2  2  2  2  2  2  2  2  2  1  1  1  1  1  1  1  1  1  1  1  1     52
                                                                                                        
-------------------------------------------------------------------------------------------------       
 Total  Precipitation (Hundreths of an Inch)                                                            
 DAY  1  2  3  4  5  6  7  8  9 10 11 12 13 14 15 16 17 18 19 20 21 22 23 24 25 26 27 28 29 30 31  MONTH
-------------------------------------------------------------------------------------------------       
JAN   4  4  4  4  4  4  4  4  4  4  4  4  4  4  4  4  4  4  4  4  4  4  4  4  4  5  5  5  5  5  5    130
FEB   5  5  5  5  5  6  6  6  6  6  6  6  6  6  6  6  6  6  6  6  5  5  5  5  5  5  5  5             155
MAR   5  4  4  4  4  4  4  4  4  4  4  4  4  4  4  4  3  3  3  4  4  4  4  4  4  4  4  4  4  4  4    122
APR   4  5  5  5  5  5  5  5  5  5  6  6  6  6  6  6  6  6  6  7  7  7  7  7  7  7  7  8  8  8       183
MAY   8  8  8  8  8  8  9  9  9  9  9  9  9  9 10 10 10 10 10 10 10 10 11 11 11 11 11 11 11 11 11    299
JUN  12 12 12 12 12 12 12 12 12 12 12 12 12 12 12 12 12 12 11 11 11 11 11 11 10 10 10 10 10  9       341
JUL   9  9  8  8  8  8  8  7  7  7  7  7  7  7  7  7  6  6  6  6  6  6  6  7  7  7  7  7  7  7  7    219
AUG   8  8  8  8  8  8  9  9  9  9  9  9 10 10 10 10 10 10 11 11 11 11 11 11 11 12 12 12 12 12 12    311
SEP  12 13 13 13 13 13 13 13 13 13 13 14 14 14 14 14 14 14 14 14 14 14 14 14 14 14 13 13 13 13       404
OCT  13 13 13 13 13 13 13 12 12 12 12 12 12 11 11 11 11 11 11 10 10 10 10 10  9  9  9  9  8  8  8    339
NOV   8  7  7  7  7  6  6  6  6  6  6  5  5  5  5  5  5  5  5  4  4  4  4  4  4  4  4  4  4  4       156
DEC   4  4  4  4  4  4  4  5  5  5  5  5  5  5  5  5  5  5  5  5  5  5  4  4  4  4  4  4  4  4  4    139
                                                                                                        
