-------------------------------------------------------------------------------------------------       
 1971-2000 Daily/Monthly Station Normals                                                                
 Provided by National Climatic Data Center/NESDIS/NOAA                                                  
-------------------------------------------------------------------------------------------------       
 Station COOP ID:                           293511                                                      
 Station Name, State, Division, Call:       GHOST RANCH                        NM 02                    
 Latitude, Longitude, Elevation, Elements:  36 19 47 -106 28 29  6460   P                               
-------------------------------------------------------------------------------------------------       
 Total  Precipitation (Hundreths of an Inch)                                                            
 DAY  1  2  3  4  5  6  7  8  9 10 11 12 13 14 15 16 17 18 19 20 21 22 23 24 25 26 27 28 29 30 31  MONTH
-------------------------------------------------------------------------------------------------       
JAN   2  2  2  2  2  2  2  2  2  2  2  2  3  3  3  3  3  3  3  2  2  2  2  2  2  2  2  2  2  2  2     69
FEB   2  2  2  2  2  2  2  2  2  1  1  1  1  2  2  2  2  2  2  2  2  2  2  2  2  2  2  2              52
MAR   2  2  2  2  2  3  3  3  3  3  3  3  3  3  3  3  3  3  3  3  3  3  3  3  3  3  3  3  3  3  3     88
APR   3  3  3  3  3  3  2  2  2  2  2  2  2  2  2  2  2  3  3  3  3  3  3  3  3  3  3  3  3  3        79
MAY   3  3  3  3  3  3  3  3  4  4  4  4  4  4  4  4  4  4  3  3  3  3  3  3  3  3  3  3  3  3  3    103
JUN   3  3  2  2  2  2  2  2  2  2  2  2  2  2  2  2  2  2  2  3  3  3  3  3  3  3  3  3  4  4        75
JUL   4  4  4  4  5  5  5  5  5  5  5  5  6  6  6  6  6  6  6  6  6  6  6  6  6  7  7  7  7  7  7    176
AUG   7  7  7  7  7  7  7  7  7  7  7  6  6  6  6  6  6  6  6  6  6  6  6  6  6  6  6  5  5  5  5    193
SEP   5  5  5  5  5  5  5  4  4  4  4  4  4  4  4  4  4  4  4  4  4  4  4  4  4  4  4  4  3  3       125
OCT   4  4  4  4  4  4  4  4  4  4  4  3  3  3  3  3  3  3  3  3  3  3  3  3  3  3  3  3  3  3  3    104
NOV   3  3  3  3  3  3  3  3  3  3  3  3  3  3  3  3  3  3  2  2  2  2  2  2  2  2  2  2  2  2        78
DEC   2  2  2  2  2  2  2  2  2  2  2  1  1  1  1  1  1  1  1  1  1  2  2  2  2  2  2  2  2  2  2     52
                                                                                                        
