-------------------------------------------------------------------------------------------------       
 1971-2000 Daily/Monthly Station Normals                                                                
 Provided by National Climatic Data Center/NESDIS/NOAA                                                  
-------------------------------------------------------------------------------------------------       
 Station COOP ID:                           294026                                                      
 Station Name, State, Division, Call:       HOBBS                              NM 07                    
 Latitude, Longitude, Elevation, Elements:  32 42 43 -103 08 14  3615 XNP                               
-------------------------------------------------------------------------------------------------       
 Minimum Temperature (deg F [tenths deg F for monthly])                                                 
 DAY  1  2  3  4  5  6  7  8  9 10 11 12 13 14 15 16 17 18 19 20 21 22 23 24 25 26 27 28 29 30 31  MONTH
-------------------------------------------------------------------------------------------------       
JAN  29 29 28 28 28 28 28 28 29 29 29 29 29 29 29 29 29 29 29 29 29 29 29 30 30 30 30 30 30 30 31    291
FEB  31 31 31 31 31 32 32 32 32 32 32 33 33 33 33 33 34 34 34 34 34 34 35 35 35 35 35 36             331
MAR  36 36 36 36 37 37 37 37 37 38 38 38 38 38 39 39 39 39 40 40 40 40 40 41 41 41 41 42 42 42 42    389
APR  43 43 43 43 44 44 44 44 45 45 45 46 46 46 46 47 47 47 47 48 48 48 49 49 49 50 50 50 51 51       466
MAY  51 52 52 52 52 53 53 53 54 54 54 55 55 55 55 56 56 56 57 57 57 57 58 58 58 58 59 59 59 59 60    556
JUN  60 60 61 61 61 61 61 62 62 62 62 63 63 63 63 63 63 64 64 64 64 64 64 65 65 65 65 65 65 65       630
JUL  65 66 66 66 66 66 66 66 66 67 67 67 67 67 67 67 67 66 66 67 67 67 67 67 67 67 67 67 67 67 67    666
AUG  67 67 67 67 67 67 66 66 66 66 66 66 66 66 66 66 65 65 65 65 65 65 65 64 64 64 64 64 64 63 63    654
SEP  63 63 62 62 62 62 62 61 61 61 61 60 60 60 59 59 59 59 58 58 58 57 57 57 57 56 56 56 55 55       592
OCT  55 54 54 54 53 53 53 52 52 51 51 51 50 50 50 49 49 48 48 48 47 47 46 46 46 45 45 44 44 44 43    491
NOV  43 42 42 41 41 41 40 40 39 39 39 38 38 38 37 37 36 36 36 36 35 35 35 34 34 34 34 33 33 33       373
DEC  33 32 32 32 32 31 31 31 31 31 31 30 30 30 30 30 30 30 29 29 29 29 29 29 29 29 29 29 29 29 28    301
                                                                                                        
-------------------------------------------------------------------------------------------------       
 Maximum Temperature (deg F [tenths deg F for monthly])                                                 
 DAY  1  2  3  4  5  6  7  8  9 10 11 12 13 14 15 16 17 18 19 20 21 22 23 24 25 26 27 28 29 30 31  MONTH
-------------------------------------------------------------------------------------------------       
JAN  56 56 56 56 56 56 56 56 56 56 56 56 56 56 56 56 56 56 57 57 57 57 57 57 58 58 58 58 58 59 59    567
FEB  59 60 60 60 60 61 61 61 61 62 62 62 63 63 63 63 64 64 64 64 65 65 65 65 66 66 66 66             629
MAR  67 67 67 68 68 68 68 69 69 69 69 70 70 70 70 71 71 71 71 72 72 72 73 73 73 73 74 74 74 74 75    707
APR  75 75 75 76 76 76 76 77 77 77 77 78 78 78 78 79 79 79 79 80 80 80 80 81 81 81 81 82 82 82       785
MAY  82 83 83 83 83 84 84 84 84 84 85 85 85 86 86 86 86 87 87 87 87 88 88 88 88 89 89 89 89 90 90    861
JUN  90 91 91 91 91 91 92 92 92 92 92 93 93 93 93 93 93 93 94 94 94 94 94 94 94 94 94 94 94 94       928
JUL  94 94 94 94 94 94 94 94 94 94 94 94 94 94 94 94 94 94 93 93 93 93 93 93 93 93 93 93 93 92 92    935
AUG  93 93 93 93 93 92 92 92 92 92 92 92 92 92 92 91 91 91 91 91 91 90 90 90 90 90 90 89 89 89 89    912
SEP  89 88 88 88 88 87 87 87 87 87 86 86 86 86 86 85 85 85 85 84 84 84 84 84 83 83 83 83 82 82       854
OCT  82 82 81 81 81 81 80 80 80 80 79 79 79 78 78 78 77 77 77 76 76 75 75 75 74 74 73 73 72 72 71    773
NOV  71 70 70 70 69 69 68 68 67 67 67 66 66 65 65 65 64 64 64 63 63 63 62 62 62 62 61 61 61 61       652
DEC  60 60 60 60 60 59 59 59 59 59 59 58 58 58 58 58 58 57 57 57 57 57 57 57 57 57 56 56 56 56 56    579
                                                                                                        
-------------------------------------------------------------------------------------------------       
 Average Temperature (deg F [tenths deg F for monthly])                                                 
 DAY  1  2  3  4  5  6  7  8  9 10 11 12 13 14 15 16 17 18 19 20 21 22 23 24 25 26 27 28 29 30 31  MONTH
-------------------------------------------------------------------------------------------------       
JAN  42 42 42 42 42 42 42 42 42 42 42 42 42 43 43 43 43 43 43 43 43 43 43 44 44 44 44 44 44 45 45    429
FEB  45 45 45 46 46 46 46 47 47 47 47 47 48 48 48 48 49 49 49 49 49 50 50 50 50 51 51 51             480
MAR  51 51 52 52 52 52 53 53 53 53 54 54 54 54 55 55 55 55 56 56 56 56 56 57 57 57 57 58 58 58 59    548
APR  59 59 59 60 60 60 60 61 61 61 61 62 62 62 62 63 63 63 63 64 64 64 65 65 65 65 66 66 66 67       626
MAY  67 67 67 68 68 68 68 69 69 69 70 70 70 70 71 71 71 71 72 72 72 73 73 73 73 74 74 74 74 75 75    709
JUN  75 75 76 76 76 76 77 77 77 77 77 78 78 78 78 78 78 79 79 79 79 79 79 79 79 79 79 80 80 80       779
JUL  80 80 80 80 80 80 80 80 80 80 80 80 80 80 80 81 81 80 80 80 80 80 80 80 80 80 80 80 80 80 80    801
AUG  80 80 80 80 80 80 79 79 79 79 79 79 79 79 79 78 78 78 78 78 78 78 77 77 77 77 77 77 76 76 76    783
SEP  76 76 75 75 75 75 74 74 74 74 73 73 73 73 72 72 72 72 72 71 71 71 70 70 70 70 69 69 69 69       723
OCT  68 68 68 67 67 67 66 66 66 66 65 65 65 64 64 63 63 63 62 62 62 61 61 60 60 59 59 59 58 58 57    632
NOV  57 56 56 55 55 55 54 54 53 53 53 52 52 52 51 51 50 50 50 50 49 49 49 48 48 48 48 47 47 47       513
DEC  47 46 46 46 46 45 45 45 45 45 45 44 44 44 44 44 44 43 43 43 43 43 43 43 43 43 43 43 42 42 42    440
                                                                                                        
-------------------------------------------------------------------------------------------------       
 Heating Degree Days                                                                                    
 DAY  1  2  3  4  5  6  7  8  9 10 11 12 13 14 15 16 17 18 19 20 21 22 23 24 25 26 27 28 29 30 31  MONTH
-------------------------------------------------------------------------------------------------       
JAN  23 23 23 23 23 23 23 23 23 23 23 23 23 23 22 22 22 22 22 22 22 22 22 21 21 21 21 21 21 20 20    686
FEB  20 20 20 19 19 19 19 18 18 18 18 18 17 17 17 17 16 16 16 16 16 15 15 15 15 14 14 14             476
MAR  14 14 13 13 13 13 12 12 12 12 11 11 11 11 11 10 10 10 10 10  9  9  9  9  8  8  8  8  8  7  7    323
APR   7  7  6  6  6  6  6  6  5  5  5  5  5  4  4  4  4  4  4  4  3  3  3  3  3  3  3  3  2  2       131
MAY   2  2  2  2  2  2  2  2  2  2  1  1  1  1  1  1  1  1  1  1  1  1  1  1  1  1  1  0  0  0  0     37
JUN -99  0  0  0  0  0  0  0  0  0  0  0  0  0  0  0  0  0  0  0  0  0  0  0  0  0  0  0  0  0         1
JUL   0  0  0  0  0  0  0  0  0  0  0  0  0  0  0  0  0  0  0  0  0  0  0  0  0  0  0  0  0  0  0      0
AUG   0  0  0  0  0  0  0  0  0  0  0  0  0  0  0  0  0  0  0  0  0  0  0  0  0  0  0  0  0  0  0      0
SEP   0  0  0  0  0  0  0  0  0  0  0  0  1  1  1  1  1  1  1  1  1  1  1  1  1  1  1  1  1  1        18
OCT   1  1  1  1  1  1  1  2  2  2  2  2  2  3  3  3  3  4  4  4  4  5  5  5  6  6  6  7  7  8  8    110
NOV   8  9  9 10 10 11 11 11 12 12 13 13 13 14 14 14 15 15 15 16 16 16 16 17 17 17 18 18 18 18       416
DEC  18 19 19 19 19 20 20 20 20 20 20 21 21 21 21 21 21 21 22 22 22 22 22 22 22 22 22 23 23 23 23    651
                                                                                                        
-------------------------------------------------------------------------------------------------       
 Cooling Degree Days                                                                                    
 DAY  1  2  3  4  5  6  7  8  9 10 11 12 13 14 15 16 17 18 19 20 21 22 23 24 25 26 27 28 29 30 31  MONTH
-------------------------------------------------------------------------------------------------       
JAN   0  0  0  0  0  0  0  0  0  0  0  0  0  0  0  0  0  0  0  0  0  0  0  0  0  0  0  0  0  0  0      0
FEB   0  0  0  0  0  0  0  0  0  0  0  0  0  0  0  0  0  0  0  0  0  0  0  0  0  0  0  0               0
MAR   0  0  0  0  0  0  0  0  0  0  0  0  0  0  0  0  0  0  0  0  0  0  0  0  0  1  1  1  1  1  1      6
APR   1  1  1  1  1  1  1  1  1  1  1  1  1  2  2  2  2  2  2  2  2  2  3  3  3  3  3  3  4  4        57
MAY   4  4  4  5  5  5  5  5  6  6  6  6  6  7  7  7  7  7  8  8  8  8  8  9  9  9  9 10 10 10 10    218
JUN  10 11 11 11 11 12 12 12 12 12 12 13 13 13 13 13 13 14 14 14 14 14 14 14 14 14 14 15 15 15       389
JUL  15 15 15 15 15 15 15 15 15 15 15 15 15 15 15 15 16 15 15 15 15 15 15 15 15 15 15 15 15 15 15    466
AUG  15 15 15 15 15 14 14 14 14 14 14 14 14 14 14 13 13 13 13 13 13 13 13 12 12 12 12 12 12 11 11    413
SEP  11 11 11 10 10 10 10 10  9  9  9  9  9  8  8  8  8  7  7  7  7  6  6  6  6  5  5  5  5  5       237
OCT   4  4  4  4  3  3  3  3  3  2  2  2  2  2  2  1  1  1  1  1  1  1  1  1  1  0  0  0  0  0  0     53
NOV -99-99-99  0  0  0  0  0  0  0  0  0  0  0  0  0  0  0  0  0  0  0  0  0  0  0  0  0  0  0         3
DEC   0  0  0  0  0  0  0  0  0  0  0  0  0  0  0  0  0  0  0  0  0  0  0  0  0  0  0  0  0  0  0      0
                                                                                                        
-------------------------------------------------------------------------------------------------       
 Total  Precipitation (Hundreths of an Inch)                                                            
 DAY  1  2  3  4  5  6  7  8  9 10 11 12 13 14 15 16 17 18 19 20 21 22 23 24 25 26 27 28 29 30 31  MONTH
-------------------------------------------------------------------------------------------------       
JAN   2  2  2  2  2  2  2  2  1  1  1  1  1  1  1  1  1  1  1  2  2  2  2  2  2  2  2  2  2  2  2     51
FEB   2  2  2  2  2  2  2  2  2  2  3  3  3  3  3  3  3  3  3  3  2  2  2  2  2  2  2  2              66
MAR   2  2  2  2  2  2  2  2  2  2  2  2  2  2  2  2  2  1  1  1  1  1  1  1  1  1  1  1  1  1  1     48
APR   1  1  1  1  1  1  1  1  1  2  2  2  2  2  2  2  2  3  3  3  3  3  4  4  4  5  5  5  5  6        78
MAY   6  6  7  7  7  7  8  8  8  8  8  9  9  9  9  9  9  9  9  9  9  9  9  9  9  9  9  9  9  8  8    258
JUN   8  8  8  8  7  7  7  7  7  7  7  7  7  6  6  6  6  6  6  6  6  6  6  6  7  7  7  7  7  7       203
JUL   7  7  7  7  7  7  8  8  8  8  8  8  8  8  8  8  8  8  8  8  8  8  8  8  8  8  8  8  8  8  8    242
AUG   8  8  8  8  7  7  7  7  7  7  8  8  8  8  8  8  8  8  8  8  8  8  8  9  9  9  9  9  9 10 10    252
SEP  10 10 10 11 11 11 11 11 11 11 11 11 11 11 11 11 11 11 11 11 11 10 10 10 10 10  9  9  9  8       313
OCT   8  8  7  7  7  7  6  6  6  5  5  5  5  5  4  4  4  4  4  4  4  3  3  3  3  3  3  3  3  3  3    145
NOV   3  3  3  3  3  3  3  3  3  3  3  3  3  3  3  3  3  3  3  3  3  3  3  3  3  3  3  2  2  2        87
DEC   3  3  3  3  3  3  3  3  3  3  2  2  2  2  2  2  2  2  2  2  2  2  2  2  2  2  2  2  2  2  2     72
                                                                                                        
