-------------------------------------------------------------------------------------------------       
 1971-2000 Daily/Monthly Station Normals                                                                
 Provided by National Climatic Data Center/NESDIS/NOAA                                                  
-------------------------------------------------------------------------------------------------       
 Station COOP ID:                           291931                                                      
 Station Name, State, Division, Call:       CLOUDCROFT                         NM 06                    
 Latitude, Longitude, Elevation, Elements:  32 57 00 -105 44 00  8660 XNP                               
-------------------------------------------------------------------------------------------------       
 Minimum Temperature (deg F [tenths deg F for monthly])                                                 
 DAY  1  2  3  4  5  6  7  8  9 10 11 12 13 14 15 16 17 18 19 20 21 22 23 24 25 26 27 28 29 30 31  MONTH
-------------------------------------------------------------------------------------------------       
JAN  16 16 16 16 16 16 16 16 16 16 17 17 17 17 17 17 17 17 17 17 17 17 17 17 17 17 17 18 18 18 18    168
FEB  18 18 18 18 18 18 19 19 19 19 19 19 19 19 19 19 20 20 20 20 20 20 20 20 20 20 21 21             193
MAR  21 21 21 21 21 21 21 21 22 22 22 22 22 22 22 22 23 23 23 23 23 23 23 24 24 24 24 24 24 24 25    225
APR  25 25 25 25 26 26 26 26 26 27 27 27 27 27 28 28 28 28 29 29 29 29 30 30 30 30 31 31 31 31       279
MAY  32 32 32 33 33 33 33 34 34 34 35 35 35 35 36 36 36 36 37 37 37 37 37 38 38 38 38 39 39 39 39    357
JUN  39 40 40 40 40 40 41 41 41 41 41 41 42 42 42 42 42 42 43 43 43 43 43 44 44 44 44 44 44 44       420
JUL  45 45 45 45 45 45 46 46 46 46 46 46 46 46 46 46 46 46 46 46 46 46 46 46 46 46 46 46 46 46 46    458
AUG  46 46 46 46 46 45 45 45 45 45 45 45 45 45 45 44 44 44 44 44 44 44 44 43 43 43 43 43 43 43 43    444
SEP  42 42 42 42 42 42 41 41 41 41 41 40 40 40 40 39 39 39 39 39 38 38 38 37 37 37 37 36 36 36       394
OCT  35 35 35 34 34 34 33 33 33 33 32 32 32 31 31 31 31 30 30 30 29 29 29 29 28 28 28 28 27 27 27    309
NOV  27 26 26 26 26 25 25 25 25 24 24 24 24 23 23 23 23 22 22 22 22 22 21 21 21 21 20 20 20 20       231
DEC  20 20 19 19 19 19 19 18 18 18 18 18 18 18 17 17 17 17 17 17 17 17 17 17 17 17 17 16 16 16 16    176
                                                                                                        
-------------------------------------------------------------------------------------------------       
 Maximum Temperature (deg F [tenths deg F for monthly])                                                 
 DAY  1  2  3  4  5  6  7  8  9 10 11 12 13 14 15 16 17 18 19 20 21 22 23 24 25 26 27 28 29 30 31  MONTH
-------------------------------------------------------------------------------------------------       
JAN  41 41 41 41 41 41 41 40 40 40 40 40 40 40 40 40 40 41 41 41 41 41 41 41 41 41 41 41 41 41 42    407
FEB  42 42 42 42 42 42 42 43 43 43 43 43 43 43 44 44 44 44 44 44 44 45 45 45 45 45 45 45             435
MAR  46 46 46 46 46 46 46 47 47 47 47 47 48 48 48 48 49 49 49 49 49 50 50 50 51 51 51 51 52 52 52    485
APR  53 53 53 54 54 54 54 55 55 55 55 56 56 56 57 57 57 57 58 58 58 58 59 59 59 59 60 60 60 60       566
MAY  60 61 61 61 61 62 62 62 62 63 63 63 63 64 64 64 65 65 65 66 66 66 66 67 67 68 68 68 69 69 69    645
JUN  70 70 70 71 71 71 72 72 72 72 73 73 73 73 73 73 73 73 73 74 74 74 74 73 73 73 73 73 73 73       725
JUL  73 72 72 72 72 72 72 72 71 71 71 71 71 71 71 71 70 70 70 70 70 70 70 70 70 70 70 70 70 70 70    708
AUG  70 70 70 70 70 69 69 69 69 69 69 69 69 69 69 69 69 69 69 69 69 69 69 69 69 69 68 68 68 68 68    690
SEP  68 68 68 68 68 68 68 67 67 67 67 67 67 67 67 66 66 66 66 66 66 65 65 65 65 65 64 64 64 64       663
OCT  64 63 63 63 63 62 62 62 62 61 61 61 60 60 60 59 59 59 59 58 58 58 57 57 56 56 56 55 55 55 54    593
NOV  54 53 53 53 52 52 52 51 51 50 50 50 49 49 49 49 48 48 48 47 47 47 47 47 46 46 46 46 45 45       490
DEC  45 45 45 45 44 44 44 44 44 44 43 43 43 43 43 43 43 42 42 42 42 42 42 42 42 41 41 41 41 41 41    428
                                                                                                        
-------------------------------------------------------------------------------------------------       
 Average Temperature (deg F [tenths deg F for monthly])                                                 
 DAY  1  2  3  4  5  6  7  8  9 10 11 12 13 14 15 16 17 18 19 20 21 22 23 24 25 26 27 28 29 30 31  MONTH
-------------------------------------------------------------------------------------------------       
JAN  29 29 29 29 29 28 28 28 28 28 28 28 28 29 29 29 29 29 29 29 29 29 29 29 29 29 29 29 29 30 30    288
FEB  30 30 30 30 30 30 31 31 31 31 31 31 31 31 31 32 32 32 32 32 32 32 32 32 33 33 33 33             314
MAR  33 33 33 33 34 34 34 34 34 34 34 35 35 35 35 35 36 36 36 36 36 36 37 37 37 37 38 38 38 38 39    355
APR  39 39 39 40 40 40 40 40 41 41 41 41 42 42 42 42 43 43 43 43 44 44 44 44 45 45 45 45 46 46       423
MAY  46 46 47 47 47 47 48 48 48 48 49 49 49 50 50 50 50 51 51 51 51 52 52 52 53 53 53 53 54 54 54    501
JUN  55 55 55 55 56 56 56 56 56 57 57 57 57 57 58 58 58 58 58 58 58 58 58 58 59 59 59 59 59 59       573
JUL  59 59 59 59 59 59 59 59 59 58 58 58 58 58 58 58 58 58 58 58 58 58 58 58 58 58 58 58 58 58 58    583
AUG  58 58 58 58 58 57 57 57 57 57 57 57 57 57 57 57 57 57 57 56 56 56 56 56 56 56 56 56 56 55 55    567
SEP  55 55 55 55 55 55 55 54 54 54 54 54 54 53 53 53 53 53 52 52 52 52 51 51 51 51 51 50 50 50       529
OCT  49 49 49 49 48 48 48 48 47 47 47 46 46 46 45 45 45 45 44 44 44 43 43 43 42 42 42 41 41 41 41    451
NOV  40 40 39 39 39 39 38 38 38 37 37 37 37 36 36 36 36 35 35 35 35 34 34 34 34 33 33 33 33 33       361
DEC  32 32 32 32 32 31 31 31 31 31 31 31 30 30 30 30 30 30 30 30 29 29 29 29 29 29 29 29 29 29 29    302
                                                                                                        
-------------------------------------------------------------------------------------------------       
 Heating Degree Days                                                                                    
 DAY  1  2  3  4  5  6  7  8  9 10 11 12 13 14 15 16 17 18 19 20 21 22 23 24 25 26 27 28 29 30 31  MONTH
-------------------------------------------------------------------------------------------------       
JAN  36 36 36 36 37 37 37 37 37 37 37 37 37 37 37 36 36 36 36 36 36 36 36 36 36 36 36 36 36 35 35   1125
FEB  35 35 35 35 35 35 35 34 34 34 34 34 34 34 34 33 33 33 33 33 33 33 33 33 32 32 32 32             942
MAR  32 32 32 32 31 31 31 31 31 31 30 30 30 30 30 30 29 29 29 29 29 29 28 28 28 28 27 27 27 27 27    915
APR  26 26 26 26 25 25 25 25 24 24 24 24 23 23 23 23 22 22 22 22 22 21 21 21 20 20 20 20 19 19       683
MAY  19 19 18 18 18 18 17 17 17 17 16 16 16 15 15 15 15 14 14 14 14 13 13 13 13 12 12 12 11 11 11    463
JUN  10 10 10 10  9  9  9  9  9  8  8  8  8  8  8  7  7  7  7  7  7  7  7  7  7  7  7  7  6  7       237
JUL   6  6  6  7  7  7  7  7  7  7  7  7  7  7  7  7  7  7  7  7  7  7  7  7  7  7  7  7  7  7  7    214
AUG   7  7  7  7  8  8  8  8  8  8  8  8  8  8  8  8  8  8  8  9  9  9  9  9  9  9  9  9  9 10 10    258
SEP  10 10 10 10 10 10 11 11 11 11 11 11 12 12 12 12 12 12 13 13 13 13 14 14 14 14 15 15 15 15       366
OCT  16 16 16 16 17 17 17 17 18 18 18 19 19 19 20 20 20 20 21 21 21 22 22 22 23 23 23 24 24 24 24    617
NOV  25 25 26 26 26 26 27 27 27 28 28 28 28 29 29 29 30 30 30 30 30 31 31 31 31 32 32 32 32 32       868
DEC  33 33 33 33 33 34 34 34 34 34 34 34 35 35 35 35 35 35 35 35 36 36 36 36 36 36 36 36 36 36 36   1079
                                                                                                        
-------------------------------------------------------------------------------------------------       
 Cooling Degree Days                                                                                    
 DAY  1  2  3  4  5  6  7  8  9 10 11 12 13 14 15 16 17 18 19 20 21 22 23 24 25 26 27 28 29 30 31  MONTH
-------------------------------------------------------------------------------------------------       
JAN   0  0  0  0  0  0  0  0  0  0  0  0  0  0  0  0  0  0  0  0  0  0  0  0  0  0  0  0  0  0  0      0
FEB   0  0  0  0  0  0  0  0  0  0  0  0  0  0  0  0  0  0  0  0  0  0  0  0  0  0  0  0               0
MAR   0  0  0  0  0  0  0  0  0  0  0  0  0  0  0  0  0  0  0  0  0  0  0  0  0  0  0  0  0  0  0      0
APR   0  0  0  0  0  0  0  0  0  0  0  0  0  0  0  0  0  0  0  0  0  0  0  0  0  0  0  0  0  0         0
MAY   0  0  0  0  0  0  0  0  0  0  0  0  0  0  0  0  0  0  0  0  0  0  0  0  0  0  0  0  0  0  0      0
JUN   0  0  0  0  0  0  0  0  0  0  0  0  0  0  0  0  0  0  0  0  0  0  0  0  0  0-99-99-99-99         4
JUL   0  0  0  1  1  1  1  1  0  0  0  0  0  0  0  0  0  0  0  0  0  0  0  0  0  0  0  0  0  0  0      5
AUG   0  0  0  0  0  0  0  0  0  0  0  0  0  0  0  0  0  0  0  0  0  0  0  0  0  0  0  0  0  0  0      0
SEP   0  0  0  0  0  0  0  0  0  0  0  0  0  0  0  0  0  0  0  0  0  0  0  0  0  0  0  0  0  0         0
OCT   0  0  0  0  0  0  0  0  0  0  0  0  0  0  0  0  0  0  0  0  0  0  0  0  0  0  0  0  0  0  0      0
NOV   0  0  0  0  0  0  0  0  0  0  0  0  0  0  0  0  0  0  0  0  0  0  0  0  0  0  0  0  0  0         0
DEC   0  0  0  0  0  0  0  0  0  0  0  0  0  0  0  0  0  0  0  0  0  0  0  0  0  0  0  0  0  0  0      0
                                                                                                        
-------------------------------------------------------------------------------------------------       
 Total  Precipitation (Hundreths of an Inch)                                                            
 DAY  1  2  3  4  5  6  7  8  9 10 11 12 13 14 15 16 17 18 19 20 21 22 23 24 25 26 27 28 29 30 31  MONTH
-------------------------------------------------------------------------------------------------       
JAN   6  6  6  5  5  5  5  5  5  5  5  5  5  5  5  5  5  5  5  5  5  5  5  5  5  5  5  5  5  5  6    159
FEB   6  6  6  6  6  6  6  6  6  6  6  6  6  6  7  7  7  7  6  6  6  6  6  6  6  6  6  6             172
MAR   6  6  6  6  6  5  5  5  5  5  5  5  5  5  5  5  4  4  4  4  4  4  4  4  4  4  4  3  3  3  3    141
APR   3  3  3  3  3  3  3  2  2  2  2  2  2  2  2  2  2  2  2  2  2  2  2  2  2  2  2  2  2  2        67
MAY   2  2  2  2  2  2  2  2  3  3  3  3  3  3  3  3  3  3  3  3  3  4  4  4  4  4  4  4  4  4  5     96
JUN   5  5  5  5  5  5  6  6  6  6  6  7  7  7  7  8  8  8  9  9  9 10 10 10 11 11 11 12 12 13       239
JUL  13 14 14 14 15 15 15 16 16 16 17 17 17 18 18 18 18 18 18 19 19 19 19 19 19 19 19 19 19 19 19    535
AUG  19 19 19 19 19 19 19 19 19 19 19 18 18 18 18 18 17 17 17 17 17 16 16 16 16 15 15 15 14 14 14    535
SEP  13 13 13 12 12 12 11 11 11 10 10 10 10  9  9  9  9  9  9  8  8  8  8  8  8  8  8  8  8  8       290
OCT   8  8  8  8  7  7  7  7  7  7  7  7  7  7  7  7  7  7  7  7  7  7  7  7  7  6  6  6  6  6  6    215
NOV   6  6  6  6  6  6  6  6  6  6  5  5  5  5  5  5  5  5  5  6  6  6  6  6  6  6  6  6  6  6       171
DEC   6  6  6  6  6  6  6  7  7  7  7  7  7  7  7  7  7  7  7  7  6  6  6  6  6  6  6  6  6  6  6    199
                                                                                                        
