-------------------------------------------------------------------------------------------------       
 1971-2000 Daily/Monthly Station Normals                                                                
 Provided by National Climatic Data Center/NESDIS/NOAA                                                  
-------------------------------------------------------------------------------------------------       
 Station COOP ID:                           298284                                                      
 Station Name, State, Division, Call:       SHIPROCK                           NM 01                    
 Latitude, Longitude, Elevation, Elements:  36 48 00 -108 41 00  4972 XNP                               
-------------------------------------------------------------------------------------------------       
 Minimum Temperature (deg F [tenths deg F for monthly])                                                 
 DAY  1  2  3  4  5  6  7  8  9 10 11 12 13 14 15 16 17 18 19 20 21 22 23 24 25 26 27 28 29 30 31  MONTH
-------------------------------------------------------------------------------------------------       
JAN  16 16 16 16 16 16 16 16 16 16 16 16 17 17 17 17 17 17 17 17 17 17 18 18 18 18 18 18 19 19 19    170
FEB  19 19 19 20 20 20 20 20 21 21 21 21 22 22 22 22 22 23 23 23 23 24 24 24 24 24 25 25             219
MAR  25 25 26 26 26 26 26 27 27 27 27 28 28 28 28 28 29 29 29 29 29 29 30 30 30 30 30 30 30 31 31    282
APR  31 31 31 31 31 32 32 32 32 32 33 33 33 33 33 34 34 34 35 35 35 35 36 36 36 37 37 37 38 38       339
MAY  38 39 39 39 40 40 40 41 41 41 41 42 42 42 43 43 43 44 44 44 44 45 45 45 46 46 46 46 47 47 47    429
JUN  47 48 48 48 48 49 49 49 49 50 50 50 50 51 51 51 51 52 52 52 53 53 53 53 54 54 54 54 55 55       511
JUL  55 56 56 56 56 57 57 57 57 58 58 58 58 58 58 58 59 59 59 59 59 59 59 59 59 59 59 59 59 59 59    580
AUG  59 59 59 59 59 59 59 59 59 58 58 58 58 58 58 57 57 57 57 57 56 56 56 56 55 55 55 55 54 54 54    571
SEP  53 53 53 52 52 52 51 51 50 50 50 49 49 49 48 48 47 47 47 46 46 45 45 45 44 44 43 43 43 42       479
OCT  42 41 41 40 40 40 39 39 38 38 37 37 37 36 36 36 35 35 34 34 34 33 33 33 32 32 32 31 31 31 30    357
NOV  30 30 29 29 29 28 28 28 28 27 27 27 26 26 26 25 25 25 25 24 24 23 23 23 23 22 22 22 21 21       255
DEC  21 20 20 20 20 19 19 19 19 18 18 18 18 18 17 17 17 17 17 17 17 16 16 16 16 16 16 16 16 16 16    176
                                                                                                        
-------------------------------------------------------------------------------------------------       
 Maximum Temperature (deg F [tenths deg F for monthly])                                                 
 DAY  1  2  3  4  5  6  7  8  9 10 11 12 13 14 15 16 17 18 19 20 21 22 23 24 25 26 27 28 29 30 31  MONTH
-------------------------------------------------------------------------------------------------       
JAN  43 43 43 43 43 43 43 43 43 43 43 44 44 44 44 44 44 44 44 45 45 45 45 45 46 46 46 47 47 47 47    444
FEB  48 48 48 49 49 49 50 50 50 51 51 51 52 52 52 53 53 53 54 54 55 55 55 56 56 56 57 57             523
MAR  58 58 58 59 59 59 60 60 61 61 61 61 62 62 62 63 63 63 64 64 64 64 65 65 65 65 66 66 66 66 67    625
APR  67 67 67 68 68 68 68 68 69 69 69 69 70 70 70 71 71 71 71 72 72 72 73 73 73 74 74 74 75 75       706
MAY  75 76 76 76 77 77 77 78 78 78 79 79 79 80 80 80 81 81 81 82 82 83 83 83 84 84 85 85 85 86 86    805
JUN  86 87 87 88 88 88 89 89 89 90 90 90 91 91 91 91 92 92 92 92 93 93 93 93 93 93 94 94 94 94       909
JUL  94 95 95 95 95 95 95 95 95 95 95 95 95 95 95 95 96 95 95 95 95 95 95 95 95 95 95 95 95 95 95    950
AUG  94 94 94 94 94 94 94 94 93 93 93 93 93 93 92 92 92 92 92 92 91 91 91 91 91 91 90 90 90 90 90    922
SEP  89 89 89 89 89 88 88 88 87 87 87 87 86 86 86 85 85 85 84 84 84 83 83 83 82 82 82 81 81 80       853
OCT  80 80 79 79 78 78 77 77 76 76 75 75 74 74 74 73 72 72 71 71 70 70 69 69 68 68 67 66 66 65 65    727
NOV  64 63 63 62 62 61 61 60 60 59 58 58 57 57 56 56 55 55 54 54 54 53 53 52 52 51 51 51 50 50       564
DEC  49 49 49 48 48 48 47 47 47 46 46 46 46 45 45 45 45 45 44 44 44 44 44 44 44 43 43 43 43 43 43    454
                                                                                                        
-------------------------------------------------------------------------------------------------       
 Average Temperature (deg F [tenths deg F for monthly])                                                 
 DAY  1  2  3  4  5  6  7  8  9 10 11 12 13 14 15 16 17 18 19 20 21 22 23 24 25 26 27 28 29 30 31  MONTH
-------------------------------------------------------------------------------------------------       
JAN  29 29 29 30 30 30 30 30 30 30 30 30 30 30 30 30 30 31 31 31 31 31 31 32 32 32 32 32 33 33 33    307
FEB  33 34 34 34 34 35 35 35 36 36 36 36 37 37 37 37 38 38 38 39 39 39 40 40 40 40 41 41             371
MAR  41 42 42 42 43 43 43 43 44 44 44 45 45 45 45 46 46 46 46 46 47 47 47 47 48 48 48 48 48 49 49    454
APR  49 49 49 50 50 50 50 50 51 51 51 51 51 52 52 52 53 53 53 53 54 54 54 54 55 55 55 56 56 56       523
MAY  57 57 57 58 58 58 59 59 60 60 60 60 61 61 61 62 62 62 63 63 63 64 64 64 65 65 65 66 66 66 67    617
JUN  67 67 68 68 68 68 69 69 69 70 70 70 70 71 71 71 72 72 72 72 73 73 73 73 73 74 74 74 74 75       710
JUL  75 75 75 75 76 76 76 76 76 76 76 77 77 77 77 77 77 77 77 77 77 77 77 77 77 77 77 77 77 77 77    765
AUG  77 77 77 77 76 76 76 76 76 76 76 76 75 75 75 75 75 75 74 74 74 74 74 73 73 73 73 72 72 72 72    747
SEP  71 71 71 70 70 70 70 69 69 69 68 68 68 67 67 67 66 66 66 65 65 64 64 64 63 63 62 62 62 61       666
OCT  61 60 60 59 59 59 58 58 57 57 56 56 56 55 55 54 54 53 53 52 52 52 51 51 50 50 49 49 48 48 48    542
NOV  47 47 46 46 45 45 44 44 44 43 43 42 42 41 41 41 40 40 40 39 39 38 38 38 37 37 36 36 36 35       410
DEC  35 35 34 34 34 33 33 33 33 32 32 32 32 31 31 31 31 31 31 30 30 30 30 30 30 30 30 30 30 30 29    315
                                                                                                        
-------------------------------------------------------------------------------------------------       
 Heating Degree Days                                                                                    
 DAY  1  2  3  4  5  6  7  8  9 10 11 12 13 14 15 16 17 18 19 20 21 22 23 24 25 26 27 28 29 30 31  MONTH
-------------------------------------------------------------------------------------------------       
JAN  36 36 36 36 35 35 35 35 35 35 35 35 35 35 35 35 35 34 34 34 34 34 34 33 33 33 33 33 32 32 32   1064
FEB  32 31 31 31 31 30 30 30 29 29 29 29 28 28 28 28 27 27 27 26 26 26 25 25 25 25 24 24             781
MAR  24 23 23 23 22 22 22 22 21 21 21 20 20 20 20 19 19 19 19 19 18 18 18 18 17 17 17 17 17 17 16    609
APR  16 16 16 16 15 15 15 15 15 14 14 14 14 13 13 13 13 13 12 12 12 12 11 11 11 10 10 10 10  9       390
MAY   9  9  8  8  8  8  7  7  7  6  6  6  6  6  5  5  5  5  4  4  4  4  4  3  3  3  3  3  3  3  2    164
JUN   2  2  2  2  2  2  2  2  1  1  1  1  1  1  1  1  1  1  1  1  0  0  0  0  0  0  0  0  0  0        28
JUL -99  0  0  0  0  0  0  0  0  0  0  0  0  0  0  0  0  0  0  0  0  0  0  0  0  0  0  0  0  0  0      1
AUG   0  0  0  0  0  0  0  0  0  0  0  0  0  0  0  0  0  0  0  0  0  0  0  0  0  0  0  0-99-99-99      3
SEP   0  0  0  0  1  1  1  1  1  1  1  1  1  2  2  2  2  2  2  3  3  3  3  4  4  4  4  5  5  5        64
OCT   5  6  6  6  7  7  7  8  8  8  9  9 10 10 10 11 11 12 12 12 13 13 14 14 15 15 15 16 16 17 17    339
NOV  18 18 19 19 20 20 21 21 21 22 22 23 23 24 24 24 25 25 26 26 26 27 27 28 28 28 29 29 29 30       722
DEC  30 30 31 31 31 32 32 32 32 33 33 33 33 34 34 34 34 34 34 35 35 35 35 35 35 35 35 35 35 36 36   1039
                                                                                                        
-------------------------------------------------------------------------------------------------       
 Cooling Degree Days                                                                                    
 DAY  1  2  3  4  5  6  7  8  9 10 11 12 13 14 15 16 17 18 19 20 21 22 23 24 25 26 27 28 29 30 31  MONTH
-------------------------------------------------------------------------------------------------       
JAN   0  0  0  0  0  0  0  0  0  0  0  0  0  0  0  0  0  0  0  0  0  0  0  0  0  0  0  0  0  0  0      0
FEB   0  0  0  0  0  0  0  0  0  0  0  0  0  0  0  0  0  0  0  0  0  0  0  0  0  0  0  0               0
MAR   0  0  0  0  0  0  0  0  0  0  0  0  0  0  0  0  0  0  0  0  0  0  0  0  0  0  0  0  0  0  0      0
APR   0  0  0  0  0  0  0  0  0  0  0  0  0  0  0  0  0  0  0  0  0  0  0  1  1  1  1  1  1  1         7
MAY   1  1  1  1  1  1  1  1  1  1  1  1  2  2  2  2  2  2  2  2  2  3  3  3  3  3  3  3  4  4  4     63
JUN   4  4  5  5  5  5  5  5  6  6  6  6  6  7  7  7  7  7  8  8  8  8  8  9  9  9  9  9 10 10       208
JUL  10 10 10 11 11 11 11 11 11 11 12 12 12 12 12 12 12 12 12 12 12 12 12 12 12 12 12 12 12 12 12    359
AUG  12 12 12 12 11 11 11 11 11 11 11 11 10 10 10 10 10 10  9  9  9  9  9  9  8  8  8  8  7  7  7    303
SEP   7  6  6  6  6  6  5  5  5  5  4  4  4  4  4  3  3  3  3  3  3  2  2  2  2  2  2  2  1  1       111
OCT   1  1  1  1  0  0  0  0  0  0  0  0  0  0  0  0  0  0  0  0  0  0  0  0  0  0  0  0  0  0  0      4
NOV   0  0  0  0  0  0  0  0  0  0  0  0  0  0  0  0  0  0  0  0  0  0  0  0  0  0  0  0  0  0         0
DEC   0  0  0  0  0  0  0  0  0  0  0  0  0  0  0  0  0  0  0  0  0  0  0  0  0  0  0  0  0  0  0      0
                                                                                                        
-------------------------------------------------------------------------------------------------       
 Total  Precipitation (Hundreths of an Inch)                                                            
 DAY  1  2  3  4  5  6  7  8  9 10 11 12 13 14 15 16 17 18 19 20 21 22 23 24 25 26 27 28 29 30 31  MONTH
-------------------------------------------------------------------------------------------------       
JAN   2  2  2  2  2  2  2  2  2  2  2  2  3  3  2  2  2  2  2  2  2  2  2  2  2  2  2  2  2  2  2     64
FEB   2  2  2  2  2  2  2  2  2  2  2  2  2  2  2  2  1  1  1  1  1  2  2  2  2  2  2  2              51
MAR   2  2  2  2  2  2  2  2  2  2  2  2  2  2  2  2  2  2  2  2  2  2  2  1  1  1  1  1  1  1  1     54
APR   2  2  1  1  1  1  1  1  1  1  1  1  1  1  1  1  1  1  1  1  2  2  2  2  2  2  2  2  2  2        42
MAY   2  2  2  2  2  2  2  2  2  2  2  2  2  2  2  2  2  2  2  2  2  2  2  2  2  2  2  2  2  1  1     60
JUN   1  1  1  1  1  1  1  1  1  1  1  0  0  0  0  0  0  0  0  1  1  1  1  1  1  1  1  1  1  1        22
JUL   1  1  1  2  2  2  2  2  2  2  2  2  2  2  2  3  3  3  3  3  3  3  3  3  3  3  3  3  3  3  3     75
AUG   3  3  3  4  4  4  4  4  4  4  4  4  4  4  4  4  4  4  4  4  4  4  4  3  3  3  3  3  3  3  3    113
SEP   3  3  3  3  3  3  3  3  3  3  3  3  3  3  2  2  2  2  2  2  2  2  2  2  2  2  2  2  2  2        74
OCT   2  2  2  2  2  2  2  2  2  2  2  2  2  2  3  3  3  3  3  3  3  3  3  3  3  3  3  3  3  2  2     77
NOV   3  3  3  3  3  3  3  3  3  2  2  2  2  2  2  2  2  2  2  2  2  2  2  2  2  2  2  2  2  2        69
DEC   2  2  2  2  2  2  2  2  2  2  2  2  2  2  2  2  2  1  2  2  2  2  2  2  2  2  2  2  2  2  2     61
                                                                                                        
