-------------------------------------------------------------------------------------------------       
 1971-2000 Daily/Monthly Station Normals                                                                
 Provided by National Climatic Data Center/NESDIS/NOAA                                                  
-------------------------------------------------------------------------------------------------       
 Station COOP ID:                           296115                                                      
 Station Name, State, Division, Call:       NEWKIRK                            NM 03                    
 Latitude, Longitude, Elevation, Elements:  35 04 00 -104 15 00  4563 XNP                               
-------------------------------------------------------------------------------------------------       
 Minimum Temperature (deg F [tenths deg F for monthly])                                                 
 DAY  1  2  3  4  5  6  7  8  9 10 11 12 13 14 15 16 17 18 19 20 21 22 23 24 25 26 27 28 29 30 31  MONTH
-------------------------------------------------------------------------------------------------       
JAN  22 22 22 22 22 22 22 22 22 22 22 22 22 22 22 22 23 23 23 23 23 23 23 23 23 23 23 24 24 24 24    226
FEB  24 24 24 24 25 25 25 25 25 25 26 26 26 26 26 26 27 27 27 27 27 27 28 28 28 28 29 29             262
MAR  29 29 29 30 30 30 30 30 31 31 31 31 31 32 32 32 32 33 33 33 33 34 34 34 34 34 35 35 35 35 36    322
APR  36 36 36 37 37 37 37 38 38 38 38 39 39 39 39 40 40 40 40 41 41 41 42 42 42 42 43 43 43 44       396
MAY  44 44 45 45 45 46 46 46 47 47 47 48 48 48 48 49 49 49 50 50 50 51 51 52 52 52 53 53 53 54 54    489
JUN  54 55 55 55 56 56 56 57 57 57 58 58 58 58 59 59 59 59 60 60 60 60 60 61 61 61 61 61 62 62       585
JUL  62 62 62 62 62 63 63 63 63 63 63 63 63 63 63 63 63 64 64 64 64 64 64 64 64 64 64 64 64 64 64    633
AUG  64 64 64 63 63 63 63 63 63 63 63 63 63 62 62 62 62 62 62 62 61 61 61 61 61 60 60 60 60 59 59    619
SEP  59 59 58 58 58 58 57 57 57 56 56 56 55 55 55 54 54 54 53 53 53 52 52 52 51 51 50 50 50 49       544
OCT  49 48 48 48 47 47 46 46 45 45 45 44 44 43 43 43 42 42 41 41 41 40 40 40 39 39 38 38 38 37 37    427
NOV  36 36 36 35 35 35 34 34 34 33 33 33 32 32 31 31 31 30 30 30 29 29 29 29 28 28 28 27 27 27       314
DEC  26 26 26 26 25 25 25 25 24 24 24 24 24 23 23 23 23 23 23 23 23 22 22 22 22 22 22 22 22 22 22    235
                                                                                                        
-------------------------------------------------------------------------------------------------       
 Maximum Temperature (deg F [tenths deg F for monthly])                                                 
 DAY  1  2  3  4  5  6  7  8  9 10 11 12 13 14 15 16 17 18 19 20 21 22 23 24 25 26 27 28 29 30 31  MONTH
-------------------------------------------------------------------------------------------------       
JAN  51 51 51 52 52 52 52 52 52 52 52 52 52 52 52 52 52 53 53 53 53 53 53 53 54 54 54 54 54 54 55    526
FEB  55 55 55 55 56 56 56 56 57 57 57 57 57 58 58 58 58 59 59 59 59 60 60 60 60 60 61 61             578
MAR  61 62 62 62 62 62 63 63 63 63 64 64 64 64 65 65 65 65 66 66 66 66 67 67 67 67 68 68 68 68 69    649
APR  69 69 69 70 70 70 70 70 71 71 71 71 72 72 72 72 73 73 73 74 74 74 74 75 75 75 75 76 76 76       724
MAY  76 77 77 77 78 78 78 78 79 79 79 80 80 80 81 81 81 82 82 82 83 83 83 84 84 84 85 85 86 86 86    811
JUN  87 87 87 88 88 88 89 89 89 90 90 90 90 91 91 91 91 91 92 92 92 92 92 92 92 92 92 92 92 93       904
JUL  92 92 93 93 93 93 93 93 92 92 92 92 92 92 92 92 92 92 92 92 92 92 92 92 92 92 92 92 92 92 92    922
AUG  91 91 91 91 91 91 91 91 91 91 90 90 90 90 90 90 90 90 89 89 89 89 89 89 88 88 88 88 88 87 87    896
SEP  87 87 87 86 86 86 86 85 85 85 85 85 84 84 84 84 83 83 83 83 82 82 82 81 81 81 81 80 80 80       836
OCT  79 79 79 79 78 78 78 77 77 76 76 76 75 75 75 74 74 73 73 73 72 72 71 71 70 70 70 69 69 68 68    740
NOV  67 67 66 66 65 65 64 64 63 63 63 62 62 61 61 61 60 60 59 59 59 58 58 58 57 57 57 56 56 56       610
DEC  56 55 55 55 55 54 54 54 54 53 53 53 53 53 53 52 52 52 52 52 52 52 52 52 52 52 51 51 51 51 51    528
                                                                                                        
-------------------------------------------------------------------------------------------------       
 Average Temperature (deg F [tenths deg F for monthly])                                                 
 DAY  1  2  3  4  5  6  7  8  9 10 11 12 13 14 15 16 17 18 19 20 21 22 23 24 25 26 27 28 29 30 31  MONTH
-------------------------------------------------------------------------------------------------       
JAN  37 37 37 37 37 37 37 37 37 37 37 37 37 37 37 37 37 38 38 38 38 38 38 38 38 38 39 39 39 39 39    376
FEB  39 40 40 40 40 40 40 41 41 41 41 41 42 42 42 42 42 43 43 43 43 44 44 44 44 44 45 45             420
MAR  45 45 46 46 46 46 47 47 47 47 47 48 48 48 48 49 49 49 49 50 50 50 50 50 51 51 51 51 52 52 52    486
APR  52 53 53 53 53 54 54 54 54 54 55 55 55 56 56 56 56 57 57 57 57 58 58 58 58 59 59 59 60 60       560
MAY  60 60 61 61 61 62 62 62 63 63 63 64 64 64 65 65 65 66 66 66 67 67 67 68 68 68 69 69 69 70 70    650
JUN  71 71 71 72 72 72 73 73 73 73 74 74 74 74 75 75 75 75 76 76 76 76 76 76 77 77 77 77 77 77       745
JUL  77 77 77 77 77 78 78 78 78 78 78 78 78 78 78 78 78 78 78 78 78 78 78 78 78 78 78 78 78 78 78    778
AUG  78 78 77 77 77 77 77 77 77 77 77 77 76 76 76 76 76 76 76 75 75 75 75 75 75 74 74 74 74 73 73    758
SEP  73 73 73 72 72 72 71 71 71 71 70 70 70 70 69 69 69 68 68 68 67 67 67 67 66 66 66 65 65 64       690
OCT  64 64 63 63 63 62 62 62 61 61 60 60 60 59 59 59 58 58 57 57 56 56 56 55 55 54 54 54 53 53 52    584
NOV  52 51 51 51 50 50 49 49 48 48 48 47 47 47 46 46 45 45 45 44 44 44 43 43 43 43 42 42 42 41       462
DEC  41 41 40 40 40 40 39 39 39 39 39 38 38 38 38 38 38 38 37 37 37 37 37 37 37 37 37 37 37 37 37    382
                                                                                                        
-------------------------------------------------------------------------------------------------       
 Heating Degree Days                                                                                    
 DAY  1  2  3  4  5  6  7  8  9 10 11 12 13 14 15 16 17 18 19 20 21 22 23 24 25 26 27 28 29 30 31  MONTH
-------------------------------------------------------------------------------------------------       
JAN  28 28 28 28 28 28 28 28 28 28 28 28 28 28 28 28 28 27 27 27 27 27 27 27 27 27 26 26 26 26 26    849
FEB  26 25 25 25 25 25 25 24 24 24 24 24 23 23 23 23 23 22 22 22 22 22 21 21 21 21 20 20             645
MAR  20 20 19 19 19 19 19 18 18 18 18 17 17 17 17 16 16 16 16 16 15 15 15 15 14 14 14 14 13 13 13    510
APR  13 13 12 12 12 12 11 11 11 11 11 10 10 10 10  9  9  9  9  9  8  8  8  8  7  7  7  7  6  6       286
MAY   6  6  6  5  5  5  5  5  4  4  4  4  4  3  3  3  3  3  3  2  2  2  2  2  2  2  2  1  1  1  1    101
JUN   1  1  1  1  1  1  0  0  0  0  0  0  0  0  0  0  0  0  0  0  0  0  0  0  0  0  0  0  0  0         6
JUL   0  0  0  0  0  0  0  0  0  0  0  0  0  0  0  0  0  0  0  0  0  0  0  0  0  0  0  0  0  0  0      0
AUG -99  0  0  0  0  0  0  0  0  0  0  0  0  0  0  0  0  0  0  0  0  0  0  0  0  0  0  0  0  0  0      1
SEP   0  0  0  0  0  0  0  0  0  0  0  0  1  1  1  1  1  1  1  1  1  2  2  2  2  2  2  2  3  3        29
OCT   3  3  3  4  4  4  4  4  5  5  5  5  6  6  6  7  7  7  8  8  8  9  9 10 10 10 11 11 12 12 13    219
NOV  13 13 14 14 15 15 16 16 16 17 17 18 18 18 19 19 20 20 20 21 21 21 22 22 22 23 23 23 23 24       563
DEC  24 24 25 25 25 25 26 26 26 26 27 27 27 27 27 27 27 28 28 28 28 28 28 28 28 28 28 28 28 28 28    833
                                                                                                        
-------------------------------------------------------------------------------------------------       
 Cooling Degree Days                                                                                    
 DAY  1  2  3  4  5  6  7  8  9 10 11 12 13 14 15 16 17 18 19 20 21 22 23 24 25 26 27 28 29 30 31  MONTH
-------------------------------------------------------------------------------------------------       
JAN   0  0  0  0  0  0  0  0  0  0  0  0  0  0  0  0  0  0  0  0  0  0  0  0  0  0  0  0  0  0  0      0
FEB   0  0  0  0  0  0  0  0  0  0  0  0  0  0  0  0  0  0  0  0  0  0  0  0  0  0  0  0               0
MAR   0  0  0  0  0  0  0  0  0  0  0  0  0  0  0  0  0  0  0  0  0  0  0  0  0  0  0  0  0  0  0      0
APR   0  0  0  0  0  0  0  0  0  0  0  0  0  0  1  1  1  1  1  1  1  1  1  1  1  1  1  1  1  1        16
MAY   1  1  1  1  2  2  2  2  2  2  2  2  3  3  3  3  3  3  4  4  4  4  4  5  5  5  5  5  6  6  6    101
JUN   7  7  7  7  8  8  8  8  9  9  9  9  9 10 10 10 10 10 10 11 11 11 11 11 11 11 12 12 12 12       290
JUL  12 12 12 12 12 12 12 13 13 13 13 13 13 13 13 13 13 13 13 13 13 13 13 13 13 13 13 13 13 13 12    395
AUG  13 13 12 12 12 12 12 12 12 12 12 12 11 11 11 11 11 11 11 10 10 10 10 10  9  9  9  9  9  8  8    334
SEP   8  8  8  7  7  7  7  6  6  6  6  6  5  5  5  5  5  4  4  4  4  4  3  3  3  3  3  3  2  2       149
OCT   2  2  1  1  1  1  1  1  1  1  0  0  0  0  0  0  0  0  0  0  0  0  0  0  0  0  0  0  0  0  0     12
NOV   0  0  0  0  0  0  0  0  0  0  0  0  0  0  0  0  0  0  0  0  0  0  0  0  0  0  0  0  0  0         0
DEC   0  0  0  0  0  0  0  0  0  0  0  0  0  0  0  0  0  0  0  0  0  0  0  0  0  0  0  0  0  0  0      0
                                                                                                        
-------------------------------------------------------------------------------------------------       
 Total  Precipitation (Hundreths of an Inch)                                                            
 DAY  1  2  3  4  5  6  7  8  9 10 11 12 13 14 15 16 17 18 19 20 21 22 23 24 25 26 27 28 29 30 31  MONTH
-------------------------------------------------------------------------------------------------       
JAN   2  2  2  2  2  2  1  1  1  1  1  1  1  1  1  1  1  1  1  1  1  1  1  1  1  1  1  1  1  1  1     37
FEB   1  1  1  1  1  1  1  1  1  1  1  1  1  1  1  1  1  2  2  2  2  2  2  2  2  2  2  2              39
MAR   2  2  2  2  2  2  2  2  2  2  2  2  2  2  2  2  2  2  2  2  2  2  2  2  3  3  3  3  3  3  3     69
APR   3  3  3  3  3  3  3  3  3  3  3  3  3  3  3  3  3  3  3  3  3  4  4  4  4  4  4  4  4  4        99
MAY   4  4  4  4  4  4  4  5  5  5  5  5  5  5  5  5  5  5  5  5  5  5  5  5  5  5  5  5  5  5  5    148
JUN   5  5  5  5  5  5  5  5  5  5  5  5  5  5  5  5  5  6  6  6  6  6  6  6  6  7  7  7  7  7       168
JUL   7  7  8  8  8  8  8  8  8  9  9  9  9  9  9  9  9  9  9 10 10 10 10 10 10 10 10 10 10 10 10    280
AUG  10 10 10 10 10 10 10 10 10 10  9  9  9  9  9  9  9  9  9  9  9  8  8  8  8  8  8  8  8  7  7    277
SEP   7  7  7  7  6  6  6  6  6  6  6  6  6  6  5  5  5  5  5  5  5  5  5  5  5  5  5  5  5  5       168
OCT   5  5  5  5  5  5  5  5  5  5  5  5  5  5  5  5  5  5  5  5  5  4  4  4  4  4  4  4  4  4  4    145
NOV   3  3  3  3  3  3  2  2  2  2  2  2  2  2  2  2  2  2  2  2  2  2  2  2  2  2  2  2  2  2        66
DEC   2  2  2  2  2  2  2  2  2  2  2  2  2  2  2  2  2  2  2  2  2  2  2  2  1  1  1  1  1  1  1     55
                                                                                                        
