-------------------------------------------------------------------------------------------------       
 1971-2000 Daily/Monthly Station Normals                                                                
 Provided by National Climatic Data Center/NESDIS/NOAA                                                  
-------------------------------------------------------------------------------------------------       
 Station COOP ID:                           290234                                                      
 Station Name, State, Division, Call:       ALBUQUERQUE INTL AP                NM 05 ABQ                
 Latitude, Longitude, Elevation, Elements:  35 02 32 -106 36 23  5310 XNP                               
-------------------------------------------------------------------------------------------------       
 Minimum Temperature (deg F [tenths deg F for monthly])                                                 
 DAY  1  2  3  4  5  6  7  8  9 10 11 12 13 14 15 16 17 18 19 20 21 22 23 24 25 26 27 28 29 30 31  MONTH
-------------------------------------------------------------------------------------------------       
JAN  23 23 23 23 23 23 23 23 23 23 23 23 23 23 24 24 24 24 24 24 24 24 24 24 25 25 25 25 25 25 26    238
FEB  26 26 26 26 27 27 27 27 27 27 28 28 28 28 28 28 29 29 29 29 29 30 30 30 30 30 30 31             282
MAR  31 31 31 31 32 32 32 32 32 33 33 33 33 33 33 34 34 34 34 34 35 35 35 35 35 36 36 36 36 37 37    337
APR  37 37 37 38 38 38 38 39 39 39 39 39 40 40 40 40 41 41 41 42 42 42 42 43 43 43 44 44 44 45       405
MAY  45 45 46 46 46 46 47 47 47 48 48 48 49 49 49 50 50 50 51 51 51 52 52 52 53 53 53 54 54 54 55    497
JUN  55 55 56 56 56 57 57 57 58 58 58 59 59 59 59 60 60 60 61 61 61 61 62 62 62 62 62 63 63 63       594
JUL  63 64 64 64 64 64 64 64 64 65 65 65 65 65 65 65 65 65 65 65 65 65 65 65 65 65 65 65 65 65 65    647
AUG  65 65 65 65 65 65 64 64 64 64 64 64 64 64 64 63 63 63 63 63 63 62 62 62 62 62 61 61 61 61 61    632
SEP  60 60 60 60 59 59 59 59 58 58 58 57 57 57 56 56 56 55 55 55 54 54 54 53 53 52 52 52 51 51       560
OCT  50 50 49 49 49 48 48 47 47 46 46 46 45 45 44 44 43 43 42 42 42 41 41 40 40 40 39 39 38 38 37    438
NOV  37 36 36 36 35 35 34 34 34 33 33 33 32 32 32 31 31 31 30 30 30 29 29 29 28 28 28 28 27 27       316
DEC  27 26 26 26 26 26 25 25 25 25 25 24 24 24 24 24 24 24 24 23 23 23 23 23 23 23 23 23 23 23 23    242
                                                                                                        
-------------------------------------------------------------------------------------------------       
 Maximum Temperature (deg F [tenths deg F for monthly])                                                 
 DAY  1  2  3  4  5  6  7  8  9 10 11 12 13 14 15 16 17 18 19 20 21 22 23 24 25 26 27 28 29 30 31  MONTH
-------------------------------------------------------------------------------------------------       
JAN  46 46 46 46 46 46 46 46 46 47 47 47 47 47 47 47 47 48 48 48 48 48 49 49 49 49 49 50 50 50 51    476
FEB  51 51 51 52 52 52 53 53 53 53 54 54 54 55 55 55 55 56 56 56 56 57 57 57 57 58 58 58             546
MAR  58 59 59 59 60 60 60 60 61 61 61 61 62 62 62 62 63 63 63 63 64 64 64 64 65 65 65 66 66 66 66    624
APR  67 67 67 67 68 68 68 69 69 69 69 70 70 70 70 71 71 71 72 72 72 72 73 73 73 73 74 74 74 75       706
MAY  75 75 75 76 76 76 77 77 77 77 78 78 78 79 79 79 80 80 81 81 81 82 82 83 83 83 84 84 85 85 85    797
JUN  86 86 87 87 87 88 88 89 89 89 90 90 90 90 91 91 91 91 91 92 92 92 92 92 92 92 92 93 93 93       902
JUL  93 93 93 93 93 93 93 93 93 93 93 93 92 92 92 92 92 92 92 92 92 92 92 92 92 92 92 92 91 91 91    923
AUG  91 91 91 91 91 91 90 90 90 90 90 90 90 89 89 89 89 89 89 88 88 88 88 88 88 87 87 87 87 87 86    890
SEP  86 86 86 85 85 85 85 85 84 84 84 83 83 83 83 82 82 82 81 81 81 80 80 80 79 79 79 78 78 77       822
OCT  77 77 76 76 75 75 75 74 74 73 73 73 72 72 71 71 70 70 70 69 69 68 68 67 67 66 66 65 65 64 64    707
NOV  63 63 62 62 61 61 61 60 60 59 59 58 58 58 57 57 56 56 55 55 55 54 54 54 53 53 53 52 52 52       571
DEC  51 51 51 50 50 50 49 49 49 49 48 48 48 48 48 48 47 47 47 47 47 47 47 47 46 46 46 46 46 46 46    479
                                                                                                        
-------------------------------------------------------------------------------------------------       
 Average Temperature (deg F [tenths deg F for monthly])                                                 
 DAY  1  2  3  4  5  6  7  8  9 10 11 12 13 14 15 16 17 18 19 20 21 22 23 24 25 26 27 28 29 30 31  MONTH
-------------------------------------------------------------------------------------------------       
JAN  34 34 34 35 35 35 35 35 35 35 35 35 35 35 35 35 35 36 36 36 36 36 36 37 37 37 37 37 38 38 38    357
FEB  38 39 39 39 39 39 40 40 40 40 41 41 41 41 42 42 42 42 42 43 43 43 43 44 44 44 44 44             414
MAR  45 45 45 45 46 46 46 46 46 47 47 47 47 48 48 48 48 49 49 49 49 49 50 50 50 50 51 51 51 51 52    481
APR  52 52 52 53 53 53 53 54 54 54 54 55 55 55 55 56 56 56 56 57 57 57 58 58 58 58 59 59 59 60       556
MAY  60 60 60 61 61 61 62 62 62 63 63 63 64 64 64 65 65 65 66 66 66 67 67 67 68 68 68 69 69 70 70    647
JUN  70 71 71 72 72 72 73 73 73 74 74 74 74 75 75 75 76 76 76 76 76 77 77 77 77 77 77 78 78 78       748
JUL  78 78 78 78 78 78 78 78 78 79 79 79 79 79 79 79 79 79 79 79 79 79 79 79 79 78 78 78 78 78 78    785
AUG  78 78 78 78 78 78 77 77 77 77 77 77 77 77 76 76 76 76 76 76 75 75 75 75 75 75 74 74 74 74 73    761
SEP  73 73 73 73 72 72 72 72 71 71 71 70 70 70 69 69 69 69 68 68 68 67 67 66 66 66 65 65 64 64       691
OCT  64 63 63 62 62 62 61 61 60 60 60 59 59 58 58 57 57 56 56 56 55 55 54 54 53 53 52 52 52 51 51    573
NOV  50 50 49 49 48 48 48 47 47 46 46 46 45 45 44 44 44 43 43 43 42 42 41 41 41 41 40 40 40 39       444
DEC  39 39 38 38 38 38 37 37 37 37 37 36 36 36 36 36 36 35 35 35 35 35 35 35 35 35 35 35 35 34 34    361
                                                                                                        
-------------------------------------------------------------------------------------------------       
 Heating Degree Days                                                                                    
 DAY  1  2  3  4  5  6  7  8  9 10 11 12 13 14 15 16 17 18 19 20 21 22 23 24 25 26 27 28 29 30 31  MONTH
-------------------------------------------------------------------------------------------------       
JAN  31 31 31 31 31 30 30 30 30 30 30 30 30 30 30 30 30 30 29 29 29 29 29 29 28 28 28 28 28 28 27    914
FEB  27 27 27 26 26 26 26 25 25 25 25 25 24 24 24 24 23 23 23 23 22 22 22 22 21 21 21 21             670
MAR  20 20 20 20 20 19 19 19 19 18 18 18 18 17 17 17 17 16 16 16 16 16 15 15 15 15 14 14 14 14 13    525
APR  13 13 13 13 12 12 12 12 11 11 11 11 11 10 10 10 10  9  9  9  8  8  8  8  7  7  7  7  6  6       294
MAY   6  6  5  5  5  4  4  4  4  4  3  3  3  3  3  2  2  2  2  2  2  2  1  1  1  1  1  1  1  1  1     85
JUN   1  1  1  1  0  0  0  0  0  0  0  0  0  0  0  0  0  0  0  0  0  0  0  0  0  0  0  0  0  0         4
JUL   0  0  0  0  0  0  0  0  0  0  0  0  0  0  0  0  0  0  0  0  0  0  0  0  0  0  0  0  0  0  0      0
AUG   0  0  0  0  0  0  0  0  0  0  0  0  0  0  0  0  0  0  0  0  0  0  0  0  0  0  0  0  0  0  0      0
SEP   0  0  0  0  0  0  0  0  0  0  0  0  0  1  1  1  1  1  1  1  1  2  2  2  2  2  2  3  3  3        29
OCT   3  4  4  4  4  5  5  5  5  6  6  6  7  7  7  8  8  8  9  9 10 10 10 11 11 12 12 12 13 13 14    248
NOV  14 15 15 16 16 17 17 18 18 19 19 19 20 20 21 21 21 22 22 22 23 23 23 24 24 24 25 25 25 26       614
DEC  26 26 27 27 27 27 28 28 28 28 28 29 29 29 29 29 29 30 30 30 30 30 30 30 30 30 30 31 31 31 31    898
                                                                                                        
-------------------------------------------------------------------------------------------------       
 Cooling Degree Days                                                                                    
 DAY  1  2  3  4  5  6  7  8  9 10 11 12 13 14 15 16 17 18 19 20 21 22 23 24 25 26 27 28 29 30 31  MONTH
-------------------------------------------------------------------------------------------------       
JAN   0  0  0  0  0  0  0  0  0  0  0  0  0  0  0  0  0  0  0  0  0  0  0  0  0  0  0  0  0  0  0      0
FEB   0  0  0  0  0  0  0  0  0  0  0  0  0  0  0  0  0  0  0  0  0  0  0  0  0  0  0  0               0
MAR   0  0  0  0  0  0  0  0  0  0  0  0  0  0  0  0  0  0  0  0  0  0  0  0  0  0  0  0  0  0  0      0
APR   0  0  0  0  0  0  0  0  0  0  0  0  0  0  0  0  0  0  0  0  0  0  0  0-99-99-99-99-99-99         6
MAY   0  0  0  0  1  1  1  1  1  1  1  1  1  2  2  2  2  2  2  3  3  3  3  4  4  4  4  5  5  5  6     70
JUN   6  6  7  7  7  8  8  8  9  9  9  9 10 10 10 10 11 11 11 11 11 11 12 12 12 12 12 12 13 13       297
JUL  13 13 13 13 13 13 13 13 13 13 13 14 14 14 14 14 14 14 14 14 14 14 14 14 14 13 13 13 13 13 13    417
AUG  13 13 13 13 13 13 12 12 12 12 12 12 12 12 11 11 11 11 11 11 10 10 10 10 10  9  9  9  9  9  8    343
SEP   8  8  8  7  7  7  7  6  6  6  6  6  5  5  5  5  5  4  4  4  4  4  3  3  3  3  3  2  2  2       148
OCT   2  1  1  1  1  1  1  1  0  0  0  0  0  0  0  0  0  0  0  0  0  0  0  0  0  0  0  0  0  0  0      9
NOV   0  0  0  0  0  0  0  0  0  0  0  0  0  0  0  0  0  0  0  0  0  0  0  0  0  0  0  0  0  0         0
DEC   0  0  0  0  0  0  0  0  0  0  0  0  0  0  0  0  0  0  0  0  0  0  0  0  0  0  0  0  0  0  0      0
                                                                                                        
-------------------------------------------------------------------------------------------------       
 Total  Precipitation (Hundreths of an Inch)                                                            
 DAY  1  2  3  4  5  6  7  8  9 10 11 12 13 14 15 16 17 18 19 20 21 22 23 24 25 26 27 28 29 30 31  MONTH
-------------------------------------------------------------------------------------------------       
JAN   1  1  2  2  2  2  2  2  2  2  2  2  2  2  2  2  2  2  2  2  1  1  1  1  1  1  1  1  1  1  1     49
FEB   1  1  1  1  1  1  1  1  1  1  1  1  2  2  2  2  2  2  2  2  2  2  2  2  2  2  2  2              44
MAR   1  2  2  2  2  2  2  2  2  2  2  2  2  2  2  2  2  2  2  2  2  2  2  2  2  2  2  2  2  2  2     61
APR   2  2  2  2  2  2  2  2  2  2  2  1  1  1  1  1  1  1  1  1  1  2  2  2  2  2  2  2  2  2        50
MAY   1  1  2  2  2  2  2  2  2  2  2  2  2  2  2  2  2  2  2  2  2  2  2  2  2  2  2  2  2  2  2     60
JUN   2  2  2  2  2  2  2  2  2  2  2  2  2  2  2  2  2  2  2  2  2  2  2  2  2  3  3  3  3  3        65
JUL   3  3  3  3  3  3  3  3  4  4  4  4  4  4  4  4  4  4  4  4  5  5  5  5  5  5  5  5  5  5  5    127
AUG   5  5  5  6  6  6  6  6  6  6  6  6  6  6  6  6  6  6  6  6  6  5  5  5  5  5  5  5  5  5  5    173
SEP   5  5  4  4  4  4  4  4  4  4  4  4  4  4  4  3  3  3  3  3  3  3  3  3  3  3  3  3  3  3       107
OCT   3  3  3  3  3  3  3  4  4  4  4  4  4  4  3  3  3  3  3  3  3  3  3  3  3  3  3  3  3  3  3    100
NOV   3  3  2  2  2  2  2  2  2  2  2  2  2  2  2  2  2  2  2  2  2  2  2  2  2  2  2  2  2  2        62
DEC   2  2  2  2  2  2  2  2  2  2  2  2  2  2  2  1  1  1  1  1  1  1  1  1  1  1  1  1  2  2  2     49
                                                                                                        
