-------------------------------------------------------------------------------------------------       
 1971-2000 Daily/Monthly Station Normals                                                                
 Provided by National Climatic Data Center/NESDIS/NOAA                                                  
-------------------------------------------------------------------------------------------------       
 Station COOP ID:                           290858                                                      
 Station Name, State, Division, Call:       BELL RANCH                         NM 03                    
 Latitude, Longitude, Elevation, Elements:  35 32 00 -104 06 00  4500 XNP                               
-------------------------------------------------------------------------------------------------       
 Minimum Temperature (deg F [tenths deg F for monthly])                                                 
 DAY  1  2  3  4  5  6  7  8  9 10 11 12 13 14 15 16 17 18 19 20 21 22 23 24 25 26 27 28 29 30 31  MONTH
-------------------------------------------------------------------------------------------------       
JAN  18 18 18 18 18 18 18 18 18 18 18 18 18 18 18 19 19 19 19 19 19 19 19 19 19 20 20 20 20 20 20    187
FEB  20 21 21 21 21 21 21 22 22 22 22 22 22 23 23 23 23 23 23 24 24 24 24 24 25 25 25 25             227
MAR  25 26 26 26 26 26 27 27 27 27 28 28 28 28 28 29 29 29 30 30 30 30 31 31 31 31 32 32 32 33 33    289
APR  33 33 34 34 34 35 35 35 36 36 36 37 37 37 38 38 38 38 39 39 39 40 40 40 41 41 41 42 42 43       377
MAY  43 43 43 44 44 44 45 45 45 46 46 47 47 47 48 48 48 49 49 49 50 50 50 51 51 51 52 52 52 53 53    479
JUN  53 54 54 54 55 55 55 55 56 56 56 57 57 57 57 58 58 58 58 59 59 59 59 60 60 60 60 61 61 61       574
JUL  61 61 62 62 62 62 62 62 62 63 63 63 63 63 63 63 63 63 63 63 64 64 64 64 64 64 64 64 64 64 64    630
AUG  64 64 63 63 63 63 63 63 63 63 63 63 62 62 62 62 62 62 62 61 61 61 61 60 60 60 60 60 59 59 59    617
SEP  58 58 58 58 57 57 57 56 56 56 55 55 55 54 54 53 53 53 52 52 51 51 51 50 50 49 49 48 48 48       534
OCT  47 47 46 46 45 45 44 44 44 43 43 42 42 41 41 40 40 39 39 39 38 38 37 37 36 36 36 35 35 34 34    404
NOV  33 33 33 32 32 31 31 30 30 30 29 29 28 28 28 27 27 27 26 26 26 25 25 25 24 24 23 23 23 23       277
DEC  22 22 22 21 21 21 20 20 20 20 20 19 19 19 19 19 19 18 18 18 18 18 18 18 18 18 18 18 18 18 18    192
                                                                                                        
-------------------------------------------------------------------------------------------------       
 Maximum Temperature (deg F [tenths deg F for monthly])                                                 
 DAY  1  2  3  4  5  6  7  8  9 10 11 12 13 14 15 16 17 18 19 20 21 22 23 24 25 26 27 28 29 30 31  MONTH
-------------------------------------------------------------------------------------------------       
JAN  52 52 52 52 52 53 53 53 53 53 53 53 53 53 53 53 53 53 54 54 54 54 54 54 54 55 55 55 55 55 56    535
FEB  56 56 56 56 57 57 57 57 57 58 58 58 58 58 59 59 59 59 60 60 60 60 60 61 61 61 61 62             586
MAR  62 62 63 63 63 63 64 64 64 64 65 65 65 65 65 66 66 66 66 67 67 67 67 68 68 68 68 69 69 69 69    657
APR  70 70 70 70 71 71 71 71 72 72 72 72 73 73 73 73 74 74 74 74 75 75 75 75 75 76 76 76 76 77       732
MAY  77 77 77 78 78 78 78 79 79 79 79 80 80 80 81 81 81 82 82 82 82 83 83 83 84 84 85 85 85 86 86    811
JUN  86 87 87 87 88 88 88 89 89 89 90 90 90 90 90 91 91 91 91 91 92 92 92 92 92 92 92 92 92 92       901
JUL  92 92 92 92 92 93 93 93 93 93 93 93 93 93 93 93 93 92 92 92 92 92 92 92 92 92 92 92 92 92 92    924
AUG  92 92 92 92 92 91 91 91 91 91 91 91 91 91 91 90 90 90 90 90 90 89 89 89 89 89 89 88 88 88 88    902
SEP  88 87 87 87 87 86 86 86 86 86 85 85 85 85 84 84 84 84 83 83 83 82 82 82 82 81 81 81 81 80       841
OCT  80 80 79 79 79 78 78 78 77 77 77 76 76 76 75 75 75 74 74 73 73 73 72 72 71 71 70 70 70 69 69    747
NOV  68 68 67 67 66 66 66 65 65 64 64 64 63 63 62 62 62 61 61 60 60 60 59 59 59 58 58 58 57 57       623
DEC  57 57 56 56 56 55 55 55 55 54 54 54 54 54 54 53 53 53 53 53 53 53 53 53 53 52 52 52 52 52 52    538
                                                                                                        
-------------------------------------------------------------------------------------------------       
 Average Temperature (deg F [tenths deg F for monthly])                                                 
 DAY  1  2  3  4  5  6  7  8  9 10 11 12 13 14 15 16 17 18 19 20 21 22 23 24 25 26 27 28 29 30 31  MONTH
-------------------------------------------------------------------------------------------------       
JAN  35 35 35 35 35 35 35 35 35 35 36 36 36 36 36 36 36 36 36 36 36 37 37 37 37 37 37 37 38 38 38    361
FEB  38 38 38 39 39 39 39 39 40 40 40 40 40 41 41 41 41 41 42 42 42 42 42 43 43 43 43 44             407
MAR  44 44 44 44 45 45 45 45 46 46 46 46 46 47 47 47 47 48 48 48 48 49 49 49 50 50 50 50 51 51 51    473
APR  51 52 52 52 53 53 53 53 54 54 54 55 55 55 55 56 56 56 56 57 57 57 58 58 58 58 59 59 59 60       555
MAY  60 60 60 61 61 61 62 62 62 63 63 63 63 64 64 64 65 65 65 66 66 66 67 67 67 68 68 68 69 69 70    645
JUN  70 70 71 71 71 72 72 72 72 73 73 73 73 74 74 74 74 75 75 75 75 75 76 76 76 76 76 76 77 77       738
JUL  77 77 77 77 77 77 77 77 77 78 78 78 78 78 78 78 78 78 78 78 78 78 78 78 78 78 78 78 78 78 78    777
AUG  78 78 78 78 77 77 77 77 77 77 77 77 77 77 76 76 76 76 76 76 75 75 75 75 75 74 74 74 74 74 73    760
SEP  73 73 73 72 72 72 71 71 71 71 70 70 70 69 69 69 68 68 68 68 67 67 67 66 66 65 65 65 64 64       688
OCT  64 63 63 62 62 62 61 61 61 60 60 59 59 59 58 58 57 57 56 56 56 55 55 54 54 53 53 53 52 52 51    576
NOV  51 50 50 50 49 49 48 48 47 47 47 46 46 45 45 45 44 44 44 43 43 42 42 42 41 41 41 40 40 40       450
DEC  40 39 39 39 38 38 38 38 37 37 37 37 37 36 36 36 36 36 36 36 35 35 35 35 35 35 35 35 35 35 35    365
                                                                                                        
-------------------------------------------------------------------------------------------------       
 Heating Degree Days                                                                                    
 DAY  1  2  3  4  5  6  7  8  9 10 11 12 13 14 15 16 17 18 19 20 21 22 23 24 25 26 27 28 29 30 31  MONTH
-------------------------------------------------------------------------------------------------       
JAN  30 30 30 30 30 30 30 30 30 30 29 29 29 29 29 29 29 29 29 29 29 28 28 28 28 28 28 28 27 27 27    896
FEB  27 27 27 26 26 26 26 26 25 25 25 25 25 25 24 24 24 24 23 23 23 23 23 22 22 22 22 22             682
MAR  21 21 21 21 20 20 20 20 19 19 19 19 19 18 18 18 18 17 17 17 17 16 16 16 15 15 15 15 14 14 14    549
APR  14 13 13 13 13 12 12 12 11 11 11 11 10 10 10 10  9  9  9  9  9  8  8  8  8  7  7  7  7  6       297
MAY   6  6  6  6  5  5  5  5  5  4  4  4  4  4  3  3  3  3  3  3  2  2  2  2  2  2  2  2  1  1  1    106
JUN   1  1  1  1  1  1  0  0  0  0  0  0  0  0  0  0  0  0  0  0  0  0  0  0  0  0  0  0  0  0         6
JUL   0  0  0  0  0  0  0  0  0  0  0  0  0  0  0  0  0  0  0  0  0  0  0  0  0  0  0  0  0  0  0      0
AUG   0  0  0  0  0  0  0  0  0  0  0  0  0  0  0  0  0  0  0  0  0  0  0  0  0  0  0  0  0  0  0      0
SEP   0  0  0  0  0  0  0  0  0  0  0  0  1  1  1  1  1  1  1  1  1  2  2  2  2  2  2  3  3  3        30
OCT   3  3  4  4  4  4  5  5  5  5  6  6  6  7  7  7  8  8  8  9  9  9 10 10 11 11 12 12 13 13 13    237
NOV  14 14 15 15 16 16 17 17 18 18 18 19 19 20 20 21 21 21 22 22 22 23 23 23 24 24 24 25 25 25       601
DEC  26 26 26 26 27 27 27 27 28 28 28 28 28 29 29 29 29 29 29 29 30 30 30 30 30 30 30 30 30 30 30    885
                                                                                                        
-------------------------------------------------------------------------------------------------       
 Cooling Degree Days                                                                                    
 DAY  1  2  3  4  5  6  7  8  9 10 11 12 13 14 15 16 17 18 19 20 21 22 23 24 25 26 27 28 29 30 31  MONTH
-------------------------------------------------------------------------------------------------       
JAN   0  0  0  0  0  0  0  0  0  0  0  0  0  0  0  0  0  0  0  0  0  0  0  0  0  0  0  0  0  0  0      0
FEB   0  0  0  0  0  0  0  0  0  0  0  0  0  0  0  0  0  0  0  0  0  0  0  0  0  0  0  0               0
MAR   0  0  0  0  0  0  0  0  0  0  0  0  0  0  0  0  0  0  0  0  0  0  0  0  0  0  0  0  0  0  0      0
APR   0  0  0  0  0  0  0  0  0  0  0  0  0  0  0  0  0  0  0  1  1  1  1  1  1  1  1  1  1  1        11
MAY   1  1  1  1  1  1  2  2  2  2  2  2  2  2  3  3  3  3  3  3  4  4  4  4  4  5  5  5  5  5  6     91
JUN   6  6  6  7  7  7  7  8  8  8  8  8  9  9  9  9  9 10 10 10 10 10 10 11 11 11 11 11 11 12       269
JUL  12 12 12 12 12 12 12 12 12 13 13 13 13 13 13 13 13 13 13 13 13 13 13 13 13 13 13 13 13 13 13    394
AUG  13 13 13 13 13 12 12 12 12 12 12 12 12 11 11 11 11 11 11 11 10 10 10 10 10  9  9  9  9  8  8    340
SEP   8  8  7  7  7  7  7  6  6  6  6  5  5  5  5  5  4  4  4  4  3  3  3  3  3  3  2  2  2  2       142
OCT   1  1  1  1  1  1  0  0  0  0  0  0  0  0  0  0  0  0  0  0  0  0  0  0  0  0  0  0  0  0  0      6
NOV   0  0  0  0  0  0  0  0  0  0  0  0  0  0  0  0  0  0  0  0  0  0  0  0  0  0  0  0  0  0         0
DEC   0  0  0  0  0  0  0  0  0  0  0  0  0  0  0  0  0  0  0  0  0  0  0  0  0  0  0  0  0  0  0      0
                                                                                                        
-------------------------------------------------------------------------------------------------       
 Total  Precipitation (Hundreths of an Inch)                                                            
 DAY  1  2  3  4  5  6  7  8  9 10 11 12 13 14 15 16 17 18 19 20 21 22 23 24 25 26 27 28 29 30 31  MONTH
-------------------------------------------------------------------------------------------------       
JAN   1  1  1  1  1  1  1  1  1  1  1  1  1  1  1  1  1  1  1  1  1  1  1  1  1  1  1  1  1  1  0     30
FEB   1  1  1  1  1  1  1  1  1  1  1  1  1  1  1  1  1  1  1  1  1  1  1  1  1  1  2  2              30
MAR   2  2  2  2  2  2  2  2  2  2  2  2  2  2  2  2  2  2  2  2  2  2  2  2  2  2  3  3  2  2  2     64
APR   2  2  2  2  2  2  2  2  2  2  2  2  3  3  3  3  3  3  3  3  3  3  3  3  3  3  3  3  3  4        79
MAY   4  4  4  4  4  4  4  4  4  4  4  5  5  5  5  5  5  5  5  5  5  6  6  6  6  6  6  6  6  6  6    154
JUN   6  6  7  7  7  7  7  7  7  7  7  7  7  7  7  7  8  8  8  8  8  8  8  8  8  8  8  8  8  8       222
JUL   8  8  8  8  8  8  8  8  8  8  8  8  8  8  8  8  8  8  8  8  8  8  8  8  8  8  8  9  9  9  9    252
AUG   9  9  9  9  9  9  9  9  9  9  9  9  9  9  9  9  9  9  9  9  9  8  8  8  8  8  8  8  8  7  7    267
SEP   7  7  7  7  7  6  6  6  6  6  6  6  6  5  5  5  5  5  5  5  5  5  5  5  5  4  4  4  4  4       163
OCT   4  4  4  4  4  4  4  4  4  4  4  4  4  4  4  4  4  4  4  4  4  3  3  3  3  3  3  3  3  3  3    114
NOV   3  3  3  3  3  3  3  3  3  3  3  3  3  3  3  3  2  2  2  2  2  2  2  2  2  2  2  2  2  2        76
DEC   2  2  2  2  2  2  2  2  2  2  1  1  1  1  1  1  1  1  1  1  1  1  1  1  1  1  1  1  1  1  1     41
                                                                                                        
