-------------------------------------------------------------------------------------------------       
 1971-2000 Daily/Monthly Station Normals                                                                
 Provided by National Climatic Data Center/NESDIS/NOAA                                                  
-------------------------------------------------------------------------------------------------       
 Station COOP ID:                           299820                                                      
 Station Name, State, Division, Call:       WOLF CANYON                        NM 02                    
 Latitude, Longitude, Elevation, Elements:  35 56 52 -106 44 49  8220 XNP                               
-------------------------------------------------------------------------------------------------       
 Minimum Temperature (deg F [tenths deg F for monthly])                                                 
 DAY  1  2  3  4  5  6  7  8  9 10 11 12 13 14 15 16 17 18 19 20 21 22 23 24 25 26 27 28 29 30 31  MONTH
-------------------------------------------------------------------------------------------------       
JAN   7  7  7  7  7  6  6  6  7  7  7  7  7  7  7  7  7  7  7  7  7  7  7  7  7  8  8  8  8  8  8     71
FEB   9  9  9  9  9  9  9 10 10 10 10 10 11 11 11 11 11 12 12 12 12 12 13 13 13 13 14 14             110
MAR  14 14 15 15 15 15 16 16 16 16 17 17 17 17 17 18 18 18 18 18 18 19 19 19 19 19 19 20 20 20 20    174
APR  20 20 21 21 21 21 21 21 21 22 22 22 22 22 23 23 23 23 23 23 24 24 24 24 25 25 25 25 25 26       227
MAY  26 26 26 26 27 27 27 27 27 28 28 28 28 29 29 29 29 29 29 30 30 30 30 30 31 31 31 31 31 31 32    288
JUN  32 32 32 32 33 33 33 33 33 34 34 34 34 34 35 35 35 35 36 36 36 36 37 37 37 37 38 38 38 38       349
JUL  39 39 39 40 40 40 40 41 41 41 41 41 41 42 42 42 42 42 42 42 43 43 43 43 43 43 43 43 43 43 43    416
AUG  43 43 43 43 43 43 43 43 43 43 42 42 42 42 42 42 42 42 41 41 41 41 41 41 40 40 40 40 40 39 39    416
SEP  39 39 38 38 38 38 37 37 37 37 36 36 36 35 35 35 35 34 34 34 33 33 33 32 32 32 31 31 31 31       349
OCT  30 30 29 29 29 28 28 28 27 27 27 26 26 26 26 25 25 25 24 24 24 23 23 23 22 22 22 21 21 21 20    252
NOV  20 20 19 19 19 18 18 18 17 17 17 16 16 16 16 15 15 15 14 14 14 14 13 13 13 12 12 12 12 11       155
DEC  11 11 11 10 10 10 10 10  9  9  9  9  9  9  8  8  8  8  8  8  8  7  7  7  7  7  7  7  7  7  7     85
                                                                                                        
-------------------------------------------------------------------------------------------------       
 Maximum Temperature (deg F [tenths deg F for monthly])                                                 
 DAY  1  2  3  4  5  6  7  8  9 10 11 12 13 14 15 16 17 18 19 20 21 22 23 24 25 26 27 28 29 30 31  MONTH
-------------------------------------------------------------------------------------------------       
JAN  35 34 34 34 34 34 34 34 34 34 34 35 35 35 35 35 35 35 35 35 35 35 35 35 35 35 35 36 36 36 36    348
FEB  36 36 36 36 37 37 37 37 37 37 37 37 38 38 38 38 38 38 39 39 39 39 39 39 39 40 40 40             379
MAR  40 40 40 41 41 41 41 41 42 42 42 42 42 43 43 43 43 44 44 44 44 45 45 45 45 46 46 46 47 47 47    433
APR  48 48 48 48 49 49 49 50 50 50 51 51 51 51 52 52 52 53 53 53 53 54 54 54 54 55 55 55 56 56       518
MAY  56 56 57 57 57 57 58 58 58 59 59 59 60 60 60 61 61 61 62 62 63 63 63 64 64 64 65 65 66 66 67    609
JUN  67 67 68 68 69 69 69 70 70 70 71 71 71 72 72 72 72 73 73 73 73 73 74 74 74 74 74 74 74 74       715
JUL  74 74 74 74 74 74 74 75 75 75 75 75 75 74 74 74 74 74 74 74 74 74 74 74 74 74 74 74 74 74 74    742
AUG  73 73 73 73 73 73 73 73 73 72 72 72 72 72 72 72 71 71 71 71 71 71 71 70 70 70 70 70 70 69 69    715
SEP  69 69 69 69 68 68 68 68 68 67 67 67 67 66 66 66 66 65 65 65 65 64 64 64 64 63 63 63 62 62       659
OCT  62 61 61 61 60 60 60 59 59 58 58 58 57 57 56 56 56 55 55 54 54 53 53 52 52 51 51 50 50 49 49    557
NOV  48 48 47 47 46 46 45 45 44 44 43 43 43 42 42 42 41 41 41 40 40 40 39 39 39 39 38 38 38 38       422
DEC  38 37 37 37 37 37 37 36 36 36 36 36 36 36 36 35 35 35 35 35 35 35 35 35 35 35 35 35 35 35 34    357
                                                                                                        
-------------------------------------------------------------------------------------------------       
 Average Temperature (deg F [tenths deg F for monthly])                                                 
 DAY  1  2  3  4  5  6  7  8  9 10 11 12 13 14 15 16 17 18 19 20 21 22 23 24 25 26 27 28 29 30 31  MONTH
-------------------------------------------------------------------------------------------------       
JAN  21 21 21 20 20 20 20 20 20 21 21 21 21 21 21 21 21 21 21 21 21 21 21 21 21 22 22 22 22 22 22    210
FEB  22 22 23 23 23 23 23 23 24 24 24 24 24 24 24 25 25 25 25 25 26 26 26 26 26 27 27 27             245
MAR  27 27 28 28 28 28 28 29 29 29 29 30 30 30 30 30 31 31 31 31 31 32 32 32 32 33 33 33 33 33 34    304
APR  34 34 34 35 35 35 35 36 36 36 36 36 37 37 37 37 38 38 38 38 39 39 39 39 40 40 40 40 40 41       373
MAY  41 41 41 42 42 42 42 43 43 43 43 44 44 44 45 45 45 45 46 46 46 47 47 47 47 48 48 48 49 49 49    449
JUN  49 50 50 50 51 51 51 51 52 52 52 53 53 53 53 54 54 54 54 54 55 55 55 55 55 56 56 56 56 56       532
JUL  57 57 57 57 57 57 57 58 58 58 58 58 58 58 58 58 58 58 58 58 58 58 59 59 59 59 58 58 58 58 58    579
AUG  58 58 58 58 58 58 58 58 58 58 57 57 57 57 57 57 57 57 56 56 56 56 56 56 55 55 55 55 55 54 54    566
SEP  54 54 54 53 53 53 53 52 52 52 52 51 51 51 51 50 50 50 50 49 49 49 48 48 48 48 47 47 47 46       504
OCT  46 46 45 45 45 44 44 44 43 43 42 42 42 41 41 41 40 40 39 39 39 38 38 37 37 37 36 36 35 35 35    405
NOV  34 34 33 33 32 32 32 31 31 31 30 30 29 29 29 28 28 28 28 27 27 27 26 26 26 26 25 25 25 25       289
DEC  24 24 24 24 24 23 23 23 23 23 23 22 22 22 22 22 22 22 21 21 21 21 21 21 21 21 21 21 21 21 21    221
                                                                                                        
-------------------------------------------------------------------------------------------------       
 Heating Degree Days                                                                                    
 DAY  1  2  3  4  5  6  7  8  9 10 11 12 13 14 15 16 17 18 19 20 21 22 23 24 25 26 27 28 29 30 31  MONTH
-------------------------------------------------------------------------------------------------       
JAN  44 44 44 45 45 45 45 45 45 45 44 44 44 44 44 44 44 44 44 44 44 44 44 44 44 44 43 43 43 43 43   1366
FEB  43 43 42 42 42 42 42 42 42 41 41 41 41 41 41 40 40 40 40 40 39 39 39 39 39 38 38 38            1135
MAR  38 38 37 37 37 37 37 36 36 36 36 35 35 35 35 35 34 34 34 34 34 33 33 33 33 32 32 32 32 32 31   1073
APR  31 31 31 30 30 30 30 30 29 29 29 29 28 28 28 28 27 27 27 27 26 26 26 26 26 25 25 25 25 24       833
MAY  24 24 24 23 23 23 23 22 22 22 22 21 21 21 21 20 20 20 19 19 19 19 18 18 18 17 17 17 16 16 16    625
JUN  16 15 15 15 14 14 14 14 13 13 13 12 12 12 12 12 11 11 11 11 10 10 10 10 10  9  9  9  9  9       355
JUL   8  8  8  8  8  8  8  7  7  7  7  7  7  7  7  7  7  7  7  7  7  6  6  6  6  7  7  7  7  7  7    220
AUG   7  7  7  7  7  7  7  7  7  8  8  8  8  8  8  8  8  9  9  9  9  9  9 10 10 10 10 10 10 11 11    263
SEP  11 11 11 12 12 12 12 13 13 13 13 14 14 14 14 15 15 15 15 16 16 16 17 17 17 17 18 18 18 19       438
OCT  19 19 20 20 20 21 21 21 22 22 23 23 23 24 24 24 25 25 26 26 26 27 27 28 28 28 29 29 30 30 31    761
NOV  31 31 32 32 33 33 33 34 34 35 35 35 36 36 36 37 37 37 38 38 38 38 39 39 39 39 40 40 40 40      1085
DEC  41 41 41 41 41 42 42 42 42 42 42 43 43 43 43 43 43 43 43 44 44 44 44 44 44 44 44 44 44 44 44   1329
                                                                                                        
-------------------------------------------------------------------------------------------------       
 Cooling Degree Days                                                                                    
 DAY  1  2  3  4  5  6  7  8  9 10 11 12 13 14 15 16 17 18 19 20 21 22 23 24 25 26 27 28 29 30 31  MONTH
-------------------------------------------------------------------------------------------------       
JAN   0  0  0  0  0  0  0  0  0  0  0  0  0  0  0  0  0  0  0  0  0  0  0  0  0  0  0  0  0  0  0      0
FEB   0  0  0  0  0  0  0  0  0  0  0  0  0  0  0  0  0  0  0  0  0  0  0  0  0  0  0  0               0
MAR   0  0  0  0  0  0  0  0  0  0  0  0  0  0  0  0  0  0  0  0  0  0  0  0  0  0  0  0  0  0  0      0
APR   0  0  0  0  0  0  0  0  0  0  0  0  0  0  0  0  0  0  0  0  0  0  0  0  0  0  0  0  0  0         0
MAY   0  0  0  0  0  0  0  0  0  0  0  0  0  0  0  0  0  0  0  0  0  0  0  0  0  0  0  0  0  0  0      0
JUN   0  0  0  0  0  0  0  0  0  0  0  0  0  0  0  0  0  0  0  0  0  0  0  0  0  0  0  0  0  0         0
JUL   0  0  0  0  0  0  0  0  0  0  0  0  0  0  0  0  0  0  0  0  0  0  0  0  0  0  0  0  0  0  0      0
AUG   0  0  0  0  0  0  0  0  0  0  0  0  0  0  0  0  0  0  0  0  0  0  0  0  0  0  0  0  0  0  0      0
SEP   0  0  0  0  0  0  0  0  0  0  0  0  0  0  0  0  0  0  0  0  0  0  0  0  0  0  0  0  0  0         0
OCT   0  0  0  0  0  0  0  0  0  0  0  0  0  0  0  0  0  0  0  0  0  0  0  0  0  0  0  0  0  0  0      0
NOV   0  0  0  0  0  0  0  0  0  0  0  0  0  0  0  0  0  0  0  0  0  0  0  0  0  0  0  0  0  0         0
DEC   0  0  0  0  0  0  0  0  0  0  0  0  0  0  0  0  0  0  0  0  0  0  0  0  0  0  0  0  0  0  0      0
                                                                                                        
-------------------------------------------------------------------------------------------------       
 Total  Precipitation (Hundreths of an Inch)                                                            
 DAY  1  2  3  4  5  6  7  8  9 10 11 12 13 14 15 16 17 18 19 20 21 22 23 24 25 26 27 28 29 30 31  MONTH
-------------------------------------------------------------------------------------------------       
JAN   6  6  6  6  6  6  6  6  7  7  7  7  7  7  7  7  7  7  7  7  7  7  7  7  7  6  6  6  6  6  6    203
FEB   6  6  6  6  6  6  6  5  5  5  5  5  5  5  5  5  5  5  6  6  6  6  6  6  6  6  6  6             157
MAR   7  7  7  7  7  7  7  7  7  7  7  7  7  7  7  7  7  7  7  7  7  7  7  7  7  7  7  6  6  6  6    213
APR   6  6  6  5  5  5  5  5  5  5  5  5  5  4  4  4  4  4  4  4  4  4  4  4  4  4  4  4  4  5       137
MAY   4  4  4  5  5  5  5  5  5  5  5  5  5  5  5  5  5  5  5  4  4  4  4  4  4  4  4  4  4  4  4    140
JUN   4  4  3  3  3  3  3  3  3  3  3  3  3  3  4  4  4  4  4  4  4  5  5  5  5  5  6  6  6  6       121
JUL   7  7  7  8  8  8  8  9  9  9  9 10 10 10 10 10 11 11 11 11 11 12 12 12 12 12 12 12 13 13 13    317
AUG  13 13 13 13 13 13 13 13 13 13 13 13 13 13 13 13 13 13 13 13 12 12 12 12 12 12 11 11 11 10 10    385
SEP  10  9  9  9  9  8  8  8  8  8  7  7  7  7  7  7  6  6  6  6  6  6  6  6  6  6  6  6  6  6       212
OCT   6  6  6  6  6  6  6  6  6  6  6  6  6  6  6  6  6  6  6  7  7  7  7  7  7  7  7  7  7  7  7    198
NOV   7  7  7  7  7  7  6  6  6  6  6  6  6  6  6  6  6  6  6  6  6  6  6  6  6  6  5  5  5  5       182
DEC   5  5  5  5  5  5  5  5  5  5  5  4  4  4  4  5  5  5  5  5  5  5  5  5  5  5  5  5  5  5  6    152
                                                                                                        
