-------------------------------------------------------------------------------------------------       
 1971-2000 Daily/Monthly Station Normals                                                                
 Provided by National Climatic Data Center/NESDIS/NOAA                                                  
-------------------------------------------------------------------------------------------------       
 Station COOP ID:                           108022                                                      
 Station Name, State, Division, Call:       SAINT ANTHONY 1 WNW                ID 09                    
 Latitude, Longitude, Elevation, Elements:  43 58 10 -111 42 46  4950 XNP                               
-------------------------------------------------------------------------------------------------       
 Minimum Temperature (deg F [tenths deg F for monthly])                                                 
 DAY  1  2  3  4  5  6  7  8  9 10 11 12 13 14 15 16 17 18 19 20 21 22 23 24 25 26 27 28 29 30 31  MONTH
-------------------------------------------------------------------------------------------------       
JAN   6  6  6  7  7  7  7  7  7  7  7  7  7  7  7  7  7  7  7  7  7  7  7  7  7  7  7  7  7  7  7     69
FEB   7  7  7  8  8  8  8  8  8  8  8  8  9  9  9  9  9 10 10 10 10 11 11 11 11 12 12 12              92
MAR  13 13 14 14 14 15 15 15 16 16 16 16 17 17 17 18 18 18 19 19 19 19 20 20 20 20 21 21 21 21 21    175
APR  22 22 22 22 23 23 23 23 24 24 24 24 25 25 25 25 26 26 26 26 27 27 27 28 28 28 29 29 29 30       254
MAY  30 30 31 31 31 32 32 32 32 33 33 33 34 34 34 34 35 35 35 36 36 36 36 36 37 37 37 37 38 38 38    343
JUN  38 38 39 39 39 39 39 40 40 40 40 40 41 41 41 41 42 42 42 42 42 43 43 43 43 43 44 44 44 44       412
JUL  44 45 45 45 45 45 45 46 46 46 46 46 46 46 46 46 46 46 46 46 47 47 46 46 46 46 46 46 46 46 46    458
AUG  46 46 46 45 45 45 45 45 45 45 45 44 44 44 44 44 43 43 43 43 42 42 42 42 41 41 41 41 40 40 40    433
SEP  39 39 39 39 38 38 38 37 37 37 36 36 36 35 35 35 35 34 34 34 33 33 33 33 32 32 32 31 31 31       351
OCT  31 30 30 30 30 29 29 29 28 28 28 28 27 27 27 26 26 26 26 25 25 25 24 24 24 23 23 23 23 22 22    264
NOV  22 21 21 21 20 20 20 20 19 19 19 18 18 18 17 17 16 16 16 15 15 15 14 14 14 13 13 12 12 12       169
DEC  11 11 11 10 10  9  9  9  9  8  8  8  8  7  7  7  7  7  7  7  6  6  6  6  6  6  6  6  6  6  6     76
                                                                                                        
-------------------------------------------------------------------------------------------------       
 Maximum Temperature (deg F [tenths deg F for monthly])                                                 
 DAY  1  2  3  4  5  6  7  8  9 10 11 12 13 14 15 16 17 18 19 20 21 22 23 24 25 26 27 28 29 30 31  MONTH
-------------------------------------------------------------------------------------------------       
JAN  28 28 28 28 28 28 28 28 28 28 28 28 28 28 29 29 29 29 29 29 29 29 29 29 30 30 30 30 30 30 31    288
FEB  31 31 31 31 32 32 32 32 32 33 33 33 33 34 34 34 35 35 35 35 36 36 36 37 37 37 37 38             340
MAR  38 38 39 39 40 40 40 41 41 41 42 42 42 43 43 43 44 44 45 45 45 46 46 47 47 47 48 48 49 49 50    436
APR  50 50 51 51 52 52 53 53 53 54 54 55 55 55 56 56 56 57 57 57 58 58 59 59 59 60 60 60 60 61       557
MAY  61 61 62 62 62 63 63 63 64 64 64 64 65 65 65 66 66 66 67 67 67 67 68 68 68 69 69 69 69 70 70    656
JUN  70 70 71 71 71 72 72 72 72 73 73 73 74 74 74 74 75 75 75 76 76 76 77 77 77 78 78 78 79 79       744
JUL  79 80 80 80 81 81 81 81 82 82 82 82 83 83 83 83 83 84 84 84 84 84 84 84 84 84 85 85 85 85 85    828
AUG  85 85 85 85 85 84 84 84 84 84 84 84 84 84 83 83 83 83 83 82 82 82 81 81 81 81 80 80 80 79 79    827
SEP  78 78 78 77 77 77 76 76 75 75 75 74 74 74 73 73 72 72 72 71 71 71 70 70 69 69 69 68 68 68       730
OCT  67 67 67 66 66 65 65 64 64 64 63 63 62 62 61 61 60 59 59 58 58 57 56 56 55 55 54 53 53 52 51    601
NOV  50 50 49 48 48 47 46 46 45 44 44 43 43 42 42 41 40 40 39 39 38 38 38 37 37 36 36 35 35 35       417
DEC  34 34 33 33 33 32 32 32 32 31 31 31 31 30 30 30 30 29 29 29 29 29 29 29 29 28 28 28 28 28 28    303
                                                                                                        
-------------------------------------------------------------------------------------------------       
 Average Temperature (deg F [tenths deg F for monthly])                                                 
 DAY  1  2  3  4  5  6  7  8  9 10 11 12 13 14 15 16 17 18 19 20 21 22 23 24 25 26 27 28 29 30 31  MONTH
-------------------------------------------------------------------------------------------------       
JAN  17 17 17 17 17 17 17 17 17 18 18 18 18 18 18 18 18 18 18 18 18 18 18 18 18 19 19 19 19 19 19    179
FEB  19 19 19 19 20 20 20 20 20 20 21 21 21 21 21 22 22 22 22 23 23 23 24 24 24 25 25 25             216
MAR  25 26 26 26 27 27 28 28 28 29 29 29 30 30 30 31 31 31 32 32 32 33 33 33 34 34 34 35 35 35 36    306
APR  36 36 37 37 37 38 38 38 39 39 39 39 40 40 40 41 41 41 42 42 42 43 43 43 44 44 44 45 45 45       406
MAY  46 46 46 47 47 47 47 48 48 48 49 49 49 50 50 50 50 51 51 51 51 52 52 52 53 53 53 53 53 54 54    500
JUN  54 54 55 55 55 55 56 56 56 56 57 57 57 57 58 58 58 58 59 59 59 59 60 60 60 61 61 61 61 62       578
JUL  62 62 63 63 63 63 63 64 64 64 64 64 64 65 65 65 65 65 65 65 65 65 65 65 65 65 65 65 65 65 65    643
AUG  65 65 65 65 65 65 65 65 65 64 64 64 64 64 64 63 63 63 63 63 62 62 62 61 61 61 61 60 60 60 59    630
SEP  59 59 58 58 58 57 57 57 56 56 56 55 55 54 54 54 53 53 53 53 52 52 52 51 51 51 50 50 50 49       541
OCT  49 49 48 48 48 47 47 47 46 46 45 45 45 44 44 44 43 43 42 42 41 41 40 40 40 39 39 38 38 37 37    433
NOV  36 36 35 35 34 34 33 33 32 32 31 31 30 30 29 29 28 28 28 27 27 26 26 25 25 25 24 24 23 23       293
DEC  23 22 22 22 21 21 21 20 20 20 20 19 19 19 19 19 18 18 18 18 18 18 18 17 17 17 17 17 17 17 17    190
                                                                                                        
-------------------------------------------------------------------------------------------------       
 Heating Degree Days                                                                                    
 DAY  1  2  3  4  5  6  7  8  9 10 11 12 13 14 15 16 17 18 19 20 21 22 23 24 25 26 27 28 29 30 31  MONTH
-------------------------------------------------------------------------------------------------       
JAN  48 48 48 48 48 48 48 48 48 48 47 47 47 47 47 47 47 47 47 47 47 47 47 47 47 46 46 46 46 46 46   1461
FEB  46 46 46 46 45 45 45 45 45 45 44 44 44 44 44 43 43 43 43 42 42 42 41 41 41 41 40 40            1216
MAR  40 39 39 39 38 38 38 37 37 37 36 36 36 35 35 34 34 34 33 33 33 32 32 32 31 31 31 30 30 30 30   1070
APR  29 29 28 28 28 28 27 27 27 26 26 26 25 25 25 24 24 24 23 23 23 22 22 22 21 21 21 20 20 20       734
MAY  19 19 19 19 18 18 18 17 17 17 16 16 16 16 15 15 15 14 14 14 14 13 13 13 12 12 12 12 11 11 11    466
JUN  11 10 10 10 10 10  9  9  9  9  8  8  8  8  8  7  7  7  7  7  7  6  6  6  6  6  6  5  5  5       230
JUL   5  5  5  4  4  4  4  4  4  4  4  4  4  3  3  3  3  3  3  3  3  3  3  3  3  3  3  3  3  2  2    107
AUG   2  2  2  2  2  3  3  3  3  3  3  3  3  3  3  3  4  4  4  4  4  4  5  5  5  5  5  6  6  6  7    117
SEP   7  7  7  8  8  8  9  9  9  9 10 10 10 11 11 11 12 12 12 13 13 13 13 14 14 14 15 15 15 16       335
OCT  16 16 17 17 17 18 18 18 19 19 20 20 20 21 21 22 22 22 23 23 24 24 25 25 25 26 26 27 27 28 28    674
NOV  29 29 30 30 31 31 32 32 33 33 34 34 35 35 36 36 37 37 37 38 38 39 39 40 40 40 41 41 42 42      1071
DEC  42 43 43 43 44 44 44 45 45 45 45 46 46 46 46 47 47 47 47 47 47 47 48 48 48 48 48 48 48 48 48   1428
                                                                                                        
-------------------------------------------------------------------------------------------------       
 Cooling Degree Days                                                                                    
 DAY  1  2  3  4  5  6  7  8  9 10 11 12 13 14 15 16 17 18 19 20 21 22 23 24 25 26 27 28 29 30 31  MONTH
-------------------------------------------------------------------------------------------------       
JAN   0  0  0  0  0  0  0  0  0  0  0  0  0  0  0  0  0  0  0  0  0  0  0  0  0  0  0  0  0  0  0      0
FEB   0  0  0  0  0  0  0  0  0  0  0  0  0  0  0  0  0  0  0  0  0  0  0  0  0  0  0  0               0
MAR   0  0  0  0  0  0  0  0  0  0  0  0  0  0  0  0  0  0  0  0  0  0  0  0  0  0  0  0  0  0  0      0
APR   0  0  0  0  0  0  0  0  0  0  0  0  0  0  0  0  0  0  0  0  0  0  0  0  0  0  0  0  0  0         0
MAY   0  0  0  0  0  0  0  0  0  0  0  0  0  0  0  0  0  0  0  0  0  0  0  0  0  0  0  0  0  0  0      0
JUN   0  0  0  0  0  0  0  0  0  0  0  0  0  0  0  0  0  0  1  1  1  1  1  1  1  1  1  1  2  2        14
JUL   2  2  2  2  2  2  2  2  3  3  3  3  3  3  3  3  3  3  3  3  3  3  3  3  3  3  3  3  3  3  3     85
AUG   3  3  3  3  2  2  2  2  2  2  2  2  2  2  2  2  2  2  2  2  2  1  1  1  1  1  1  1  1  1  1     56
SEP   1  1  1  1  1  1  1  0  0  0  0  0  0  0  0  0  0  0  0  0  0  0  0  0  0  0  0  0  0  0         7
OCT   0  0  0  0  0  0  0  0  0  0  0  0  0  0  0  0  0  0  0  0  0  0  0  0  0  0  0  0  0  0  0      0
NOV   0  0  0  0  0  0  0  0  0  0  0  0  0  0  0  0  0  0  0  0  0  0  0  0  0  0  0  0  0  0         0
DEC   0  0  0  0  0  0  0  0  0  0  0  0  0  0  0  0  0  0  0  0  0  0  0  0  0  0  0  0  0  0  0      0
                                                                                                        
-------------------------------------------------------------------------------------------------       
 Total  Precipitation (Hundreths of an Inch)                                                            
 DAY  1  2  3  4  5  6  7  8  9 10 11 12 13 14 15 16 17 18 19 20 21 22 23 24 25 26 27 28 29 30 31  MONTH
-------------------------------------------------------------------------------------------------       
JAN   4  4  4  4  4  4  5  5  4  4  4  4  4  4  4  4  4  4  4  4  4  4  4  4  4  4  4  4  4  4  4    126
FEB   4  4  4  4  4  3  3  3  3  3  3  3  3  3  3  3  3  3  3  3  3  3  3  3  3  3  3  4              90
MAR   3  3  3  3  3  3  3  4  4  4  4  4  4  4  4  4  4  4  4  4  4  4  4  4  3  3  3  3  3  3  3    110
APR   3  3  3  3  3  3  3  3  3  3  3  3  3  4  4  4  4  4  4  4  4  4  4  4  5  5  5  5  5  5       113
MAY   5  5  6  6  6  6  6  6  6  6  6  7  7  7  7  7  7  7  7  7  7  7  7  7  7  7  7  7  7  6  6    202
JUN   6  6  6  6  6  6  6  6  6  6  5  5  5  5  5  5  5  5  5  5  5  5  4  4  4  4  4  4  4  4       152
JUL   4  4  4  4  4  4  3  3  3  3  3  3  3  3  3  3  3  3  3  3  3  3  3  3  3  3  3  3  3  2  2     97
AUG   3  3  3  2  2  2  2  2  2  2  2  2  2  2  2  2  2  2  2  2  2  3  3  3  3  3  3  3  3  3  3     75
SEP   3  3  3  3  3  3  3  3  3  3  3  3  3  3  3  3  3  3  3  4  4  3  3  3  3  3  3  3  3  3        92
OCT   3  3  3  3  3  3  3  3  3  3  3  3  3  3  3  3  3  3  3  3  3  3  3  3  4  4  4  4  4  4  4    100
NOV   4  4  4  4  4  4  4  4  4  4  4  4  4  4  4  5  5  5  5  5  5  5  5  5  5  5  5  4  4  4       132
DEC   5  5  5  5  5  5  4  4  4  4  4  4  4  4  4  4  4  4  4  4  4  4  4  4  4  4  4  4  4  4  4    130
                                                                                                        
