-------------------------------------------------------------------------------------------------       
 1971-2000 Daily/Monthly Station Normals                                                                
 Provided by National Climatic Data Center/NESDIS/NOAA                                                  
-------------------------------------------------------------------------------------------------       
 Station COOP ID:                           106542                                                      
 Station Name, State, Division, Call:       OAKLEY                             ID 10                    
 Latitude, Longitude, Elevation, Elements:  42 14 00 -113 53 31  4560 XNP                               
-------------------------------------------------------------------------------------------------       
 Minimum Temperature (deg F [tenths deg F for monthly])                                                 
 DAY  1  2  3  4  5  6  7  8  9 10 11 12 13 14 15 16 17 18 19 20 21 22 23 24 25 26 27 28 29 30 31  MONTH
-------------------------------------------------------------------------------------------------       
JAN  18 18 18 18 18 18 18 18 18 19 19 19 19 19 19 19 19 19 19 19 19 20 20 20 20 20 20 20 20 21 21    191
FEB  21 21 21 21 22 22 22 22 22 22 23 23 23 23 23 23 24 24 24 24 24 25 25 25 25 25 25 26             232
MAR  26 26 26 26 26 27 27 27 27 27 28 28 28 28 28 28 28 29 29 29 29 29 29 29 30 30 30 30 30 30 30    282
APR  30 31 31 31 31 31 31 31 32 32 32 32 32 32 33 33 33 33 33 34 34 34 34 35 35 35 35 35 36 36       329
MAY  36 37 37 37 37 38 38 38 38 39 39 39 39 40 40 40 40 41 41 41 41 42 42 42 42 43 43 43 43 43 44    401
JUN  44 44 44 45 45 45 45 46 46 46 46 47 47 47 47 48 48 48 48 49 49 49 49 50 50 50 50 51 51 51       475
JUL  52 52 52 52 53 53 53 53 53 54 54 54 54 54 54 55 55 55 55 55 55 55 55 55 55 55 55 55 55 55 55    541
AUG  55 55 55 55 55 55 55 55 55 55 55 55 55 54 54 54 54 54 53 53 53 53 52 52 52 52 51 51 51 50 50    535
SEP  50 49 49 48 48 48 47 47 47 46 46 46 45 45 45 44 44 44 44 43 43 43 42 42 42 41 41 41 41 40       447
OCT  40 40 40 39 39 39 38 38 38 38 37 37 37 36 36 36 36 35 35 35 34 34 34 33 33 33 33 32 32 32 31    358
NOV  31 31 30 30 30 29 29 29 29 28 28 28 27 27 27 26 26 26 26 25 25 25 24 24 24 23 23 23 23 22       266
DEC  22 22 22 21 21 21 21 20 20 20 20 20 19 19 19 19 19 19 19 19 19 18 18 18 18 18 18 18 18 18 18    194
                                                                                                        
-------------------------------------------------------------------------------------------------       
 Maximum Temperature (deg F [tenths deg F for monthly])                                                 
 DAY  1  2  3  4  5  6  7  8  9 10 11 12 13 14 15 16 17 18 19 20 21 22 23 24 25 26 27 28 29 30 31  MONTH
-------------------------------------------------------------------------------------------------       
JAN  36 36 36 36 35 36 36 36 36 36 36 36 36 36 36 36 36 36 36 37 37 37 37 37 37 38 38 38 38 39 39    366
FEB  39 39 40 40 40 40 41 41 41 41 42 42 42 42 43 43 43 44 44 44 44 45 45 45 45 46 46 46             426
MAR  46 47 47 47 48 48 48 48 49 49 49 49 50 50 50 50 51 51 51 52 52 52 52 53 53 53 54 54 54 54 55    505
APR  55 55 55 56 56 56 57 57 57 57 58 58 58 58 59 59 59 59 60 60 60 60 61 61 61 61 62 62 62 62       587
MAY  63 63 63 63 64 64 64 64 65 65 65 65 66 66 66 66 67 67 67 68 68 68 69 69 69 69 70 70 70 71 71    666
JUN  71 72 72 73 73 73 73 74 74 74 75 75 75 76 76 76 77 77 77 77 78 78 78 79 79 79 79 80 80 80       760
JUL  80 81 81 81 81 82 82 82 82 82 83 83 83 83 83 83 83 84 84 84 84 84 84 84 84 84 85 85 85 85 85    831
AUG  85 85 85 85 85 85 85 85 85 84 84 84 84 84 84 84 83 83 83 83 83 82 82 82 81 81 81 80 80 80 79    831
SEP  79 79 78 78 77 77 77 76 76 76 75 75 75 74 74 73 73 73 72 72 72 72 71 71 71 70 70 70 69 69       738
OCT  69 68 68 68 67 67 67 66 66 66 65 65 64 64 63 63 62 62 61 61 60 60 59 59 58 58 57 56 56 55 54    624
NOV  54 53 52 52 51 50 50 49 49 48 48 47 47 46 46 45 45 44 44 44 43 43 42 42 42 41 41 41 41 40       460
DEC  40 40 40 39 39 39 39 38 38 38 38 38 38 37 37 37 37 37 37 37 36 36 36 36 36 36 36 36 36 36 36    374
                                                                                                        
-------------------------------------------------------------------------------------------------       
 Average Temperature (deg F [tenths deg F for monthly])                                                 
 DAY  1  2  3  4  5  6  7  8  9 10 11 12 13 14 15 16 17 18 19 20 21 22 23 24 25 26 27 28 29 30 31  MONTH
-------------------------------------------------------------------------------------------------       
JAN  27 27 27 27 27 27 27 27 27 27 27 27 27 27 28 28 28 28 28 28 28 28 29 29 29 29 29 29 29 30 30    279
FEB  30 30 30 31 31 31 31 31 32 32 32 32 33 33 33 33 33 34 34 34 34 35 35 35 35 35 36 36             329
MAR  36 36 37 37 37 37 37 38 38 38 38 39 39 39 39 39 40 40 40 40 40 41 41 41 41 42 42 42 42 42 43    394
APR  43 43 43 43 43 44 44 44 44 45 45 45 45 45 46 46 46 46 47 47 47 47 47 48 48 48 48 49 49 49       458
MAY  49 50 50 50 50 51 51 51 51 52 52 52 53 53 53 53 54 54 54 54 55 55 55 56 56 56 56 57 57 57 58    534
JUN  58 58 58 59 59 59 59 60 60 60 61 61 61 61 62 62 62 63 63 63 63 64 64 64 64 65 65 65 65 66       618
JUL  66 66 66 67 67 67 67 68 68 68 68 68 68 69 69 69 69 69 69 69 70 70 70 70 70 70 70 70 70 70 70    686
AUG  70 70 70 70 70 70 70 70 70 70 70 69 69 69 69 69 69 68 68 68 68 67 67 67 67 66 66 66 65 65 65    683
SEP  64 64 64 63 63 62 62 62 61 61 61 60 60 60 59 59 59 58 58 58 57 57 57 57 56 56 56 55 55 55       593
OCT  54 54 54 54 53 53 53 52 52 52 51 51 50 50 50 49 49 49 48 48 47 47 46 46 46 45 45 44 44 43 43    491
NOV  42 42 41 41 40 40 40 39 39 38 38 37 37 37 36 36 36 35 35 34 34 34 33 33 33 32 32 32 32 31       363
DEC  31 31 31 30 30 30 30 29 29 29 29 29 29 28 28 28 28 28 28 28 27 27 27 27 27 27 27 27 27 27 27    284
                                                                                                        
-------------------------------------------------------------------------------------------------       
 Heating Degree Days                                                                                    
 DAY  1  2  3  4  5  6  7  8  9 10 11 12 13 14 15 16 17 18 19 20 21 22 23 24 25 26 27 28 29 30 31  MONTH
-------------------------------------------------------------------------------------------------       
JAN  38 38 38 38 38 38 38 38 38 38 38 38 38 38 37 37 37 37 37 37 37 37 37 36 36 36 36 36 36 35 35   1151
FEB  35 35 35 34 34 34 34 34 33 33 33 33 32 32 32 32 32 31 31 31 31 30 30 30 30 30 29 29             899
MAR  29 29 28 28 28 28 27 27 27 27 27 26 26 26 26 26 25 25 25 25 25 24 24 24 24 23 23 23 23 23 23    794
APR  22 22 22 22 22 21 21 21 21 21 20 20 20 20 19 19 19 19 18 18 18 18 18 17 17 17 17 16 16 16       577
MAY  16 15 15 15 15 14 14 14 14 13 13 13 13 12 12 12 11 11 11 11 10 10 10 10  9  9  9  9  9  8  8    365
JUN   8  8  7  7  7  7  6  6  6  6  6  5  5  5  5  5  4  4  4  4  4  4  3  3  3  3  3  3  2  2       145
JUL   2  2  2  2  2  2  2  2  1  1  1  1  1  1  1  1  1  1  1  1  1  1  1  1  1  0  0  0  0  0  0     33
AUG   0  0  0  0  1  1  1  1  1  1  1  1  1  1  1  1  1  1  2  2  2  2  2  2  2  3  3  3  3  3  3     46
SEP   4  4  4  4  5  5  5  5  5  6  6  6  6  6  7  7  7  7  8  8  8  8  9  9  9  9 10 10 10 10       207
OCT  11 11 11 12 12 12 13 13 13 13 14 14 15 15 15 16 16 16 17 17 18 18 18 19 19 20 20 21 21 22 22    494
NOV  23 23 24 24 25 25 25 26 26 27 27 28 28 28 29 29 29 30 30 31 31 31 32 32 32 32 33 33 33 34       860
DEC  34 34 34 35 35 35 35 36 36 36 36 36 36 37 37 37 37 37 37 37 38 38 38 38 38 38 38 38 38 38 38   1135
                                                                                                        
-------------------------------------------------------------------------------------------------       
 Cooling Degree Days                                                                                    
 DAY  1  2  3  4  5  6  7  8  9 10 11 12 13 14 15 16 17 18 19 20 21 22 23 24 25 26 27 28 29 30 31  MONTH
-------------------------------------------------------------------------------------------------       
JAN   0  0  0  0  0  0  0  0  0  0  0  0  0  0  0  0  0  0  0  0  0  0  0  0  0  0  0  0  0  0  0      0
FEB   0  0  0  0  0  0  0  0  0  0  0  0  0  0  0  0  0  0  0  0  0  0  0  0  0  0  0  0               0
MAR   0  0  0  0  0  0  0  0  0  0  0  0  0  0  0  0  0  0  0  0  0  0  0  0  0  0  0  0  0  0  0      0
APR   0  0  0  0  0  0  0  0  0  0  0  0  0  0  0  0  0  0  0  0  0  0  0  0  0  0  0  0  0  0         0
MAY   0  0  0  0  0  0  0  0  0  0  0  0  0  0  0  0  0  0  0  0  0  0  0  0  0  0  0-99-99-99-99      4
JUN   0  1  1  1  1  1  1  1  1  1  1  1  1  1  1  1  2  2  2  2  2  2  2  2  2  3  3  3  3  3        48
JUL   3  3  4  4  4  4  4  4  4  4  4  5  5  5  5  5  5  5  5  5  5  5  5  5  5  5  5  5  6  6  6    145
AUG   6  6  6  6  6  6  5  5  5  5  5  5  5  5  5  5  5  5  5  5  5  4  4  4  4  4  4  4  3  3  3    148
SEP   3  3  3  2  2  2  2  2  2  2  1  1  1  1  1  1  1  1  1  1  1  1  0  0  0  0  0  0  0  0        35
OCT   0  0  0  0  0  0  0  0  0  0  0  0  0  0  0  0  0  0  0  0  0  0  0  0  0  0  0  0  0  0  0      0
NOV   0  0  0  0  0  0  0  0  0  0  0  0  0  0  0  0  0  0  0  0  0  0  0  0  0  0  0  0  0  0         0
DEC   0  0  0  0  0  0  0  0  0  0  0  0  0  0  0  0  0  0  0  0  0  0  0  0  0  0  0  0  0  0  0      0
                                                                                                        
-------------------------------------------------------------------------------------------------       
 Total  Precipitation (Hundreths of an Inch)                                                            
 DAY  1  2  3  4  5  6  7  8  9 10 11 12 13 14 15 16 17 18 19 20 21 22 23 24 25 26 27 28 29 30 31  MONTH
-------------------------------------------------------------------------------------------------       
JAN   2  2  2  2  3  3  3  3  3  3  3  3  3  3  3  3  3  3  3  3  3  3  3  3  2  2  2  2  2  2  2     82
FEB   2  2  2  2  2  2  2  2  2  2  2  2  2  2  2  2  2  2  2  2  3  3  3  3  3  3  3  3              64
MAR   3  3  3  3  3  3  3  3  3  3  3  3  3  4  4  4  4  4  4  4  4  4  4  4  4  4  4  4  4  3  3    109
APR   4  4  3  3  3  3  3  3  3  3  3  3  3  4  4  4  4  4  4  4  4  4  4  4  4  4  4  4  5  5       111
MAY   5  5  5  5  5  5  5  5  5  6  6  6  6  6  6  6  6  6  6  6  6  6  6  6  6  5  5  5  5  5  5    171
JUN   5  5  5  5  5  5  5  5  4  4  4  4  4  4  4  4  4  4  4  4  4  3  3  3  3  3  3  3  3  3       119
JUL   3  3  3  3  3  3  3  3  3  3  3  3  3  3  3  3  2  2  2  2  2  2  2  2  2  2  2  2  2  2  2     78
AUG   2  2  2  2  2  2  2  2  2  2  2  2  2  2  2  2  2  2  2  2  3  3  3  3  3  3  3  3  3  3  3     73
SEP   3  3  3  3  3  3  3  3  3  3  3  3  3  4  4  4  4  4  4  3  3  3  3  3  3  3  3  3  3  3        96
OCT   3  3  3  3  3  3  3  3  3  3  3  3  3  3  3  2  2  2  2  2  2  2  2  2  2  2  2  2  3  3  3     80
NOV   2  2  2  3  3  3  3  3  3  3  3  3  3  3  3  3  3  3  3  3  3  3  2  2  2  2  2  2  2  2        79
DEC   3  3  3  2  2  2  2  2  2  2  2  2  2  2  2  2  2  2  2  2  2  2  2  2  2  2  3  3  3  3  3     70
                                                                                                        
