-------------------------------------------------------------------------------------------------       
 1971-2000 Daily/Monthly Station Normals                                                                
 Provided by National Climatic Data Center/NESDIS/NOAA                                                  
-------------------------------------------------------------------------------------------------       
 Station COOP ID:                           106844                                                      
 Station Name, State, Division, Call:       PARMA EXPERIMENT STN               ID 05                    
 Latitude, Longitude, Elevation, Elements:  43 48 11 -116 56 40  2290 XNP                               
-------------------------------------------------------------------------------------------------       
 Minimum Temperature (deg F [tenths deg F for monthly])                                                 
 DAY  1  2  3  4  5  6  7  8  9 10 11 12 13 14 15 16 17 18 19 20 21 22 23 24 25 26 27 28 29 30 31  MONTH
-------------------------------------------------------------------------------------------------       
JAN  18 18 18 18 18 18 18 18 18 18 18 18 18 18 18 18 19 19 19 19 19 19 19 20 20 20 20 20 20 21 21    188
FEB  21 21 22 22 22 22 23 23 23 23 24 24 24 24 24 25 25 25 25 26 26 26 26 26 27 27 27 27             243
MAR  27 28 28 28 28 28 29 29 29 29 29 29 30 30 30 30 30 31 31 31 31 31 31 31 32 32 32 32 32 32 33    301
APR  33 33 33 33 33 34 34 34 34 34 35 35 35 35 35 36 36 36 36 37 37 37 37 38 38 38 38 39 39 39       357
MAY  40 40 40 41 41 41 41 42 42 42 42 43 43 43 44 44 44 44 44 45 45 45 45 46 46 46 46 46 47 47 47    436
JUN  47 47 47 48 48 48 48 48 49 49 49 49 49 50 50 50 50 50 51 51 51 51 51 51 52 52 52 52 52 53       498
JUL  53 53 53 53 53 53 54 54 54 54 54 54 54 54 54 54 54 55 55 55 55 55 55 55 55 55 55 55 55 54 54    542
AUG  54 54 54 54 54 54 54 54 54 53 53 53 53 53 53 52 52 52 52 52 51 51 51 50 50 50 50 49 49 49 48    520
SEP  48 48 47 47 47 46 46 46 45 45 45 44 44 44 43 43 43 42 42 42 41 41 41 40 40 39 39 39 38 38       431
OCT  38 37 37 37 37 36 36 36 35 35 35 34 34 34 34 33 33 33 33 32 32 32 32 31 31 31 31 30 30 30 30    335
NOV  30 30 29 29 29 29 28 28 28 28 28 27 27 27 27 26 26 26 26 26 25 25 25 25 24 24 24 23 23 23       265
DEC  23 22 22 22 22 21 21 21 21 20 20 20 20 20 20 19 19 19 19 19 19 19 19 18 18 18 18 18 18 18 18    197
                                                                                                        
-------------------------------------------------------------------------------------------------       
 Maximum Temperature (deg F [tenths deg F for monthly])                                                 
 DAY  1  2  3  4  5  6  7  8  9 10 11 12 13 14 15 16 17 18 19 20 21 22 23 24 25 26 27 28 29 30 31  MONTH
-------------------------------------------------------------------------------------------------       
JAN  34 34 34 34 34 34 34 34 34 35 35 35 35 35 35 35 35 35 36 36 36 36 36 37 37 37 37 37 38 38 38    355
FEB  39 39 39 40 40 40 41 41 41 42 42 42 43 43 44 44 44 45 45 46 46 47 47 47 48 48 49 49             436
MAR  50 50 51 51 52 52 52 53 53 54 54 55 55 55 56 56 56 57 57 57 58 58 58 59 59 59 59 60 60 60 61    557
APR  61 61 61 62 62 62 62 62 63 63 63 64 64 64 64 65 65 65 65 66 66 66 66 67 67 67 68 68 68 68       645
MAY  69 69 69 69 70 70 70 71 71 71 71 72 72 72 73 73 73 73 74 74 74 74 75 75 75 76 76 76 76 77 77    728
JUN  77 77 78 78 78 78 79 79 79 80 80 80 81 81 81 82 82 82 82 83 83 84 84 84 85 85 85 86 86 86       815
JUL  87 87 88 88 88 89 89 89 89 90 90 90 90 91 91 91 91 91 92 92 92 92 92 92 92 92 92 93 93 93 93    906
AUG  93 93 93 93 92 92 92 92 92 92 92 92 92 91 91 91 91 90 90 90 90 89 89 89 88 88 88 87 87 87 86    904
SEP  86 85 85 84 84 84 83 83 82 82 81 81 81 80 80 79 79 79 78 78 77 77 77 76 76 76 75 75 74 74       797
OCT  74 73 73 73 72 72 71 71 70 70 70 69 69 68 68 67 66 66 65 65 64 64 63 62 62 61 61 60 59 59 58    666
NOV  57 56 56 55 54 54 53 53 52 51 51 50 50 49 48 48 47 47 46 46 45 45 44 44 43 43 43 42 42 41       485
DEC  41 41 40 40 39 39 39 39 38 38 38 37 37 37 37 36 36 36 36 36 36 35 35 35 35 35 35 35 35 34 34    369
                                                                                                        
-------------------------------------------------------------------------------------------------       
 Average Temperature (deg F [tenths deg F for monthly])                                                 
 DAY  1  2  3  4  5  6  7  8  9 10 11 12 13 14 15 16 17 18 19 20 21 22 23 24 25 26 27 28 29 30 31  MONTH
-------------------------------------------------------------------------------------------------       
JAN  26 26 26 26 26 26 26 26 26 26 26 26 27 27 27 27 27 27 27 27 28 28 28 28 28 29 29 29 29 29 30    272
FEB  30 30 31 31 31 31 32 32 32 33 33 33 33 34 34 34 35 35 35 36 36 36 37 37 37 38 38 38             340
MAR  39 39 39 40 40 40 40 41 41 41 42 42 42 43 43 43 43 44 44 44 44 45 45 45 45 45 46 46 46 46 47    429
APR  47 47 47 47 48 48 48 48 48 49 49 49 49 50 50 50 50 51 51 51 51 52 52 52 52 53 53 53 54 54       501
MAY  54 54 55 55 55 56 56 56 56 57 57 57 57 58 58 58 59 59 59 59 60 60 60 60 61 61 61 61 61 62 62    582
JUN  62 62 63 63 63 63 64 64 64 64 65 65 65 65 65 66 66 66 67 67 67 67 68 68 68 68 69 69 69 69       657
JUL  70 70 70 71 71 71 71 71 72 72 72 72 72 72 73 73 73 73 73 73 73 73 73 73 73 74 74 74 74 74 74    724
AUG  74 74 73 73 73 73 73 73 73 73 73 72 72 72 72 72 71 71 71 71 70 70 70 70 69 69 69 68 68 68 67    712
SEP  67 66 66 66 65 65 65 64 64 63 63 63 62 62 62 61 61 60 60 60 59 59 59 58 58 58 57 57 56 56       614
OCT  56 55 55 55 54 54 54 53 53 53 52 52 51 51 51 50 50 49 49 49 48 48 47 47 47 46 46 45 45 44 44    501
NOV  43 43 43 42 42 41 41 40 40 40 39 39 38 38 38 37 37 36 36 36 35 35 35 34 34 33 33 33 32 32       375
DEC  32 31 31 31 31 30 30 30 29 29 29 29 29 28 28 28 28 28 27 27 27 27 27 27 27 27 26 26 26 26 26    283
                                                                                                        
-------------------------------------------------------------------------------------------------       
 Heating Degree Days                                                                                    
 DAY  1  2  3  4  5  6  7  8  9 10 11 12 13 14 15 16 17 18 19 20 21 22 23 24 25 26 27 28 29 30 31  MONTH
-------------------------------------------------------------------------------------------------       
JAN  39 39 39 39 39 39 39 39 39 39 39 39 39 38 38 38 38 38 38 38 37 37 37 37 37 37 36 36 36 36 35   1174
FEB  35 35 34 34 34 34 33 33 33 32 32 32 32 31 31 31 30 30 30 29 29 29 28 28 28 27 27 27             868
MAR  26 26 26 25 25 25 25 24 24 24 23 23 23 23 22 22 22 21 21 21 21 20 20 20 20 20 19 19 19 19 18    686
APR  18 18 18 18 17 17 17 17 17 16 16 16 16 15 15 15 15 14 14 14 14 13 13 13 13 12 12 12 12 11       448
MAY  11 11 10 10 10 10  9  9  9  9  8  8  8  8  7  7  7  7  7  6  6  6  6  6  5  5  5  5  5  5  5    230
JUN   4  4  4  4  4  4  4  3  3  3  3  3  3  3  3  2  2  2  2  2  2  2  2  2  2  2  1  1  1  1        78
JUL   1  1  1  1  1  1  1  1  1  1  1  1  1  1  1  1  0  0  0  0  0  0  0  0  0  0  0  0  0  0  0     16
AUG   0  0  0  0  0  0  0  0  0  0  0  0  1  1  1  1  1  1  1  1  1  1  1  1  2  2  2  2  2  2  2     26
SEP   3  3  3  3  3  3  4  4  4  4  4  5  5  5  5  5  6  6  6  6  7  7  7  8  8  8  8  9  9  9       167
OCT  10 10 10 10 11 11 11 12 12 13 13 13 14 14 14 15 15 16 16 16 17 17 18 18 18 19 19 20 20 21 21    464
NOV  22 22 22 23 23 24 24 25 25 25 26 26 27 27 27 28 28 29 29 29 30 30 30 31 31 32 32 32 33 33       825
DEC  33 34 34 34 34 35 35 35 36 36 36 36 36 37 37 37 37 37 38 38 38 38 38 38 38 38 39 39 39 39 39   1138
                                                                                                        
-------------------------------------------------------------------------------------------------       
 Cooling Degree Days                                                                                    
 DAY  1  2  3  4  5  6  7  8  9 10 11 12 13 14 15 16 17 18 19 20 21 22 23 24 25 26 27 28 29 30 31  MONTH
-------------------------------------------------------------------------------------------------       
JAN   0  0  0  0  0  0  0  0  0  0  0  0  0  0  0  0  0  0  0  0  0  0  0  0  0  0  0  0  0  0  0      0
FEB   0  0  0  0  0  0  0  0  0  0  0  0  0  0  0  0  0  0  0  0  0  0  0  0  0  0  0  0               0
MAR   0  0  0  0  0  0  0  0  0  0  0  0  0  0  0  0  0  0  0  0  0  0  0  0  0  0  0  0  0  0  0      0
APR   0  0  0  0  0  0  0  0  0  0  0  0  0  0  0  0  0  0  0  0  0  0  0  0  0  0  0  0-99-99         2
MAY   0  0  0  0  0  0  0  0  0  0  0  1  1  1  1  1  1  1  1  1  1  1  1  1  1  1  1  1  1  1  1     20
JUN   1  2  2  2  2  2  2  2  2  2  2  3  3  3  3  3  3  3  4  4  4  4  4  4  5  5  5  5  6  6        98
JUL   6  6  6  6  7  7  7  7  7  8  8  8  8  8  8  8  8  8  8  8  9  9  9  9  9  9  9  9  9  9  9    246
AUG   9  9  9  8  8  8  8  8  8  8  8  8  8  8  7  7  7  7  7  7  7  6  6  6  6  6  5  5  5  5  5    219
SEP   4  4  4  4  3  3  3  3  3  3  2  2  2  2  2  2  2  1  1  1  1  1  1  1  1  1  1  1  0  0        59
OCT -99  0  0  0  0  0  0  0  0  0  0  0  0  0  0  0  0  0  0  0  0  0  0  0  0  0  0  0  0  0  0      1
NOV   0  0  0  0  0  0  0  0  0  0  0  0  0  0  0  0  0  0  0  0  0  0  0  0  0  0  0  0  0  0         0
DEC   0  0  0  0  0  0  0  0  0  0  0  0  0  0  0  0  0  0  0  0  0  0  0  0  0  0  0  0  0  0  0      0
                                                                                                        
-------------------------------------------------------------------------------------------------       
 Total  Precipitation (Hundreths of an Inch)                                                            
 DAY  1  2  3  4  5  6  7  8  9 10 11 12 13 14 15 16 17 18 19 20 21 22 23 24 25 26 27 28 29 30 31  MONTH
-------------------------------------------------------------------------------------------------       
JAN   4  4  4  4  4  5  5  5  5  5  5  5  5  5  5  5  5  5  5  4  4  4  4  4  4  4  4  4  4  4  4    138
FEB   4  4  4  4  4  4  4  4  4  4  3  3  3  3  3  3  3  3  3  3  3  4  4  4  4  4  4  4             101
MAR   4  4  4  4  4  4  4  4  4  4  4  4  4  4  5  4  4  4  4  4  4  4  4  4  4  4  4  4  4  4  4    125
APR   4  4  4  4  4  4  3  3  3  3  3  3  3  3  3  3  3  3  3  3  3  3  3  3  3  3  3  3  3  3        96
MAY   3  3  3  3  3  3  3  3  4  4  4  4  4  4  4  4  4  4  4  4  4  4  4  4  4  4  4  4  3  3  3    113
JUN   4  4  3  3  3  3  3  3  3  3  3  3  3  3  3  3  3  3  3  3  3  3  2  2  2  2  2  2  2  2        84
JUL   2  2  2  2  1  1  1  1  1  1  1  1  1  1  1  1  1  1  1  1  1  1  1  1  1  1  1  1  1  1  1     35
AUG   1  1  1  1  1  1  1  1  1  1  1  1  1  1  1  1  1  1  1  1  1  2  2  2  2  2  2  2  2  2  2     41
SEP   2  2  2  2  2  2  2  2  2  2  2  2  2  2  3  3  3  3  3  2  2  2  2  2  2  2  2  2  2  2        65
OCT   2  2  2  2  2  2  2  2  2  2  2  2  2  2  2  2  2  2  2  2  2  2  2  2  2  2  3  3  3  3  3     67
NOV   3  3  4  4  4  4  4  4  4  4  4  4  4  4  4  4  4  4  4  4  5  5  5  5  5  4  4  4  4  4       123
DEC   5  4  4  4  4  4  4  4  4  4  4  4  4  4  4  4  4  4  4  4  4  4  4  4  4  4  4  4  4  5  5    127
                                                                                                        
