-------------------------------------------------------------------------------------------------       
 1971-2000 Daily/Monthly Station Normals                                                                
 Provided by National Climatic Data Center/NESDIS/NOAA                                                  
-------------------------------------------------------------------------------------------------       
 Station COOP ID:                           101408                                                      
 Station Name, State, Division, Call:       CAMBRIDGE                          ID 05                    
 Latitude, Longitude, Elevation, Elements:  44 34 25 -116 40 32  2650 XNP                               
-------------------------------------------------------------------------------------------------       
 Minimum Temperature (deg F [tenths deg F for monthly])                                                 
 DAY  1  2  3  4  5  6  7  8  9 10 11 12 13 14 15 16 17 18 19 20 21 22 23 24 25 26 27 28 29 30 31  MONTH
-------------------------------------------------------------------------------------------------       
JAN  14 14 14 14 14 15 15 15 15 15 15 15 15 15 15 15 15 15 15 15 15 15 16 16 16 16 16 16 16 16 16    151
FEB  16 17 17 17 17 17 17 18 18 18 18 19 19 19 19 20 20 20 21 21 21 22 22 22 23 23 24 24             196
MAR  24 25 25 26 26 26 27 27 27 28 28 28 29 29 29 30 30 30 30 31 31 31 31 31 32 32 32 32 32 33 33    292
APR  33 33 33 33 34 34 34 34 34 34 35 35 35 35 35 35 36 36 36 36 36 37 37 37 37 38 38 38 38 39       355
MAY  39 39 39 40 40 40 40 40 41 41 41 41 42 42 42 42 43 43 43 43 44 44 44 44 45 45 45 45 45 46 46    424
JUN  46 46 47 47 47 47 47 48 48 48 48 49 49 49 49 49 50 50 50 50 51 51 51 51 51 52 52 52 52 52       493
JUL  53 53 53 53 53 54 54 54 54 54 54 55 55 55 55 55 55 55 55 55 55 55 55 55 55 55 55 55 55 55 55    545
AUG  55 55 55 55 55 55 55 55 54 54 54 54 54 54 53 53 53 53 52 52 52 52 51 51 51 50 50 50 49 49 49    527
SEP  48 48 48 47 47 46 46 46 45 45 45 44 44 44 43 43 43 42 42 41 41 41 40 40 40 39 39 39 39 38       431
OCT  38 38 37 37 37 36 36 36 35 35 35 35 34 34 34 34 33 33 33 33 32 32 32 32 32 31 31 31 31 31 30    338
NOV  30 30 30 30 30 29 29 29 29 28 28 28 28 27 27 27 26 26 26 25 25 25 24 24 24 23 23 22 22 22       265
DEC  21 21 20 20 19 19 19 18 18 18 18 17 17 17 16 16 16 16 16 15 15 15 15 15 15 15 15 15 15 15 14    168
                                                                                                        
-------------------------------------------------------------------------------------------------       
 Maximum Temperature (deg F [tenths deg F for monthly])                                                 
 DAY  1  2  3  4  5  6  7  8  9 10 11 12 13 14 15 16 17 18 19 20 21 22 23 24 25 26 27 28 29 30 31  MONTH
-------------------------------------------------------------------------------------------------       
JAN  30 30 30 30 30 30 30 30 30 30 30 30 30 30 30 30 30 31 31 31 31 31 31 32 32 32 32 32 33 33 33    308
FEB  33 34 34 34 34 35 35 35 36 36 36 37 37 38 38 38 39 39 40 40 41 41 42 42 42 43 44 44             381
MAR  45 45 46 46 47 47 48 48 49 49 50 50 51 51 51 52 52 53 53 54 54 54 55 55 56 56 56 57 57 58 58    517
APR  58 59 59 59 60 60 60 61 61 61 62 62 62 63 63 63 64 64 64 64 65 65 65 66 66 66 67 67 67 67       630
MAY  68 68 68 69 69 69 69 70 70 70 71 71 71 71 72 72 72 73 73 73 73 74 74 74 75 75 75 75 76 76 76    720
JUN  76 77 77 77 78 78 78 78 79 79 79 80 80 80 81 81 81 82 82 82 83 83 84 84 84 85 85 85 86 86       810
JUL  87 87 88 88 88 89 89 89 90 90 90 90 91 91 91 91 92 92 92 92 92 92 92 92 92 92 92 92 92 92 92    906
AUG  92 92 92 92 92 92 92 92 92 91 91 91 91 91 90 90 90 90 90 89 89 89 88 88 88 88 87 87 86 86 86    898
SEP  85 85 85 84 84 83 83 83 82 82 81 81 81 80 80 79 79 78 78 78 77 77 76 76 76 75 75 74 74 74       795
OCT  73 73 72 72 71 71 70 70 69 69 68 68 67 67 66 65 65 64 64 63 62 62 61 60 60 59 58 58 57 56 55    650
NOV  54 54 53 52 51 51 50 49 49 48 47 47 46 46 45 44 44 43 43 42 42 41 41 40 40 39 39 38 38 37       451
DEC  37 37 36 36 35 35 35 34 34 34 33 33 33 33 32 32 32 32 32 31 31 31 31 31 31 30 30 30 30 30 30    326
                                                                                                        
-------------------------------------------------------------------------------------------------       
 Average Temperature (deg F [tenths deg F for monthly])                                                 
 DAY  1  2  3  4  5  6  7  8  9 10 11 12 13 14 15 16 17 18 19 20 21 22 23 24 25 26 27 28 29 30 31  MONTH
-------------------------------------------------------------------------------------------------       
JAN  22 22 22 22 22 22 22 22 22 22 22 23 23 23 23 23 23 23 23 23 23 23 24 24 24 24 24 24 24 25 25    230
FEB  25 25 25 26 26 26 26 27 27 27 27 28 28 28 29 29 29 30 30 31 31 31 32 32 33 33 34 34             289
MAR  35 35 35 36 36 37 37 38 38 38 39 39 40 40 40 41 41 42 42 42 43 43 43 43 44 44 44 45 45 45 45    405
APR  46 46 46 46 47 47 47 47 48 48 48 48 49 49 49 49 50 50 50 50 51 51 51 51 52 52 52 53 53 53       493
MAY  53 54 54 54 54 55 55 55 55 56 56 56 56 57 57 57 57 58 58 58 58 59 59 59 60 60 60 60 61 61 61    572
JUN  61 62 62 62 62 63 63 63 63 64 64 64 64 65 65 65 66 66 66 66 67 67 67 68 68 68 68 69 69 69       652
JUL  70 70 70 71 71 71 71 72 72 72 72 72 73 73 73 73 73 73 73 73 73 74 74 74 74 74 74 74 74 74 74    726
AUG  74 74 74 74 73 73 73 73 73 73 73 73 72 72 72 72 71 71 71 71 70 70 70 70 69 69 69 68 68 68 67    713
SEP  67 66 66 66 65 65 65 64 64 63 63 63 62 62 61 61 61 60 60 60 59 59 58 58 58 57 57 57 56 56       613
OCT  55 55 55 54 54 54 53 53 52 52 52 51 51 50 50 50 49 49 48 48 47 47 46 46 46 45 45 44 44 43 43    494
NOV  42 42 41 41 41 40 40 39 39 38 38 37 37 36 36 36 35 35 34 34 33 33 32 32 32 31 31 30 30 29       358
DEC  29 29 28 28 27 27 27 26 26 26 26 25 25 25 24 24 24 24 24 23 23 23 23 23 23 23 23 22 22 22 22    247
                                                                                                        
-------------------------------------------------------------------------------------------------       
 Heating Degree Days                                                                                    
 DAY  1  2  3  4  5  6  7  8  9 10 11 12 13 14 15 16 17 18 19 20 21 22 23 24 25 26 27 28 29 30 31  MONTH
-------------------------------------------------------------------------------------------------       
JAN  43 43 43 43 43 43 43 43 43 43 43 43 42 42 42 42 42 42 42 42 42 42 42 41 41 41 41 41 41 40 40   1304
FEB  40 40 40 39 39 39 39 38 38 38 38 37 37 37 36 36 36 35 35 35 34 34 33 33 32 32 31 31            1012
MAR  30 30 30 29 29 28 28 27 27 27 26 26 25 25 25 24 24 24 23 23 22 22 22 22 21 21 21 20 20 20 20    761
APR  19 19 19 19 18 18 18 18 18 17 17 17 16 16 16 16 15 15 15 15 14 14 14 14 13 13 13 13 12 12       473
MAY  12 11 11 11 11 10 10 10 10  9  9  9  9  9  8  8  8  8  7  7  7  7  7  6  6  6  6  6  6  5  5    254
JUN   5  5  5  5  4  4  4  4  4  4  3  3  3  3  3  3  3  3  3  2  2  2  2  2  2  2  2  2  2  1        92
JUL   2  1  1  1  1  1  1  1  1  1  1  1  1  1  1  1  1  1  0  0  0  0  0  0  0  0  0  0  0  0  0     19
AUG   0  0  0  0  0  0  0  0  0  0  0  0  0  1  1  1  1  1  1  1  1  1  1  2  2  2  2  2  2  2  3     27
SEP   3  3  3  3  3  4  4  4  4  4  5  5  5  5  5  6  6  6  6  7  7  7  8  8  8  8  9  9  9 10       174
OCT  10 10 11 11 11 12 12 12 13 13 13 14 14 15 15 15 16 16 17 17 17 18 18 19 19 20 20 21 21 22 22    484
NOV  23 23 23 24 24 25 25 26 26 27 27 28 28 29 29 30 30 30 31 31 32 32 33 33 33 34 34 35 35 36       876
DEC  36 36 37 37 38 38 38 39 39 39 40 40 40 40 41 41 41 41 41 42 42 42 42 42 42 42 42 43 43 43 43   1250
                                                                                                        
-------------------------------------------------------------------------------------------------       
 Cooling Degree Days                                                                                    
 DAY  1  2  3  4  5  6  7  8  9 10 11 12 13 14 15 16 17 18 19 20 21 22 23 24 25 26 27 28 29 30 31  MONTH
-------------------------------------------------------------------------------------------------       
JAN   0  0  0  0  0  0  0  0  0  0  0  0  0  0  0  0  0  0  0  0  0  0  0  0  0  0  0  0  0  0  0      0
FEB   0  0  0  0  0  0  0  0  0  0  0  0  0  0  0  0  0  0  0  0  0  0  0  0  0  0  0  0               0
MAR   0  0  0  0  0  0  0  0  0  0  0  0  0  0  0  0  0  0  0  0  0  0  0  0  0  0  0  0  0  0  0      0
APR   0  0  0  0  0  0  0  0  0  0  0  0  0  0  0  0  0  0  0  0  0  0  0  0  0  0  0  0  0  0         0
MAY   0  0  0  0  0  0  0  0  0  0  0  0  0  0  0  0  0  0  0  0  1  1  1  1  1  1  1  1  1  1  1     11
JUN   1  1  1  2  2  2  2  2  2  2  2  3  3  3  3  3  3  3  4  4  4  4  4  5  5  5  5  5  6  6        97
JUL   6  6  7  7  7  7  7  7  8  8  8  8  8  8  8  8  9  9  9  9  9  9  9  9  9  9  9  9  9  9  9    253
AUG   9  9  9  9  9  8  8  8  8  8  8  8  8  8  7  7  7  7  7  7  7  6  6  6  6  6  5  5  5  5  5    221
SEP   4  4  4  4  4  3  3  3  3  3  3  2  2  2  2  2  2  2  1  1  1  1  1  1  1  1  1  1  1  0        63
OCT -99  0  0  0  0  0  0  0  0  0  0  0  0  0  0  0  0  0  0  0  0  0  0  0  0  0  0  0  0  0  0      1
NOV   0  0  0  0  0  0  0  0  0  0  0  0  0  0  0  0  0  0  0  0  0  0  0  0  0  0  0  0  0  0         0
DEC   0  0  0  0  0  0  0  0  0  0  0  0  0  0  0  0  0  0  0  0  0  0  0  0  0  0  0  0  0  0  0      0
                                                                                                        
-------------------------------------------------------------------------------------------------       
 Total  Precipitation (Hundreths of an Inch)                                                            
 DAY  1  2  3  4  5  6  7  8  9 10 11 12 13 14 15 16 17 18 19 20 21 22 23 24 25 26 27 28 29 30 31  MONTH
-------------------------------------------------------------------------------------------------       
JAN  10 10 10 10 10  9  9  9  9  9  9  9  9  9  9  9  9  9  9  9  9  9  9  9  9  9  9 10 10 10 10    288
FEB   9  9 10 10 10 10 10 10 10 10 10 10 10 10 10 10 10 10  9  9  9  9  9  9  9  9  9  9             268
MAR   9  9  9  8  8  8  8  8  8  8  8  7  7  7  7  7  7  7  7  7  6  6  6  6  6  6  6  6  6  5  5    218
APR   5  5  5  5  5  5  5  5  5  5  5  5  4  4  4  4  4  4  4  4  4  4  4  4  4  4  4  5  5  5       135
MAY   4  5  5  5  5  5  5  5  5  5  5  5  5  5  5  5  5  5  5  5  5  5  5  5  5  5  5  5  5  4  4    152
JUN   5  4  4  4  4  4  4  4  4  4  4  4  4  4  4  3  3  3  3  3  3  3  3  3  3  3  3  3  2  2       104
JUL   2  2  2  2  2  2  2  2  2  2  2  2  2  1  1  1  1  1  1  1  1  1  1  1  1  1  1  1  1  1  1     44
AUG   1  1  1  1  1  1  1  1  1  1  1  1  1  1  1  1  2  2  2  2  2  2  2  2  2  2  2  2  2  2  2     46
SEP   2  2  2  2  2  2  2  3  3  3  3  3  3  3  3  3  3  3  3  3  3  3  3  3  3  3  3  3  3  3        83
OCT   3  3  3  3  3  3  3  3  3  3  3  3  3  3  3  3  3  3  4  4  4  4  4  5  5  5  5  5  6  6  6    117
NOV   7  7  7  7  8  8  8  8  8  9  9  9  9  9  9 10 10 10 10 10 10 10 10 10 10 10 10 11 11 11       275
DEC  11 11 11 11 11 11 11 11 11 11 10 10 10 10 10 10 10 10 10 10 10 10 10 10 10 10 10 10 10 10 10    320
                                                                                                        
