-------------------------------------------------------------------------------------------------       
 1971-2000 Daily/Monthly Station Normals                                                                
 Provided by National Climatic Data Center/NESDIS/NOAA                                                  
-------------------------------------------------------------------------------------------------       
 Station COOP ID:                           103732                                                      
 Station Name, State, Division, Call:       GRACE                              ID 10                    
 Latitude, Longitude, Elevation, Elements:  42 35 11 -111 44 41  5550 XNP                               
-------------------------------------------------------------------------------------------------       
 Minimum Temperature (deg F [tenths deg F for monthly])                                                 
 DAY  1  2  3  4  5  6  7  8  9 10 11 12 13 14 15 16 17 18 19 20 21 22 23 24 25 26 27 28 29 30 31  MONTH
-------------------------------------------------------------------------------------------------       
JAN  11 11 11 11 11 11 11 11 11 11 11 11 11 11 11 11 11 11 11 11 11 11 12 12 12 12 12 12 12 12 12    113
FEB  12 12 12 12 12 12 12 12 12 13 13 13 13 13 13 14 14 14 14 15 15 15 15 16 16 16 17 17             137
MAR  17 18 18 19 19 19 20 20 20 20 21 21 21 22 22 22 23 23 23 23 24 24 24 24 24 25 25 25 25 25 26    220
APR  26 26 26 26 27 27 27 27 27 28 28 28 28 28 29 29 29 29 30 30 30 30 31 31 31 31 32 32 32 32       289
MAY  33 33 33 33 34 34 34 34 35 35 35 35 36 36 36 36 37 37 37 37 37 38 38 38 38 38 39 39 39 39 39    362
JUN  40 40 40 40 40 41 41 41 41 41 41 42 42 42 42 42 43 43 43 43 43 44 44 44 44 45 45 45 45 45       424
JUL  46 46 46 46 46 47 47 47 47 47 47 48 48 48 48 48 48 48 48 48 48 48 48 48 48 48 48 48 48 48 48    475
AUG  48 48 48 48 48 48 48 48 48 47 47 47 47 47 47 47 46 46 46 46 46 45 45 45 45 44 44 44 43 43 43    462
SEP  42 42 42 42 41 41 41 40 40 40 39 39 39 38 38 38 37 37 37 37 36 36 36 35 35 35 35 34 34 34       380
OCT  34 33 33 33 32 32 32 32 31 31 31 31 30 30 30 29 29 29 29 28 28 28 28 27 27 27 27 26 26 26 25    295
NOV  25 25 25 24 24 24 24 23 23 23 22 22 22 21 21 21 21 20 20 20 19 19 19 18 18 18 17 17 16 16       209
DEC  16 15 15 15 14 14 14 14 13 13 13 13 12 12 12 12 12 12 11 11 11 11 11 11 11 11 11 11 11 11 11    124
                                                                                                        
-------------------------------------------------------------------------------------------------       
 Maximum Temperature (deg F [tenths deg F for monthly])                                                 
 DAY  1  2  3  4  5  6  7  8  9 10 11 12 13 14 15 16 17 18 19 20 21 22 23 24 25 26 27 28 29 30 31  MONTH
-------------------------------------------------------------------------------------------------       
JAN  31 31 31 31 30 30 30 30 30 30 30 31 31 31 31 31 31 31 31 31 31 31 31 31 32 32 32 32 32 33 33    311
FEB  33 33 34 34 34 34 35 35 35 35 35 36 36 36 37 37 37 37 38 38 38 38 39 39 39 40 40 40             365
MAR  41 41 41 41 42 42 42 43 43 43 44 44 44 45 45 45 46 46 46 47 47 48 48 48 49 49 49 50 50 51 51    455
APR  51 52 52 53 53 53 54 54 54 55 55 55 56 56 56 57 57 58 58 58 58 59 59 59 60 60 60 61 61 61       565
MAY  61 62 62 62 63 63 63 64 64 64 64 65 65 65 66 66 66 67 67 67 68 68 68 69 69 69 70 70 70 71 71    661
JUN  71 72 72 72 73 73 73 74 74 74 75 75 75 76 76 76 77 77 77 78 78 78 79 79 79 80 80 81 81 81       762
JUL  82 82 82 82 83 83 83 84 84 84 84 85 85 85 85 85 86 86 86 86 86 86 86 86 87 87 87 87 87 87 87    850
AUG  87 87 87 87 87 87 87 87 86 86 86 86 86 86 86 85 85 85 85 85 84 84 84 83 83 83 82 82 82 81 81    849
SEP  81 80 80 79 79 79 78 78 77 77 77 76 76 75 75 75 74 74 74 73 73 72 72 72 71 71 70 70 70 69       749
OCT  69 69 68 68 67 67 67 66 66 65 65 64 64 63 63 62 61 61 60 60 59 59 58 57 57 56 55 55 54 53 52    616
NOV  52 51 50 50 49 48 47 47 46 46 45 44 44 43 43 42 42 41 41 40 40 39 39 39 38 38 38 37 37 37       431
DEC  36 36 36 35 35 35 35 34 34 34 34 34 33 33 33 33 33 32 32 32 32 32 32 31 31 31 31 31 31 31 31    330
                                                                                                        
-------------------------------------------------------------------------------------------------       
 Average Temperature (deg F [tenths deg F for monthly])                                                 
 DAY  1  2  3  4  5  6  7  8  9 10 11 12 13 14 15 16 17 18 19 20 21 22 23 24 25 26 27 28 29 30 31  MONTH
-------------------------------------------------------------------------------------------------       
JAN  21 21 21 21 21 21 21 21 21 21 21 21 21 21 21 21 21 21 21 21 21 21 21 21 22 22 22 22 22 22 22    212
FEB  22 23 23 23 23 23 23 23 24 24 24 24 25 25 25 25 25 26 26 26 27 27 27 27 28 28 28 29             251
MAR  29 29 30 30 30 31 31 31 32 32 32 33 33 33 34 34 34 35 35 35 35 36 36 36 37 37 37 37 38 38 38    338
APR  39 39 39 39 40 40 40 41 41 41 41 42 42 42 43 43 43 43 44 44 44 45 45 45 45 46 46 46 46 47       427
MAY  47 47 48 48 48 48 49 49 49 50 50 50 50 51 51 51 52 52 52 52 53 53 53 53 54 54 54 54 55 55 55    512
JUN  55 56 56 56 56 57 57 57 58 58 58 58 59 59 59 59 60 60 60 61 61 61 61 62 62 62 62 63 63 63       593
JUL  64 64 64 64 65 65 65 65 65 66 66 66 66 66 66 67 67 67 67 67 67 67 67 67 67 68 68 68 68 68 68    663
AUG  68 68 68 68 67 67 67 67 67 67 67 67 67 66 66 66 66 66 65 65 65 65 64 64 64 64 63 63 63 62 62    656
SEP  61 61 61 60 60 60 59 59 59 58 58 58 57 57 57 56 56 56 55 55 55 54 54 54 53 53 53 52 52 52       565
OCT  51 51 51 50 50 50 49 49 49 48 48 47 47 47 46 46 45 45 45 44 44 43 43 42 42 41 41 41 40 40 39    456
NOV  38 38 37 37 37 36 36 35 35 34 34 33 33 32 32 32 31 31 30 30 30 29 29 28 28 28 27 27 27 26       320
DEC  26 26 25 25 25 25 24 24 24 24 23 23 23 23 22 22 22 22 22 22 22 21 21 21 21 21 21 21 21 21 21    227
                                                                                                        
-------------------------------------------------------------------------------------------------       
 Heating Degree Days                                                                                    
 DAY  1  2  3  4  5  6  7  8  9 10 11 12 13 14 15 16 17 18 19 20 21 22 23 24 25 26 27 28 29 30 31  MONTH
-------------------------------------------------------------------------------------------------       
JAN  44 44 44 44 44 44 44 44 44 44 44 44 44 44 44 44 44 44 44 44 44 44 44 44 44 43 43 43 43 43 43   1358
FEB  43 42 42 42 42 42 42 41 41 41 41 41 41 40 40 40 40 39 39 39 39 38 38 38 37 37 37 36            1118
MAR  36 36 35 35 35 34 34 34 33 33 33 33 32 32 32 31 31 31 30 30 30 29 29 29 28 28 28 28 27 27 27    970
APR  26 26 26 26 25 25 25 24 24 24 24 23 23 23 22 22 22 22 21 21 21 20 20 20 20 19 19 19 19 18       669
MAY  18 18 17 17 17 17 16 16 16 15 15 15 15 14 14 14 14 13 13 13 13 12 12 12 11 11 11 11 10 10 10    430
JUN  10  9  9  9  9  8  8  8  8  7  7  7  7  7  6  6  6  6  6  5  5  5  5  5  5  4  4  4  4  4       193
JUL   4  3  3  3  3  3  3  3  3  3  2  2  2  2  2  2  2  2  2  2  2  2  1  1  1  1  1  1  1  1  1     64
AUG   1  1  1  1  1  1  1  1  1  2  2  2  2  2  2  2  2  2  2  3  3  3  3  3  3  4  4  4  4  5  5     73
SEP   5  5  5  6  6  6  7  7  7  7  8  8  8  8  9  9  9 10 10 10 10 11 11 11 12 12 12 13 13 13       268
OCT  14 14 14 15 15 15 16 16 16 17 17 18 18 18 19 19 20 20 20 21 21 22 22 23 23 24 24 25 25 26 26    603
NOV  27 27 28 28 29 29 29 30 30 31 31 32 32 33 33 33 34 34 35 35 35 36 36 36 37 37 38 38 38 39       990
DEC  39 39 40 40 40 40 41 41 41 41 42 42 42 42 42 43 43 43 43 43 43 44 44 44 44 44 44 44 44 44 44   1310
                                                                                                        
-------------------------------------------------------------------------------------------------       
 Cooling Degree Days                                                                                    
 DAY  1  2  3  4  5  6  7  8  9 10 11 12 13 14 15 16 17 18 19 20 21 22 23 24 25 26 27 28 29 30 31  MONTH
-------------------------------------------------------------------------------------------------       
JAN   0  0  0  0  0  0  0  0  0  0  0  0  0  0  0  0  0  0  0  0  0  0  0  0  0  0  0  0  0  0  0      0
FEB   0  0  0  0  0  0  0  0  0  0  0  0  0  0  0  0  0  0  0  0  0  0  0  0  0  0  0  0               0
MAR   0  0  0  0  0  0  0  0  0  0  0  0  0  0  0  0  0  0  0  0  0  0  0  0  0  0  0  0  0  0  0      0
APR   0  0  0  0  0  0  0  0  0  0  0  0  0  0  0  0  0  0  0  0  0  0  0  0  0  0  0  0  0  0         0
MAY   0  0  0  0  0  0  0  0  0  0  0  0  0  0  0  0  0  0  0  0  0  0  0  0  0  0  0  0  0  0  0      0
JUN   0  0  0  0  0  0  0  0  0  0  0  0  0  1  1  1  1  1  1  1  1  1  1  1  1  2  2  2  2  2        22
JUL   2  2  2  2  3  3  3  3  3  3  3  3  3  3  3  3  3  3  4  4  4  4  4  4  4  4  4  4  4  4  4    102
AUG   4  4  4  4  4  4  3  3  3  3  3  3  3  3  3  3  3  3  3  3  3  2  2  2  2  2  2  2  2  2  2     89
SEP   1  1  1  1  1  1  1  1  1  1  1  0  0  0  0  0  0  0  0  0  0  0  0  0  0  0  0  0  0  0        11
OCT   0  0  0  0  0  0  0  0  0  0  0  0  0  0  0  0  0  0  0  0  0  0  0  0  0  0  0  0  0  0  0      0
NOV   0  0  0  0  0  0  0  0  0  0  0  0  0  0  0  0  0  0  0  0  0  0  0  0  0  0  0  0  0  0         0
DEC   0  0  0  0  0  0  0  0  0  0  0  0  0  0  0  0  0  0  0  0  0  0  0  0  0  0  0  0  0  0  0      0
                                                                                                        
-------------------------------------------------------------------------------------------------       
 Total  Precipitation (Hundreths of an Inch)                                                            
 DAY  1  2  3  4  5  6  7  8  9 10 11 12 13 14 15 16 17 18 19 20 21 22 23 24 25 26 27 28 29 30 31  MONTH
-------------------------------------------------------------------------------------------------       
JAN   4  4  4  4  4  4  4  4  4  4  4  4  4  4  4  5  5  5  4  4  4  4  4  4  4  4  4  4  4  4  4    127
FEB   4  4  4  4  4  4  4  4  4  4  4  4  4  4  4  4  4  4  4  4  4  4  4  4  4  4  4  4             112
MAR   4  4  4  4  4  5  5  5  5  5  5  5  5  5  5  5  5  5  5  5  5  5  5  5  4  4  4  4  4  4  4    143
APR   4  4  4  4  4  4  4  4  4  4  4  4  4  4  4  4  5  5  5  5  5  5  5  5  5  5  6  6  6  6       138
MAY   6  6  7  7  7  7  7  7  7  7  7  7  7  8  8  8  8  8  7  7  7  7  7  7  7  7  7  7  7  6  6    218
JUN   6  6  6  6  5  5  5  5  5  5  5  4  4  4  4  4  4  4  4  4  4  4  4  4  4  4  3  3  3  3       131
JUL   3  3  3  3  3  3  3  3  3  3  3  3  3  3  4  4  4  4  4  4  4  4  4  4  4  4  4  4  4  4  4    110
AUG   3  3  4  4  4  4  4  4  4  4  4  4  4  4  4  4  4  4  4  4  4  4  4  4  4  4  4  4  4  4  4    122
SEP   4  4  4  4  4  4  4  4  4  4  4  4  4  4  4  4  4  4  5  5  5  5  5  5  5  5  5  5  5  5       132
OCT   5  5  5  5  5  5  5  5  5  5  5  5  4  4  4  4  4  4  4  4  4  4  4  4  4  4  4  4  4  4  4    136
NOV   4  4  4  4  4  4  4  4  4  4  4  4  4  4  4  4  4  4  4  4  4  4  4  4  3  3  3  3  3  3       114
DEC   4  3  3  3  3  3  3  3  3  3  3  4  4  4  4  4  4  4  4  4  4  4  4  4  4  4  4  4  4  4  4    114
                                                                                                        
