-------------------------------------------------------------------------------------------------       
 1971-2000 Daily/Monthly Station Normals                                                                
 Provided by National Climatic Data Center/NESDIS/NOAA                                                  
-------------------------------------------------------------------------------------------------       
 Station COOP ID:                           106388                                                      
 Station Name, State, Division, Call:       NEW MEADOWS RANGER STN             ID 04                    
 Latitude, Longitude, Elevation, Elements:  44 57 53 -116 17 11  3870 XNP                               
-------------------------------------------------------------------------------------------------       
 Minimum Temperature (deg F [tenths deg F for monthly])                                                 
 DAY  1  2  3  4  5  6  7  8  9 10 11 12 13 14 15 16 17 18 19 20 21 22 23 24 25 26 27 28 29 30 31  MONTH
-------------------------------------------------------------------------------------------------       
JAN   7  7  7  7  7  7  8  8  8  8  8  8  8  8  8  8  8  8  8  8  8  8  8  8  8  9  9  9  9  9  9     80
FEB   9  9  9  9  9  9  9  9 10 10 10 10 10 10 11 11 11 11 12 12 12 13 13 13 14 14 14 15             110
MAR  15 15 16 16 16 17 17 17 18 18 18 19 19 19 20 20 20 21 21 21 21 22 22 22 22 23 23 23 23 23 24    197
APR  24 24 24 24 25 25 25 25 25 25 26 26 26 26 26 27 27 27 27 27 28 28 28 28 29 29 29 29 29 30       266
MAY  30 30 30 30 31 31 31 31 31 32 32 32 32 32 33 33 33 33 34 34 34 34 34 35 35 35 35 35 36 36 36    329
JUN  36 37 37 37 37 37 38 38 38 38 38 39 39 39 39 39 39 40 40 40 40 40 40 40 40 41 41 41 41 41       390
JUL  41 41 42 42 42 42 42 42 42 42 42 42 42 42 42 42 42 42 42 42 42 43 43 43 43 43 42 42 42 42 42    421
AUG  42 42 42 42 42 42 42 42 42 42 41 41 41 41 41 41 41 40 40 40 40 40 39 39 39 39 38 38 38 38 37    404
SEP  37 37 36 36 36 35 35 35 34 34 34 34 33 33 33 32 32 32 31 31 31 31 30 30 30 29 29 29 28 28       325
OCT  28 28 27 27 27 26 26 26 26 26 25 25 25 25 25 24 24 24 24 24 24 23 23 23 23 23 23 23 23 23 23    247
NOV  23 23 23 23 22 22 22 22 22 22 22 21 21 21 20 20 20 20 19 19 19 18 18 17 17 17 16 16 15 15       198
DEC  14 14 13 13 12 12 11 11 11 10 10 10  9  9  9  9  8  8  8  8  8  8  7  7  7  7  7  7  7  7  7     93
                                                                                                        
-------------------------------------------------------------------------------------------------       
 Maximum Temperature (deg F [tenths deg F for monthly])                                                 
 DAY  1  2  3  4  5  6  7  8  9 10 11 12 13 14 15 16 17 18 19 20 21 22 23 24 25 26 27 28 29 30 31  MONTH
-------------------------------------------------------------------------------------------------       
JAN  28 28 28 28 28 28 29 29 29 29 29 29 29 29 29 29 30 30 30 30 30 30 31 31 31 31 31 32 32 32 32    297
FEB  33 33 33 33 34 34 34 35 35 35 35 36 36 36 37 37 37 37 38 38 38 39 39 39 40 40 40 41             365
MAR  41 41 41 42 42 42 43 43 43 44 44 44 45 45 45 46 46 46 46 47 47 47 48 48 48 49 49 49 50 50 50    455
APR  50 51 51 51 52 52 52 53 53 53 54 54 54 55 55 55 55 56 56 56 57 57 57 58 58 58 59 59 59 60       550
MAY  60 60 60 61 61 61 62 62 62 63 63 63 64 64 64 64 65 65 65 66 66 66 66 67 67 67 67 68 68 68 68    643
JUN  69 69 69 70 70 70 70 71 71 71 72 72 72 73 73 73 73 74 74 75 75 75 76 76 76 77 77 77 78 78       732
JUL  79 79 79 80 80 80 81 81 81 82 82 82 82 83 83 83 83 84 84 84 84 84 84 84 85 85 85 85 85 85 85    827
AUG  85 85 85 85 85 85 85 85 85 85 85 84 84 84 84 84 83 83 83 83 82 82 82 82 81 81 81 80 80 79 79    831
SEP  78 78 78 77 77 76 76 76 75 75 74 74 74 73 73 72 72 72 71 71 71 70 70 70 69 69 69 68 68 68       728
OCT  67 67 67 66 66 65 65 65 64 64 63 63 62 62 61 61 60 60 59 58 58 57 57 56 55 55 54 53 53 52 51    602
NOV  50 50 49 48 47 47 46 45 45 44 43 43 42 42 41 41 40 39 39 38 38 37 37 37 36 36 35 35 35 34       413
DEC  34 33 33 33 32 32 32 32 31 31 31 31 30 30 30 30 30 29 29 29 29 29 29 29 29 29 28 28 28 28 28    302
                                                                                                        
-------------------------------------------------------------------------------------------------       
 Average Temperature (deg F [tenths deg F for monthly])                                                 
 DAY  1  2  3  4  5  6  7  8  9 10 11 12 13 14 15 16 17 18 19 20 21 22 23 24 25 26 27 28 29 30 31  MONTH
-------------------------------------------------------------------------------------------------       
JAN  18 18 18 18 18 18 18 18 18 18 18 18 18 19 19 19 19 19 19 19 19 19 20 20 20 20 20 20 20 20 21    189
FEB  21 21 21 21 21 22 22 22 22 23 23 23 23 23 24 24 24 24 25 25 25 26 26 26 27 27 27 28             238
MAR  28 28 29 29 29 30 30 30 31 31 31 31 32 32 32 33 33 33 34 34 34 34 35 35 35 36 36 36 36 37 37    326
APR  37 37 38 38 38 38 39 39 39 39 40 40 40 40 41 41 41 41 42 42 42 42 43 43 43 44 44 44 44 45       408
MAY  45 45 45 46 46 46 46 47 47 47 47 48 48 48 48 49 49 49 49 50 50 50 50 51 51 51 51 52 52 52 52    486
JUN  53 53 53 53 54 54 54 54 55 55 55 55 55 56 56 56 56 57 57 57 57 58 58 58 58 59 59 59 59 60       561
JUL  60 60 60 61 61 61 61 61 62 62 62 62 62 62 63 63 63 63 63 63 63 63 63 63 64 64 64 64 64 64 64    624
AUG  64 64 64 64 64 64 63 63 63 63 63 63 63 63 62 62 62 62 62 61 61 61 61 60 60 60 60 59 59 58 58    618
SEP  58 57 57 57 56 56 56 55 55 55 54 54 53 53 53 52 52 52 51 51 51 50 50 50 50 49 49 49 48 48       527
OCT  48 47 47 47 46 46 46 45 45 45 44 44 44 43 43 43 42 42 42 41 41 40 40 40 39 39 39 38 38 37 37    425
NOV  37 36 36 35 35 35 34 34 33 33 33 32 32 31 31 30 30 30 29 29 28 28 27 27 27 26 26 25 25 24       306
DEC  24 24 23 23 22 22 22 21 21 21 20 20 20 20 19 19 19 19 19 18 18 18 18 18 18 18 18 18 18 18 18    198
                                                                                                        
-------------------------------------------------------------------------------------------------       
 Heating Degree Days                                                                                    
 DAY  1  2  3  4  5  6  7  8  9 10 11 12 13 14 15 16 17 18 19 20 21 22 23 24 25 26 27 28 29 30 31  MONTH
-------------------------------------------------------------------------------------------------       
JAN  47 47 47 47 47 47 47 47 47 47 47 47 47 46 46 46 46 46 46 46 46 46 46 45 45 45 45 45 45 45 44   1430
FEB  44 44 44 44 44 43 43 43 43 43 42 42 42 42 41 41 41 41 40 40 40 39 39 39 39 38 38 37            1156
MAR  37 37 36 36 36 35 35 35 34 34 34 34 33 33 33 32 32 32 31 31 31 31 30 30 30 29 29 29 29 28 28   1004
APR  28 28 27 27 27 27 26 26 26 26 25 25 25 25 24 24 24 24 23 23 23 23 22 22 22 22 21 21 21 20       727
MAY  20 20 20 20 19 19 19 19 18 18 18 17 17 17 17 16 16 16 16 15 15 15 15 14 14 14 14 13 13 13 13    510
JUN  12 12 12 12 12 11 11 11 11 10 10 10 10 10  9  9  9  9  8  8  8  8  8  7  7  7  7  7  7  6       278
JUL   6  6  6  6  6  5  5  5  5  5  5  5  5  4  4  4  4  4  4  4  4  4  4  4  3  3  3  3  3  3  3    135
AUG   3  3  3  3  3  3  3  3  3  3  4  4  4  4  4  4  4  4  5  5  5  5  5  6  6  6  6  7  7  7  8    140
SEP   8  8  9  9  9 10 10 10 11 11 11 11 12 12 12 13 13 13 14 14 14 15 15 15 16 16 16 17 17 17       378
OCT  17 18 18 18 19 19 19 20 20 20 21 21 21 22 22 22 23 23 24 24 24 25 25 25 26 26 27 27 27 28 28    699
NOV  28 29 29 30 30 31 31 31 32 32 33 33 33 34 34 35 35 35 36 36 37 37 38 38 38 39 39 40 40 41      1034
DEC  41 42 42 42 43 43 43 44 44 44 45 45 45 46 46 46 46 46 46 47 47 47 47 47 47 47 47 47 47 47 47   1403
                                                                                                        
-------------------------------------------------------------------------------------------------       
 Cooling Degree Days                                                                                    
 DAY  1  2  3  4  5  6  7  8  9 10 11 12 13 14 15 16 17 18 19 20 21 22 23 24 25 26 27 28 29 30 31  MONTH
-------------------------------------------------------------------------------------------------       
JAN   0  0  0  0  0  0  0  0  0  0  0  0  0  0  0  0  0  0  0  0  0  0  0  0  0  0  0  0  0  0  0      0
FEB   0  0  0  0  0  0  0  0  0  0  0  0  0  0  0  0  0  0  0  0  0  0  0  0  0  0  0  0               0
MAR   0  0  0  0  0  0  0  0  0  0  0  0  0  0  0  0  0  0  0  0  0  0  0  0  0  0  0  0  0  0  0      0
APR   0  0  0  0  0  0  0  0  0  0  0  0  0  0  0  0  0  0  0  0  0  0  0  0  0  0  0  0  0  0         0
MAY   0  0  0  0  0  0  0  0  0  0  0  0  0  0  0  0  0  0  0  0  0  0  0  0  0  0  0  0  0  0  0      0
JUN   0  0  0  0  0  0  0  0  0  0  0  0  0  0  0  0  0  0  0  1  1  1  1  1  1  1  1  1  1  1        11
JUL   1  1  1  1  1  1  1  1  1  2  2  2  2  2  2  2  2  2  2  2  2  2  2  2  2  2  2  2  2  2  2     53
AUG   2  2  2  2  2  2  2  2  1  1  1  1  1  1  1  1  1  1  1  1  1  1  1  1  1  1  1  1  1  1  1     39
SEP   1  1  1  1  1  1  0  0  0  0  0  0  0  0  0  0  0  0  0  0  0  0  0  0  0  0  0  0  0  0         6
OCT   0  0  0  0  0  0  0  0  0  0  0  0  0  0  0  0  0  0  0  0  0  0  0  0  0  0  0  0  0  0  0      0
NOV   0  0  0  0  0  0  0  0  0  0  0  0  0  0  0  0  0  0  0  0  0  0  0  0  0  0  0  0  0  0         0
DEC   0  0  0  0  0  0  0  0  0  0  0  0  0  0  0  0  0  0  0  0  0  0  0  0  0  0  0  0  0  0  0      0
                                                                                                        
-------------------------------------------------------------------------------------------------       
 Total  Precipitation (Hundreths of an Inch)                                                            
 DAY  1  2  3  4  5  6  7  8  9 10 11 12 13 14 15 16 17 18 19 20 21 22 23 24 25 26 27 28 29 30 31  MONTH
-------------------------------------------------------------------------------------------------       
JAN  10 10 10 10 10 10 10 10  9  9  9  9  9  9  9  9  9  9  9  9  9  9  9  9  9  9  9  9  9  9 10    288
FEB   9  9  9  9 10 10 10 10 10 10 10 10 10 10  9  9  9  9  9  9  9  9  9  9  9  9  9  9             262
MAR   9  9  9  8  8  8  8  8  8  8  8  8  8  8  8  8  8  8  7  7  7  7  7  7  7  7  7  7  7  7  7    238
APR   7  7  7  7  7  7  7  7  7  7  7  6  6  6  6  6  7  7  7  7  7  7  7  7  7  7  7  7  7  7       205
MAY   7  7  7  7  7  7  7  7  7  7  7  7  7  7  7  7  7  8  8  8  8  8  8  8  8  8  7  7  7  7  7    226
JUN   7  7  7  7  7  7  7  7  7  7  7  7  7  7  7  7  6  6  6  6  6  6  6  6  5  5  5  5  5  5       190
JUL   5  4  4  4  4  4  4  4  3  3  3  3  3  3  3  3  3  3  3  2  2  2  2  2  2  2  2  2  2  2  2     90
AUG   2  2  2  2  2  2  2  2  2  2  2  2  2  2  3  3  3  3  3  3  3  3  3  3  3  3  3  3  3  4  4     81
SEP   4  4  4  4  4  4  4  4  4  4  4  4  4  4  4  4  4  5  5  5  5  5  5  5  5  4  4  4  4  4       128
OCT   4  4  4  4  4  4  4  4  4  4  4  4  5  5  5  5  5  5  5  5  5  5  6  6  6  6  6  6  6  7  7    154
NOV   7  7  7  8  8  8  8  8  8  9  9  9  9  9  9  9  9 10 10 10 10 10 10 10 10 10 10 10 10 10       271
DEC  10 10 10 10 10 11 11 11 11 11 11 11 11 11 11 10 10 10 10 10 10 10 10 10 10 10 10 10 10 10 10    320
                                                                                                        
