-------------------------------------------------------------------------------------------------       
 1971-2000 Daily/Monthly Station Normals                                                                
 Provided by National Climatic Data Center/NESDIS/NOAA                                                  
-------------------------------------------------------------------------------------------------       
 Station COOP ID:                           449272                                                      
 Station Name, State, Division, Call:       WOOLWINE 4 S                       VA 03                    
 Latitude, Longitude, Elevation, Elements:  36 46 54 -080 16 08  1520   P                               
-------------------------------------------------------------------------------------------------       
 Total  Precipitation (Hundreths of an Inch)                                                            
 DAY  1  2  3  4  5  6  7  8  9 10 11 12 13 14 15 16 17 18 19 20 21 22 23 24 25 26 27 28 29 30 31  MONTH
-------------------------------------------------------------------------------------------------       
JAN  14 14 14 14 15 15 15 15 15 15 15 15 15 15 15 15 15 15 15 15 15 15 15 15 15 15 15 15 15 14 14    459
FEB  14 14 14 14 14 13 13 13 13 13 13 13 13 13 13 13 13 13 14 14 14 14 14 14 14 15 15 15             382
MAR  15 15 15 16 16 16 16 16 16 16 17 17 17 17 17 17 17 17 17 17 17 17 17 17 17 17 16 16 16 16 16    509
APR  16 16 16 16 15 15 15 15 15 15 15 15 15 15 15 15 15 15 15 15 15 15 15 15 15 16 16 16 16 16       459
MAY  16 16 17 17 17 17 17 17 17 17 17 17 17 18 18 18 18 18 18 18 18 18 17 17 17 17 17 17 17 17 17    534
JUN  17 17 17 16 16 16 16 16 16 16 16 16 15 15 15 15 15 15 15 15 15 15 15 15 15 15 14 14 14 14       461
JUL  14 14 14 14 14 14 14 14 14 14 14 14 14 14 14 13 13 13 13 13 13 13 13 13 13 13 13 13 12 12 12    415
AUG  12 12 12 12 12 12 12 12 12 12 12 12 12 12 12 13 13 13 13 13 13 14 14 14 14 14 15 15 15 15 16    404
SEP  16 16 16 17 17 17 17 18 18 18 18 18 18 18 18 18 18 18 18 18 18 18 18 18 17 17 17 17 17 16       523
OCT  16 16 15 15 15 15 14 14 14 14 14 14 14 13 13 13 13 13 13 13 13 13 13 13 13 13 13 13 13 13 13    424
NOV  13 13 14 14 14 14 14 14 14 14 14 14 14 14 14 14 14 14 14 14 14 14 14 14 14 13 13 13 13 13       413
DEC  13 13 13 13 13 13 12 12 12 12 12 12 12 12 12 12 12 12 12 12 12 13 13 13 13 13 13 13 13 14 14    390
                                                                                                        
