-------------------------------------------------------------------------------------------------       
 1971-2000 Daily/Monthly Station Normals                                                                
 Provided by National Climatic Data Center/NESDIS/NOAA                                                  
-------------------------------------------------------------------------------------------------       
 Station COOP ID:                           448906                                                      
 Station Name, State, Division, Call:       WASHINGTON REAGAN NTL AP           VA 04 DCA                
 Latitude, Longitude, Elevation, Elements:  38 51 54 -077 02 03    10 XNP                               
-------------------------------------------------------------------------------------------------       
 Minimum Temperature (deg F [tenths deg F for monthly])                                                 
 DAY  1  2  3  4  5  6  7  8  9 10 11 12 13 14 15 16 17 18 19 20 21 22 23 24 25 26 27 28 29 30 31  MONTH
-------------------------------------------------------------------------------------------------       
JAN  29 28 28 28 28 28 28 28 27 27 27 27 27 27 27 27 27 27 27 27 27 27 27 27 27 27 27 27 27 27 27    273
FEB  27 28 28 28 28 28 28 28 29 29 29 29 29 29 30 30 30 30 30 31 31 31 31 32 32 32 32 33             297
MAR  33 33 34 34 34 35 35 35 35 36 36 36 36 37 37 37 38 38 38 38 39 39 39 40 40 40 40 41 41 41 41    373
APR  42 42 42 43 43 43 43 44 44 44 44 45 45 45 46 46 46 47 47 47 48 48 48 48 49 49 49 50 50 50       459
MAY  51 51 51 52 52 53 53 53 54 54 54 55 55 55 56 56 56 56 57 57 57 58 58 58 59 59 59 60 60 60 61    558
JUN  61 61 62 62 62 63 63 63 63 64 64 64 65 65 65 65 66 66 66 66 66 67 67 67 67 68 68 68 68 68       650
JUL  69 69 69 69 69 69 70 70 70 70 70 70 70 70 70 70 70 70 71 71 71 71 71 71 71 71 71 70 70 70 70    701
AUG  70 70 70 70 70 70 70 70 70 70 69 69 69 69 69 69 69 69 68 68 68 68 68 68 67 67 67 67 67 66 66    686
SEP  66 66 66 65 65 65 65 64 64 64 64 63 63 63 62 62 62 61 61 61 60 60 59 59 58 58 58 57 57 56       618
OCT  56 55 55 54 54 53 53 53 52 52 51 51 51 50 50 49 49 49 48 48 48 47 47 46 46 46 46 45 45 45 44    496
NOV  44 44 43 43 43 43 42 42 42 42 41 41 41 40 40 40 40 39 39 39 38 38 38 38 37 37 37 37 36 36       400
DEC  36 35 35 35 35 34 34 34 34 33 33 33 33 32 32 32 32 31 31 31 31 31 30 30 30 30 29 29 29 29 29    320
                                                                                                        
-------------------------------------------------------------------------------------------------       
 Maximum Temperature (deg F [tenths deg F for monthly])                                                 
 DAY  1  2  3  4  5  6  7  8  9 10 11 12 13 14 15 16 17 18 19 20 21 22 23 24 25 26 27 28 29 30 31  MONTH
-------------------------------------------------------------------------------------------------       
JAN  43 43 43 43 43 43 43 42 42 42 42 42 42 42 42 42 42 42 42 42 42 42 42 43 43 43 43 43 43 43 43    425
FEB  43 44 44 44 44 44 45 45 45 45 45 46 46 46 46 47 47 47 48 48 48 48 49 49 49 50 50 50             465
MAR  50 51 51 52 52 52 53 53 53 54 54 54 55 55 55 56 56 56 57 57 57 58 58 58 59 59 60 60 60 61 61    557
APR  61 62 62 62 63 63 64 64 64 65 65 65 66 66 66 67 67 67 68 68 68 68 69 69 69 70 70 70 70 71       663
MAY  71 71 72 72 72 72 73 73 73 74 74 74 74 75 75 75 76 76 76 77 77 77 77 78 78 78 79 79 79 80 80    754
JUN  80 80 81 81 81 82 82 82 82 83 83 83 84 84 84 84 84 85 85 85 85 86 86 86 86 86 86 87 87 87       839
JUL  87 87 87 88 88 88 88 88 88 88 88 88 88 88 88 89 89 89 89 89 89 89 89 89 89 89 89 88 88 88 88    883
AUG  88 88 88 88 88 88 88 88 87 87 87 87 87 87 87 86 86 86 86 86 86 85 85 85 85 85 85 84 84 84 84    863
SEP  84 83 83 83 83 82 82 82 81 81 81 81 80 80 80 79 79 79 78 78 78 77 77 77 76 76 75 75 75 74       793
OCT  74 73 73 73 72 72 71 71 71 70 70 69 69 69 68 68 67 67 67 66 66 66 65 65 65 64 64 64 63 63 63    680
NOV  62 62 62 61 61 61 60 60 60 59 59 59 58 58 58 57 57 56 56 56 55 55 55 54 54 54 53 53 52 52       573
DEC  52 51 51 51 50 50 49 49 49 48 48 48 48 47 47 47 46 46 46 46 45 45 45 45 45 44 44 44 44 44 43    470
                                                                                                        
-------------------------------------------------------------------------------------------------       
 Average Temperature (deg F [tenths deg F for monthly])                                                 
 DAY  1  2  3  4  5  6  7  8  9 10 11 12 13 14 15 16 17 18 19 20 21 22 23 24 25 26 27 28 29 30 31  MONTH
-------------------------------------------------------------------------------------------------       
JAN  36 36 36 35 35 35 35 35 35 35 35 35 35 35 34 34 34 34 34 34 35 35 35 35 35 35 35 35 35 35 35    349
FEB  35 36 36 36 36 36 36 37 37 37 37 37 38 38 38 38 38 39 39 39 39 40 40 40 41 41 41 42             381
MAR  42 42 42 43 43 43 44 44 44 45 45 45 46 46 46 46 47 47 47 48 48 48 49 49 49 50 50 50 51 51 51    465
APR  52 52 52 52 53 53 53 54 54 54 55 55 55 56 56 56 57 57 57 58 58 58 58 59 59 59 60 60 60 61       561
MAY  61 61 62 62 62 63 63 63 63 64 64 64 65 65 65 66 66 66 67 67 67 67 68 68 68 69 69 69 70 70 70    656
JUN  71 71 71 72 72 72 72 73 73 73 73 74 74 74 75 75 75 75 75 76 76 76 76 77 77 77 77 77 78 78       745
JUL  78 78 78 78 78 79 79 79 79 79 79 79 79 79 79 79 80 80 80 80 80 80 80 80 80 80 80 79 79 79 79    792
AUG  79 79 79 79 79 79 79 79 78 78 78 78 78 78 78 78 77 77 77 77 77 77 76 76 76 76 76 76 75 75 75    774
SEP  75 75 74 74 74 74 73 73 73 72 72 72 72 71 71 71 70 70 70 69 69 68 68 68 67 67 66 66 66 65       705
OCT  65 64 64 63 63 63 62 62 61 61 61 60 60 59 59 59 58 58 58 57 57 56 56 56 55 55 55 54 54 54 54    588
NOV  53 53 53 52 52 52 51 51 51 50 50 50 50 49 49 49 48 48 48 47 47 47 46 46 46 45 45 45 44 44       487
DEC  44 43 43 43 42 42 42 41 41 41 41 40 40 40 40 39 39 39 39 38 38 38 38 37 37 37 37 37 36 36 36    395
                                                                                                        
-------------------------------------------------------------------------------------------------       
 Heating Degree Days                                                                                    
 DAY  1  2  3  4  5  6  7  8  9 10 11 12 13 14 15 16 17 18 19 20 21 22 23 24 25 26 27 28 29 30 31  MONTH
-------------------------------------------------------------------------------------------------       
JAN  28 29 29 29 29 29 29 29 30 30 30 30 30 30 30 30 30 30 30 30 30 30 30 30 30 30 30 29 29 29 29    917
FEB  29 29 29 29 29 28 28 28 28 28 27 27 27 27 27 26 26 26 26 25 25 25 25 24 24 24 23 23             742
MAR  23 23 22 22 22 21 21 21 20 20 20 19 19 19 18 18 18 18 17 17 17 16 16 16 15 15 15 14 14 14 13    563
APR  13 13 13 12 12 12 11 11 11 11 10 10 10  9  9  9  9  8  8  8  8  7  7  7  6  6  6  6  5  5       272
MAY   5  5  4  4  4  4  4  3  3  3  3  3  3  2  2  2  2  2  2  2  1  1  1  1  1  1  1  1  1  1  1     73
JUN   1  1  1  1  1  0  0  0  0  0  0  0  0  0  0  0  0  0  0  0  0  0  0  0  0  0  0  0  0  0         5
JUL   0  0  0  0  0  0  0  0  0  0  0  0  0  0  0  0  0  0  0  0  0  0  0  0  0  0  0  0  0  0  0      0
AUG   0  0  0  0  0  0  0-99-99-99-99-99-99-99  0  0  0  0  0  0  0  0  0  0  0  0  0  0  0  0  0      7
SEP   0  0  0  0  0  0  0  0  0  0  0  0  0  0  0  0  0  1  1  1  1  1  1  1  2  2  2  2  2  2        19
OCT   3  3  3  3  4  4  4  4  5  5  5  5  6  6  6  7  7  7  7  8  8  8  8  9  9  9 10 10 10 11 11    205
NOV  11 12 12 12 13 13 13 13 14 14 14 15 15 15 16 16 16 17 17 17 18 18 18 19 19 19 20 20 20 21       477
DEC  21 21 22 22 22 23 23 23 23 24 24 24 24 25 25 25 25 26 26 26 26 27 27 27 27 27 28 28 28 28 28    775
                                                                                                        
-------------------------------------------------------------------------------------------------       
 Cooling Degree Days                                                                                    
 DAY  1  2  3  4  5  6  7  8  9 10 11 12 13 14 15 16 17 18 19 20 21 22 23 24 25 26 27 28 29 30 31  MONTH
-------------------------------------------------------------------------------------------------       
JAN   0  0  0  0  0  0  0  0  0  0  0  0  0  0  0  0  0  0  0  0  0  0  0  0  0  0  0  0  0  0  0      0
FEB   0  0  0  0  0  0  0  0  0  0  0  0  0  0  0  0  0  0  0  0  0  0  0  0  0  0  0  0               0
MAR   0  0  0  0  0  0  0  0  0  0  0  0  0  0  0  0  0  0  0  0  0  0  0  0  0  0  0-99-99-99-99      4
APR   0  0  0  0  0  0  0  0  0  1  1  1  1  1  1  1  1  1  1  1  1  1  1  1  1  1  1  1  1  1        21
MAY   1  1  2  2  2  2  2  2  2  2  2  3  3  3  3  3  3  4  4  4  4  4  5  5  5  5  5  6  6  6  6    107
JUN   7  7  7  7  8  8  8  9  9  9  9  9 10 10 10 10 11 11 11 11 11 12 12 12 12 12 13 13 13 13       304
JUL  13 14 14 14 14 14 14 14 15 15 15 15 15 15 15 15 15 15 15 15 15 15 15 15 15 15 15 15 15 15 15    456
AUG  15 15 15 15 15 15 14 14 14 14 14 14 14 14 13 13 13 13 13 13 13 12 12 12 12 12 11 11 11 11 10    407
SEP  10 10 10  9  9  9  9  8  8  8  8  7  7  7  7  7  6  6  6  6  5  5  5  5  4  4  4  4  4  3       200
OCT   3  3  3  2  2  2  2  2  2  1  1  1  1  1  1  1  0  0  0  0  0  0  0  0  0  0  0  0  0  0  0     28
NOV   0  0  0  0  0  0  0  0  0  0  0  0  0  0  0  0  0-99-99-99-99  0  0  0  0  0  0  0  0  0         4
DEC   0  0  0  0  0  0  0  0  0  0  0  0  0  0  0  0  0  0  0  0  0  0  0  0  0  0  0  0  0  0  0      0
                                                                                                        
-------------------------------------------------------------------------------------------------       
 Total  Precipitation (Hundreths of an Inch)                                                            
 DAY  1  2  3  4  5  6  7  8  9 10 11 12 13 14 15 16 17 18 19 20 21 22 23 24 25 26 27 28 29 30 31  MONTH
-------------------------------------------------------------------------------------------------       
JAN  10 10 10 10 10 10 11 11 11 11 11 11 11 11 11 11 11 10 10 10 10 10 10 10 10 10 10 10 10 10 10    321
FEB  10  9  9  9  9  9  9  9  9  9  9  9  9  9  9  9  9  9  9  9 10 10 10 10 10 10 11 11             263
MAR  11 11 11 11 12 12 12 12 12 12 12 12 12 12 12 12 12 12 12 12 12 12 12 12 11 11 11 11 11 11 10    360
APR  10 10 10  9  9  9  9  9  9  9  9  9  9  9  8  9  9  9  9  9  9  9  9  9  9 10 10 10 10 10       277
MAY  11 11 11 11 12 12 12 12 12 12 12 13 13 13 13 13 13 13 13 13 13 13 13 13 13 12 12 12 12 12 12    382
JUN  12 11 11 11 11 11 11 11 10 10 10 10 10 10 10 10 10 10 10 10 10 10 10 10 10 10 11 11 11 11       313
JUL  11 11 11 11 11 12 12 12 12 12 12 12 12 12 12 12 12 12 12 12 12 12 12 12 12 12 12 12 12 12 11    366
AUG  11 11 11 11 11 11 11 11 11 11 11 11 11 11 11 11 11 11 11 11 11 11 11 11 11 11 11 11 12 12 12    344
SEP  12 12 12 12 12 13 13 13 13 13 13 13 13 13 13 13 13 13 13 13 13 13 13 13 12 12 12 12 12 12       379
OCT  12 12 11 11 11 11 11 11 11 11 10 10 10 10 10 10 10 10 10 10 10 10 10 10 10 10 10 10 10 10 10    322
NOV  10 10 10 10 10 10 10 10 10 10 10 10 10 11 11 11 10 10 10 10 10 10 10 10 10 10 10 10 10 10       303
DEC  10 10 10 10 10 10 10 10 10  9  9  9  9  9 10 10 10 10 10 10 10 10 10 10 10 10 10 10 10 10 10    305
                                                                                                        
