-------------------------------------------------------------------------------------------------       
 1971-2000 Daily/Monthly Station Normals                                                                
 Provided by National Climatic Data Center/NESDIS/NOAA                                                  
-------------------------------------------------------------------------------------------------       
 Station COOP ID:                           440021                                                      
 Station Name, State, Division, Call:       ABINGDON 3 S                       VA 06                    
 Latitude, Longitude, Elevation, Elements:  36 40 02 -081 57 55  1920 XNP                               
-------------------------------------------------------------------------------------------------       
 Minimum Temperature (deg F [tenths deg F for monthly])                                                 
 DAY  1  2  3  4  5  6  7  8  9 10 11 12 13 14 15 16 17 18 19 20 21 22 23 24 25 26 27 28 29 30 31  MONTH
-------------------------------------------------------------------------------------------------       
JAN  22 22 22 22 22 22 22 22 22 22 22 22 22 22 22 22 22 22 22 22 22 22 22 22 22 22 22 22 22 22 22    220
FEB  23 23 23 23 23 23 23 23 23 24 24 24 24 24 24 25 25 25 25 26 26 26 26 26 27 27 27 27             246
MAR  28 28 28 29 29 29 29 30 30 30 30 31 31 31 31 32 32 32 32 33 33 33 33 34 34 34 34 35 35 35 35    316
APR  36 36 36 36 37 37 37 37 37 38 38 38 39 39 39 39 40 40 40 40 41 41 41 42 42 42 42 43 43 43       393
MAY  44 44 44 45 45 45 46 46 46 46 47 47 47 48 48 48 49 49 49 50 50 50 50 51 51 51 52 52 52 52 53    483
JUN  53 53 54 54 54 55 55 55 55 56 56 56 56 56 57 57 57 57 58 58 58 58 58 58 59 59 59 59 59 59       566
JUL  59 59 60 60 60 60 60 60 60 60 60 60 60 61 61 61 61 61 61 61 61 61 61 61 61 61 61 61 61 61 61    605
AUG  61 61 61 60 60 60 60 60 60 60 60 60 60 60 59 59 59 59 59 59 59 59 58 58 58 58 58 58 58 57 57    592
SEP  57 57 57 56 56 56 56 55 55 55 54 54 54 54 53 53 52 52 52 51 51 50 50 50 49 49 48 48 47 47       526
OCT  46 46 45 44 44 44 43 43 42 42 41 41 41 40 40 39 39 39 38 38 38 38 37 37 37 36 36 36 36 36 35    399
NOV  35 35 35 35 35 34 34 34 34 34 33 33 33 33 33 32 32 32 32 31 31 31 31 30 30 30 30 29 29 29       323
DEC  28 28 28 28 27 27 27 26 26 26 26 26 25 25 25 25 25 24 24 24 24 24 23 23 23 23 23 23 23 23 23    250
                                                                                                        
-------------------------------------------------------------------------------------------------       
 Maximum Temperature (deg F [tenths deg F for monthly])                                                 
 DAY  1  2  3  4  5  6  7  8  9 10 11 12 13 14 15 16 17 18 19 20 21 22 23 24 25 26 27 28 29 30 31  MONTH
-------------------------------------------------------------------------------------------------       
JAN  43 43 43 43 43 43 43 43 43 43 43 42 42 42 42 43 43 43 43 43 43 43 43 43 43 43 43 44 44 44 44    430
FEB  44 45 45 45 45 46 46 46 46 46 47 47 47 48 48 48 48 49 49 49 50 50 50 51 51 51 52 52             479
MAR  52 53 53 54 54 54 55 55 55 56 56 56 57 57 57 58 58 58 59 59 59 59 60 60 60 61 61 61 62 62 62    575
APR  62 63 63 63 64 64 64 64 65 65 65 66 66 66 66 67 67 67 68 68 68 68 69 69 69 69 70 70 70 70       665
MAY  71 71 71 71 72 72 72 72 73 73 73 74 74 74 74 75 75 75 75 76 76 76 76 77 77 77 77 77 78 78 78    745
JUN  78 79 79 79 79 80 80 80 80 80 81 81 81 81 81 82 82 82 82 82 83 83 83 83 83 83 83 84 84 84       814
JUL  84 84 84 84 85 85 85 85 85 85 85 85 85 85 85 85 85 85 85 85 86 86 86 86 85 85 85 85 85 85 85    850
AUG  85 85 85 85 85 85 85 85 85 84 84 84 84 84 84 84 84 84 83 83 83 83 83 83 83 83 82 82 82 82 82    837
SEP  82 81 81 81 81 81 80 80 80 80 80 79 79 79 79 78 78 78 77 77 77 77 76 76 76 75 75 75 74 74       782
OCT  73 73 73 72 72 72 71 71 71 70 70 69 69 69 68 68 68 67 67 67 66 66 65 65 65 65 64 64 63 63 63    680
NOV  62 62 62 61 61 61 60 60 59 59 59 58 58 58 57 57 57 56 56 55 55 55 54 54 54 53 53 53 52 52       571
DEC  51 51 51 50 50 50 49 49 49 48 48 48 48 47 47 47 46 46 46 46 46 45 45 45 45 44 44 44 44 44 44    470
                                                                                                        
-------------------------------------------------------------------------------------------------       
 Average Temperature (deg F [tenths deg F for monthly])                                                 
 DAY  1  2  3  4  5  6  7  8  9 10 11 12 13 14 15 16 17 18 19 20 21 22 23 24 25 26 27 28 29 30 31  MONTH
-------------------------------------------------------------------------------------------------       
JAN  33 33 33 33 33 33 32 32 32 32 32 32 32 32 32 32 32 32 32 32 32 32 33 33 33 33 33 33 33 33 33    325
FEB  33 34 34 34 34 34 35 35 35 35 35 36 36 36 36 36 37 37 37 37 38 38 38 39 39 39 39 40             363
MAR  40 40 41 41 41 42 42 42 43 43 43 44 44 44 44 45 45 45 46 46 46 46 47 47 47 47 48 48 48 49 49    446
APR  49 49 50 50 50 50 51 51 51 51 52 52 52 52 53 53 53 54 54 54 54 55 55 55 55 56 56 56 57 57       529
MAY  57 57 58 58 58 59 59 59 59 60 60 60 61 61 61 61 62 62 62 63 63 63 63 64 64 64 64 65 65 65 66    614
JUN  66 66 66 67 67 67 67 68 68 68 68 68 69 69 69 69 69 70 70 70 70 70 71 71 71 71 71 71 71 72       690
JUL  72 72 72 72 72 72 73 73 73 73 73 73 73 73 73 73 73 73 73 73 73 73 73 73 73 73 73 73 73 73 73    728
AUG  73 73 73 73 73 73 73 72 72 72 72 72 72 72 72 72 72 71 71 71 71 71 71 71 70 70 70 70 70 70 69    715
SEP  69 69 69 69 69 68 68 68 68 67 67 67 66 66 66 66 65 65 65 64 64 63 63 63 62 62 62 61 61 60       654
OCT  60 59 59 58 58 58 57 57 56 56 56 55 55 55 54 54 53 53 53 52 52 52 51 51 51 51 50 50 50 49 49    540
NOV  49 49 48 48 48 47 47 47 47 46 46 46 46 45 45 45 44 44 44 43 43 43 42 42 42 42 41 41 41 40       447
DEC  40 40 39 39 39 38 38 38 38 37 37 37 36 36 36 36 36 35 35 35 35 34 34 34 34 34 34 33 33 33 33    360
                                                                                                        
-------------------------------------------------------------------------------------------------       
 Heating Degree Days                                                                                    
 DAY  1  2  3  4  5  6  7  8  9 10 11 12 13 14 15 16 17 18 19 20 21 22 23 24 25 26 27 28 29 30 31  MONTH
-------------------------------------------------------------------------------------------------       
JAN  32 32 32 32 32 32 33 33 33 33 33 33 33 33 33 33 33 33 33 33 33 32 32 32 32 32 32 32 32 32 32   1007
FEB  32 31 31 31 31 31 31 30 30 30 30 29 29 29 29 29 28 28 28 28 27 27 27 26 26 26 26 25             805
MAR  25 25 24 24 24 23 23 23 22 22 22 22 21 21 21 20 20 20 20 19 19 19 18 18 18 18 17 17 17 16 16    634
APR  16 16 15 15 15 15 14 14 14 14 13 13 13 13 12 12 12 11 11 11 11 10 10 10 10  9  9  9  9  9       365
MAY   8  8  8  8  7  7  7  7  6  6  6  6  6  5  5  5  5  5  4  4  4  4  4  3  3  3  3  3  3  2  2    157
JUN   2  2  2  2  2  1  1  1  1  1  1  1  1  1  1  1  0  0  0  0  0  0  0  0  0  0  0  0  0  0        21
JUL   0  0  0  0  0  0  0  0  0  0  0  0  0  0  0  0  0  0  0  0  0-99  0  0  0  0  0  0  0  0  0      1
AUG   0  0  0  0  0  0  0  0  0  0  0  0  0  0  0  0  0  0  0  0  0  0  0  0  0  0  0-99-99-99-99      4
SEP   0  0  0  1  1  1  1  1  1  1  1  1  2  2  2  2  2  3  3  3  3  4  4  4  5  5  5  5  6  6        75
OCT   7  7  7  8  8  8  9  9 10 10 10 11 11 11 11 12 12 12 13 13 13 14 14 14 14 15 15 15 16 16 16    361
NOV  16 17 17 17 17 18 18 18 18 19 19 19 20 20 20 20 21 21 21 22 22 22 22 23 23 23 24 24 24 25       610
DEC  25 25 26 26 26 27 27 27 28 28 28 28 29 29 29 29 29 30 30 30 30 31 31 31 31 31 31 32 32 32 32    900
                                                                                                        
-------------------------------------------------------------------------------------------------       
 Cooling Degree Days                                                                                    
 DAY  1  2  3  4  5  6  7  8  9 10 11 12 13 14 15 16 17 18 19 20 21 22 23 24 25 26 27 28 29 30 31  MONTH
-------------------------------------------------------------------------------------------------       
JAN   0  0  0  0  0  0  0  0  0  0  0  0  0  0  0  0  0  0  0  0  0  0  0  0  0  0  0  0  0  0  0      0
FEB   0  0  0  0  0  0  0  0  0  0  0  0  0  0  0  0  0  0  0  0  0  0  0  0  0  0  0  0               0
MAR   0  0  0  0  0  0  0  0  0  0  0  0  0  0  0  0  0  0  0  0  0  0  0  0  0  0  0  0  0  0  0      0
APR   0  0  0  0  0  0  0  0  0  0  0  0  0  0  0  0  0  0  0  0  0  0  0  0  0  0  0  0-99-99         2
MAY   0  0  1  1  1  1  1  1  1  1  1  1  1  1  1  1  1  2  2  2  2  2  2  2  2  2  2  2  3  3  3     46
JUN   3  3  3  3  3  4  4  4  4  4  4  4  4  4  5  5  5  5  5  5  5  5  6  6  6  6  6  6  6  7       140
JUL   7  7  7  7  7  7  7  8  8  8  8  8  8  8  8  8  8  8  8  8  8  8  8  8  8  8  8  8  8  8  8    241
AUG   8  8  8  8  8  8  7  7  7  7  7  7  7  7  7  7  7  6  6  6  6  6  6  6  6  5  5  5  5  5  5    203
SEP   5  4  4  4  4  4  4  4  4  3  3  3  3  3  3  3  3  2  2  2  2  2  2  2  2  2  2  2  2  1        86
OCT   1  1  1  1  1  1  1  1  1  1  1  1  1  1  1  1  1  1  0  0  0  0  0  0  0  0  0  0  0  0  0     18
NOV   0  0  0  0  0  0  0  0  0  0  0  0  0  0  0  0  0  0  0  0  0  0  0  0  0  0  0  0  0  0         0
DEC   0  0  0  0  0  0  0  0  0  0  0  0  0  0  0  0  0  0  0  0  0  0  0  0  0  0  0  0  0  0  0      0
                                                                                                        
-------------------------------------------------------------------------------------------------       
 Total  Precipitation (Hundreths of an Inch)                                                            
 DAY  1  2  3  4  5  6  7  8  9 10 11 12 13 14 15 16 17 18 19 20 21 22 23 24 25 26 27 28 29 30 31  MONTH
-------------------------------------------------------------------------------------------------       
JAN  14 14 14 14 14 13 13 13 13 13 13 13 13 13 13 13 13 13 13 13 13 13 13 13 13 13 13 13 14 14 14    411
FEB  13 13 13 13 13 13 13 14 14 14 14 14 14 14 14 14 14 14 14 14 14 14 14 14 14 14 14 15             386
MAR  14 15 15 15 15 15 15 15 15 15 15 15 15 15 15 15 15 15 14 14 14 14 14 14 14 14 14 13 13 13 13    447
APR  13 13 12 12 12 12 12 12 12 12 12 12 12 12 12 12 12 12 12 12 12 12 13 13 13 13 13 14 14 14       373
MAY  14 15 15 15 15 16 16 16 16 16 16 16 16 16 17 17 17 17 17 17 16 16 16 16 16 16 16 16 15 15 15    493
JUN  15 15 14 14 14 14 14 14 14 13 13 13 13 13 13 13 13 13 13 13 13 13 14 14 14 14 14 14 15 15       411
JUL  15 15 15 15 16 16 16 16 16 16 16 16 16 16 16 16 16 16 16 16 16 16 16 15 15 15 15 15 15 14 14    482
AUG  14 13 13 13 13 13 12 12 12 12 12 12 11 11 11 11 11 11 11 11 11 11 11 11 11 11 11 11 11 12 12    362
SEP  12 12 12 12 12 12 12 12 13 13 13 13 13 13 13 12 12 12 12 12 12 12 12 12 12 11 11 11 11 11       362
OCT  10 10 10 10 10  9  9  9  9  9  9  9  9  9  8  8  8  8  8  8  8  8  8  8  9  9  9  9  9  9  9    274
NOV   9  9 10 10 10 10 10 10 10 11 11 11 11 11 11 11 11 12 12 12 12 12 12 12 12 12 12 12 12 13       333
DEC  13 13 13 13 13 13 13 13 13 13 13 13 13 13 13 13 13 13 13 13 13 13 13 13 14 14 14 14 13 13 13    407
                                                                                                        
