-------------------------------------------------------------------------------------------------       
 1971-2000 Daily/Monthly Station Normals                                                                
 Provided by National Climatic Data Center/NESDIS/NOAA                                                  
-------------------------------------------------------------------------------------------------       
 Station COOP ID:                           442044                                                      
 Station Name, State, Division, Call:       COVINGTON FILTER PLANT             VA 05                    
 Latitude, Longitude, Elevation, Elements:  37 48 38 -079 59 18  1230 XNP                               
-------------------------------------------------------------------------------------------------       
 Minimum Temperature (deg F [tenths deg F for monthly])                                                 
 DAY  1  2  3  4  5  6  7  8  9 10 11 12 13 14 15 16 17 18 19 20 21 22 23 24 25 26 27 28 29 30 31  MONTH
-------------------------------------------------------------------------------------------------       
JAN  22 22 22 22 22 22 22 22 22 22 22 22 21 21 21 21 21 21 21 21 21 21 21 21 21 21 21 21 21 21 21    214
FEB  21 21 21 21 21 22 22 22 22 22 22 22 22 23 23 23 23 23 23 24 24 24 24 25 25 25 25 26             229
MAR  26 26 26 27 27 27 28 28 28 28 29 29 29 29 30 30 30 31 31 31 31 32 32 32 32 32 33 33 33 33 34    299
APR  34 34 34 35 35 35 35 36 36 36 36 37 37 37 37 38 38 38 39 39 39 40 40 40 41 41 41 42 42 42       378
MAY  43 43 44 44 44 45 45 45 46 46 46 47 47 47 48 48 48 49 49 49 50 50 50 50 51 51 51 52 52 52 53    479
JUN  53 53 53 54 54 54 54 55 55 55 56 56 56 56 56 57 57 57 57 58 58 58 58 58 59 59 59 59 59 59       564
JUL  60 60 60 60 60 60 61 61 61 61 61 61 61 61 61 61 61 61 61 61 61 61 61 61 61 61 61 61 61 61 61    608
AUG  61 61 61 60 60 60 60 60 60 60 60 60 59 59 59 59 59 59 59 59 58 58 58 58 58 58 58 57 57 57 57    590
SEP  57 56 56 56 56 56 55 55 55 55 54 54 54 53 53 53 52 52 52 51 51 51 50 50 49 49 48 48 47 47       525
OCT  46 46 45 45 45 44 44 43 43 42 42 41 41 41 40 40 40 39 39 38 38 38 37 37 37 37 36 36 36 35 35    402
NOV  35 35 34 34 34 34 33 33 33 32 32 32 32 31 31 31 31 31 30 30 30 30 29 29 29 29 28 28 28 28       312
DEC  27 27 27 27 27 26 26 26 26 26 25 25 25 25 25 24 24 24 24 24 24 24 23 23 23 23 23 23 23 22 22    246
                                                                                                        
-------------------------------------------------------------------------------------------------       
 Maximum Temperature (deg F [tenths deg F for monthly])                                                 
 DAY  1  2  3  4  5  6  7  8  9 10 11 12 13 14 15 16 17 18 19 20 21 22 23 24 25 26 27 28 29 30 31  MONTH
-------------------------------------------------------------------------------------------------       
JAN  43 43 43 43 43 43 43 42 42 42 42 42 42 42 42 42 42 42 42 42 42 42 43 43 43 43 43 43 44 44 44    426
FEB  44 44 45 45 45 45 46 46 46 47 47 47 47 48 48 48 49 49 49 49 50 50 50 51 51 51 52 52             479
MAR  52 53 53 53 53 54 54 54 55 55 55 56 56 57 57 57 58 58 58 59 59 59 60 60 60 61 61 62 62 62 63    573
APR  63 63 64 64 65 65 65 66 66 66 67 67 67 68 68 68 69 69 69 70 70 70 71 71 71 72 72 72 72 73       681
MAY  73 73 74 74 74 75 75 75 75 76 76 76 76 77 77 77 77 78 78 78 78 79 79 79 79 80 80 80 80 81 81    771
JUN  81 81 81 82 82 82 82 82 83 83 83 83 83 84 84 84 84 84 85 85 85 85 85 85 86 86 86 86 86 86       838
JUL  87 87 87 87 87 87 87 87 87 88 88 88 88 88 88 88 88 88 88 88 88 88 88 88 88 88 88 88 88 88 88    877
AUG  88 88 88 88 88 88 87 87 87 87 87 87 87 87 86 86 86 86 86 86 86 85 85 85 85 84 84 84 84 84 83    861
SEP  83 83 83 82 82 82 82 81 81 81 81 80 80 80 79 79 79 79 78 78 78 78 77 77 77 76 76 76 76 75       793
OCT  75 75 74 74 74 74 73 73 73 72 72 72 71 71 71 70 70 69 69 69 68 68 68 67 67 66 66 65 65 65 64    700
NOV  64 63 63 62 62 62 61 61 60 60 60 59 59 58 58 57 57 57 56 56 56 55 55 54 54 54 53 53 53 52       578
DEC  52 52 51 51 51 50 50 50 49 49 49 48 48 48 48 47 47 47 47 46 46 46 45 45 45 45 45 44 44 44 44    475
                                                                                                        
-------------------------------------------------------------------------------------------------       
 Average Temperature (deg F [tenths deg F for monthly])                                                 
 DAY  1  2  3  4  5  6  7  8  9 10 11 12 13 14 15 16 17 18 19 20 21 22 23 24 25 26 27 28 29 30 31  MONTH
-------------------------------------------------------------------------------------------------       
JAN  33 33 32 32 32 32 32 32 32 32 32 32 32 32 32 31 31 32 32 32 32 32 32 32 32 32 32 32 32 32 32    320
FEB  33 33 33 33 33 33 34 34 34 34 34 35 35 35 35 36 36 36 36 37 37 37 37 38 38 38 38 39             354
MAR  39 39 40 40 40 41 41 41 41 42 42 42 43 43 43 44 44 44 45 45 45 45 46 46 46 47 47 47 48 48 48    436
APR  48 49 49 49 50 50 50 51 51 51 52 52 52 53 53 53 53 54 54 54 55 55 55 56 56 56 57 57 57 58       530
MAY  58 58 59 59 59 60 60 60 61 61 61 61 62 62 62 63 63 63 63 64 64 64 65 65 65 65 66 66 66 66 67    625
JUN  67 67 67 68 68 68 68 69 69 69 69 69 70 70 70 70 71 71 71 71 71 71 72 72 72 72 72 73 73 73       701
JUL  73 73 73 73 74 74 74 74 74 74 74 74 74 74 74 75 75 75 75 75 75 75 75 75 75 75 75 75 74 74 74    743
AUG  74 74 74 74 74 74 74 74 74 74 73 73 73 73 73 73 73 73 72 72 72 72 72 72 71 71 71 71 71 70 70    726
SEP  70 70 69 69 69 69 68 68 68 68 67 67 67 67 66 66 66 65 65 65 64 64 64 63 63 63 62 62 62 61       659
OCT  61 60 60 60 59 59 58 58 58 57 57 57 56 56 55 55 55 54 54 54 53 53 52 52 52 51 51 51 50 50 50    551
NOV  49 49 49 48 48 48 47 47 46 46 46 46 45 45 45 44 44 44 43 43 43 42 42 42 41 41 41 41 40 40       445
DEC  40 39 39 39 39 38 38 38 38 37 37 37 37 36 36 36 36 36 35 35 35 35 34 34 34 34 34 34 33 33 33    361
                                                                                                        
-------------------------------------------------------------------------------------------------       
 Heating Degree Days                                                                                    
 DAY  1  2  3  4  5  6  7  8  9 10 11 12 13 14 15 16 17 18 19 20 21 22 23 24 25 26 27 28 29 30 31  MONTH
-------------------------------------------------------------------------------------------------       
JAN  32 32 33 33 33 33 33 33 33 33 33 33 33 33 33 33 34 33 33 33 33 33 33 33 33 33 33 33 33 33 33   1022
FEB  32 32 32 32 32 31 31 31 31 31 31 30 30 30 30 29 29 29 29 29 28 28 28 27 27 27 27 26             829
MAR  26 26 25 25 25 24 24 24 24 23 23 23 22 22 22 21 21 21 20 20 20 20 19 19 19 18 18 18 17 17 17    663
APR  16 16 16 15 15 15 15 14 14 14 13 13 13 12 12 12 12 11 11 11 10 10 10 10  9  9  9  9  8  8       362
MAY   8  7  7  7  7  6  6  6  6  5  5  5  5  5  4  4  4  4  4  3  3  3  3  3  3  3  2  2  2  2  2    136
JUN   2  2  2  1  1  1  1  1  1  1  1  1  1  1  0  0  0  0  0  0  0  0  0  0  0  0  0  0  0  0        17
JUL   0  0  0  0  0  0  0  0  0  0  0  0  0  0  0  0  0  0  0  0  0  0  0  0  0  0  0  0  0  0  0      0
AUG   0  0  0  0  0  0  0  0  0  0  0  0  0  0  0  0  0  0  0  0  0  0  0  0  0  0  0  0-99-99-99      3
SEP   0  0  0  0  0  0  1  1  1  1  1  1  1  1  2  2  2  2  2  2  3  3  3  3  4  4  4  4  5  5        58
OCT   5  6  6  6  7  7  7  8  8  8  9  9  9  9 10 10 10 11 11 12 12 12 13 13 13 14 14 14 15 15 15    318
NOV  16 16 16 17 17 17 18 18 19 19 19 19 20 20 20 21 21 21 22 22 22 23 23 23 24 24 24 24 25 25       615
DEC  25 26 26 26 26 27 27 27 27 28 28 28 28 29 29 29 29 30 30 30 30 30 31 31 31 31 31 31 32 32 32    897
                                                                                                        
-------------------------------------------------------------------------------------------------       
 Cooling Degree Days                                                                                    
 DAY  1  2  3  4  5  6  7  8  9 10 11 12 13 14 15 16 17 18 19 20 21 22 23 24 25 26 27 28 29 30 31  MONTH
-------------------------------------------------------------------------------------------------       
JAN   0  0  0  0  0  0  0  0  0  0  0  0  0  0  0  0  0  0  0  0  0  0  0  0  0  0  0  0  0  0  0      0
FEB   0  0  0  0  0  0  0  0  0  0  0  0  0  0  0  0  0  0  0  0  0  0  0  0  0  0  0  0               0
MAR   0  0  0  0  0  0  0  0  0  0  0  0  0  0  0  0  0  0  0  0  0  0  0  0  0  0  0  0  0  0  0      0
APR   0  0  0  0  0  0  0  0  0  0  0  0  0  0  0  0  0  0  0  0  0  0  0  0  0  0  0  0  0  1         1
MAY   1  1  1  1  1  1  1  1  1  1  1  1  1  2  2  2  2  2  2  2  2  2  2  3  3  3  3  3  3  3  3     57
JUN   4  4  4  4  4  4  4  4  5  5  5  5  5  5  6  6  6  6  6  6  6  7  7  7  7  7  7  7  8  8       169
JUL   8  8  8  8  9  9  9  9  9  9  9  9  9  9  9  9 10 10 10 10 10 10 10 10 10 10 10 10  9  9  9    287
AUG   9  9  9  9  9  9  9  9  9  9  8  8  8  8  8  8  8  8  7  7  7  7  7  7  6  6  6  6  6  6  5    237
SEP   5  5  5  5  4  4  4  4  4  3  3  3  3  3  3  3  2  2  2  2  2  2  2  2  2  1  1  1  1  1        84
OCT   1  1  1  1  1  1  1  1  1  1  1  0  0  0  0  0  0  0  0  0  0  0  0  0  0  0  0  0  0  0  0     11
NOV   0  0  0  0  0  0  0  0  0  0  0  0  0  0  0  0  0  0  0  0  0  0  0  0  0  0  0  0  0  0         0
DEC   0  0  0  0  0  0  0  0  0  0  0  0  0  0  0  0  0  0  0  0  0  0  0  0  0  0  0  0  0  0  0      0
                                                                                                        
-------------------------------------------------------------------------------------------------       
 Total  Precipitation (Hundreths of an Inch)                                                            
 DAY  1  2  3  4  5  6  7  8  9 10 11 12 13 14 15 16 17 18 19 20 21 22 23 24 25 26 27 28 29 30 31  MONTH
-------------------------------------------------------------------------------------------------       
JAN   8  8  8  8  8  8  8  8  8  8  8  8  8  8  8  8  9  9  9  9  9  9  9  9  8  8  8  8  8  8  8    256
FEB   8  8  8  8  8  8  8  8  8  8  8  8  8  8  9  9  9  9  9  9  9  9  9  9 10 10 10 10             242
MAR  10 10 10 10 10 11 11 11 11 11 11 11 11 11 11 11 11 11 11 11 11 11 11 11 11 11 11 11 11 10 10    334
APR  10 10 10 10 10 10 10 10 10  9  9  9  9 10 10 10 10 10 10 10 10 10 10 10 11 11 11 11 11 12       303
MAY  12 12 12 13 13 13 13 13 13 13 13 14 14 14 14 14 14 14 14 14 14 14 13 13 13 13 13 13 13 13 12    410
JUN  12 12 12 12 12 11 11 11 11 11 11 11 11 11 11 10 10 10 10 10 10 10 10 10 11 11 11 11 11 11       326
JUL  11 11 11 11 11 11 12 12 12 12 12 12 12 12 12 12 12 12 12 12 12 12 12 12 12 12 12 12 12 12 12    366
AUG  12 12 11 11 11 11 11 11 11 11 11 11 11 11 11 11 11 11 11 11 11 11 10 10 10 10 10 10 10 10 10    334
SEP  11 11 11 10 10 10 10 10 10 10 10 10 10 10 10 10 10 10 10 10 10 10 10 10 10 10 10 10 10  9       302
OCT   9  9  9  9  9  9  9  9  9  9  9  9  9  9  9  9  9  9  9  9  9  9  9  9  9 10 10 10 10 10 10    285
NOV  10 10 10 10 10 10 11 11 11 11 11 11 11 11 11 11 11 11 11 11 10 10 10 10 10 10 10 10 10  9       313
DEC   9  9  9  9  9  9  8  8  8  8  8  8  8  8  8  8  8  8  8  8  8  8  7  7  8  8  8  8  8  8  8    252
                                                                                                        
