-------------------------------------------------------------------------------------------------       
 1971-2000 Daily/Monthly Station Normals                                                                
 Provided by National Climatic Data Center/NESDIS/NOAA                                                  
-------------------------------------------------------------------------------------------------       
 Station COOP ID:                           443470                                                      
 Station Name, State, Division, Call:       GOSHEN                             VA 05                    
 Latitude, Longitude, Elevation, Elements:  37 59 02 -079 30 03  1350   P                               
-------------------------------------------------------------------------------------------------       
 Total  Precipitation (Hundreths of an Inch)                                                            
 DAY  1  2  3  4  5  6  7  8  9 10 11 12 13 14 15 16 17 18 19 20 21 22 23 24 25 26 27 28 29 30 31  MONTH
-------------------------------------------------------------------------------------------------       
JAN  11 11 11 11 11 11 11 12 12 12 12 12 12 12 12 12 12 12 12 12 12 12 12 12 12 11 11 11 11 11 11    359
FEB  11 10 10 10 10 10 10 10 10 10 10 10 10 10 10 10 10 10 10 10 10 10 11 11 11 11 11 12             288
MAR  12 12 12 12 13 13 13 13 13 13 13 14 14 14 14 14 14 14 14 14 14 13 13 13 13 13 13 13 13 12 12    407
APR  12 12 12 11 11 11 11 11 11 11 11 11 11 11 11 11 11 11 11 11 11 11 11 11 12 12 12 12 13 13       341
MAY  13 13 14 14 14 14 15 15 15 15 15 15 15 16 16 16 16 16 16 16 16 16 16 15 15 15 15 15 15 15 14    466
JUN  14 14 14 14 14 13 13 13 13 13 13 13 13 13 13 13 13 12 12 12 12 13 13 13 13 13 13 13 13 13       391
JUL  13 13 14 14 14 14 14 14 14 14 14 14 14 14 14 14 14 14 14 14 14 14 13 13 13 13 13 13 13 12 12    421
AUG  12 12 12 12 11 11 11 11 11 11 11 11 11 11 11 11 10 10 10 11 11 11 11 11 11 11 11 11 11 11 11    342
SEP  12 12 12 12 12 12 12 12 12 12 13 13 13 13 13 13 13 13 13 13 13 13 13 12 12 12 12 12 12 12       373
OCT  12 12 12 12 12 12 11 11 11 11 11 11 11 11 11 11 11 11 11 11 11 11 11 11 12 12 12 12 12 12 12    354
NOV  12 12 12 12 13 13 13 13 13 13 13 13 13 13 13 13 13 13 13 12 12 12 12 12 12 12 12 11 11 11       372
DEC  11 11 11 10 10 10 10 10 10 10 10 10  9  9  9  9  9  9  9  9  9 10 10 10 10 10 10 10 10 10 11    305
                                                                                                        
