-------------------------------------------------------------------------------------------------       
 1971-2000 Daily/Monthly Station Normals                                                                
 Provided by National Climatic Data Center/NESDIS/NOAA                                                  
-------------------------------------------------------------------------------------------------       
 Station COOP ID:                           444414                                                      
 Station Name, State, Division, Call:       JOHN H KERR DAM                    VA 02                    
 Latitude, Longitude, Elevation, Elements:  36 36 00 -078 17 00   250 XNP                               
-------------------------------------------------------------------------------------------------       
 Minimum Temperature (deg F [tenths deg F for monthly])                                                 
 DAY  1  2  3  4  5  6  7  8  9 10 11 12 13 14 15 16 17 18 19 20 21 22 23 24 25 26 27 28 29 30 31  MONTH
-------------------------------------------------------------------------------------------------       
JAN  28 28 28 28 28 28 28 28 28 28 28 28 27 27 27 27 27 27 27 27 27 27 27 27 27 27 27 27 27 27 27    274
FEB  27 27 27 27 28 28 28 28 28 28 28 28 29 29 29 29 29 29 30 30 30 30 30 31 31 31 31 32             290
MAR  32 32 33 33 33 33 34 34 34 35 35 35 35 36 36 36 36 37 37 37 37 38 38 38 38 39 39 39 40 40 40    361
APR  40 41 41 41 41 42 42 42 42 43 43 43 43 44 44 44 45 45 45 46 46 46 46 47 47 47 48 48 48 49       443
MAY  49 49 50 50 50 51 51 51 52 52 52 53 53 53 54 54 54 54 55 55 55 56 56 56 57 57 57 58 58 58 58    538
JUN  59 59 59 60 60 60 61 61 61 61 62 62 62 62 63 63 63 63 64 64 64 64 64 65 65 65 65 65 66 66       626
JUL  66 66 66 67 67 67 67 67 67 67 67 67 68 68 68 68 68 68 68 68 68 68 68 68 68 68 68 68 68 68 68    675
AUG  68 68 68 67 67 67 67 67 67 67 67 67 67 66 66 66 66 66 66 66 66 65 65 65 65 65 65 65 64 64 64    661
SEP  64 64 63 63 63 63 63 62 62 62 61 61 61 60 60 60 59 59 59 58 58 57 57 56 56 55 55 54 54 53       594
OCT  53 52 52 51 51 50 50 49 49 48 48 47 47 47 46 46 46 45 45 44 44 44 43 43 43 43 42 42 42 42 41    463
NOV  41 41 41 41 40 40 40 40 39 39 39 39 39 38 38 38 38 37 37 37 37 36 36 36 36 35 35 35 35 34       379
DEC  34 34 33 33 33 33 33 32 32 32 32 31 31 31 31 31 30 30 30 30 30 30 29 29 29 29 29 29 29 28 28    308
                                                                                                        
-------------------------------------------------------------------------------------------------       
 Maximum Temperature (deg F [tenths deg F for monthly])                                                 
 DAY  1  2  3  4  5  6  7  8  9 10 11 12 13 14 15 16 17 18 19 20 21 22 23 24 25 26 27 28 29 30 31  MONTH
-------------------------------------------------------------------------------------------------       
JAN  49 48 48 48 48 48 48 48 48 48 48 48 48 48 48 48 48 48 48 48 48 48 48 48 48 48 48 48 48 49 49    481
FEB  49 49 49 50 50 50 50 50 50 51 51 51 51 52 52 52 52 52 53 53 53 53 54 54 54 55 55 55             518
MAR  55 56 56 56 57 57 57 58 58 58 59 59 59 59 60 60 60 61 61 61 62 62 62 63 63 64 64 64 65 65 65    602
APR  66 66 66 67 67 67 68 68 68 69 69 69 70 70 70 70 71 71 71 71 72 72 72 73 73 73 73 73 74 74       701
MAY  74 74 75 75 75 75 76 76 76 76 76 77 77 77 77 78 78 78 78 79 79 79 79 80 80 80 80 81 81 81 82    777
JUN  82 82 82 83 83 83 83 84 84 84 84 85 85 85 85 85 86 86 86 86 86 87 87 87 87 87 88 88 88 88       852
JUL  88 88 88 88 89 89 89 89 89 89 89 89 89 89 89 89 89 90 90 90 90 90 90 90 90 90 90 89 89 89 89    892
AUG  89 89 89 89 89 89 89 89 89 89 88 88 88 88 88 88 88 88 87 87 87 87 87 87 87 86 86 86 86 86 86    877
SEP  85 85 85 85 85 84 84 84 84 83 83 83 83 82 82 82 81 81 81 81 80 80 80 79 79 79 78 78 78 77       817
OCT  77 77 76 76 75 75 75 74 74 74 73 73 73 72 72 72 71 71 71 70 70 70 69 69 69 68 68 68 67 67 67    717
NOV  67 66 66 66 65 65 65 64 64 64 63 63 63 63 62 62 62 61 61 60 60 60 59 59 59 58 58 58 57 57       619
DEC  57 56 56 55 55 55 54 54 54 53 53 53 53 52 52 52 52 51 51 51 51 50 50 50 50 50 49 49 49 49 49    521
                                                                                                        
-------------------------------------------------------------------------------------------------       
 Average Temperature (deg F [tenths deg F for monthly])                                                 
 DAY  1  2  3  4  5  6  7  8  9 10 11 12 13 14 15 16 17 18 19 20 21 22 23 24 25 26 27 28 29 30 31  MONTH
-------------------------------------------------------------------------------------------------       
JAN  38 38 38 38 38 38 38 38 38 38 38 38 38 38 38 37 37 37 37 37 37 38 38 38 38 38 38 38 38 38 38    378
FEB  38 38 38 39 39 39 39 39 39 39 40 40 40 40 40 40 41 41 41 41 42 42 42 42 43 43 43 43             404
MAR  44 44 44 45 45 45 46 46 46 46 47 47 47 48 48 48 48 49 49 49 50 50 50 51 51 51 51 52 52 52 53    482
APR  53 53 54 54 54 54 55 55 55 56 56 56 57 57 57 57 58 58 58 59 59 59 59 60 60 60 60 61 61 61       572
MAY  62 62 62 62 63 63 63 64 64 64 64 65 65 65 66 66 66 66 67 67 67 67 68 68 68 69 69 69 69 70 70    658
JUN  70 71 71 71 71 72 72 72 73 73 73 73 73 74 74 74 74 75 75 75 75 75 76 76 76 76 76 77 77 77       739
JUL  77 77 77 77 78 78 78 78 78 78 78 78 78 78 79 79 79 79 79 79 79 79 79 79 79 79 79 79 79 79 78    784
AUG  79 78 78 78 78 78 78 78 78 78 78 78 77 77 77 77 77 77 77 77 76 76 76 76 76 76 75 75 75 75 75    769
SEP  75 74 74 74 74 74 73 73 73 73 72 72 72 71 71 71 70 70 70 69 69 69 68 68 68 67 67 66 66 65       706
OCT  65 64 64 64 63 63 62 62 61 61 61 60 60 59 59 59 58 58 58 57 57 57 56 56 56 56 55 55 55 54 54    590
NOV  54 54 53 53 53 53 52 52 52 51 51 51 51 50 50 50 50 49 49 49 48 48 48 47 47 47 47 46 46 46       499
DEC  45 45 45 44 44 44 43 43 43 43 42 42 42 42 41 41 41 41 41 40 40 40 40 40 40 39 39 39 39 39 39    415
                                                                                                        
-------------------------------------------------------------------------------------------------       
 Heating Degree Days                                                                                    
 DAY  1  2  3  4  5  6  7  8  9 10 11 12 13 14 15 16 17 18 19 20 21 22 23 24 25 26 27 28 29 30 31  MONTH
-------------------------------------------------------------------------------------------------       
JAN  27 27 27 27 27 27 27 27 27 27 27 27 27 28 28 28 28 28 28 28 28 28 27 27 27 27 27 27 27 27 27    846
FEB  27 27 27 26 26 26 26 26 26 26 25 25 25 25 25 25 24 24 24 24 23 23 23 23 22 22 22 22             689
MAR  21 21 21 20 20 20 20 19 19 19 18 18 18 18 17 17 17 16 16 16 15 15 15 14 14 14 14 13 13 13 12    523
APR  12 12 11 11 11 10 10 10 10  9  9  9  9  8  8  8  8  7  7  7  7  6  6  6  6  5  5  5  5  5       242
MAY   5  4  4  4  4  4  4  3  3  3  3  3  3  2  2  2  2  2  2  2  2  2  1  1  1  1  1  1  1  1  1     74
JUN   1  1  1  1  1  1  0  0  0  0  0  0  0  0  0  0  0  0  0  0  0  0  0  0  0  0  0  0  0  0         6
JUL   0  0  0  0  0  0  0  0  0  0  0  0  0  0  0  0  0  0  0  0  0  0  0  0  0  0  0  0  0  0  0      0
AUG   0  0  0  0  0  0  0  0  0  0  0  0  0  0  0  0  0  0  0  0  0  0  0  0  0  0  0  0  0  0  0      0
SEP   0  0  0  0  0  0  0  0  0  0  0  0  0  0  0  0  0  0  0  1  1  1  1  1  2  2  2  2  2  3        18
OCT   3  4  4  4  4  5  5  5  5  6  6  6  6  7  7  7  7  8  8  8  8  9  9  9 10 10 10 10 11 11 11    223
NOV  11 11 12 12 12 13 13 13 13 14 14 14 14 15 15 15 16 16 16 16 17 17 17 18 18 18 18 19 19 19       455
DEC  20 20 20 21 21 21 22 22 22 22 23 23 23 23 24 24 24 24 24 25 25 25 25 25 26 26 26 26 26 26 26    730
                                                                                                        
-------------------------------------------------------------------------------------------------       
 Cooling Degree Days                                                                                    
 DAY  1  2  3  4  5  6  7  8  9 10 11 12 13 14 15 16 17 18 19 20 21 22 23 24 25 26 27 28 29 30 31  MONTH
-------------------------------------------------------------------------------------------------       
JAN   0  0  0  0  0  0  0  0  0  0  0  0  0  0  0  0  0  0  0  0  0  0  0  0  0  0  0  0  0  0  0      0
FEB   0  0  0  0  0  0  0  0  0  0  0  0  0  0  0  0  0  0  0  0  0  0  0  0  0  0  0  0               0
MAR   0  0  0  0  0  0  0  0  0  0  0  0  0  0  0  0  0  0  0  0  0  0  0  0  0  0  0  0  0  0  0      0
APR   0  0  0  0  0  0  0  0  0  0  0  0  0  0  0  0  0  0  0  0  0  0  1  1  1  1  1  1  1  1         8
MAY   1  1  1  1  2  2  2  2  2  2  2  2  2  3  3  3  3  3  3  4  4  4  4  4  5  5  5  5  5  6  6     97
JUN   6  6  7  7  7  7  7  8  8  8  8  8  9  9  9  9  9 10 10 10 10 10 11 11 11 11 11 12 12 12       273
JUL  12 12 12 12 12 13 13 13 13 13 13 13 13 13 13 14 14 14 14 14 14 14 14 14 14 14 14 14 14 14 14    414
AUG  14 14 13 13 13 13 13 13 13 13 13 13 13 12 12 12 12 12 12 12 11 11 11 11 11 10 10 10 10 10  9    369
SEP   9  9  9  9  8  8  8  8  7  7  7  7  7  6  6  6  6  6  5  5  5  5  5  4  4  4  4  4  3  3       184
OCT   3  3  3  3  2  2  2  2  2  2  2  1  1  1  1  1  1  1  1  1  1  0  0  0  0  0  0  0  0  0  0     36
NOV -99-99  0  0  0  0  0  0  0  0  0  0  0  0  0  0  0  0  0  0  0  0  0  0  0  0  0  0  0  0         2
DEC   0  0  0  0  0  0  0  0  0  0  0  0  0  0  0  0  0  0  0  0  0  0  0  0  0  0  0  0  0  0  0      0
                                                                                                        
-------------------------------------------------------------------------------------------------       
 Total  Precipitation (Hundreths of an Inch)                                                            
 DAY  1  2  3  4  5  6  7  8  9 10 11 12 13 14 15 16 17 18 19 20 21 22 23 24 25 26 27 28 29 30 31  MONTH
-------------------------------------------------------------------------------------------------       
JAN  11 12 12 12 12 12 12 13 13 13 13 13 13 13 13 13 13 13 13 13 13 13 13 13 12 12 12 12 12 12 11    387
FEB  11 11 11 11 11 11 10 10 10 10 10 10 10 10 10 10 10 10 11 11 11 11 11 11 12 12 12 12             300
MAR  12 13 13 13 13 14 14 14 14 14 14 14 14 14 14 15 15 14 14 14 14 14 14 14 14 14 14 13 13 13 13    426
APR  12 12 12 12 12 11 11 11 11 11 11 11 10 10 10 10 10 10 10 10 10 10 11 11 11 11 11 11 11 12       326
MAY  12 12 12 12 13 13 13 13 13 13 13 13 13 13 13 13 13 13 13 13 13 13 13 13 13 13 13 13 13 13 12    398
JUN  12 12 12 12 12 12 12 11 11 11 11 11 11 11 11 11 11 12 12 12 12 12 12 12 12 12 13 13 13 13       354
JUL  13 14 14 14 14 14 15 15 15 15 15 15 15 15 15 15 16 16 16 16 16 15 15 15 15 15 15 15 15 15 15    463
AUG  14 14 14 14 14 14 14 14 13 13 13 13 13 13 13 13 13 13 13 13 13 12 12 12 12 12 12 12 12 12 12    401
SEP  12 12 12 12 12 12 12 13 13 13 13 13 13 13 13 13 13 13 13 13 13 13 13 12 12 12 12 12 12 12       376
OCT  12 12 12 12 12 12 12 12 12 12 12 12 12 12 12 12 12 12 12 12 12 12 12 12 12 12 11 11 11 11 11    367
NOV  11 11 11 11 11 11 11 11 11 11 11 11 10 10 10 10 10 10 10 10 10 10 10 10 10 10 10 10  9  9       310
DEC   9  9  9  9  9  9  9  9  9  9  9  9  9  9  9  9 10 10 10 10 10 10 10 10 10 11 11 11 11 11 11    300
                                                                                                        
