-------------------------------------------------------------------------------------------------       
 1971-2000 Daily/Monthly Station Normals                                                                
 Provided by National Climatic Data Center/NESDIS/NOAA                                                  
-------------------------------------------------------------------------------------------------       
 Station COOP ID:                           441082                                                      
 Station Name, State, Division, Call:       BROOKNEAL                          VA 03                    
 Latitude, Longitude, Elevation, Elements:  37 04 03 -078 57 06   428 XNP                               
-------------------------------------------------------------------------------------------------       
 Minimum Temperature (deg F [tenths deg F for monthly])                                                 
 DAY  1  2  3  4  5  6  7  8  9 10 11 12 13 14 15 16 17 18 19 20 21 22 23 24 25 26 27 28 29 30 31  MONTH
-------------------------------------------------------------------------------------------------       
JAN  25 25 25 25 25 25 25 25 25 25 25 25 24 24 24 24 24 24 24 24 24 24 24 24 24 24 24 24 24 24 24    244
FEB  24 24 24 24 24 24 24 24 25 25 25 25 25 25 25 25 26 26 26 26 26 27 27 27 27 28 28 28             255
MAR  28 29 29 29 29 30 30 30 31 31 31 31 32 32 32 32 33 33 33 33 34 34 34 34 35 35 35 35 35 36 36    323
APR  36 36 37 37 37 37 37 38 38 38 39 39 39 39 40 40 40 40 41 41 41 42 42 42 43 43 43 44 44 44       399
MAY  45 45 45 46 46 47 47 47 48 48 48 49 49 49 50 50 50 51 51 52 52 52 53 53 53 54 54 54 55 55 55    501
JUN  56 56 56 57 57 57 58 58 58 58 59 59 59 60 60 60 60 60 61 61 61 61 62 62 62 62 62 63 63 63       597
JUL  63 63 63 64 64 64 64 64 64 64 64 64 65 65 65 65 65 65 65 65 65 65 65 65 65 65 65 65 65 65 65    645
AUG  65 65 65 65 65 65 64 64 64 64 64 64 64 64 64 64 63 63 63 63 63 63 62 62 62 62 62 61 61 61 61    633
SEP  61 60 60 60 60 59 59 59 58 58 58 58 57 57 56 56 56 55 55 54 54 53 53 53 52 52 51 51 50 49       558
OCT  49 48 48 47 47 46 46 45 45 44 44 43 43 43 42 42 41 41 41 40 40 40 39 39 39 38 38 38 38 37 37    422
NOV  37 36 36 36 36 36 35 35 35 35 34 34 34 34 33 33 33 32 32 32 32 31 31 31 31 30 30 30 30 29       331
DEC  29 29 28 28 28 28 28 27 27 27 27 27 26 26 26 26 26 26 26 25 25 25 25 25 25 25 25 25 25 25 25    263
                                                                                                        
-------------------------------------------------------------------------------------------------       
 Maximum Temperature (deg F [tenths deg F for monthly])                                                 
 DAY  1  2  3  4  5  6  7  8  9 10 11 12 13 14 15 16 17 18 19 20 21 22 23 24 25 26 27 28 29 30 31  MONTH
-------------------------------------------------------------------------------------------------       
JAN  44 44 44 44 44 44 44 43 43 43 43 43 43 43 43 43 43 43 44 44 44 44 44 44 44 44 44 44 44 45 45    437
FEB  45 45 45 45 46 46 46 46 46 47 47 47 47 48 48 48 48 48 49 49 49 50 50 50 50 51 51 51             478
MAR  52 52 52 53 53 53 54 54 54 55 55 55 56 56 56 57 57 57 58 58 59 59 59 60 60 60 61 61 61 62 62    568
APR  62 63 63 64 64 64 65 65 65 66 66 66 66 67 67 67 68 68 68 69 69 69 69 70 70 70 70 71 71 71       671
MAY  71 72 72 72 72 72 73 73 73 73 74 74 74 74 75 75 75 75 76 76 76 77 77 77 77 78 78 78 78 79 79    750
JUN  79 79 80 80 80 81 81 81 81 82 82 82 82 83 83 83 83 83 84 84 84 84 84 85 85 85 85 85 85 86       827
JUL  86 86 86 86 86 86 86 87 87 87 87 87 87 87 87 87 87 87 87 87 87 87 88 88 88 88 88 88 88 87 87    870
AUG  87 87 87 87 87 87 87 87 87 87 87 87 86 86 86 86 86 86 86 86 85 85 85 85 85 84 84 84 84 84 83    858
SEP  83 83 83 82 82 82 81 81 81 81 80 80 80 79 79 79 78 78 78 77 77 77 76 76 76 75 75 74 74 74       787
OCT  73 73 72 72 72 71 71 71 70 70 69 69 69 68 68 68 67 67 67 66 66 65 65 65 64 64 64 64 63 63 63    677
NOV  62 62 62 61 61 61 60 60 60 59 59 59 58 58 58 57 57 56 56 56 55 55 55 54 54 54 53 53 52 52       573
DEC  52 51 51 50 50 50 49 49 49 48 48 48 48 47 47 47 46 46 46 46 46 45 45 45 45 45 45 44 44 44 44    471
                                                                                                        
-------------------------------------------------------------------------------------------------       
 Average Temperature (deg F [tenths deg F for monthly])                                                 
 DAY  1  2  3  4  5  6  7  8  9 10 11 12 13 14 15 16 17 18 19 20 21 22 23 24 25 26 27 28 29 30 31  MONTH
-------------------------------------------------------------------------------------------------       
JAN  34 34 34 34 34 34 34 34 34 34 34 34 34 34 34 34 34 34 34 34 34 34 34 34 34 34 34 34 34 35 35    341
FEB  35 35 35 35 35 35 35 35 35 36 36 36 36 36 37 37 37 37 37 38 38 38 38 39 39 39 39 40             367
MAR  40 40 41 41 41 42 42 42 43 43 43 43 44 44 44 45 45 45 46 46 46 46 47 47 47 48 48 48 48 49 49    446
APR  49 50 50 50 50 51 51 51 52 52 52 52 53 53 53 54 54 54 55 55 55 55 56 56 56 57 57 57 57 58       535
MAY  58 58 59 59 59 60 60 60 60 61 61 61 62 62 62 63 63 63 64 64 64 64 65 65 65 66 66 66 67 67 67    626
JUN  67 68 68 68 69 69 69 69 70 70 70 71 71 71 71 72 72 72 72 72 73 73 73 73 73 74 74 74 74 74       712
JUL  75 75 75 75 75 75 75 76 76 76 76 76 76 76 76 76 76 76 76 76 76 76 76 76 77 76 76 76 76 76 76    758
AUG  76 76 76 76 76 76 76 76 76 76 75 75 75 75 75 75 75 75 74 74 74 74 74 74 73 73 73 73 73 72 72    746
SEP  72 72 71 71 71 71 70 70 70 69 69 69 68 68 68 67 67 67 66 66 66 65 65 64 64 63 63 63 62 62       673
OCT  61 61 60 60 59 59 58 58 58 57 57 56 56 55 55 55 54 54 54 53 53 53 52 52 52 51 51 51 50 50 50    550
NOV  50 49 49 49 48 48 48 47 47 47 47 46 46 46 45 45 45 44 44 44 44 43 43 43 42 42 42 41 41 41       452
DEC  40 40 40 39 39 39 39 38 38 38 37 37 37 37 37 36 36 36 36 36 35 35 35 35 35 35 35 35 35 34 34    367
                                                                                                        
-------------------------------------------------------------------------------------------------       
 Heating Degree Days                                                                                    
 DAY  1  2  3  4  5  6  7  8  9 10 11 12 13 14 15 16 17 18 19 20 21 22 23 24 25 26 27 28 29 30 31  MONTH
-------------------------------------------------------------------------------------------------       
JAN  31 31 31 31 31 31 31 31 31 31 31 31 31 31 31 31 31 31 31 31 31 31 31 31 31 31 31 31 31 30 30    959
FEB  30 30 30 30 30 30 30 30 30 29 29 29 29 29 29 28 28 28 28 28 27 27 27 26 26 26 26 25             794
MAR  25 25 24 24 24 24 23 23 23 22 22 22 21 21 21 20 20 20 20 19 19 19 18 18 18 17 17 17 17 16 16    635
APR  16 15 15 15 14 14 14 14 13 13 13 12 12 12 12 11 11 11 11 10 10 10  9  9  9  9  8  8  8  8       346
MAY   7  7  7  6  6  6  6  6  5  5  5  5  4  4  4  4  4  4  3  3  3  3  3  3  2  2  2  2  2  2  2    127
JUN   2  1  1  1  1  1  1  1  1  1  1  1  0  0  0  0  0  0  0  0  0  0  0  0  0  0  0  0  0  0        13
JUL   0  0  0  0  0  0  0  0  0  0  0  0  0  0  0  0  0  0  0  0  0  0  0  0  0  0  0  0  0  0  0      0
AUG   0  0  0  0  0  0  0  0-99-99  0  0  0  0  0  0  0  0  0  0  0  0  0  0  0  0  0  0  0  0  0      2
SEP   0  0  0  0  0  0  0  0  0  0  1  1  1  1  1  1  2  2  2  2  2  3  3  3  4  4  4  4  5  5        51
OCT   6  6  6  7  7  7  8  8  8  9  9  9 10 10 10 11 11 11 12 12 12 13 13 13 13 14 14 14 15 15 15    328
NOV  16 16 16 16 17 17 17 17 18 18 18 19 19 19 20 20 20 21 21 21 21 22 22 22 23 23 23 24 24 24       594
DEC  25 25 25 26 26 26 26 27 27 27 28 28 28 28 28 29 29 29 29 29 30 30 30 30 30 30 30 30 30 31 31    877
                                                                                                        
-------------------------------------------------------------------------------------------------       
 Cooling Degree Days                                                                                    
 DAY  1  2  3  4  5  6  7  8  9 10 11 12 13 14 15 16 17 18 19 20 21 22 23 24 25 26 27 28 29 30 31  MONTH
-------------------------------------------------------------------------------------------------       
JAN   0  0  0  0  0  0  0  0  0  0  0  0  0  0  0  0  0  0  0  0  0  0  0  0  0  0  0  0  0  0  0      0
FEB   0  0  0  0  0  0  0  0  0  0  0  0  0  0  0  0  0  0  0  0  0  0  0  0  0  0  0  0               0
MAR   0  0  0  0  0  0  0  0  0  0  0  0  0  0  0  0  0  0  0  0  0  0  0  0  0  0  0  0  0  0  0      0
APR   0  0  0  0  0  0  0  0  0  0  0  0  0  0  0  0  0  0  0  0  0  0  0  0  0  0  0  0  0-99         1
MAY   0  0  0  0  1  1  1  1  1  1  1  1  1  1  1  1  2  2  2  2  2  2  2  2  3  3  3  3  3  4  4     51
JUN   4  4  4  5  5  5  5  5  5  6  6  6  6  6  7  7  7  7  7  7  8  8  8  8  8  8  9  9  9  9       198
JUL   9 10 10 10 10 10 10 10 11 11 11 11 11 11 11 11 11 11 11 11 11 11 11 11 12 12 11 11 11 11 11    334
AUG  11 11 11 11 11 11 11 11 11 11 10 10 10 10 10 10 10 10  9  9  9  9  9  9  8  8  8  8  7  7  7    297
SEP   7  7  6  6  6  6  5  5  5  5  5  4  4  4  4  4  3  3  3  3  3  3  3  2  2  2  2  2  2  2       118
OCT   2  2  1  1  1  1  1  1  1  1  1  1  1  1  0  0  0  0  0  0  0  0  0  0  0  0  0  0  0  0  0     16
NOV   0  0  0  0  0  0  0  0  0  0  0  0  0  0  0  0  0  0  0  0  0  0  0  0  0  0  0  0  0  0         0
DEC   0  0  0  0  0  0  0  0  0  0  0  0  0  0  0  0  0  0  0  0  0  0  0  0  0  0  0  0  0  0  0      0
                                                                                                        
-------------------------------------------------------------------------------------------------       
 Total  Precipitation (Hundreths of an Inch)                                                            
 DAY  1  2  3  4  5  6  7  8  9 10 11 12 13 14 15 16 17 18 19 20 21 22 23 24 25 26 27 28 29 30 31  MONTH
-------------------------------------------------------------------------------------------------       
JAN  12 12 13 13 13 13 13 13 13 14 14 14 14 14 14 14 14 14 14 14 14 14 14 14 13 13 13 13 13 13 13    416
FEB  13 12 12 12 12 12 12 12 12 12 12 11 11 11 11 11 11 11 11 12 12 12 12 12 12 12 12 12             329
MAR  12 13 13 13 13 13 13 13 13 13 14 14 14 14 14 14 14 14 14 14 14 13 13 13 13 13 13 13 13 13 13    413
APR  12 12 12 12 12 12 12 12 12 12 11 11 11 11 11 11 11 11 11 12 12 12 12 12 12 12 12 12 12 13       352
MAY  13 13 13 13 13 13 13 13 13 14 14 14 14 14 14 14 14 14 13 13 13 13 13 13 13 13 13 12 12 12 12    408
JUN  12 12 11 11 11 11 11 11 11 10 10 10 10 10 10 10 10 10 10 11 11 11 11 11 11 11 11 12 12 12       325
JUL  12 13 13 13 13 13 14 14 14 14 14 14 14 14 14 14 15 15 15 15 15 15 15 14 14 14 14 14 14 14 14    434
AUG  14 13 13 13 13 13 13 13 13 13 12 12 12 12 12 12 12 12 12 12 12 12 12 12 12 12 12 12 12 12 12    383
SEP  12 12 12 12 12 12 12 12 12 12 12 12 12 12 12 12 12 12 12 12 12 12 12 12 12 12 12 12 13 13       362
OCT  12 12 12 12 12 12 12 12 12 12 12 12 12 12 12 12 12 12 12 12 12 12 12 12 12 12 12 12 12 12 12    372
NOV  11 11 11 11 11 11 11 11 11 11 11 11 11 11 10 10 10 10 10 10 10 10 10 10 10 10 10 10 10 10       314
DEC  10 10 10  9  9  9  9  9  9 10 10 10 10 10 10 10 10 10 10 10 10 10 11 11 11 11 11 11 12 12 12    316
                                                                                                        
