-------------------------------------------------------------------------------------------------       
 1971-2000 Daily/Monthly Station Normals                                                                
 Provided by National Climatic Data Center/NESDIS/NOAA                                                  
-------------------------------------------------------------------------------------------------       
 Station COOP ID:                           446139                                                      
 Station Name, State, Division, Call:       NORFOLK INTL AP                    VA 01 ORF                
 Latitude, Longitude, Elevation, Elements:  36 54 12 -076 11 32    30 XNP                               
-------------------------------------------------------------------------------------------------       
 Minimum Temperature (deg F [tenths deg F for monthly])                                                 
 DAY  1  2  3  4  5  6  7  8  9 10 11 12 13 14 15 16 17 18 19 20 21 22 23 24 25 26 27 28 29 30 31  MONTH
-------------------------------------------------------------------------------------------------       
JAN  33 33 33 33 33 33 33 33 33 32 32 32 32 32 32 32 32 32 32 32 32 32 32 32 32 32 32 32 32 32 32    323
FEB  32 32 32 32 32 32 32 33 33 33 33 33 33 33 33 34 34 34 34 34 35 35 35 35 35 36 36 36             336
MAR  36 37 37 37 37 38 38 38 38 39 39 39 39 40 40 40 40 41 41 41 41 42 42 42 42 43 43 43 43 43 44    401
APR  44 44 44 45 45 45 45 46 46 46 46 47 47 47 47 48 48 48 49 49 49 50 50 50 51 51 51 52 52 52       478
MAY  53 53 53 54 54 54 55 55 55 56 56 56 57 57 57 58 58 58 59 59 59 60 60 60 61 61 61 61 62 62 62    576
JUN  62 63 63 63 64 64 64 64 65 65 65 65 66 66 66 66 67 67 67 67 68 68 68 68 69 69 69 69 69 70       662
JUL  70 70 70 70 70 71 71 71 71 71 71 71 71 72 72 72 72 72 72 72 72 72 72 72 72 72 72 72 72 72 71    714
AUG  72 71 71 71 71 71 71 71 71 71 71 71 70 70 70 70 70 70 70 70 70 70 69 69 69 69 69 69 69 69 68    701
SEP  68 68 68 68 68 68 67 67 67 67 67 66 66 66 65 65 65 65 64 64 63 63 63 62 62 61 61 60 60 60       648
OCT  59 59 58 58 57 57 56 56 55 55 54 54 54 53 53 52 52 52 51 51 51 50 50 50 49 49 49 49 48 48 48    528
NOV  48 47 47 47 46 46 46 46 45 45 45 45 44 44 44 44 43 43 43 43 42 42 42 41 41 41 41 40 40 40       437
DEC  39 39 39 39 38 38 38 38 37 37 37 37 37 36 36 36 36 36 35 35 35 35 35 34 34 34 34 34 34 34 33    361
                                                                                                        
-------------------------------------------------------------------------------------------------       
 Maximum Temperature (deg F [tenths deg F for monthly])                                                 
 DAY  1  2  3  4  5  6  7  8  9 10 11 12 13 14 15 16 17 18 19 20 21 22 23 24 25 26 27 28 29 30 31  MONTH
-------------------------------------------------------------------------------------------------       
JAN  49 49 49 48 48 48 48 48 48 48 48 48 48 48 47 47 47 47 47 47 47 47 47 48 48 48 48 48 48 48 48    478
FEB  48 48 48 48 49 49 49 49 49 49 50 50 50 50 50 50 51 51 51 51 51 52 52 52 52 53 53 53             503
MAR  53 54 54 54 55 55 55 55 56 56 56 57 57 57 57 58 58 58 59 59 59 60 60 60 61 61 61 61 62 62 62    578
APR  63 63 63 64 64 64 65 65 65 65 66 66 66 67 67 67 68 68 68 68 69 69 69 69 70 70 70 70 71 71       670
MAY  71 71 72 72 72 72 73 73 73 73 73 74 74 74 75 75 75 75 76 76 76 76 77 77 77 78 78 78 78 79 79    749
JUN  79 80 80 80 80 81 81 81 81 82 82 82 82 83 83 83 83 84 84 84 84 84 84 85 85 85 85 85 86 86       828
JUL  86 86 86 86 86 86 87 87 87 87 87 87 87 87 87 87 87 87 87 87 87 87 87 87 87 87 87 87 87 87 87    868
AUG  86 86 86 86 86 86 86 86 86 85 85 85 85 85 85 85 85 85 84 84 84 84 84 84 84 84 83 83 83 83 83    847
SEP  83 83 82 82 82 82 82 82 81 81 81 81 80 80 80 80 79 79 79 78 78 78 77 77 77 76 76 76 75 75       794
OCT  75 74 74 73 73 73 72 72 72 71 71 70 70 70 69 69 69 69 68 68 68 67 67 67 67 66 66 66 65 65 65    694
NOV  65 65 64 64 64 64 63 63 63 62 62 62 62 61 61 61 61 60 60 60 59 59 59 58 58 58 58 57 57 57       609
DEC  56 56 56 55 55 55 54 54 54 54 53 53 53 53 52 52 52 52 51 51 51 51 51 50 50 50 50 50 49 49 49    523
                                                                                                        
-------------------------------------------------------------------------------------------------       
 Average Temperature (deg F [tenths deg F for monthly])                                                 
 DAY  1  2  3  4  5  6  7  8  9 10 11 12 13 14 15 16 17 18 19 20 21 22 23 24 25 26 27 28 29 30 31  MONTH
-------------------------------------------------------------------------------------------------       
JAN  41 41 41 41 40 40 40 40 40 40 40 40 40 40 40 40 40 40 40 40 39 40 40 40 40 40 40 40 40 40 40    401
FEB  40 40 40 40 41 41 41 41 41 41 41 41 42 42 42 42 42 42 43 43 43 43 43 44 44 44 44 45             420
MAR  45 45 45 46 46 46 47 47 47 47 48 48 48 48 49 49 49 50 50 50 50 51 51 51 51 52 52 52 53 53 53    490
APR  53 54 54 54 54 55 55 55 56 56 56 56 57 57 57 57 58 58 58 59 59 59 60 60 60 60 61 61 61 62       574
MAY  62 62 63 63 63 63 64 64 64 65 65 65 65 66 66 66 67 67 67 67 68 68 68 69 69 69 69 70 70 70 71    663
JUN  71 71 71 72 72 72 73 73 73 73 74 74 74 74 75 75 75 75 75 76 76 76 76 76 77 77 77 77 77 78       745
JUL  78 78 78 78 78 79 79 79 79 79 79 79 79 79 79 79 80 80 80 80 80 80 80 80 79 79 79 79 79 79 79    791
AUG  79 79 79 79 79 78 78 78 78 78 78 78 78 78 78 77 77 77 77 77 77 77 77 76 76 76 76 76 76 76 76    774
SEP  76 75 75 75 75 75 75 74 74 74 74 73 73 73 73 72 72 72 71 71 71 70 70 70 69 69 69 68 68 67       721
OCT  67 66 66 65 65 65 64 64 63 63 63 62 62 62 61 61 60 60 60 60 59 59 59 58 58 58 57 57 57 57 56    611
NOV  56 56 56 55 55 55 55 54 54 54 54 53 53 53 53 52 52 52 51 51 51 51 50 50 50 49 49 49 48 48       523
DEC  48 48 47 47 47 46 46 46 46 45 45 45 45 44 44 44 44 44 43 43 43 43 43 42 42 42 42 42 42 41 41    442
                                                                                                        
-------------------------------------------------------------------------------------------------       
 Heating Degree Days                                                                                    
 DAY  1  2  3  4  5  6  7  8  9 10 11 12 13 14 15 16 17 18 19 20 21 22 23 24 25 26 27 28 29 30 31  MONTH
-------------------------------------------------------------------------------------------------       
JAN  23 23 23 24 24 24 24 24 24 24 24 24 24 25 25 25 25 25 25 25 25 25 25 25 25 25 25 25 25 25 25    759
FEB  25 25 24 24 24 24 24 24 24 24 24 23 23 23 23 23 23 22 22 22 22 22 21 21 21 21 20 20             638
MAR  20 19 19 19 19 18 18 18 18 17 17 17 17 16 16 16 15 15 15 15 14 14 14 14 13 13 13 13 12 12 12    488
APR  12 11 11 11 11 10 10 10 10 10  9  9  9  9  8  8  8  8  7  7  7  7  6  6  6  6  6  5  5  5       247
MAY   5  4  4  4  4  3  3  3  3  3  3  2  2  2  2  2  2  2  1  1  1  1  1  1  1  1  1  1  1  1  1     66
JUN   1  1  1  1  0  0  0  0  0  0  0  0  0  0  0  0  0  0  0  0  0  0  0  0  0  0  0  0  0  0         4
JUL   0  0  0  0  0  0  0  0  0  0  0  0  0  0  0  0  0  0  0  0  0  0  0  0  0  0  0  0  0  0  0      0
AUG   0  0  0  0  0  0  0  0  0  0  0  0  0  0  0  0  0  0  0  0  0  0  0  0  0  0  0  0  0  0  0      0
SEP   0  0  0  0  0  0  0  0  0  0  0  0  0  0  0  0  0  0  0  0  0  0  1  1  1  1  1  1  1  1         8
OCT   2  2  2  2  3  3  3  3  3  4  4  4  4  4  5  5  5  5  5  6  6  6  6  7  7  7  7  8  8  8  8    152
NOV   9  9  9  9 10 10 10 10 11 11 11 11 12 12 12 13 13 13 13 14 14 14 15 15 15 15 16 16 16 17       375
DEC  17 17 17 18 18 18 18 19 19 19 19 20 20 20 20 21 21 21 21 21 22 22 22 22 22 22 23 23 23 23 23    631
                                                                                                        
-------------------------------------------------------------------------------------------------       
 Cooling Degree Days                                                                                    
 DAY  1  2  3  4  5  6  7  8  9 10 11 12 13 14 15 16 17 18 19 20 21 22 23 24 25 26 27 28 29 30 31  MONTH
-------------------------------------------------------------------------------------------------       
JAN   0  0  0  0  0  0  0  0  0  0  0  0  0  0  0  0  0  0  0  0  0  0  0  0  0  0  0  0  0  0-99      1
FEB   0  0  0  0  0  0  0  0  0  0  0  0  0  0  0  0  0  0  0  0  0  0  0  0  0  0-99-99               2
MAR   0  0  0  0  0  0  0  0  0  0  0  0  0  0  0  0  0  0  0  0  0  0  0-99-99-99-99-99-99-99-99      8
APR   0  1  1  1  1  1  1  1  1  1  1  1  1  1  1  1  1  1  1  1  1  1  1  1  2  2  2  2  2  2        35
MAY   2  2  2  2  2  2  3  3  3  3  3  3  3  3  3  4  4  4  4  4  4  5  5  5  5  5  6  6  6  6  7    119
JUN   7  7  7  8  8  8  8  8  9  9  9  9 10 10 10 10 10 11 11 11 11 12 12 12 12 12 13 13 13 13       303
JUL  13 13 14 14 14 14 14 14 14 14 15 15 15 15 15 15 15 15 15 15 15 15 15 15 15 15 15 15 15 15 15    453
AUG  15 15 14 14 14 14 14 14 14 14 14 13 13 13 13 13 13 13 13 12 12 12 12 12 12 12 12 11 11 11 11    400
SEP  11 11 10 10 10 10 10 10  9  9  9  9  9  8  8  8  8  7  7  7  7  6  6  6  6  5  5  5  5  4       235
OCT   4  4  4  3  3  3  3  2  2  2  2  2  2  1  1  1  1  1  1  1  1  1  0  0  0  0  0  0  0  0  0     45
NOV   0  0  0  0  0  0  0  0  0  0-99-99-99-99-99-99-99-99-99-99  0  0  0  0  0  0  0  0  0  0        10
DEC -99  0  0  0  0  0  0  0  0  0  0  0  0  0  0  0  0  0  0  0  0  0  0  0  0  0  0  0  0  0  0      1
                                                                                                        
-------------------------------------------------------------------------------------------------       
 Total  Precipitation (Hundreths of an Inch)                                                            
 DAY  1  2  3  4  5  6  7  8  9 10 11 12 13 14 15 16 17 18 19 20 21 22 23 24 25 26 27 28 29 30 31  MONTH
-------------------------------------------------------------------------------------------------       
JAN  11 12 12 12 12 12 12 12 13 13 13 13 13 13 13 13 13 13 13 13 13 13 13 13 13 13 13 13 13 13 12    393
FEB  12 12 12 12 12 12 12 12 12 12 12 12 11 11 12 12 12 12 12 12 12 12 12 12 12 12 12 12             334
MAR  13 13 13 13 13 13 13 13 13 13 13 14 14 14 14 14 14 13 13 13 13 13 13 13 13 13 13 13 13 13 12    408
APR  12 12 12 12 12 12 12 12 11 11 11 11 11 11 11 11 11 11 11 11 11 11 11 11 11 11 11 11 11 11       338
MAY  12 12 12 12 12 12 12 12 12 12 12 12 12 12 12 12 12 12 13 13 12 12 12 12 12 12 12 12 12 12 12    374
JUN  12 12 12 12 12 12 12 12 12 12 12 12 12 12 12 12 12 12 12 13 13 13 13 13 13 14 14 14 14 15       377
JUL  15 15 15 16 16 16 16 16 17 17 17 17 17 17 17 17 17 17 17 17 17 18 17 17 17 17 17 17 17 17 17    517
AUG  17 17 17 16 16 16 16 16 16 16 16 16 16 15 15 15 15 15 15 15 15 15 15 15 15 15 15 15 15 14 14    479
SEP  14 14 14 14 14 14 14 14 14 14 14 14 14 14 14 14 14 13 13 13 13 13 13 13 13 13 13 13 13 12       406
OCT  12 12 12 12 12 12 12 12 12 11 11 11 11 11 11 11 11 11 11 11 11 11 11 11 11 11 11 11 10 10 10    347
NOV  10 10 10 10 10 10 10 10 10 10 10 10 10 10 10 10 10 10 10 10 10 10 10 10 10 10 10 10  9  9       298
DEC   9  9  9  9  9  9  9  9  9  9  9  9  9  9 10 10 10 10 10 10 10 10 10 10 11 11 11 11 11 11 11    303
                                                                                                        
