-------------------------------------------------------------------------------------------------       
 1971-2000 Daily/Monthly Station Normals                                                                
 Provided by National Climatic Data Center/NESDIS/NOAA                                                  
-------------------------------------------------------------------------------------------------       
 Station COOP ID:                           275995                                                      
 Station Name, State, Division, Call:       NORTH CONWAY                       NH 02                    
 Latitude, Longitude, Elevation, Elements:  44 03 16 -071 07 38   530 XNP                               
-------------------------------------------------------------------------------------------------       
 Minimum Temperature (deg F [tenths deg F for monthly])                                                 
 DAY  1  2  3  4  5  6  7  8  9 10 11 12 13 14 15 16 17 18 19 20 21 22 23 24 25 26 27 28 29 30 31  MONTH
-------------------------------------------------------------------------------------------------       
JAN   9  9  9  8  8  8  8  8  8  7  7  7  7  7  7  7  6  6  6  6  6  6  6  6  6  6  6  6  6  6  6     69
FEB   6  7  7  7  7  7  7  7  8  8  8  8  8  9  9  9  9 10 10 10 11 11 11 12 12 13 13 14              92
MAR  14 14 15 15 16 16 17 17 17 18 18 19 19 19 20 20 21 21 21 22 22 23 23 23 24 24 24 25 25 25 26    201
APR  26 26 27 27 28 28 28 29 29 29 30 30 30 31 31 31 32 32 33 33 33 34 34 34 35 35 35 36 36 37       313
MAY  37 37 38 38 38 39 39 40 40 40 41 41 41 42 42 42 43 43 43 44 44 45 45 45 46 46 46 47 47 47 48    424
JUN  48 48 49 49 49 50 50 50 50 51 51 51 52 52 52 52 53 53 53 53 53 54 54 54 54 55 55 55 55 55       520
JUL  56 56 56 56 56 56 56 57 57 57 57 57 57 57 57 57 57 57 57 57 57 58 58 58 58 57 57 57 57 57 57    569
AUG  57 57 57 57 57 57 57 56 56 56 56 56 56 56 55 55 55 55 55 54 54 54 54 53 53 53 52 52 52 51 51    548
SEP  51 50 50 50 49 49 49 48 48 48 47 47 46 46 46 45 45 44 44 44 43 43 42 42 42 41 41 40 40 39       453
OCT  39 39 38 38 37 37 37 36 36 36 35 35 35 34 34 34 34 33 33 33 33 32 32 32 32 31 31 31 31 31 31    342
NOV  31 31 30 30 30 30 30 29 29 29 29 28 28 28 28 27 27 27 26 26 25 25 25 24 24 23 23 22 22 21       269
DEC  21 20 20 19 19 19 18 18 17 17 16 16 16 15 15 14 14 14 13 13 12 12 12 11 11 11 11 10 10 10  9    146
                                                                                                        
-------------------------------------------------------------------------------------------------       
 Maximum Temperature (deg F [tenths deg F for monthly])                                                 
 DAY  1  2  3  4  5  6  7  8  9 10 11 12 13 14 15 16 17 18 19 20 21 22 23 24 25 26 27 28 29 30 31  MONTH
-------------------------------------------------------------------------------------------------       
JAN  30 30 30 30 29 29 29 29 29 29 29 29 29 29 29 29 29 29 29 29 29 29 29 29 29 29 30 30 30 30 30    293
FEB  30 31 31 31 31 31 32 32 32 32 33 33 33 33 34 34 34 34 34 35 35 35 36 36 36 36 37 37             335
MAR  37 37 38 38 38 39 39 39 40 40 40 40 41 41 41 42 42 42 43 43 44 44 44 45 45 45 46 46 46 47 47    419
APR  47 48 48 49 49 50 50 50 51 51 52 52 52 53 53 54 54 55 55 56 56 57 57 58 58 59 59 60 60 61       538
MAY  61 62 62 63 63 64 64 64 65 65 66 66 67 67 67 68 68 69 69 69 70 70 70 71 71 71 72 72 72 72 73    675
JUN  73 73 73 74 74 74 74 75 75 75 75 76 76 76 76 77 77 77 77 77 78 78 78 78 78 79 79 79 79 79       763
JUL  80 80 80 80 80 80 81 81 81 81 81 81 81 81 81 81 82 82 82 82 82 82 82 82 82 82 82 82 82 82 82    813
AUG  82 82 81 81 81 81 81 81 81 81 80 80 80 80 80 80 79 79 79 79 79 78 78 78 78 77 77 77 76 76 76    793
SEP  76 75 75 75 74 74 74 73 73 73 72 72 72 71 71 71 70 70 70 69 69 68 68 68 67 67 67 66 66 65       707
OCT  65 65 64 64 64 63 63 62 62 61 61 61 60 60 59 59 59 58 58 57 57 56 56 56 55 55 54 54 53 53 53    589
NOV  52 52 51 51 50 50 49 49 49 48 48 47 47 46 46 46 45 45 44 44 43 43 43 42 42 41 41 41 40 40       458
DEC  39 39 38 38 38 37 37 37 36 36 36 35 35 35 34 34 34 33 33 33 33 32 32 32 32 31 31 31 31 31 30    343
                                                                                                        
-------------------------------------------------------------------------------------------------       
 Average Temperature (deg F [tenths deg F for monthly])                                                 
 DAY  1  2  3  4  5  6  7  8  9 10 11 12 13 14 15 16 17 18 19 20 21 22 23 24 25 26 27 28 29 30 31  MONTH
-------------------------------------------------------------------------------------------------       
JAN  20 19 19 19 19 19 18 18 18 18 18 18 18 18 18 18 18 17 17 17 17 18 18 18 18 18 18 18 18 18 18    181
FEB  18 19 19 19 19 19 19 20 20 20 20 21 21 21 21 22 22 22 22 23 23 23 24 24 24 24 25 25             214
MAR  26 26 26 27 27 27 28 28 28 29 29 30 30 30 31 31 31 32 32 32 33 33 34 34 34 35 35 35 36 36 36    310
APR  37 37 38 38 38 39 39 40 40 40 41 41 41 42 42 43 43 44 44 44 45 45 46 46 46 47 47 48 48 49       426
MAY  49 50 50 50 51 51 52 52 52 53 53 54 54 54 55 55 56 56 56 57 57 57 58 58 58 59 59 59 60 60 60    550
JUN  61 61 61 61 62 62 62 62 63 63 63 64 64 64 64 64 65 65 65 65 66 66 66 66 66 67 67 67 67 67       642
JUL  68 68 68 68 68 68 68 69 69 69 69 69 69 69 69 69 69 69 70 70 70 70 70 70 70 70 70 70 69 69 69    691
AUG  69 69 69 69 69 69 69 69 69 69 68 68 68 68 68 67 67 67 67 67 66 66 66 66 65 65 65 64 64 64 64    671
SEP  63 63 63 62 62 62 61 61 60 60 60 59 59 59 58 58 58 57 57 56 56 56 55 55 54 54 54 53 53 52       580
OCT  52 52 51 51 51 50 50 49 49 49 48 48 48 47 47 46 46 46 45 45 45 44 44 44 43 43 43 43 42 42 42    466
NOV  41 41 41 40 40 40 40 39 39 39 38 38 38 37 37 36 36 36 35 35 34 34 34 33 33 32 32 32 31 31       364
DEC  30 30 29 29 28 28 28 27 27 26 26 26 25 25 25 24 24 24 23 23 23 22 22 22 21 21 21 21 20 20 20    245
                                                                                                        
-------------------------------------------------------------------------------------------------       
 Heating Degree Days                                                                                    
 DAY  1  2  3  4  5  6  7  8  9 10 11 12 13 14 15 16 17 18 19 20 21 22 23 24 25 26 27 28 29 30 31  MONTH
-------------------------------------------------------------------------------------------------       
JAN  45 46 46 46 46 46 47 47 47 47 47 47 47 47 47 47 47 48 48 48 48 47 47 47 47 47 47 47 47 47 47   1454
FEB  47 46 46 46 46 46 46 45 45 45 45 44 44 44 44 44 43 43 43 42 42 42 41 41 41 41 40 40            1222
MAR  39 39 39 38 38 38 37 37 37 36 36 35 35 35 34 34 34 33 33 33 32 32 31 31 31 30 30 30 29 29 29   1054
APR  28 28 27 27 27 26 26 25 25 25 24 24 24 23 23 22 22 22 21 21 20 20 19 19 19 18 18 17 17 16       673
MAY  16 16 15 15 14 14 13 13 13 12 12 11 11 11 10 10 10  9  9  9  8  8  8  8  7  7  7  6  6  6  6    320
JUN   5  5  5  5  5  4  4  4  4  3  3  3  3  3  3  2  2  2  2  2  2  2  2  1  1  1  1  1  1  1        82
JUL   1  1  1  1  1  1  1  1  1  1  0  0  0  0  0  0  0  0  0  0  0  0  0  0  0  0  0  0  0  0  0     10
AUG   0  0  0  0  0  0  0  0  0  0  0  1  1  1  1  1  1  1  1  1  1  2  2  2  2  2  2  3  3  3  3     34
SEP   3  3  4  4  4  4  5  5  5  5  6  6  6  7  7  7  7  8  8  8  9  9 10 10 10 11 11 12 12 12       218
OCT  13 13 14 14 15 15 15 16 16 16 17 17 18 18 18 19 19 19 20 20 20 21 21 21 22 22 22 23 23 23 23    573
NOV  24 24 24 25 25 25 25 26 26 26 27 27 28 28 28 29 29 29 30 30 31 31 31 32 32 33 33 34 34 34       860
DEC  35 35 36 36 37 37 37 38 38 39 39 39 40 40 41 41 41 42 42 42 43 43 43 43 44 44 44 44 45 45 45   1258
                                                                                                        
-------------------------------------------------------------------------------------------------       
 Cooling Degree Days                                                                                    
 DAY  1  2  3  4  5  6  7  8  9 10 11 12 13 14 15 16 17 18 19 20 21 22 23 24 25 26 27 28 29 30 31  MONTH
-------------------------------------------------------------------------------------------------       
JAN   0  0  0  0  0  0  0  0  0  0  0  0  0  0  0  0  0  0  0  0  0  0  0  0  0  0  0  0  0  0  0      0
FEB   0  0  0  0  0  0  0  0  0  0  0  0  0  0  0  0  0  0  0  0  0  0  0  0  0  0  0  0               0
MAR   0  0  0  0  0  0  0  0  0  0  0  0  0  0  0  0  0  0  0  0  0  0  0  0  0  0  0  0  0  0  0      0
APR   0  0  0  0  0  0  0  0  0  0  0  0  0  0  0  0  0  0  0  0  0  0  0  0  0  0  0  0  0  0         0
MAY   0  0  0  0  0  0  0  0  0  0  0  0  0  0  0  0  0  0  0  0  0  0  0  0  1  1  1  1  1  1  1      7
JUN   1  1  1  1  1  1  1  1  1  1  1  1  2  2  2  2  2  2  2  2  2  2  2  3  3  3  3  3  3  3        55
JUL   3  3  4  4  4  4  4  4  4  4  4  4  4  5  5  5  5  5  5  5  5  5  5  5  5  5  5  5  5  4  4    138
AUG   4  4  4  4  4  4  4  4  4  4  4  4  4  3  3  3  3  3  3  3  3  3  3  2  2  2  2  2  2  2  2     98
SEP   1  1  1  1  1  1  1  0  0  0  0  0  0  0  0  0  0  0  0  0  0  0  0  0  0  0  0  0  0  0         7
OCT   0  0  0  0  0  0  0  0  0  0  0  0  0  0  0  0  0  0  0  0  0  0  0  0  0  0  0  0  0  0  0      0
NOV   0  0  0  0  0  0  0  0  0  0  0  0  0  0  0  0  0  0  0  0  0  0  0  0  0  0  0  0  0  0         0
DEC   0  0  0  0  0  0  0  0  0  0  0  0  0  0  0  0  0  0  0  0  0  0  0  0  0  0  0  0  0  0  0      0
                                                                                                        
-------------------------------------------------------------------------------------------------       
 Total  Precipitation (Hundreths of an Inch)                                                            
 DAY  1  2  3  4  5  6  7  8  9 10 11 12 13 14 15 16 17 18 19 20 21 22 23 24 25 26 27 28 29 30 31  MONTH
-------------------------------------------------------------------------------------------------       
JAN  13 13 14 14 14 14 14 14 14 14 14 14 14 14 14 14 14 14 14 14 13 13 13 13 13 13 13 13 12 12 12    418
FEB  12 12 12 12 11 11 11 11 11 11 11 11 11 11 11 11 11 11 11 11 11 11 11 11 11 11 11 12             313
MAR  12 12 12 12 12 12 12 12 13 13 13 13 13 13 13 13 13 13 13 13 13 14 14 14 14 14 14 14 14 14 14    405
APR  14 14 14 14 14 14 14 14 14 14 14 14 14 14 14 14 14 14 14 14 14 14 13 13 13 13 13 13 13 13       412
MAY  13 13 13 13 13 13 13 13 13 13 13 12 12 12 12 12 12 12 12 13 13 13 13 13 13 13 13 13 13 13 13    395
JUN  13 13 13 13 13 13 13 13 14 14 14 14 14 14 14 14 14 14 14 14 14 14 14 14 13 13 13 13 13 13       406
JUL  13 13 13 13 13 13 13 13 13 13 13 13 13 13 13 12 13 13 13 13 13 13 13 13 13 13 13 13 13 13 13    402
AUG  13 13 13 13 13 14 14 14 14 14 14 14 14 14 14 14 14 13 13 13 13 13 13 13 13 13 13 13 13 13 13    415
SEP  12 12 12 12 12 12 12 12 12 12 12 12 12 12 12 12 12 12 12 12 12 12 12 12 12 12 12 12 13 13       362
OCT  13 13 13 13 13 13 13 13 14 14 14 14 14 14 14 14 14 14 14 14 14 15 15 15 15 15 15 15 15 15 15    436
NOV  15 15 15 15 15 15 15 15 15 15 15 15 15 15 15 14 14 14 14 14 14 14 14 14 14 14 14 14 14 14       435
DEC  14 13 13 13 13 13 13 13 13 13 13 13 13 13 13 13 13 13 13 13 13 13 13 13 13 13 13 13 13 13 13    404
                                                                                                        
