-------------------------------------------------------------------------------------------------       
 1971-2000 Daily/Monthly Station Normals                                                                
 Provided by National Climatic Data Center/NESDIS/NOAA                                                  
-------------------------------------------------------------------------------------------------       
 Station COOP ID:                           202737                                                      
 Station Name, State, Division, Call:       FAYETTE 4 SW                       MI 02                    
 Latitude, Longitude, Elevation, Elements:  45 40 00 -086 43 00   745 XNP                               
-------------------------------------------------------------------------------------------------       
 Minimum Temperature (deg F [tenths deg F for monthly])                                                 
 DAY  1  2  3  4  5  6  7  8  9 10 11 12 13 14 15 16 17 18 19 20 21 22 23 24 25 26 27 28 29 30 31  MONTH
-------------------------------------------------------------------------------------------------       
JAN  14 13 13 13 13 13 12 12 12 12 12 12 11 11 11 11 11 11 11 11 11 11 11 11 11 11 11 11 11 11 11    116
FEB  12 12 12 12 12 12 12 13 13 13 13 13 14 14 14 14 14 15 15 15 15 16 16 16 17 17 17 17             141
MAR  18 18 18 19 19 19 20 20 20 21 21 21 22 22 22 23 23 23 24 24 24 24 25 25 25 26 26 27 27 27 28    226
APR  28 28 29 29 29 30 30 30 31 31 31 32 32 32 33 33 33 34 34 35 35 35 36 36 36 37 37 38 38 38       330
MAY  39 39 39 40 40 40 41 41 42 42 42 43 43 43 44 44 44 45 45 45 46 46 46 46 47 47 47 48 48 48 48    438
JUN  49 49 49 50 50 50 50 51 51 51 52 52 52 52 53 53 53 54 54 54 54 55 55 55 55 56 56 56 56 57       528
JUL  57 57 57 58 58 58 58 59 59 59 59 59 60 60 60 60 60 60 60 60 60 61 61 61 61 61 61 61 61 61 61    596
AUG  61 61 61 61 61 61 61 61 61 60 60 60 60 60 60 60 60 60 59 59 59 59 59 58 58 58 58 58 57 57 57    595
SEP  57 56 56 56 56 55 55 55 54 54 54 54 53 53 53 52 52 52 51 51 51 50 50 50 49 49 49 49 48 48       524
OCT  48 47 47 47 46 46 45 45 45 44 44 44 43 43 43 42 42 42 41 41 41 40 40 40 39 39 39 38 38 38 37    424
NOV  37 37 36 36 35 35 35 34 34 34 33 33 32 32 32 31 31 30 30 30 29 29 28 28 27 27 27 26 26 25       313
DEC  25 24 24 24 23 23 22 22 21 21 21 20 20 20 19 19 18 18 18 17 17 17 16 16 16 15 15 15 15 14 14    190
                                                                                                        
-------------------------------------------------------------------------------------------------       
 Maximum Temperature (deg F [tenths deg F for monthly])                                                 
 DAY  1  2  3  4  5  6  7  8  9 10 11 12 13 14 15 16 17 18 19 20 21 22 23 24 25 26 27 28 29 30 31  MONTH
-------------------------------------------------------------------------------------------------       
JAN  25 25 25 25 25 24 24 24 24 24 24 24 24 24 24 24 24 23 23 24 24 24 24 24 24 24 24 24 24 24 24    241
FEB  25 25 25 25 25 25 26 26 26 26 26 26 27 27 27 27 28 28 28 28 29 29 29 29 30 30 30 30             272
MAR  31 31 31 32 32 32 33 33 33 34 34 34 35 35 35 36 36 36 37 37 38 38 38 39 39 39 40 40 40 41 41    358
APR  42 42 42 43 43 44 44 44 45 45 46 46 46 47 47 48 48 49 49 50 50 51 51 51 52 52 53 53 54 54       477
MAY  55 55 56 56 57 57 58 58 58 59 59 60 60 61 61 61 62 62 62 63 63 63 64 64 64 64 65 65 65 65 66    609
JUN  66 66 66 67 67 67 67 68 68 68 68 68 69 69 69 69 70 70 70 70 70 71 71 71 71 72 72 72 72 72       692
JUL  73 73 73 73 73 74 74 74 74 74 74 75 75 75 75 75 75 75 75 75 75 75 75 75 75 76 76 76 76 75 75    746
AUG  75 75 75 75 75 75 75 75 75 75 75 74 74 74 74 74 74 74 73 73 73 73 72 72 72 72 72 71 71 71 70    735
SEP  70 70 69 69 69 68 68 68 68 67 67 67 66 66 66 65 65 65 64 64 64 63 63 63 62 62 62 61 61 60       654
OCT  60 60 59 59 59 58 58 58 57 57 56 56 56 55 55 54 54 54 53 53 52 52 52 51 51 50 50 49 49 48 48    543
NOV  47 47 47 46 46 45 45 44 44 43 43 42 42 42 41 41 40 40 39 39 39 38 38 37 37 36 36 36 35 35       410
DEC  34 34 34 33 33 33 32 32 31 31 31 30 30 30 30 29 29 29 28 28 28 28 27 27 27 27 26 26 26 26 26    295
                                                                                                        
-------------------------------------------------------------------------------------------------       
 Average Temperature (deg F [tenths deg F for monthly])                                                 
 DAY  1  2  3  4  5  6  7  8  9 10 11 12 13 14 15 16 17 18 19 20 21 22 23 24 25 26 27 28 29 30 31  MONTH
-------------------------------------------------------------------------------------------------       
JAN  20 19 19 19 19 19 18 18 18 18 18 18 18 18 18 17 17 17 17 17 17 17 17 17 17 18 18 18 18 18 18    179
FEB  18 18 18 19 19 19 19 19 19 20 20 20 20 20 21 21 21 21 22 22 22 22 23 23 23 23 24 24             207
MAR  24 25 25 25 26 26 26 27 27 27 27 28 28 28 29 29 29 30 30 30 31 31 32 32 32 33 33 33 34 34 34    292
APR  35 35 35 36 36 37 37 37 38 38 39 39 39 40 40 41 41 41 42 42 43 43 43 44 44 45 45 45 46 46       404
MAY  47 47 48 48 48 49 49 50 50 50 51 51 52 52 52 53 53 53 54 54 54 55 55 55 55 56 56 56 57 57 57    524
JUN  57 58 58 58 58 59 59 59 59 60 60 60 60 61 61 61 61 62 62 62 62 63 63 63 63 64 64 64 64 65       610
JUL  65 65 65 66 66 66 66 66 66 67 67 67 67 67 67 67 68 68 68 68 68 68 68 68 68 68 68 68 68 68 68    671
AUG  68 68 68 68 68 68 68 68 68 68 67 67 67 67 67 67 67 67 66 66 66 66 66 65 65 65 65 64 64 64 64    665
SEP  63 63 63 62 62 62 62 61 61 61 60 60 60 59 59 59 58 58 58 58 57 57 57 56 56 56 55 55 55 54       589
OCT  54 54 53 53 52 52 52 51 51 51 50 50 50 49 49 48 48 48 47 47 47 46 46 45 45 45 44 44 43 43 43    484
NOV  42 42 41 41 41 40 40 39 39 39 38 38 37 37 36 36 36 35 35 34 34 33 33 33 32 32 31 31 31 30       362
DEC  30 29 29 28 28 28 27 27 26 26 26 25 25 25 24 24 24 23 23 23 22 22 22 22 21 21 21 21 20 20 20    243
                                                                                                        
-------------------------------------------------------------------------------------------------       
 Heating Degree Days                                                                                    
 DAY  1  2  3  4  5  6  7  8  9 10 11 12 13 14 15 16 17 18 19 20 21 22 23 24 25 26 27 28 29 30 31  MONTH
-------------------------------------------------------------------------------------------------       
JAN  45 46 46 46 46 46 47 47 47 47 47 47 47 47 48 48 48 48 48 48 48 48 48 48 48 48 47 47 47 47 47   1462
FEB  47 47 47 47 46 46 46 46 46 45 45 45 45 45 44 44 44 44 44 43 43 43 42 42 42 42 41 41            1242
MAR  41 40 40 40 39 39 39 38 38 38 38 37 37 37 36 36 36 35 35 34 34 34 33 33 33 32 32 32 31 31 31   1109
APR  30 30 29 29 29 28 28 28 27 27 26 26 26 25 25 25 24 24 23 23 23 22 22 21 21 21 20 20 19 19       740
MAY  18 18 18 17 17 16 16 16 15 15 14 14 14 13 13 13 12 12 12 11 11 11 11 10 10 10  9  9  9  9  8    401
JUN   8  8  7  7  7  7  7  6  6  6  6  5  5  5  5  5  5  4  4  4  4  4  4  3  3  3  3  3  3  3       150
JUL   2  2  2  2  2  2  2  2  2  2  2  1  1  1  1  1  1  1  1  1  1  1  1  1  1  1  1  1  1  1  1     42
AUG   1  1  1  1  1  1  1  1  1  1  1  1  1  1  1  1  2  2  2  2  2  2  2  2  2  2  3  3  3  3  3     51
SEP   3  3  4  4  4  4  4  5  5  5  5  5  6  6  6  6  7  7  7  7  8  8  8  9  9  9 10 10 10 11       195
OCT  11 11 12 12 12 13 13 14 14 14 15 15 15 16 16 17 17 17 18 18 19 19 19 20 20 21 21 21 22 22 23    517
NOV  23 23 24 24 25 25 25 26 26 27 27 27 28 28 29 29 29 30 30 31 31 32 32 32 33 33 34 34 34 35       866
DEC  35 36 36 37 37 37 38 38 39 39 39 40 40 40 41 41 41 42 42 42 43 43 43 43 44 44 44 45 45 45 45   1264
                                                                                                        
-------------------------------------------------------------------------------------------------       
 Cooling Degree Days                                                                                    
 DAY  1  2  3  4  5  6  7  8  9 10 11 12 13 14 15 16 17 18 19 20 21 22 23 24 25 26 27 28 29 30 31  MONTH
-------------------------------------------------------------------------------------------------       
JAN   0  0  0  0  0  0  0  0  0  0  0  0  0  0  0  0  0  0  0  0  0  0  0  0  0  0  0  0  0  0  0      0
FEB   0  0  0  0  0  0  0  0  0  0  0  0  0  0  0  0  0  0  0  0  0  0  0  0  0  0  0  0               0
MAR   0  0  0  0  0  0  0  0  0  0  0  0  0  0  0  0  0  0  0  0  0  0  0  0  0  0  0  0  0  0  0      0
APR   0  0  0  0  0  0  0  0  0  0  0  0  0  0  0  0  0  0  0  0  0  0  0  0  0  0  0  0  0  0         0
MAY   0  0  0  0  0  0  0  0  0  0  0  0  0  0  0  0  0  0  0  0  0  0  0  0-99-99-99-99-99-99-99      7
JUN   0  0  0  0  0  0  0  1  1  1  1  1  1  1  1  1  1  1  1  1  1  1  1  2  2  2  2  2  2  2        30
JUL   2  2  3  3  3  3  3  3  3  3  3  3  3  3  4  4  4  4  4  4  4  4  4  4  4  4  4  4  4  4  4    108
AUG   4  4  4  4  4  4  4  4  4  4  4  3  3  3  3  3  3  3  3  3  3  3  3  3  2  2  2  2  2  2  2     97
SEP   2  1  1  1  1  1  1  1  1  1  1  0  0  0  0  0  0  0  0  0  0  0  0  0  0  0  0  0  0  0        12
OCT   0  0  0  0  0  0  0  0  0  0  0  0  0  0  0  0  0  0  0  0  0  0  0  0  0  0  0  0  0  0  0      0
NOV   0  0  0  0  0  0  0  0  0  0  0  0  0  0  0  0  0  0  0  0  0  0  0  0  0  0  0  0  0  0         0
DEC   0  0  0  0  0  0  0  0  0  0  0  0  0  0  0  0  0  0  0  0  0  0  0  0  0  0  0  0  0  0  0      0
                                                                                                        
-------------------------------------------------------------------------------------------------       
 Total  Precipitation (Hundreths of an Inch)                                                            
 DAY  1  2  3  4  5  6  7  8  9 10 11 12 13 14 15 16 17 18 19 20 21 22 23 24 25 26 27 28 29 30 31  MONTH
-------------------------------------------------------------------------------------------------       
JAN   5  6  6  6  6  6  6  6  6  6  6  5  5  5  5  5  5  5  5  5  5  5  5  5  5  4  4  4  4  4  4    159
FEB   4  4  4  3  3  3  3  3  3  3  3  3  3  3  3  3  3  3  3  3  4  4  4  4  4  4  5  5              97
MAR   5  5  5  5  6  6  6  6  6  6  7  7  7  7  7  7  7  7  7  7  7  8  8  8  8  8  8  8  8  8  8    213
APR   8  8  8  8  7  7  7  7  7  7  7  7  7  7  7  7  7  8  8  8  8  8  8  8  8  8  8  8  8  8       227
MAY   8  8  8  8  8  9  9  9  9  9  9  9  9  9  9  9  9  9  9  9  9  9  9  9  9  9  9  9  9  9  9    274
JUN   9  9  9  9  9  9  9  9  9  9  9  9  9  9  9  9  9  9  9  9  9  9  9  9  9  9  9  9  9  9       270
JUL   9  9  9  9  9  9  9  9  9  9  9  9  9  9  9  9  9  9  9  9  9  9  9  9 10 10 10 10 10 10 10    286
AUG  10 11 11 11 11 11 11 11 11 11 11 11 11 12 12 12 12 12 12 12 12 12 12 12 12 12 12 11 11 11 11    354
SEP  11 11 11 11 11 11 11 11 11 11 11 11 11 10 10 10 10 10 10 10 10 10 10 10 10 10 10  9  9  9       310
OCT   9  9  9  9  9  9  9  9  9  9  9  9  9  9  8  8  8  8  8  8  8  8  8  8  8  8  8  8  8  8  8    262
NOV   8  8  8  8  8  8  8  8  8  8  8  8  8  8  8  8  8  8  8  7  7  7  7  7  7  7  7  7  7  7       229
DEC   7  7  6  6  6  6  6  6  6  6  6  6  6  6  6  6  6  5  5  5  5  5  5  5  5  5  5  5  5  6  6    176
                                                                                                        
