-------------------------------------------------------------------------------------------------       
 1971-2000 Daily/Monthly Station Normals                                                                
 Provided by National Climatic Data Center/NESDIS/NOAA                                                  
-------------------------------------------------------------------------------------------------       
 Station COOP ID:                           205816                                                      
 Station Name, State, Division, Call:       NEWBERRY 3 S                       MI 02                    
 Latitude, Longitude, Elevation, Elements:  46 19 00 -085 30 00   850 XNP                               
-------------------------------------------------------------------------------------------------       
 Minimum Temperature (deg F [tenths deg F for monthly])                                                 
 DAY  1  2  3  4  5  6  7  8  9 10 11 12 13 14 15 16 17 18 19 20 21 22 23 24 25 26 27 28 29 30 31  MONTH
-------------------------------------------------------------------------------------------------       
JAN  10 10  9  9  9  9  9  9  8  8  8  8  8  8  8  8  8  7  7  7  7  7  7  7  7  7  7  8  8  8  8     80
FEB   8  8  8  8  8  8  8  9  9  9  9  9  9  9 10 10 10 10 10 11 11 11 11 12 12 12 12 13              98
MAR  13 13 13 14 14 14 15 15 15 16 16 16 16 17 17 17 18 18 18 19 19 20 20 20 21 21 21 22 22 23 23    176
APR  23 24 24 25 25 26 26 26 27 27 27 28 28 29 29 29 30 30 31 31 31 32 32 33 33 33 34 34 35 35       292
MAY  35 36 36 36 37 37 37 38 38 39 39 39 40 40 40 40 41 41 41 42 42 42 43 43 43 43 44 44 44 44 45    403
JUN  45 45 45 46 46 46 46 47 47 47 47 47 48 48 48 48 49 49 49 49 49 50 50 50 50 51 51 51 51 51       482
JUL  51 52 52 52 52 52 53 53 53 53 53 53 53 54 54 54 54 54 54 54 54 54 54 54 54 54 55 55 55 55 55    535
AUG  55 55 55 55 55 54 54 54 54 54 54 54 54 54 54 54 53 53 53 53 53 53 52 52 52 52 51 51 51 51 50    532
SEP  50 50 49 49 49 49 48 48 48 47 47 47 46 46 46 46 45 45 45 44 44 44 43 43 43 43 42 42 42 41       457
OCT  41 41 40 40 40 39 39 39 39 38 38 38 37 37 37 36 36 36 35 35 35 35 34 34 34 33 33 33 32 32 32    364
NOV  31 31 31 30 30 30 30 29 29 28 28 28 27 27 27 26 26 26 25 25 24 24 24 23 23 22 22 21 21 21       263
DEC  20 20 19 19 18 18 18 17 17 17 16 16 15 15 15 14 14 14 13 13 13 12 12 12 12 11 11 11 11 10 10    146
                                                                                                        
-------------------------------------------------------------------------------------------------       
 Maximum Temperature (deg F [tenths deg F for monthly])                                                 
 DAY  1  2  3  4  5  6  7  8  9 10 11 12 13 14 15 16 17 18 19 20 21 22 23 24 25 26 27 28 29 30 31  MONTH
-------------------------------------------------------------------------------------------------       
JAN  25 25 24 24 24 24 24 24 24 24 24 24 23 23 23 23 23 23 23 24 24 24 24 24 24 24 24 24 24 25 25    239
FEB  25 25 25 25 26 26 26 26 26 27 27 27 27 28 28 28 28 29 29 29 29 29 30 30 30 31 31 31             278
MAR  31 32 32 32 33 33 33 33 34 34 34 35 35 36 36 36 37 37 37 38 38 39 39 39 40 40 41 41 42 42 43    365
APR  43 44 44 45 45 45 46 46 47 48 48 49 49 50 50 51 51 52 52 53 53 54 55 55 56 56 57 57 58 59       506
MAY  59 60 60 61 61 62 63 63 64 64 64 65 65 66 66 67 67 67 68 68 68 69 69 69 69 70 70 70 70 71 71    660
JUN  71 71 71 72 72 72 72 72 72 73 73 73 73 73 73 74 74 74 74 74 75 75 75 75 75 76 76 76 76 76       736
JUL  76 77 77 77 77 77 78 78 78 78 78 78 78 78 78 79 79 79 79 79 79 79 79 79 79 79 79 79 79 79 79    783
AUG  79 79 79 79 78 78 78 78 78 78 78 78 77 77 77 77 77 76 76 76 76 76 75 75 75 74 74 74 74 73 73    765
SEP  73 72 72 72 71 71 71 70 70 69 69 69 68 68 68 67 67 67 66 66 66 65 65 64 64 64 63 63 63 62       675
OCT  62 61 61 61 60 60 59 59 59 58 58 57 57 57 56 56 55 55 54 54 53 53 52 52 51 51 50 50 49 49 48    554
NOV  48 47 47 46 46 45 45 44 44 43 43 42 42 42 41 41 40 40 39 39 38 38 37 37 37 36 36 35 35 34       409
DEC  34 33 33 33 32 32 32 31 31 30 30 30 29 29 29 29 28 28 28 27 27 27 27 26 26 26 26 25 25 25 25    288
                                                                                                        
-------------------------------------------------------------------------------------------------       
 Average Temperature (deg F [tenths deg F for monthly])                                                 
 DAY  1  2  3  4  5  6  7  8  9 10 11 12 13 14 15 16 17 18 19 20 21 22 23 24 25 26 27 28 29 30 31  MONTH
-------------------------------------------------------------------------------------------------       
JAN  17 17 17 17 17 16 16 16 16 16 16 16 16 16 16 16 15 15 15 15 15 16 16 16 16 16 16 16 16 16 16    160
FEB  16 16 17 17 17 17 17 17 18 18 18 18 18 18 19 19 19 19 20 20 20 20 21 21 21 21 22 22             188
MAR  22 22 23 23 23 24 24 24 25 25 25 25 26 26 27 27 27 28 28 28 29 29 29 30 30 31 31 32 32 32 33    271
APR  33 34 34 35 35 36 36 36 37 37 38 38 39 39 40 40 41 41 41 42 42 43 43 44 44 45 45 46 46 47       399
MAY  47 48 48 49 49 50 50 50 51 51 52 52 52 53 53 54 54 54 55 55 55 55 56 56 56 57 57 57 57 58 58    532
JUN  58 58 58 59 59 59 59 59 60 60 60 60 60 61 61 61 61 61 62 62 62 62 62 63 63 63 63 63 64 64       609
JUL  64 64 64 65 65 65 65 65 65 65 66 66 66 66 66 66 66 66 66 66 66 67 67 67 67 67 67 67 67 67 67    659
AUG  67 67 67 67 67 66 66 66 66 66 66 66 66 66 65 65 65 65 65 64 64 64 64 64 63 63 63 63 62 62 62    649
SEP  61 61 61 60 60 60 59 59 59 58 58 58 57 57 57 57 56 56 56 55 55 55 54 54 53 53 53 52 52 52       566
OCT  51 51 51 50 50 50 49 49 49 48 48 47 47 47 46 46 46 45 45 44 44 44 43 43 43 42 42 41 41 41 40    459
NOV  40 39 39 38 38 38 37 37 36 36 36 35 35 34 34 33 33 33 32 32 31 31 30 30 30 29 29 28 28 27       336
DEC  27 27 26 26 25 25 25 24 24 23 23 23 22 22 22 21 21 21 20 20 20 20 19 19 19 19 18 18 18 18 18    217
                                                                                                        
-------------------------------------------------------------------------------------------------       
 Heating Degree Days                                                                                    
 DAY  1  2  3  4  5  6  7  8  9 10 11 12 13 14 15 16 17 18 19 20 21 22 23 24 25 26 27 28 29 30 31  MONTH
-------------------------------------------------------------------------------------------------       
JAN  48 48 48 48 48 49 49 49 49 49 49 49 49 49 49 50 50 50 50 50 50 50 50 49 49 49 49 49 49 49 49   1522
FEB  49 49 48 48 48 48 48 48 47 47 47 47 47 47 46 46 46 46 45 45 45 45 45 44 44 44 43 43            1295
MAR  43 43 42 42 42 41 41 41 41 40 40 40 39 39 39 38 38 37 37 37 36 36 36 35 35 34 34 33 33 33 32   1177
APR  32 31 31 30 30 29 29 29 28 28 27 27 26 26 25 25 24 24 24 23 23 22 22 21 21 20 20 19 19 18       753
MAY  18 18 17 17 16 16 15 15 15 14 14 14 13 13 12 12 12 12 11 11 11 10 10 10  9  9  9  9  9  8  8    387
JUN   8  8  7  7  7  7  7  7  6  6  6  6  6  5  5  5  5  5  5  5  4  4  4  4  4  4  4  4  3  3       161
JUL   3  3  3  3  3  3  3  2  2  2  2  2  2  2  2  2  2  2  2  2  2  2  2  2  2  2  2  2  2  1  1     67
AUG   2  2  2  2  2  2  2  2  2  2  2  2  2  2  2  2  2  3  3  3  3  3  3  3  4  4  4  4  4  4  5     84
SEP   5  5  5  6  6  6  6  7  7  7  7  8  8  8  8  9  9  9  9 10 10 10 11 11 11 12 12 12 13 13       260
OCT  13 14 14 15 15 15 16 16 16 17 17 17 18 18 19 19 19 20 20 21 21 21 22 22 22 23 23 24 24 25 25    591
NOV  25 26 26 27 27 27 28 28 29 29 29 30 30 31 31 32 32 32 33 33 34 34 35 35 35 36 36 37 37 38       942
DEC  38 38 39 39 40 40 40 41 41 42 42 42 43 43 43 44 44 44 45 45 45 45 46 46 46 46 47 47 47 47 48   1343
                                                                                                        
-------------------------------------------------------------------------------------------------       
 Cooling Degree Days                                                                                    
 DAY  1  2  3  4  5  6  7  8  9 10 11 12 13 14 15 16 17 18 19 20 21 22 23 24 25 26 27 28 29 30 31  MONTH
-------------------------------------------------------------------------------------------------       
JAN   0  0  0  0  0  0  0  0  0  0  0  0  0  0  0  0  0  0  0  0  0  0  0  0  0  0  0  0  0  0  0      0
FEB   0  0  0  0  0  0  0  0  0  0  0  0  0  0  0  0  0  0  0  0  0  0  0  0  0  0  0  0               0
MAR   0  0  0  0  0  0  0  0  0  0  0  0  0  0  0  0  0  0  0  0  0  0  0  0  0  0  0  0  0  0  0      0
APR   0  0  0  0  0  0  0  0  0  0  0  0  0  0  0  0  0  0  0  0  0  0  0  0  0  0  0  0  0  0         0
MAY   0  0  0  0  0  0  0  0  0  0  0  1  1  1  1  1  1  1  1  1  1  1  1  1  1  1  1  1  1  1  1     20
JUN   1  1  1  1  1  1  1  1  1  1  1  1  1  1  1  1  1  1  1  1  1  1  2  2  2  2  2  2  2  2        38
JUL   2  2  3  3  3  3  3  3  3  3  3  3  3  3  3  3  3  3  3  3  3  3  3  4  4  4  4  4  3  3  3     96
AUG   3  3  3  3  3  3  3  3  3  3  3  3  3  3  3  3  3  3  3  3  2  2  2  2  2  2  2  2  2  2  1     81
SEP   1  1  1  1  1  1  1  1  0  0  0  0  0  0  0  0  0  0  0  0  0  0  0  0  0  0  0  0  0  0         8
OCT   0  0  0  0  0  0  0  0  0  0  0  0  0  0  0  0  0  0  0  0  0  0  0  0  0  0  0  0  0  0  0      0
NOV   0  0  0  0  0  0  0  0  0  0  0  0  0  0  0  0  0  0  0  0  0  0  0  0  0  0  0  0  0  0         0
DEC   0  0  0  0  0  0  0  0  0  0  0  0  0  0  0  0  0  0  0  0  0  0  0  0  0  0  0  0  0  0  0      0
                                                                                                        
-------------------------------------------------------------------------------------------------       
 Total  Precipitation (Hundreths of an Inch)                                                            
 DAY  1  2  3  4  5  6  7  8  9 10 11 12 13 14 15 16 17 18 19 20 21 22 23 24 25 26 27 28 29 30 31  MONTH
-------------------------------------------------------------------------------------------------       
JAN   7  8  8  8  8  8  8  8  8  8  8  8  8  8  8  8  7  7  7  7  7  7  7  7  7  6  6  6  6  6  5    225
FEB   5  5  5  5  4  4  4  4  4  4  4  4  4  4  4  4  4  4  4  4  4  4  4  4  4  4  4  5             117
MAR   5  5  5  5  5  5  6  6  6  6  6  6  6  6  6  6  6  7  7  7  7  7  7  7  7  7  7  7  7  7  6    193
APR   7  7  7  6  6  6  6  6  6  6  6  6  6  6  6  6  6  6  6  6  6  6  6  7  7  7  7  7  7  7       190
MAY   7  7  7  7  7  7  7  7  7  8  8  8  8  8  8  8  8  8  8  8  9  9  9  9  9  9  9  9  9  9 10    251
JUN  10 10 10 10 10 10 10 10 10 10 10 10 10 11 11 11 11 11 11 11 11 11 11 11 11 11 11 10 10 10       314
JUL  11 11 10 10 10 10 10 10 10 10 10 10 10 10 10 10 10 10 10 10 10 10 10 10 10 10 10 10 10 11 11    314
AUG  10 11 11 11 11 11 11 11 11 11 11 11 11 11 11 11 11 11 11 11 11 11 11 12 12 12 12 12 12 12 12    348
SEP  12 12 12 12 12 12 12 12 12 12 12 12 12 12 12 12 12 12 12 12 12 12 11 11 11 11 11 11 11 11       352
OCT  11 11 11 11 11 11 11 11 11 11 11 11 10 10 10 10 10 10 10 10 10 10 10 10 10 10 10  9  9  9  9    318
NOV   9  9  9  9  9  9  9  9  9  9  9  9  8  8  8  8  8  8  8  8  8  8  8  8  8  8  8  7  7  7       249
DEC   7  7  7  7  7  7  7  7  7  7  7  7  7  7  6  7  7  7  7  7  7  7  7  7  7  7  7  7  7  7  7    216
                                                                                                        
