-------------------------------------------------------------------------------------------------       
 1971-2000 Daily/Monthly Station Normals                                                                
 Provided by National Climatic Data Center/NESDIS/NOAA                                                  
-------------------------------------------------------------------------------------------------       
 Station COOP ID:                           204320                                                      
 Station Name, State, Division, Call:       KENT CITY 2 SW                     MI 08                    
 Latitude, Longitude, Elevation, Elements:  43 11 58 -085 46 18   840   P                               
-------------------------------------------------------------------------------------------------       
 Total  Precipitation (Hundreths of an Inch)                                                            
 DAY  1  2  3  4  5  6  7  8  9 10 11 12 13 14 15 16 17 18 19 20 21 22 23 24 25 26 27 28 29 30 31  MONTH
-------------------------------------------------------------------------------------------------       
JAN   8  8  8  8  8  8  8  8  8  8  8  8  8  8  8  8  8  8  8  8  8  8  7  7  7  7  7  7  7  7  6    238
FEB   6  6  6  6  6  6  6  6  6  5  5  5  5  5  5  5  5  5  5  6  6  6  6  6  6  6  6  6             158
MAR   6  7  7  7  7  7  7  8  8  8  8  8  8  8  8  9  9  9  9  9  9  9  9  9 10 10 10 10 10 10 10    263
APR  10 10 10 10 10 10 10 10 11 11 11 11 11 11 11 11 11 11 11 11 11 11 11 11 11 11 11 11 11 11       322
MAY  11 11 11 11 11 11 11 11 11 11 11 11 11 11 11 11 11 11 11 11 11 11 11 11 12 12 12 12 12 12 12    348
JUN  12 12 12 12 12 12 12 12 12 12 12 12 12 12 12 11 11 11 11 11 11 11 11 11 11 11 10 10 10 10       341
JUL  10 10 10 10  9  9  9  9  9  9  9  9  9  9  9  9  9  9  9  9  9 10 10 10 10 10 10 11 11 11 11    297
AUG  12 12 12 12 13 13 13 13 13 13 14 14 14 14 14 14 14 14 14 14 15 15 15 15 15 15 15 14 14 14 14    427
SEP  14 14 14 14 14 14 14 14 14 13 13 13 13 13 13 13 13 13 12 12 12 12 12 12 12 12 11 11 11 11       383
OCT  11 11 10 10 10 10 10 10 10 10 10 10 10 10 10 10 10 10 10 10 10 10 10 10 10 10 10 10 10 10 10    312
NOV  11 11 11 11 11 11 11 11 12 12 12 12 12 12 12 12 12 12 11 11 11 11 11 11 11 11 11 11 10 10       338
DEC  10 10 10 10 10  9  9  9  9  9  9  9  9  9  9  8  8  8  8  8  8  8  8  8  8  8  8  8  8  8  8    268
                                                                                                        
