-------------------------------------------------------------------------------------------------       
 1971-2000 Daily/Monthly Station Normals                                                                
 Provided by National Climatic Data Center/NESDIS/NOAA                                                  
-------------------------------------------------------------------------------------------------       
 Station COOP ID:                           202423                                                      
 Station Name, State, Division, Call:       EAST TAWAS                         MI 04                    
 Latitude, Longitude, Elevation, Elements:  44 17 05 -083 30 11   586 XNP                               
-------------------------------------------------------------------------------------------------       
 Minimum Temperature (deg F [tenths deg F for monthly])                                                 
 DAY  1  2  3  4  5  6  7  8  9 10 11 12 13 14 15 16 17 18 19 20 21 22 23 24 25 26 27 28 29 30 31  MONTH
-------------------------------------------------------------------------------------------------       
JAN  16 15 15 15 15 14 14 14 14 14 14 13 13 13 13 13 13 13 13 13 12 12 12 12 12 12 12 12 12 12 12    132
FEB  12 12 12 12 12 12 13 13 13 13 13 13 13 13 14 14 14 14 14 15 15 15 16 16 16 16 17 17             139
MAR  17 18 18 18 19 19 20 20 20 21 21 21 22 22 22 23 23 23 24 24 24 25 25 26 26 26 27 27 27 28 28    227
APR  29 29 29 30 30 30 31 31 31 32 32 32 33 33 33 34 34 35 35 35 36 36 36 37 37 37 37 38 38 38       336
MAY  39 39 39 40 40 40 41 41 41 42 42 42 43 43 43 43 44 44 44 45 45 45 46 46 46 47 47 47 48 48 48    435
JUN  49 49 49 49 50 50 50 51 51 51 51 52 52 52 53 53 53 53 54 54 54 54 54 55 55 55 55 55 56 56       525
JUL  56 56 56 57 57 57 57 57 57 57 57 58 58 58 58 58 58 58 58 58 58 58 58 59 59 59 59 59 59 59 59    578
AUG  59 59 59 59 59 58 58 58 58 58 58 58 58 58 58 58 57 57 57 57 57 57 56 56 56 56 55 55 55 55 54    572
SEP  54 54 54 53 53 53 53 52 52 52 51 51 51 50 50 50 50 49 49 49 48 48 48 47 47 47 46 46 45 45       499
OCT  45 44 44 44 43 43 43 42 42 42 41 41 41 40 40 40 40 39 39 39 38 38 38 38 37 37 37 37 36 36 36    400
NOV  36 35 35 35 34 34 34 34 33 33 33 32 32 32 31 31 31 31 30 30 29 29 29 28 28 28 27 27 26 26       311
DEC  26 25 25 24 24 24 23 23 22 22 22 21 21 21 20 20 20 19 19 19 19 18 18 18 17 17 17 17 16 16 16    203
                                                                                                        
-------------------------------------------------------------------------------------------------       
 Maximum Temperature (deg F [tenths deg F for monthly])                                                 
 DAY  1  2  3  4  5  6  7  8  9 10 11 12 13 14 15 16 17 18 19 20 21 22 23 24 25 26 27 28 29 30 31  MONTH
-------------------------------------------------------------------------------------------------       
JAN  30 30 30 30 29 29 29 29 29 29 29 29 29 29 29 29 28 28 28 28 28 28 28 28 28 28 29 29 29 29 29    288
FEB  29 29 29 29 29 29 29 30 30 30 30 30 30 31 31 31 31 31 32 32 32 33 33 33 33 34 34 34             310
MAR  35 35 35 36 36 36 37 37 38 38 38 39 39 39 40 40 40 41 41 42 42 42 43 43 43 44 44 44 45 45 46    401
APR  46 46 47 47 48 48 48 49 49 50 50 51 51 51 52 52 53 53 54 54 55 55 56 56 56 57 58 58 58 59       522
MAY  59 60 60 61 61 62 62 63 63 64 64 65 65 65 66 66 67 67 67 68 68 68 69 69 69 70 70 70 70 71 71    658
JUN  71 71 72 72 72 72 73 73 73 73 74 74 74 74 75 75 75 75 76 76 76 76 77 77 77 77 77 78 78 78       747
JUL  78 79 79 79 79 79 80 80 80 80 80 80 80 80 80 80 80 80 81 81 81 81 81 80 80 80 80 80 80 80 80    799
AUG  80 80 79 79 79 79 79 79 79 78 78 78 78 78 78 78 77 77 77 77 77 76 76 76 76 76 75 75 75 75 75    774
SEP  74 74 74 74 74 73 73 73 72 72 72 72 71 71 71 70 70 70 69 69 69 68 68 67 67 67 66 66 65 65       702
OCT  64 64 64 63 63 62 62 61 61 60 60 60 59 59 58 58 57 57 56 56 56 55 55 54 54 53 53 53 52 52 51    578
NOV  51 50 50 49 49 49 48 48 47 47 46 46 46 45 45 44 44 44 43 43 42 42 41 41 41 40 40 39 39 39       446
DEC  38 38 38 37 37 37 36 36 36 35 35 35 34 34 34 33 33 33 33 32 32 32 32 31 31 31 31 31 30 30 30    337
                                                                                                        
-------------------------------------------------------------------------------------------------       
 Average Temperature (deg F [tenths deg F for monthly])                                                 
 DAY  1  2  3  4  5  6  7  8  9 10 11 12 13 14 15 16 17 18 19 20 21 22 23 24 25 26 27 28 29 30 31  MONTH
-------------------------------------------------------------------------------------------------       
JAN  23 23 22 22 22 22 22 22 21 21 21 21 21 21 21 21 21 21 21 21 20 20 20 20 20 20 20 20 20 20 21    210
FEB  20 21 21 21 21 21 21 21 21 21 22 22 22 22 22 22 23 23 23 23 24 24 24 24 25 25 25 26             225
MAR  26 26 27 27 27 28 28 29 29 29 30 30 30 31 31 31 32 32 32 33 33 34 34 34 35 35 35 36 36 36 37    314
APR  37 38 38 38 39 39 40 40 40 41 41 41 42 42 43 43 43 44 44 45 45 45 46 46 47 47 48 48 48 49       429
MAY  49 50 50 50 51 51 52 52 52 53 53 53 54 54 55 55 55 56 56 56 57 57 57 57 58 58 58 59 59 59 60    547
JUN  60 60 60 61 61 61 61 62 62 62 63 63 63 63 64 64 64 64 65 65 65 65 65 66 66 66 66 67 67 67       636
JUL  67 67 68 68 68 68 68 68 69 69 69 69 69 69 69 69 69 69 69 69 70 70 70 70 70 70 70 69 69 69 69    689
AUG  69 69 69 69 69 69 69 69 68 68 68 68 68 68 68 68 67 67 67 67 67 66 66 66 66 66 65 65 65 65 65    673
SEP  64 64 64 64 63 63 63 63 62 62 62 61 61 61 61 60 60 60 59 59 58 58 58 57 57 57 56 56 55 55       601
OCT  55 54 54 53 53 53 52 52 51 51 51 50 50 50 49 49 48 48 48 47 47 47 46 46 46 45 45 45 44 44 43    489
NOV  43 43 42 42 42 41 41 41 40 40 40 39 39 39 38 38 37 37 37 36 36 36 35 35 34 34 34 33 33 32       379
DEC  32 32 31 31 30 30 30 29 29 29 28 28 28 27 27 27 26 26 26 26 25 25 25 25 24 24 24 24 23 23 23    270
                                                                                                        
-------------------------------------------------------------------------------------------------       
 Heating Degree Days                                                                                    
 DAY  1  2  3  4  5  6  7  8  9 10 11 12 13 14 15 16 17 18 19 20 21 22 23 24 25 26 27 28 29 30 31  MONTH
-------------------------------------------------------------------------------------------------       
JAN  42 42 43 43 43 43 43 43 44 44 44 44 44 44 44 44 44 44 44 44 45 45 45 45 45 45 45 45 45 45 44   1364
FEB  45 44 44 44 44 44 44 44 44 44 43 43 43 43 43 43 42 42 42 42 41 41 41 41 40 40 40 39            1190
MAR  39 39 38 38 38 37 37 37 36 36 35 35 35 34 34 34 33 33 33 32 32 31 31 31 30 30 30 29 29 28 28   1042
APR  28 27 27 27 26 26 25 25 25 24 24 24 23 23 22 22 22 21 21 20 20 20 19 19 18 18 18 17 17 16       664
MAY  16 16 15 15 14 14 14 13 13 13 12 12 12 11 11 11 10 10 10  9  9  9  9  8  8  8  8  7  7  7  7    338
JUN   6  6  6  6  5  5  5  5  5  4  4  4  4  4  4  3  3  3  3  3  3  3  2  2  2  2  2  2  2  2       110
JUL   1  1  1  1  1  1  1  1  1  1  1  1  1  1  1  1  1  0  0  0  0  0  0  0  0  1  1  1  1  1  1     23
AUG   1  1  1  1  1  1  1  1  1  1  1  1  1  1  2  2  2  2  2  2  2  2  2  2  2  2  2  2  2  3  3     50
SEP   3  3  3  3  3  3  3  4  4  4  4  4  4  5  5  5  5  6  6  6  7  7  7  8  8  8  9  9  9 10       165
OCT  10 11 11 11 12 12 13 13 14 14 14 15 15 15 16 16 17 17 17 18 18 18 19 19 19 20 20 21 21 21 22    499
NOV  22 22 23 23 23 24 24 24 25 25 25 26 26 26 27 27 28 28 28 29 29 30 30 30 31 31 31 32 32 33       814
DEC  33 33 34 34 35 35 35 36 36 36 37 37 37 38 38 38 39 39 39 39 40 40 40 41 41 41 41 41 42 42 42   1179
                                                                                                        
-------------------------------------------------------------------------------------------------       
 Cooling Degree Days                                                                                    
 DAY  1  2  3  4  5  6  7  8  9 10 11 12 13 14 15 16 17 18 19 20 21 22 23 24 25 26 27 28 29 30 31  MONTH
-------------------------------------------------------------------------------------------------       
JAN   0  0  0  0  0  0  0  0  0  0  0  0  0  0  0  0  0  0  0  0  0  0  0  0  0  0  0  0  0  0  0      0
FEB   0  0  0  0  0  0  0  0  0  0  0  0  0  0  0  0  0  0  0  0  0  0  0  0  0  0  0  0               0
MAR   0  0  0  0  0  0  0  0  0  0  0  0  0  0  0  0  0  0  0  0  0  0  0  0  0  0  0  0  0  0  0      0
APR   0  0  0  0  0  0  0  0  0  0  0  0  0  0  0  0  0  0  0  0  0  0  0  0  0  0  0  0  0  0         0
MAY   0  0  0  0  0  0  0  0  0  0  0  0  0  0  0  1  1  1  1  1  1  1  1  1  1  1  1  1  1  1  1     16
JUN   1  1  1  1  1  2  2  2  2  2  2  2  2  2  2  2  2  2  3  3  3  3  3  3  3  3  3  3  3  4        68
JUL   4  4  4  4  4  4  4  4  4  4  4  4  4  4  5  5  5  5  5  5  5  5  5  5  5  5  5  5  5  5  5    141
AUG   5  5  5  5  5  5  5  5  5  5  4  4  4  4  4  4  4  4  4  4  4  3  3  3  3  3  3  3  2  2  2    121
SEP   2  2  2  2  1  1  1  1  1  1  1  1  0  0  0  0  0  0  0  0  0  0  0  0  0  0  0  0  0  0        16
OCT   0  0  0  0  0  0  0  0  0  0  0  0  0  0  0  0  0  0  0  0  0  0  0  0  0  0  0  0  0  0  0      0
NOV   0  0  0  0  0  0  0  0  0  0  0  0  0  0  0  0  0  0  0  0  0  0  0  0  0  0  0  0  0  0         0
DEC   0  0  0  0  0  0  0  0  0  0  0  0  0  0  0  0  0  0  0  0  0  0  0  0  0  0  0  0  0  0  0      0
                                                                                                        
-------------------------------------------------------------------------------------------------       
 Total  Precipitation (Hundreths of an Inch)                                                            
 DAY  1  2  3  4  5  6  7  8  9 10 11 12 13 14 15 16 17 18 19 20 21 22 23 24 25 26 27 28 29 30 31  MONTH
-------------------------------------------------------------------------------------------------       
JAN   6  6  7  7  7  7  7  7  7  7  7  7  7  7  7  7  6  6  6  6  6  6  6  6  6  6  6  6  6  5  5    198
FEB   5  5  5  5  5  5  5  5  5  5  5  5  4  4  4  4  5  5  5  5  5  5  5  5  5  5  5  5             136
MAR   5  6  6  6  6  6  6  6  6  6  6  7  7  7  7  7  7  7  7  7  7  7  8  8  8  8  8  8  8  8  8    214
APR   8  8  8  8  8  9  9  9  9  9  9  9  9  9  9  9  9  9  9  9  9  9  9  9  9  9  9  9  9  9       265
MAY   9  9  9  9  9  9  9  8  9  9  9  9  9  9  9  9  9  9  9  9  9  9  9  9  9  9  9 10 10 10 10    282
JUN  10 10 10 11 11 11 11 11 11 11 11 11 11 11 11 11 11 11 11 11 11 11 11 11 11 10 10 10 10 10       322
JUL  10 10 10  9  9  9  9  9  9  9  9  9  9  9  9  9  9  9  9  9  9  9  9  9  9  9  9  9  9 10 10    284
AUG  10 10 10 10 10 10 11 11 11 11 11 11 11 11 11 11 11 12 12 12 12 12 12 12 12 12 12 12 12 12 13    350
SEP  12 13 13 13 13 13 13 13 13 13 13 12 12 12 12 12 12 12 12 12 12 12 11 11 11 11 11 10 10 10       359
OCT  10 10  9  9  9  9  9  9  8  8  8  8  8  8  8  8  8  8  7  7  7  7  7  7  7  8  8  8  8  8  8    251
NOV   8  8  8  8  8  8  8  8  8  8  9  9  9  9  9  9  9  9  8  8  8  8  8  8  8  8  8  8  8  8       248
DEC   8  8  7  7  7  7  7  7  7  7  7  7  7  7  7  7  6  6  6  6  6  6  6  6  6  6  6  6  6  7  7    206
                                                                                                        
