-------------------------------------------------------------------------------------------------       
 1971-2000 Daily/Monthly Station Normals                                                                
 Provided by National Climatic Data Center/NESDIS/NOAA                                                  
-------------------------------------------------------------------------------------------------       
 Station COOP ID:                           203947                                                      
 Station Name, State, Division, Call:       HOWELL WWTP                        MI 10                    
 Latitude, Longitude, Elevation, Elements:  42 35 39 -083 55 58   917   P                               
-------------------------------------------------------------------------------------------------       
 Total  Precipitation (Hundreths of an Inch)                                                            
 DAY  1  2  3  4  5  6  7  8  9 10 11 12 13 14 15 16 17 18 19 20 21 22 23 24 25 26 27 28 29 30 31  MONTH
-------------------------------------------------------------------------------------------------       
JAN   6  6  6  6  6  6  6  6  6  6  6  6  5  5  5  5  5  5  5  5  5  5  5  5  5  5  5  5  5  5  5    167
FEB   5  5  5  5  5  5  5  5  5  5  5  5  5  5  5  5  5  5  5  5  5  5  5  5  5  5  6  6             142
MAR   6  6  6  6  6  6  6  6  6  7  7  7  7  7  7  7  7  7  7  8  8  8  8  8  8  8  8  8  8  9  9    222
APR   9  9  9  9  9  9  9  9  9 10 10 10 10 10 10 10 10 10 10 10 10 10 10  9  9  9  9  9  9  9       284
MAY   9  9  9  9  9  9  9  8  8  8  8  8  8  8  8  8  8  8  8  9  9  9  9  9  9  9  9  9  9 10 10    269
JUN  10 10 10 10 10 10 11 11 11 11 11 11 11 11 11 11 11 11 11 11 11 11 11 11 11 10 10 10 10 10       319
JUL  10 10  9  9  9  9  9  9  9  9  9  9  9  9  9  9  8  8  8  8  9  9  9  9  9  9  9  9  9  9  9    277
AUG   9  9 10 10 10 10 10 10 10 10 10 10 11 11 11 11 11 11 11 11 11 11 12 12 12 12 12 12 12 12 12    336
SEP  12 12 12 13 13 13 13 13 13 13 13 13 13 12 12 12 12 12 12 12 12 12 11 11 11 11 11 10 10 10       359
OCT  10 10  9  9  9  9  9  8  8  8  8  8  8  8  8  8  8  7  7  7  7  7  7  7  8  8  8  8  8  8  8    250
NOV   8  8  8  8  8  9  9  9  9  9  9  9  9  9  9  9  9  9  9  9  9  9  9  9  9  9  8  8  8  8       261
DEC   8  8  8  8  8  7  7  7  7  7  7  7  7  7  7  7  6  6  6  6  6  6  6  6  6  6  6  6  6  6  6    207
                                                                                                        
