-------------------------------------------------------------------------------------------------       
 1971-2000 Daily/Monthly Station Normals                                                                
 Provided by National Climatic Data Center/NESDIS/NOAA                                                  
-------------------------------------------------------------------------------------------------       
 Station COOP ID:                           207812                                                      
 Station Name, State, Division, Call:       STAMBAUGH 2 SSE                    MI 01                    
 Latitude, Longitude, Elevation, Elements:  46 03 00 -088 37 00  1560 XNP                               
-------------------------------------------------------------------------------------------------       
 Minimum Temperature (deg F [tenths deg F for monthly])                                                 
 DAY  1  2  3  4  5  6  7  8  9 10 11 12 13 14 15 16 17 18 19 20 21 22 23 24 25 26 27 28 29 30 31  MONTH
-------------------------------------------------------------------------------------------------       
JAN  -1 -2 -2 -2 -2 -3 -3 -3 -3 -3 -4 -4 -4 -4 -4 -4 -4 -4 -4 -4 -5 -5 -5 -5 -5 -5 -5 -4 -4 -4 -4    -37
FEB  -4 -4 -4 -4 -4 -3 -3 -3 -3 -3 -2 -2 -2 -2 -1 -1 -1 -1  0  0  1  1  1  2  2  3  3  3             -11
MAR   4  4  5  5  6  6  7  7  8  8  8  9  9 10 10 11 11 12 12 13 13 14 14 15 15 16 16 17 17 18 18    109
APR  19 19 20 20 20 21 21 22 22 23 23 24 24 25 25 26 26 26 27 27 28 28 29 29 29 30 30 31 31 31       252
MAY  32 32 33 33 33 34 34 34 35 35 35 36 36 37 37 37 38 38 38 39 39 39 40 40 40 41 41 41 42 42 42    372
JUN  43 43 43 43 44 44 44 45 45 45 45 46 46 46 46 47 47 47 47 47 48 48 48 48 49 49 49 49 49 49       463
JUL  50 50 50 50 50 50 51 51 51 51 51 51 51 51 51 51 51 51 51 51 51 52 52 52 51 51 51 51 51 51 51    509
AUG  51 51 51 51 51 51 51 50 50 50 50 50 50 49 49 49 49 49 48 48 48 48 47 47 47 47 46 46 46 45 45    487
SEP  45 44 44 44 43 43 43 42 42 42 42 41 41 41 40 40 40 39 39 39 38 38 38 37 37 37 36 36 36 36       401
OCT  35 35 34 34 34 34 33 33 33 32 32 32 32 31 31 31 30 30 30 29 29 29 28 28 28 27 27 27 26 26 26    305
NOV  25 25 24 24 24 23 23 23 22 22 21 21 20 20 20 19 19 18 18 17 17 16 16 15 15 14 14 13 13 12       191
DEC  12 11 11 10 10  9  9  8  8  7  7  6  6  5  5  4  4  4  3  3  3  2  2  1  1  1  0  0  0 -1 -1     48
                                                                                                        
-------------------------------------------------------------------------------------------------       
 Maximum Temperature (deg F [tenths deg F for monthly])                                                 
 DAY  1  2  3  4  5  6  7  8  9 10 11 12 13 14 15 16 17 18 19 20 21 22 23 24 25 26 27 28 29 30 31  MONTH
-------------------------------------------------------------------------------------------------       
JAN  20 20 20 20 20 20 19 19 19 19 19 19 19 19 19 19 19 19 20 20 20 20 20 20 20 20 21 21 21 21 22    198
FEB  22 22 22 22 23 23 23 24 24 24 24 25 25 25 26 26 26 26 27 27 27 28 28 28 29 29 29 30             255
MAR  30 30 31 31 31 32 32 32 33 33 34 34 34 35 35 35 36 36 37 37 38 38 39 39 39 40 40 41 41 42 42    357
APR  43 43 44 44 45 45 46 46 47 47 48 48 49 49 50 50 51 51 52 53 53 54 54 55 55 56 56 57 57 58       502
MAY  58 59 59 60 60 61 61 62 62 63 63 63 64 64 65 65 65 66 66 66 67 67 67 68 68 68 69 69 69 69 70    646
JUN  70 70 70 70 71 71 71 71 71 72 72 72 72 73 73 73 73 73 73 74 74 74 74 74 75 75 75 75 75 75       727
JUL  76 76 76 76 76 76 77 77 77 77 77 77 77 77 77 77 77 77 77 77 77 78 78 78 77 77 77 77 77 77 77    769
AUG  77 77 77 77 77 76 76 76 76 76 76 76 75 75 75 75 75 74 74 74 74 73 73 73 72 72 72 71 71 71 70    744
SEP  70 70 69 69 68 68 68 67 67 67 66 66 66 65 65 64 64 64 63 63 63 62 62 62 61 61 61 60 60 60       647
OCT  59 59 59 58 58 58 57 57 57 56 56 55 55 55 54 54 53 53 52 52 51 51 50 50 49 48 48 47 47 46 45    532
NOV  45 44 44 43 42 42 41 41 40 39 39 38 38 37 37 36 36 35 35 34 34 33 33 32 32 31 31 30 30 29       367
DEC  29 29 28 28 28 27 27 26 26 26 25 25 25 24 24 24 24 23 23 23 22 22 22 22 21 21 21 21 21 20 20    241
                                                                                                        
-------------------------------------------------------------------------------------------------       
 Average Temperature (deg F [tenths deg F for monthly])                                                 
 DAY  1  2  3  4  5  6  7  8  9 10 11 12 13 14 15 16 17 18 19 20 21 22 23 24 25 26 27 28 29 30 31  MONTH
-------------------------------------------------------------------------------------------------       
JAN   9  9  9  9  9  8  8  8  8  8  8  8  8  8  8  8  7  7  8  8  8  8  8  8  8  8  8  8  8  8  9     81
FEB   9  9  9  9 10 10 10 10 11 11 11 11 12 12 12 12 13 13 13 14 14 14 15 15 15 16 16 16             122
MAR  17 17 18 18 18 19 19 20 20 21 21 21 22 22 23 23 24 24 25 25 25 26 26 27 27 28 28 29 29 30 30    233
APR  31 31 32 32 33 33 34 34 35 35 36 36 36 37 37 38 38 39 39 40 40 41 41 42 42 43 43 44 44 45       377
MAY  45 45 46 46 47 47 48 48 48 49 49 50 50 50 51 51 52 52 52 53 53 53 54 54 54 54 55 55 55 56 56    509
JUN  56 56 57 57 57 57 58 58 58 58 59 59 59 59 60 60 60 60 60 61 61 61 61 61 62 62 62 62 62 62       595
JUL  63 63 63 63 63 63 64 64 64 64 64 64 64 64 64 64 64 64 64 64 64 65 65 65 64 64 64 64 64 64 64    639
AUG  64 64 64 64 64 64 63 63 63 63 63 63 63 62 62 62 62 62 61 61 61 61 60 60 60 59 59 59 58 58 58    616
SEP  57 57 57 56 56 56 55 55 55 54 54 53 53 53 52 52 52 51 51 51 51 50 50 50 49 49 49 48 48 48       524
OCT  47 47 47 46 46 46 45 45 45 44 44 44 43 43 43 42 42 41 41 41 40 40 39 39 38 38 37 37 36 36 36    419
NOV  35 34 34 33 33 32 32 32 31 31 30 30 29 29 28 28 27 27 26 26 25 25 24 24 23 23 22 22 21 21       279
DEC  20 20 19 19 19 18 18 17 17 16 16 16 15 15 15 14 14 13 13 13 13 12 12 12 11 11 11 10 10 10 10    145
                                                                                                        
-------------------------------------------------------------------------------------------------       
 Heating Degree Days                                                                                    
 DAY  1  2  3  4  5  6  7  8  9 10 11 12 13 14 15 16 17 18 19 20 21 22 23 24 25 26 27 28 29 30 31  MONTH
-------------------------------------------------------------------------------------------------       
JAN  56 56 56 56 56 57 57 57 57 57 57 57 57 57 57 58 58 58 58 58 58 57 57 57 57 57 57 57 57 57 56   1767
FEB  56 56 56 56 56 55 55 55 55 54 54 54 54 53 53 53 52 52 52 51 51 51 50 50 50 49 49 49            1481
MAR  48 48 47 47 47 46 46 45 45 44 44 44 43 43 42 42 41 41 41 40 40 39 39 38 38 37 37 36 36 35 35   1294
APR  34 34 33 33 32 32 31 31 30 30 29 29 28 28 27 27 27 26 26 25 25 24 24 23 23 22 22 22 21 21       819
MAY  20 20 19 19 19 18 18 17 17 17 16 16 15 15 15 14 14 14 13 13 13 12 12 12 11 11 11 10 10 10 10    451
JUN   9  9  9  9  8  8  8  8  7  7  7  7  7  6  6  6  6  6  5  5  5  5  5  5  5  5  4  4  4  4       189
JUL   4  4  4  4  4  4  4  4  4  3  3  3  3  3  3  3  3  3  3  3  3  3  3  3  3  3  3  3  3  3  3    102
AUG   3  3  3  3  3  3  3  4  4  4  4  4  4  4  4  4  5  5  5  5  5  6  6  6  6  7  7  7  7  8  8    150
SEP   8  8  9  9  9 10 10 10 11 11 11 11 12 12 12 13 13 13 14 14 14 15 15 15 16 16 16 17 17 17       378
OCT  17 18 18 18 19 19 20 20 20 21 21 21 22 22 23 23 23 24 24 25 25 25 26 26 27 27 28 28 29 29 30    718
NOV  30 31 31 32 32 33 33 33 34 34 35 35 36 36 37 37 38 38 39 39 40 40 41 41 42 42 43 43 44 44      1113
DEC  45 45 45 46 46 47 47 48 48 49 49 49 50 50 50 51 51 52 52 52 53 53 53 53 54 54 54 55 55 55 55   1566
                                                                                                        
-------------------------------------------------------------------------------------------------       
 Cooling Degree Days                                                                                    
 DAY  1  2  3  4  5  6  7  8  9 10 11 12 13 14 15 16 17 18 19 20 21 22 23 24 25 26 27 28 29 30 31  MONTH
-------------------------------------------------------------------------------------------------       
JAN   0  0  0  0  0  0  0  0  0  0  0  0  0  0  0  0  0  0  0  0  0  0  0  0  0  0  0  0  0  0  0      0
FEB   0  0  0  0  0  0  0  0  0  0  0  0  0  0  0  0  0  0  0  0  0  0  0  0  0  0  0  0               0
MAR   0  0  0  0  0  0  0  0  0  0  0  0  0  0  0  0  0  0  0  0  0  0  0  0  0  0  0  0  0  0  0      0
APR   0  0  0  0  0  0  0  0  0  0  0  0  0  0  0  0  0  0  0  0  0  0  0  0  0  0  0  0  0  0         0
MAY   0  0  0  0  0  0  0  0  0  0  0  0  0  0  0  0  0  0-99-99-99-99-99-99-99-99-99-99-99-99-99     13
JUN   0  0  0  0  0  0  0  1  1  1  1  1  1  1  1  1  1  1  1  1  1  1  1  1  1  1  1  1  1  2        24
JUL   2  2  2  2  2  2  2  2  2  2  2  2  2  2  2  2  2  2  3  3  3  3  3  2  2  2  2  2  2  2  2     67
AUG   2  2  2  2  2  2  2  2  2  2  2  2  1  1  1  1  1  1  1  1  1  1  1  1  1  1  1  1  1  1  1     43
SEP   1  0  0  0  0  0  0  0  0  0  0  0  0  0  0  0  0  0  0  0  0  0  0  0  0  0  0  0  0  0         1
OCT   0  0  0  0  0  0  0  0  0  0  0  0  0  0  0  0  0  0  0  0  0  0  0  0  0  0  0  0  0  0  0      0
NOV   0  0  0  0  0  0  0  0  0  0  0  0  0  0  0  0  0  0  0  0  0  0  0  0  0  0  0  0  0  0         0
DEC   0  0  0  0  0  0  0  0  0  0  0  0  0  0  0  0  0  0  0  0  0  0  0  0  0  0  0  0  0  0  0      0
                                                                                                        
-------------------------------------------------------------------------------------------------       
 Total  Precipitation (Hundreths of an Inch)                                                            
 DAY  1  2  3  4  5  6  7  8  9 10 11 12 13 14 15 16 17 18 19 20 21 22 23 24 25 26 27 28 29 30 31  MONTH
-------------------------------------------------------------------------------------------------       
JAN   4  4  4  4  4  4  4  4  4  4  4  4  4  4  4  4  4  4  3  3  3  3  3  3  3  3  3  3  3  3  3    111
FEB   3  3  3  3  3  3  3  3  3  2  3  3  3  3  3  3  3  3  3  3  3  3  3  3  3  3  4  4              85
MAR   4  4  4  4  5  5  5  5  5  5  5  5  5  6  6  6  6  6  6  6  6  6  6  6  6  6  6  6  6  6  6    169
APR   6  6  6  7  7  7  7  7  7  7  7  7  7  7  7  7  7  7  7  7  8  8  8  8  8  8  8  8  8  8       217
MAY   9  9  9  9  9  9  9  9  9 10 10 10 10 10 10 10 10 10 10 11 11 11 11 11 11 11 11 11 11 11 12    314
JUN  12 12 12 12 12 12 12 12 12 12 12 12 12 12 12 12 13 13 13 13 13 13 13 13 13 13 13 13 13 13       374
JUL  13 13 13 13 13 13 13 13 13 13 13 13 13 13 13 13 13 13 13 13 13 13 13 13 13 13 12 12 12 12 12    398
AUG  12 12 12 12 12 12 12 12 12 12 12 12 12 12 12 12 12 12 12 12 12 12 12 12 13 13 13 13 13 13 13    379
SEP  13 13 13 13 13 13 13 13 13 13 13 13 13 13 13 13 13 13 13 13 12 12 12 12 12 12 12 12 11 11       378
OCT  11 11 11 10 10 10 10 10 10  9  9  9  9  9  9  9  9  8  8  8  8  8  8  8  8  8  8  8  8  8  8    277
NOV   8  8  8  8  8  8  7  7  7  7  7  7  7  7  7  7  7  7  7  7  7  6  6  6  6  6  6  6  6  5       206
DEC   5  5  5  5  5  5  5  4  4  4  4  4  4  4  4  4  4  4  4  4  4  4  4  4  4  4  3  3  4  4  4    129
                                                                                                        
