-------------------------------------------------------------------------------------------------       
 1971-2000 Daily/Monthly Station Normals                                                                
 Provided by National Climatic Data Center/NESDIS/NOAA                                                  
-------------------------------------------------------------------------------------------------       
 Station COOP ID:                           202094                                                      
 Station Name, State, Division, Call:       DETOUR VILLAGE                     MI 02                    
 Latitude, Longitude, Elevation, Elements:  45 59 54 -083 54 05   595 XNP                               
-------------------------------------------------------------------------------------------------       
 Minimum Temperature (deg F [tenths deg F for monthly])                                                 
 DAY  1  2  3  4  5  6  7  8  9 10 11 12 13 14 15 16 17 18 19 20 21 22 23 24 25 26 27 28 29 30 31  MONTH
-------------------------------------------------------------------------------------------------       
JAN  10 10 10  9  9  9  8  8  8  8  7  7  7  7  7  6  6  6  6  6  6  6  5  5  5  5  5  5  5  5  5     68
FEB   5  5  5  5  5  5  5  5  6  6  6  6  6  6  7  7  7  7  7  8  8  8  8  9  9  9 10 10              68
MAR  10 11 11 11 12 12 13 13 13 14 14 15 15 15 16 16 17 17 17 18 18 19 19 20 20 20 21 21 22 22 23    163
APR  23 24 24 25 25 26 26 26 27 27 28 28 29 29 30 30 30 31 31 32 32 32 33 33 34 34 34 35 35 35       296
MAY  36 36 36 37 37 37 38 38 39 39 39 40 40 40 41 41 41 42 42 42 42 43 43 43 44 44 44 45 45 45 46    408
JUN  46 46 47 47 47 47 48 48 48 49 49 49 50 50 50 50 51 51 51 51 52 52 52 52 53 53 53 53 54 54       501
JUL  54 54 55 55 55 55 55 56 56 56 56 56 56 57 57 57 57 57 57 57 57 58 58 58 58 58 58 58 58 58 58    566
AUG  58 58 58 58 58 58 58 58 58 58 57 57 57 57 57 57 57 57 57 56 56 56 56 56 55 55 55 55 54 54 54    566
SEP  54 53 53 53 52 52 52 52 51 51 51 50 50 50 49 49 49 48 48 48 47 47 46 46 46 45 45 45 44 44       490
OCT  43 43 43 42 42 41 41 41 40 40 40 39 39 39 38 38 38 37 37 37 36 36 36 35 35 35 35 34 34 34 33    381
NOV  33 33 33 32 32 32 32 31 31 31 30 30 30 29 29 29 28 28 28 27 27 26 26 26 25 25 24 24 24 23       286
DEC  23 22 22 21 21 20 20 20 19 19 18 18 17 17 17 16 16 15 15 15 14 14 14 13 13 12 12 12 11 11 11    164
                                                                                                        
-------------------------------------------------------------------------------------------------       
 Maximum Temperature (deg F [tenths deg F for monthly])                                                 
 DAY  1  2  3  4  5  6  7  8  9 10 11 12 13 14 15 16 17 18 19 20 21 22 23 24 25 26 27 28 29 30 31  MONTH
-------------------------------------------------------------------------------------------------       
JAN  26 26 25 25 25 25 24 24 24 24 24 24 24 24 23 23 23 23 23 23 23 23 23 23 23 23 23 23 23 23 23    237
FEB  23 24 24 24 24 24 24 24 24 25 25 25 25 25 26 26 26 26 26 27 27 27 27 28 28 28 29 29             257
MAR  29 29 30 30 30 31 31 31 32 32 32 33 33 33 34 34 34 35 35 36 36 36 37 37 37 38 38 39 39 39 40    342
APR  40 41 41 41 42 42 43 43 43 44 44 45 45 46 46 46 47 47 48 48 49 49 50 50 51 51 52 52 53 53       464
MAY  54 54 55 55 56 56 56 57 57 58 58 59 59 59 60 60 61 61 61 62 62 63 63 63 64 64 64 64 65 65 65    600
JUN  66 66 66 66 67 67 67 67 68 68 68 69 69 69 69 70 70 70 70 71 71 71 71 72 72 72 72 72 73 73       694
JUL  73 73 74 74 74 74 74 74 75 75 75 75 75 75 75 76 76 76 76 76 76 76 76 76 76 76 76 76 76 76 76    752
AUG  76 76 76 76 76 76 75 75 75 75 75 75 75 75 74 74 74 74 74 73 73 73 73 72 72 72 71 71 71 71 70    738
SEP  70 70 69 69 68 68 68 67 67 67 66 66 66 65 65 64 64 64 63 63 63 62 62 61 61 61 60 60 60 59       646
OCT  59 58 58 58 57 57 56 56 56 55 55 54 54 54 53 53 52 52 52 51 51 50 50 50 49 49 48 48 48 47 47    528
NOV  46 46 46 45 45 45 44 44 43 43 43 42 42 41 41 41 40 40 40 39 39 38 38 38 37 37 37 36 36 35       409
DEC  35 35 34 34 34 33 33 33 32 32 32 31 31 31 30 30 30 29 29 29 29 28 28 28 27 27 27 27 26 26 26    302
                                                                                                        
-------------------------------------------------------------------------------------------------       
 Average Temperature (deg F [tenths deg F for monthly])                                                 
 DAY  1  2  3  4  5  6  7  8  9 10 11 12 13 14 15 16 17 18 19 20 21 22 23 24 25 26 27 28 29 30 31  MONTH
-------------------------------------------------------------------------------------------------       
JAN  18 18 17 17 17 17 16 16 16 16 16 16 15 15 15 15 15 15 15 15 14 14 14 14 14 14 14 14 14 14 14    153
FEB  14 14 14 15 15 15 15 15 15 15 15 16 16 16 16 16 16 17 17 17 17 18 18 18 19 19 19 19             163
MAR  20 20 20 21 21 21 22 22 23 23 23 24 24 24 25 25 26 26 26 27 27 28 28 28 29 29 30 30 30 31 31    253
APR  32 32 33 33 33 34 34 35 35 36 36 36 37 37 38 38 39 39 40 40 40 41 41 42 42 43 43 43 44 44       380
MAY  45 45 45 46 46 47 47 48 48 48 49 49 49 50 50 51 51 51 52 52 52 53 53 53 54 54 54 55 55 55 55    504
JUN  56 56 56 57 57 57 58 58 58 58 59 59 59 59 60 60 60 61 61 61 61 62 62 62 62 63 63 63 63 63       598
JUL  64 64 64 64 64 65 65 65 65 65 66 66 66 66 66 66 66 66 66 67 67 67 67 67 67 67 67 67 67 67 67    659
AUG  67 67 67 67 67 67 67 67 66 66 66 66 66 66 66 66 65 65 65 65 65 64 64 64 64 63 63 63 63 62 62    652
SEP  62 61 61 61 60 60 60 60 59 59 58 58 58 57 57 57 56 56 56 55 55 55 54 54 53 53 53 52 52 52       568
OCT  51 51 50 50 50 49 49 48 48 48 47 47 46 46 46 45 45 45 44 44 44 43 43 43 42 42 42 41 41 41 40    455
NOV  40 40 39 39 39 38 38 38 37 37 37 36 36 35 35 35 34 34 34 33 33 32 32 32 31 31 30 30 30 29       348
DEC  29 28 28 28 27 27 27 26 26 25 25 25 24 24 24 23 23 22 22 22 21 21 21 20 20 20 19 19 19 19 18    233
                                                                                                        
-------------------------------------------------------------------------------------------------       
 Heating Degree Days                                                                                    
 DAY  1  2  3  4  5  6  7  8  9 10 11 12 13 14 15 16 17 18 19 20 21 22 23 24 25 26 27 28 29 30 31  MONTH
-------------------------------------------------------------------------------------------------       
JAN  47 47 48 48 48 48 49 49 49 49 49 50 50 50 50 50 50 50 50 51 51 51 51 51 51 51 51 51 51 51 51   1543
FEB  51 51 51 51 50 50 50 50 50 50 50 49 49 49 49 49 49 48 48 48 48 47 47 47 46 46 46 46            1365
MAR  45 45 45 44 44 44 43 43 42 42 42 41 41 41 40 40 40 39 39 38 38 38 37 37 36 36 35 35 35 34 34   1233
APR  33 33 32 32 32 31 31 30 30 29 29 29 28 28 27 27 26 26 26 25 25 24 24 23 23 22 22 22 21 21       811
MAY  20 20 20 19 19 18 18 17 17 17 16 16 16 15 15 15 14 14 13 13 13 12 12 12 12 11 11 11 10 10 10    456
JUN   9  9  9  9  8  8  8  8  7  7  7  7  7  6  6  6  6  5  5  5  5  5  5  4  4  4  4  4  4  3       184
JUL   3  3  3  3  3  3  3  2  2  2  2  2  2  2  2  2  2  2  2  2  2  2  2  2  2  2  1  1  1  1  2     65
AUG   2  2  2  2  2  2  2  2  2  2  2  2  2  2  2  2  2  3  3  3  3  3  3  3  3  4  4  4  4  4  4     82
SEP   5  5  5  5  5  6  6  6  6  7  7  7  7  8  8  8  9  9  9 10 10 10 11 11 11 12 12 13 13 13       254
OCT  14 14 15 15 15 16 16 17 17 17 18 18 19 19 19 20 20 20 21 21 21 22 22 23 23 23 24 24 24 25 25    607
NOV  25 26 26 26 26 27 27 27 28 28 29 29 29 30 30 30 31 31 31 32 32 33 33 33 34 34 35 35 35 36       908
DEC  36 37 37 37 38 38 38 39 39 40 40 40 41 41 41 42 42 43 43 43 44 44 44 45 45 45 46 46 46 46 47   1293
                                                                                                        
-------------------------------------------------------------------------------------------------       
 Cooling Degree Days                                                                                    
 DAY  1  2  3  4  5  6  7  8  9 10 11 12 13 14 15 16 17 18 19 20 21 22 23 24 25 26 27 28 29 30 31  MONTH
-------------------------------------------------------------------------------------------------       
JAN   0  0  0  0  0  0  0  0  0  0  0  0  0  0  0  0  0  0  0  0  0  0  0  0  0  0  0  0  0  0  0      0
FEB   0  0  0  0  0  0  0  0  0  0  0  0  0  0  0  0  0  0  0  0  0  0  0  0  0  0  0  0               0
MAR   0  0  0  0  0  0  0  0  0  0  0  0  0  0  0  0  0  0  0  0  0  0  0  0  0  0  0  0  0  0  0      0
APR   0  0  0  0  0  0  0  0  0  0  0  0  0  0  0  0  0  0  0  0  0  0  0  0  0  0  0  0  0  0         0
MAY   0  0  0  0  0  0  0  0  0  0  0  0  0  0  0  0  0  0  0  0  0  0  0  0  0  0  0-99-99-99-99      4
JUN   0  0  0  0  0  0  0  0  0  1  1  1  1  1  1  1  1  1  1  1  1  1  1  1  1  2  2  2  2  2        26
JUL   2  2  2  2  2  2  3  3  3  3  3  3  3  3  3  3  3  3  3  3  3  3  3  3  3  4  4  4  4  4  4     93
AUG   4  4  4  3  3  3  3  3  3  3  3  3  3  3  3  3  3  3  3  3  3  3  2  2  2  2  2  2  2  2  2     87
SEP   1  1  1  1  1  1  1  1  0  0  0  0  0  0  0  0  0  0  0  0  0  0  0  0  0  0  0  0  0  0         8
OCT   0  0  0  0  0  0  0  0  0  0  0  0  0  0  0  0  0  0  0  0  0  0  0  0  0  0  0  0  0  0  0      0
NOV   0  0  0  0  0  0  0  0  0  0  0  0  0  0  0  0  0  0  0  0  0  0  0  0  0  0  0  0  0  0         0
DEC   0  0  0  0  0  0  0  0  0  0  0  0  0  0  0  0  0  0  0  0  0  0  0  0  0  0  0  0  0  0  0      0
                                                                                                        
-------------------------------------------------------------------------------------------------       
 Total  Precipitation (Hundreths of an Inch)                                                            
 DAY  1  2  3  4  5  6  7  8  9 10 11 12 13 14 15 16 17 18 19 20 21 22 23 24 25 26 27 28 29 30 31  MONTH
-------------------------------------------------------------------------------------------------       
JAN   6  6  7  7  7  7  7  7  7  7  7  6  6  6  6  6  6  6  6  6  6  6  6  6  6  5  5  5  5  5  5    189
FEB   5  5  5  4  4  4  4  4  4  4  4  4  4  4  4  4  4  4  4  4  4  4  5  5  5  5  5  5             121
MAR   5  6  6  6  6  6  6  6  7  7  7  7  7  7  7  7  7  7  7  8  8  8  8  8  8  8  8  8  8  8  8    220
APR   8  8  8  8  8  8  7  7  7  7  7  7  7  7  7  7  7  7  7  8  8  8  8  8  8  8  8  8  8  8       227
MAY   8  8  8  8  8  8  8  8  8  8  8  8  8  8  8  8  8  8  8  9  9  9  9  9  9  9  9  9  8  8  8    257
JUN   8  8  8  8  8  8  8  8  8  8  9  9  9  9  9  9  9  9  9  9  9  9  9  9  9  9  9  9  9 10       261
JUL  10 10 10 10 10 10 10 10 10 10 10 10 10 10 10 10 10 10 10 10 10 10 10 10 10 10 10 10 10 10  9    309
AUG   9  9  9  9  9  9  9  9  9  9  9  9  9  9  9  9  9  9  9 10 10 10 10 10 10 10 10 11 11 11 11    295
SEP  11 12 12 12 12 12 12 12 13 13 13 13 13 13 13 13 13 13 13 13 12 12 12 12 12 12 11 11 11 11       367
OCT  11 10 10 10 10  9  9  9  9  9  9  8  8  8  8  8  8  8  8  8  8  8  8  8  7  7  8  8  8  8  8    263
NOV   8  8  8  8  8  8  8  8  8  8  8  8  9  8  8  8  8  8  8  8  8  8  8  8  8  8  8  8  8  8       241
DEC   7  7  7  7  7  7  7  7  7  7  7  7  7  7  7  6  6  6  6  6  6  6  6  6  6  6  6  6  6  7  7    203
                                                                                                        
