-------------------------------------------------------------------------------------------------       
 1971-2000 Daily/Monthly Station Normals                                                                
 Provided by National Climatic Data Center/NESDIS/NOAA                                                  
-------------------------------------------------------------------------------------------------       
 Station COOP ID:                           204502                                                      
 Station Name, State, Division, Call:       LAKE CITY EXP FARM                 MI 03                    
 Latitude, Longitude, Elevation, Elements:  44 18 33 -085 12 13  1240 XNP                               
-------------------------------------------------------------------------------------------------       
 Minimum Temperature (deg F [tenths deg F for monthly])                                                 
 DAY  1  2  3  4  5  6  7  8  9 10 11 12 13 14 15 16 17 18 19 20 21 22 23 24 25 26 27 28 29 30 31  MONTH
-------------------------------------------------------------------------------------------------       
JAN  10 10 10  9  9  9  9  9  9  8  8  8  8  8  8  8  8  7  7  7  7  7  7  7  7  7  7  7  7  7  7     79
FEB   7  7  7  7  7  7  7  7  7  7  7  7  7  8  8  8  8  8  8  9  9  9  9 10 10 10 11 11              81
MAR  11 12 12 12 13 13 14 14 14 15 15 15 16 16 17 17 17 18 18 19 19 20 20 20 21 21 22 22 23 23 24    172
APR  24 24 25 25 26 26 27 27 27 28 28 29 29 29 30 30 31 31 31 32 32 33 33 33 34 34 34 35 35 35       299
MAY  35 36 36 36 37 37 37 38 38 38 39 39 39 40 40 40 41 41 41 42 42 42 43 43 43 44 44 44 44 45 45    403
JUN  46 46 46 46 47 47 47 48 48 48 48 49 49 49 49 50 50 50 50 51 51 51 51 51 51 52 52 52 52 52       493
JUL  52 53 53 53 53 53 53 53 53 53 53 54 54 54 54 54 54 54 54 54 54 54 54 54 54 54 54 54 54 54 54    536
AUG  54 54 54 54 54 54 54 53 53 53 53 53 53 53 53 52 52 52 52 52 51 51 51 51 51 50 50 50 50 49 49    521
SEP  49 48 48 48 47 47 47 47 46 46 46 45 45 45 44 44 44 43 43 43 42 42 42 41 41 41 40 40 40 39       441
OCT  39 39 38 38 38 37 37 37 36 36 36 35 35 35 34 34 34 34 33 33 33 32 32 32 32 31 31 31 31 30 30    343
NOV  30 30 29 29 29 29 28 28 28 27 27 27 26 26 26 26 25 25 25 24 24 23 23 23 22 22 22 21 21 20       255
DEC  20 20 19 19 18 18 18 17 17 16 16 16 15 15 15 14 14 14 14 13 13 13 12 12 12 12 11 11 11 11 10    147
                                                                                                        
-------------------------------------------------------------------------------------------------       
 Maximum Temperature (deg F [tenths deg F for monthly])                                                 
 DAY  1  2  3  4  5  6  7  8  9 10 11 12 13 14 15 16 17 18 19 20 21 22 23 24 25 26 27 28 29 30 31  MONTH
-------------------------------------------------------------------------------------------------       
JAN  27 27 26 26 26 26 26 26 26 26 26 26 26 26 25 25 25 25 25 26 26 26 26 26 26 26 26 26 26 26 26    259
FEB  27 27 27 27 27 27 27 28 28 28 28 28 29 29 29 29 30 30 30 30 31 31 31 32 32 32 33 33             293
MAR  33 34 34 34 35 35 35 36 36 37 37 37 38 38 38 39 39 40 40 41 41 41 42 42 43 43 43 44 44 45 45    390
APR  46 46 47 47 48 48 48 49 49 50 50 51 51 52 52 53 53 54 54 55 55 56 56 57 57 58 58 59 59 60       526
MAY  60 61 61 62 62 63 63 64 64 65 65 65 66 66 67 67 67 68 68 69 69 69 70 70 70 70 71 71 71 72 72    667
JUN  72 72 73 73 73 73 74 74 74 74 75 75 75 75 76 76 76 76 76 77 77 77 77 77 78 78 78 78 78 78       755
JUL  79 79 79 79 79 80 80 80 80 80 80 80 80 80 80 80 80 80 80 81 81 80 80 80 80 80 80 80 80 80 80    799
AUG  80 80 79 79 79 79 79 79 79 79 78 78 78 78 78 77 77 77 77 77 76 76 76 76 75 75 75 75 74 74 74    772
SEP  73 73 73 73 72 72 72 71 71 71 70 70 70 69 69 69 68 68 67 67 67 66 66 66 65 65 64 64 64 63       686
OCT  63 62 62 62 61 61 60 60 59 59 59 58 58 57 57 56 56 56 55 55 54 54 53 53 52 52 51 51 50 50 49    563
NOV  49 48 48 47 47 46 46 45 45 45 44 44 43 43 42 42 41 41 40 40 40 39 39 38 38 37 37 37 36 36       421
DEC  35 35 35 34 34 34 33 33 32 32 32 31 31 31 31 30 30 30 30 29 29 29 29 28 28 28 28 27 27 27 27    306
                                                                                                        
-------------------------------------------------------------------------------------------------       
 Average Temperature (deg F [tenths deg F for monthly])                                                 
 DAY  1  2  3  4  5  6  7  8  9 10 11 12 13 14 15 16 17 18 19 20 21 22 23 24 25 26 27 28 29 30 31  MONTH
-------------------------------------------------------------------------------------------------       
JAN  19 18 18 18 18 18 18 17 17 17 17 17 17 17 17 17 17 16 16 16 16 16 16 16 16 16 16 16 16 17 17    169
FEB  17 17 17 17 17 17 17 17 17 18 18 18 18 18 18 19 19 19 19 20 20 20 20 21 21 21 22 22             187
MAR  22 23 23 23 24 24 24 25 25 26 26 26 27 27 28 28 28 29 29 30 30 30 31 31 32 32 33 33 34 34 34    281
APR  35 35 36 36 37 37 38 38 38 39 39 40 40 41 41 42 42 42 43 43 44 44 45 45 45 46 46 47 47 48       413
MAY  48 48 49 49 50 50 50 51 51 51 52 52 53 53 53 54 54 54 55 55 55 56 56 56 57 57 57 58 58 58 59    535
JUN  59 59 59 60 60 60 60 61 61 61 62 62 62 62 62 63 63 63 63 64 64 64 64 64 65 65 65 65 65 65       624
JUL  66 66 66 66 66 66 67 67 67 67 67 67 67 67 67 67 67 67 67 67 67 67 67 67 67 67 67 67 67 67 67    668
AUG  67 67 67 67 67 66 66 66 66 66 66 66 65 65 65 65 65 65 64 64 64 64 64 63 63 63 63 62 62 62 61    647
SEP  61 61 60 60 60 60 59 59 59 58 58 58 57 57 57 56 56 56 55 55 55 54 54 54 53 53 52 52 52 51       564
OCT  51 51 50 50 49 49 49 48 48 47 47 47 46 46 46 45 45 45 44 44 43 43 43 42 42 42 41 41 40 40 40    453
NOV  39 39 39 38 38 37 37 37 36 36 36 35 35 34 34 34 33 33 32 32 32 31 31 31 30 30 29 29 29 28       338
DEC  28 27 27 27 26 26 25 25 25 24 24 24 23 23 23 22 22 22 22 21 21 21 20 20 20 20 20 19 19 19 19    227
                                                                                                        
-------------------------------------------------------------------------------------------------       
 Heating Degree Days                                                                                    
 DAY  1  2  3  4  5  6  7  8  9 10 11 12 13 14 15 16 17 18 19 20 21 22 23 24 25 26 27 28 29 30 31  MONTH
-------------------------------------------------------------------------------------------------       
JAN  46 47 47 47 47 47 47 48 48 48 48 48 48 48 48 48 48 48 49 49 49 49 49 49 49 49 49 49 49 48 48   1491
FEB  48 48 48 48 48 48 48 48 48 47 47 47 47 47 47 46 46 46 46 45 45 45 45 44 44 44 43 43            1296
MAR  43 42 42 42 41 41 41 40 40 39 39 39 38 38 37 37 37 36 36 35 35 35 34 34 33 33 32 32 32 31 31   1145
APR  30 30 29 29 28 28 27 27 26 26 26 25 25 24 24 23 23 23 22 22 21 21 21 20 20 19 19 18 18 18       712
MAY  17 17 17 16 16 15 15 15 14 14 14 13 13 13 12 12 12 11 11 11 10 10 10 10  9  9  9  8  8  8  8    377
JUN   7  7  7  7  6  6  6  6  5  5  5  5  5  4  4  4  4  4  4  3  3  3  3  3  3  3  2  2  2  2       130
JUL   2  2  2  2  2  2  2  2  2  2  1  1  1  1  1  1  1  1  1  1  1  1  1  1  1  1  1  1  1  2  2     43
AUG   2  2  2  2  2  2  2  2  2  2  2  2  3  3  3  3  3  3  3  3  3  4  4  4  4  4  4  4  5  5  5     94
SEP   5  5  6  6  6  6  6  7  7  7  7  8  8  8  8  9  9  9 10 10 10 11 11 11 12 12 12 13 13 13       265
OCT  14 14 15 15 15 16 16 17 17 17 18 18 19 19 19 20 20 20 21 21 22 22 22 23 23 24 24 24 25 25 25    610
NOV  26 26 26 27 27 28 28 28 29 29 29 30 30 31 31 31 32 32 33 33 33 34 34 34 35 35 36 36 37 37       937
DEC  37 38 38 39 39 39 40 40 40 41 41 41 42 42 42 43 43 43 44 44 44 44 45 45 45 45 46 46 46 46 46   1314
                                                                                                        
-------------------------------------------------------------------------------------------------       
 Cooling Degree Days                                                                                    
 DAY  1  2  3  4  5  6  7  8  9 10 11 12 13 14 15 16 17 18 19 20 21 22 23 24 25 26 27 28 29 30 31  MONTH
-------------------------------------------------------------------------------------------------       
JAN   0  0  0  0  0  0  0  0  0  0  0  0  0  0  0  0  0  0  0  0  0  0  0  0  0  0  0  0  0  0  0      0
FEB   0  0  0  0  0  0  0  0  0  0  0  0  0  0  0  0  0  0  0  0  0  0  0  0  0  0  0  0               0
MAR   0  0  0  0  0  0  0  0  0  0  0  0  0  0  0  0  0  0  0  0  0  0  0  0  0  0  0  0  0  0  0      0
APR   0  0  0  0  0  0  0  0  0  0  0  0  0  0  0  0  0  0  0  0  0  0  0  0  0  0  0  0  0  0         0
MAY   0  0  0  0  0  0  0  0  0  0  0  0  1  1  1  1  1  1  1  1  1  1  1  1  1  1  1  1  1  1  1     19
JUN   1  1  1  1  1  1  1  1  1  2  2  2  2  2  2  2  2  2  2  2  2  2  2  2  2  2  2  2  3  3        53
JUL   3  3  3  3  3  3  3  3  3  3  3  3  3  3  3  3  3  3  3  3  3  3  3  3  3  4  4  4  4  4  3     98
AUG   3  3  3  3  3  3  3  3  3  3  3  3  3  3  3  3  3  3  3  3  3  2  2  2  2  2  2  2  2  2  1     82
SEP   1  1  1  1  1  0  0  0  0  0  0  0  0  0  0  0  0  0  0  0  0  0  0  0  0  0  0  0  0  0         5
OCT   0  0  0  0  0  0  0  0  0  0  0  0  0  0  0  0  0  0  0  0  0  0  0  0  0  0  0  0  0  0  0      0
NOV   0  0  0  0  0  0  0  0  0  0  0  0  0  0  0  0  0  0  0  0  0  0  0  0  0  0  0  0  0  0         0
DEC   0  0  0  0  0  0  0  0  0  0  0  0  0  0  0  0  0  0  0  0  0  0  0  0  0  0  0  0  0  0  0      0
                                                                                                        
-------------------------------------------------------------------------------------------------       
 Total  Precipitation (Hundreths of an Inch)                                                            
 DAY  1  2  3  4  5  6  7  8  9 10 11 12 13 14 15 16 17 18 19 20 21 22 23 24 25 26 27 28 29 30 31  MONTH
-------------------------------------------------------------------------------------------------       
JAN   5  5  5  6  6  6  5  5  5  5  5  5  5  5  5  5  5  5  5  5  5  5  5  5  5  5  5  5  5  5  5    158
FEB   5  5  4  4  4  4  4  4  4  4  4  4  4  4  4  4  4  4  4  4  4  5  5  5  5  5  5  5             121
MAR   5  5  5  5  5  5  6  6  6  6  6  6  6  6  6  6  7  7  7  7  7  7  7  7  7  8  8  8  8  8  8    201
APR   8  8  9  9  9  9  9  9  9  9  9  9  9  9  9  9 10 10 10 10 10 10 10 10 10  9  9  9  9  9       277
MAY   9  9  9  9  9  9  9  9  9  9  9  9  9  9  9  9  9  9  9  9  9  9  9  9  9  9  9  9  9  9 10    280
JUN   9  9 10 10 10 10 10 10 10 10 10 10 10 10 10 10 10 10 10 10 10 10 10 10 10 10 10  9  9  9       295
JUL   9  9  9  9  9  9  9  9  9  9  9  9  9  9  9  9  9  9  9  9  9  9  9  9 10 10 10 10 10 10 10    286
AUG  10 10 11 11 11 11 11 11 11 11 11 12 12 12 12 12 12 12 12 12 12 12 12 12 13 13 13 13 13 13 13    366
SEP  13 13 13 13 13 13 13 13 13 13 13 13 13 13 13 13 12 12 12 12 12 12 12 12 12 12 11 11 11 11       372
OCT  11 11 11 10 10 10 10 10 10 10 10 10  9  9  9  9  9  9  9  9  9  9  9  9  9  9  9  9  9  9  9    294
NOV   9  9  9  9  9  9  9  9  9  9  9  9  8  8  8  8  8  8  8  8  8  8  8  8  8  8  7  7  7  7       248
DEC   7  7  7  7  7  7  6  6  6  6  6  6  6  6  6  6  6  6  6  6  5  5  5  5  5  5  5  5  5  5  5    181
                                                                                                        
