-------------------------------------------------------------------------------------------------       
 1971-2000 Daily/Monthly Station Normals                                                                
 Provided by National Climatic Data Center/NESDIS/NOAA                                                  
-------------------------------------------------------------------------------------------------       
 Station COOP ID:                           208800                                                      
 Station Name, State, Division, Call:       WEST BRANCH 3 SE                   MI 04                    
 Latitude, Longitude, Elevation, Elements:  44 15 14 -084 12 04   885 XNP                               
-------------------------------------------------------------------------------------------------       
 Minimum Temperature (deg F [tenths deg F for monthly])                                                 
 DAY  1  2  3  4  5  6  7  8  9 10 11 12 13 14 15 16 17 18 19 20 21 22 23 24 25 26 27 28 29 30 31  MONTH
-------------------------------------------------------------------------------------------------       
JAN  11 10 10 10 10  9  9  9  9  8  8  8  8  8  8  8  8  7  7  7  7  7  7  7  7  7  7  7  7  7  7     80
FEB   7  7  7  7  7  7  7  8  8  8  8  8  9  9  9  9  9 10 10 10 11 11 11 11 12 12 12 13              92
MAR  13 14 14 14 15 15 15 16 16 17 17 17 18 18 18 19 19 20 20 20 21 21 22 22 22 23 23 24 24 24 25    189
APR  25 26 26 26 27 27 28 28 28 29 29 30 30 30 31 31 32 32 32 33 33 33 34 34 35 35 35 36 36 36       309
MAY  37 37 37 38 38 38 39 39 39 40 40 41 41 41 42 42 42 43 43 43 44 44 44 44 45 45 45 46 46 46 47    418
JUN  47 47 48 48 48 49 49 49 49 50 50 50 50 51 51 51 51 52 52 52 52 53 53 53 53 53 53 54 54 54       509
JUL  54 55 55 55 55 55 55 55 56 56 56 56 56 56 56 56 56 56 56 56 56 56 56 56 56 56 56 56 56 56 56    557
AUG  56 56 56 56 56 55 55 55 55 55 55 55 55 54 54 54 54 54 54 53 53 53 53 52 52 52 52 51 51 51 51    538
SEP  50 50 50 50 49 49 49 48 48 48 47 47 47 46 46 46 45 45 45 44 44 44 43 43 42 42 42 41 41 40       457
OCT  40 40 39 39 38 38 38 37 37 37 36 36 35 35 35 35 34 34 34 33 33 33 32 32 32 32 31 31 31 31 31    348
NOV  30 30 30 30 29 29 29 29 28 28 28 28 27 27 27 26 26 26 26 25 25 25 24 24 24 23 23 22 22 22       264
DEC  21 21 21 20 20 19 19 19 18 18 18 17 17 16 16 16 15 15 15 14 14 14 13 13 13 13 12 12 12 11 11    159
                                                                                                        
-------------------------------------------------------------------------------------------------       
 Maximum Temperature (deg F [tenths deg F for monthly])                                                 
 DAY  1  2  3  4  5  6  7  8  9 10 11 12 13 14 15 16 17 18 19 20 21 22 23 24 25 26 27 28 29 30 31  MONTH
-------------------------------------------------------------------------------------------------       
JAN  29 29 29 28 28 28 28 28 28 28 28 28 28 28 28 28 27 27 27 28 28 28 28 28 28 28 28 28 28 28 28    280
FEB  29 29 29 29 29 29 30 30 30 30 30 31 31 31 31 31 32 32 32 33 33 33 33 34 34 34 35 35             314
MAR  35 36 36 37 37 37 38 38 38 39 39 40 40 40 41 41 42 42 42 43 43 44 44 44 45 45 46 46 47 47 48    413
APR  48 49 49 49 50 50 51 51 52 52 53 53 54 54 55 55 55 56 56 57 57 58 58 59 59 60 60 61 61 62       548
MAY  62 63 63 64 64 65 65 66 66 66 67 67 68 68 68 69 69 70 70 70 71 71 71 72 72 72 72 73 73 73 74    685
JUN  74 74 74 75 75 75 75 75 76 76 76 76 77 77 77 77 77 78 78 78 78 79 79 79 79 79 80 80 80 80       771
JUL  80 80 81 81 81 81 81 81 81 81 81 82 82 82 82 82 82 82 82 82 82 82 82 82 82 82 82 82 82 81 81    815
AUG  81 81 81 81 81 81 81 80 80 80 80 80 80 80 79 79 79 79 79 78 78 78 78 77 77 77 77 76 76 76 76    789
SEP  75 75 75 74 74 74 73 73 73 73 72 72 72 71 71 70 70 70 69 69 69 68 68 68 67 67 66 66 66 65       705
OCT  65 65 64 64 63 63 62 62 62 61 61 60 60 59 59 59 58 58 57 57 56 56 55 55 54 54 53 53 52 52 51    584
NOV  51 50 50 49 49 48 48 48 47 47 46 46 45 45 44 44 43 43 43 42 42 41 41 40 40 40 39 39 38 38       442
DEC  38 37 37 36 36 36 35 35 35 34 34 34 33 33 33 33 32 32 32 31 31 31 31 31 30 30 30 30 29 29 29    328
                                                                                                        
-------------------------------------------------------------------------------------------------       
 Average Temperature (deg F [tenths deg F for monthly])                                                 
 DAY  1  2  3  4  5  6  7  8  9 10 11 12 13 14 15 16 17 18 19 20 21 22 23 24 25 26 27 28 29 30 31  MONTH
-------------------------------------------------------------------------------------------------       
JAN  20 20 19 19 19 19 19 19 18 18 18 18 18 18 18 18 18 17 17 17 17 17 17 17 17 17 17 18 18 18 18    180
FEB  18 18 18 18 18 18 18 19 19 19 19 19 20 20 20 20 21 21 21 21 22 22 22 23 23 23 24 24             203
MAR  24 25 25 25 26 26 27 27 27 28 28 28 29 29 30 30 30 31 31 32 32 32 33 33 34 34 35 35 35 36 36    301
APR  37 37 37 38 38 39 39 40 40 41 41 41 42 42 43 43 44 44 44 45 45 46 46 47 47 47 48 48 49 49       429
MAY  50 50 50 51 51 52 52 52 53 53 54 54 54 55 55 55 56 56 56 57 57 57 58 58 58 59 59 59 60 60 60    552
JUN  60 61 61 61 62 62 62 62 63 63 63 63 64 64 64 64 64 65 65 65 65 66 66 66 66 66 66 67 67 67       640
JUL  67 67 68 68 68 68 68 68 68 68 69 69 69 69 69 69 69 69 69 69 69 69 69 69 69 69 69 69 69 69 69    686
AUG  69 69 68 68 68 68 68 68 68 68 68 67 67 67 67 67 66 66 66 66 66 65 65 65 65 65 64 64 64 63 63    664
SEP  63 63 62 62 62 61 61 61 60 60 60 59 59 59 58 58 58 57 57 57 56 56 56 55 55 54 54 54 53 53       581
OCT  52 52 52 51 51 50 50 50 49 49 49 48 48 47 47 47 46 46 45 45 45 44 44 44 43 43 42 42 42 41 41    466
NOV  41 40 40 40 39 39 38 38 38 37 37 37 36 36 36 35 35 34 34 34 33 33 32 32 32 31 31 31 30 30       353
DEC  29 29 29 28 28 28 27 27 26 26 26 25 25 25 25 24 24 24 23 23 23 22 22 22 22 21 21 21 21 20 20    244
                                                                                                        
-------------------------------------------------------------------------------------------------       
 Heating Degree Days                                                                                    
 DAY  1  2  3  4  5  6  7  8  9 10 11 12 13 14 15 16 17 18 19 20 21 22 23 24 25 26 27 28 29 30 31  MONTH
-------------------------------------------------------------------------------------------------       
JAN  45 45 46 46 46 46 46 46 47 47 47 47 47 47 47 47 47 48 48 48 48 48 48 48 48 48 48 48 47 47 47   1458
FEB  47 47 47 47 47 47 47 46 46 46 46 46 45 45 45 45 45 44 44 44 43 43 43 42 42 42 41 41            1253
MAR  41 40 40 40 39 39 38 38 38 37 37 37 36 36 35 35 35 34 34 33 33 32 32 32 31 31 30 30 30 29 29   1081
APR  28 28 27 27 27 26 26 25 25 24 24 24 23 23 22 22 22 21 21 20 20 20 19 19 18 18 17 17 17 16       666
MAY  16 15 15 15 14 14 14 13 13 12 12 12 11 11 11 10 10 10  9  9  9  9  8  8  8  8  7  7  7  7  6    330
JUN   6  6  6  5  5  5  5  4  4  4  4  4  4  3  3  3  3  3  3  3  2  2  2  2  2  2  2  2  2  1       102
JUL   1  1  1  1  1  1  1  1  1  1  1  1  1  1  1  1  1  1  0  0  0  0  1  1  1  1  1  1  1  1  1     27
AUG   1  1  1  1  1  1  1  1  1  2  2  2  2  2  2  2  2  2  2  2  2  3  3  3  3  3  3  3  3  4  4     65
SEP   4  4  4  4  4  5  5  5  5  5  6  6  6  6  7  7  7  8  8  8  9  9  9 10 10 10 11 11 12 12       217
OCT  12 13 13 14 14 15 15 15 16 16 17 17 17 18 18 19 19 19 20 20 20 21 21 22 22 22 23 23 23 24 24    572
NOV  24 25 25 26 26 26 27 27 27 28 28 28 29 29 29 30 30 31 31 31 32 32 33 33 33 34 34 34 35 35       892
DEC  36 36 36 37 37 37 38 38 39 39 39 40 40 40 41 41 41 41 42 42 42 43 43 43 43 44 44 44 45 45 45   1261
                                                                                                        
-------------------------------------------------------------------------------------------------       
 Cooling Degree Days                                                                                    
 DAY  1  2  3  4  5  6  7  8  9 10 11 12 13 14 15 16 17 18 19 20 21 22 23 24 25 26 27 28 29 30 31  MONTH
-------------------------------------------------------------------------------------------------       
JAN   0  0  0  0  0  0  0  0  0  0  0  0  0  0  0  0  0  0  0  0  0  0  0  0  0  0  0  0  0  0  0      0
FEB   0  0  0  0  0  0  0  0  0  0  0  0  0  0  0  0  0  0  0  0  0  0  0  0  0  0  0  0               0
MAR   0  0  0  0  0  0  0  0  0  0  0  0  0  0  0  0  0  0  0  0  0  0  0  0  0  0  0  0  0  0  0      0
APR   0  0  0  0  0  0  0  0  0  0  0  0  0  0  0  0  0  0  0  0  0  0  0  0  0  0  0  0  0  0         0
MAY   0  0  0  0  0  0  0  1  1  1  1  1  1  1  1  1  1  1  1  1  1  1  1  1  1  1  1  1  1  1  1     24
JUN   1  1  2  2  2  2  2  2  2  2  2  2  2  2  2  2  2  3  3  3  3  3  3  3  3  3  3  3  3  4        72
JUL   4  4  4  4  4  4  4  4  4  4  4  4  4  4  4  4  5  5  5  5  5  5  5  5  5  5  5  5  5  4  4    137
AUG   5  5  4  4  4  4  4  4  4  4  4  4  4  4  4  4  4  3  3  3  3  3  3  3  3  2  2  2  2  2  2    106
SEP   2  1  1  1  1  1  1  1  1  0  0  0  0  0  0  0  0  0  0  0  0  0  0  0  0  0  0  0  0  0        10
OCT   0  0  0  0  0  0  0  0  0  0  0  0  0  0  0  0  0  0  0  0  0  0  0  0  0  0  0  0  0  0  0      0
NOV   0  0  0  0  0  0  0  0  0  0  0  0  0  0  0  0  0  0  0  0  0  0  0  0  0  0  0  0  0  0         0
DEC   0  0  0  0  0  0  0  0  0  0  0  0  0  0  0  0  0  0  0  0  0  0  0  0  0  0  0  0  0  0  0      0
                                                                                                        
-------------------------------------------------------------------------------------------------       
 Total  Precipitation (Hundreths of an Inch)                                                            
 DAY  1  2  3  4  5  6  7  8  9 10 11 12 13 14 15 16 17 18 19 20 21 22 23 24 25 26 27 28 29 30 31  MONTH
-------------------------------------------------------------------------------------------------       
JAN   6  6  6  6  6  6  6  6  6  6  6  5  5  5  5  5  5  5  5  5  5  5  5  5  5  5  5  5  5  5  5    166
FEB   5  5  5  4  4  4  4  4  4  4  4  4  4  4  4  4  4  4  4  4  4  5  5  5  5  5  5  5             122
MAR   5  5  5  5  6  6  6  6  6  6  6  6  6  6  6  7  7  7  7  7  7  7  7  7  7  7  7  7  7  7  7    198
APR   7  7  7  7  8  8  8  8  8  8  8  8  8  8  8  8  8  8  8  8  8  8  8  8  9  9  9  9  9  9       242
MAY   9  9  9  9  9  9  9 10 10 10 10 10 10 10 10 10 10 10 10 10 10 10 10 10 10 10 10 10 10 10 10    303
JUN  10 10 10 10 11 11 11 11 10 10 10 10 10 10 10 10 10 10 10 10 10 10 10 10 10 10 10 10 10 10       304
JUL  10  9  9  9  9  9  9  9  9  9  9  9  9  9  9  9  9  9 10 10 10 10 10 10 10 10 10 10 11 11 11    296
AUG  11 11 11 11 12 12 12 12 12 12 12 12 12 12 13 13 13 13 13 13 13 13 13 13 13 13 13 13 13 13 13    385
SEP  13 13 13 13 13 13 13 13 12 12 12 12 12 12 12 12 12 12 11 11 11 11 11 11 11 10 10 10 10 10       351
OCT   9  9  9  9  9  9  9  8  8  8  8  8  8  8  8  8  8  8  8  7  7  7  7  7  7  8  8  8  8  8  8    249
NOV   8  8  8  8  8  8  8  8  8  8  8  8  8  8  8  8  8  8  8  8  8  8  8  8  8  8  8  8  8  7       239
DEC   7  7  7  7  7  6  6  6  6  6  6  6  6  6  6  6  6  6  6  6  6  6  6  6  5  5  5  5  5  6  6    186
                                                                                                        
