-------------------------------------------------------------------------------------------------       
 1971-2000 Daily/Monthly Station Normals                                                                
 Provided by National Climatic Data Center/NESDIS/NOAA                                                  
-------------------------------------------------------------------------------------------------       
 Station COOP ID:                           208890                                                      
 Station Name, State, Division, Call:       WHITE CLOUD 4 SE                   MI 05                    
 Latitude, Longitude, Elevation, Elements:  43 31 08 -085 41 55   880   P                               
-------------------------------------------------------------------------------------------------       
 Total  Precipitation (Hundreths of an Inch)                                                            
 DAY  1  2  3  4  5  6  7  8  9 10 11 12 13 14 15 16 17 18 19 20 21 22 23 24 25 26 27 28 29 30 31  MONTH
-------------------------------------------------------------------------------------------------       
JAN   8  8  8  8  8  8  8  8  8  8  8  8  8  8  8  8  8  8  8  8  8  8  8  8  8  8  7  7  7  7  7    243
FEB   7  7  6  6  6  6  6  6  6  6  5  5  5  5  5  5  5  5  5  5  5  5  5  5  5  6  6  6             155
MAR   6  6  6  6  6  6  6  7  7  7  7  7  7  7  7  8  8  8  8  8  8  8  8  9  9  9  9  9  9  9 10    235
APR  10 10 10 10 10 11 11 11 11 11 11 11 11 11 11 11 11 11 11 11 11 11 11 11 11 11 11 11 11 11       325
MAY  11 11 11 11 11 11 11 11 11 10 10 10 10 10 10 10 10 10 10 10 10 10 10 10 10 10 10 10 10 10 10    319
JUN  10 10 10 10 10 10 11 11 11 11 11 11 11 11 11 11 11 11 11 11 10 10 10 10 10 10 10 10 10 10       314
JUL  10 10 10 10 10 10 10 10 10 10 10 10 10 10 10 10 10 10 10 10 10 11 11 11 11 11 11 11 11 11 12    321
AUG  12 12 12 12 12 12 12 12 12 13 13 13 13 13 13 13 13 13 13 13 13 13 14 14 14 14 14 14 14 14 14    403
SEP  14 14 14 14 14 14 14 14 13 13 13 13 13 13 13 13 13 12 12 12 12 12 11 11 11 11 11 10 10 10       374
OCT   9  9  9  9  8  8  8  8  8  8  8  8  8  8  7  7  8  8  8  8  8  8  8  8  8  9  9  9  9 10 10    258
NOV  10 11 11 11 11 12 12 12 12 12 12 13 13 13 13 13 13 13 13 12 12 12 12 12 12 12 11 11 11 11       358
DEC  10 10 10  9  9  9  9  9  8  8  8  8  8  8  7  7  7  7  7  7  7  7  7  7  7  7  7  7  7  7  7    242
                                                                                                        
