-------------------------------------------------------------------------------------------------       
 1971-2000 Daily/Monthly Station Normals                                                                
 Provided by National Climatic Data Center/NESDIS/NOAA                                                  
-------------------------------------------------------------------------------------------------       
 Station COOP ID:                           301752                                                      
 Station Name, State, Division, Call:       COOPERSTOWN                        NY 02                    
 Latitude, Longitude, Elevation, Elements:  42 42 54 -074 55 42  1200 XNP                               
-------------------------------------------------------------------------------------------------       
 Minimum Temperature (deg F [tenths deg F for monthly])                                                 
 DAY  1  2  3  4  5  6  7  8  9 10 11 12 13 14 15 16 17 18 19 20 21 22 23 24 25 26 27 28 29 30 31  MONTH
-------------------------------------------------------------------------------------------------       
JAN  12 12 12 11 11 11 11 10 10 10 10 10 10  9  9  9  9  9  9  9  9  8  8  8  8  8  8  8  8  8  8     94
FEB   8  8  8  8  8  8  8  8  8  8  8  8  9  9  9  9  9 10 10 10 11 11 11 12 12 12 13 13              95
MAR  14 14 15 15 15 16 16 17 17 17 18 18 19 19 20 20 20 21 21 21 22 22 23 23 23 24 24 24 25 25 26    198
APR  26 26 27 27 27 28 28 28 29 29 30 30 30 31 31 31 32 32 32 33 33 33 34 34 34 35 35 36 36 36       311
MAY  37 37 37 38 38 38 39 39 39 40 40 40 41 41 41 42 42 42 43 43 44 44 44 45 45 45 46 46 46 47 47    418
JUN  48 48 48 49 49 49 49 50 50 50 51 51 51 51 52 52 52 52 53 53 53 53 53 54 54 54 54 54 54 54       515
JUL  55 55 55 55 55 55 55 55 55 55 55 55 56 56 56 56 56 56 56 56 56 56 56 56 56 56 56 56 56 56 56    556
AUG  56 56 56 56 56 56 56 56 56 56 56 56 55 55 55 55 55 55 55 54 54 54 54 53 53 53 53 52 52 52 52    546
SEP  51 51 51 50 50 50 49 49 49 48 48 48 47 47 47 46 46 46 45 45 44 44 44 43 43 43 42 42 41 41       463
OCT  41 40 40 39 39 39 38 38 38 37 37 36 36 36 35 35 35 35 34 34 34 33 33 33 33 32 32 32 31 31 31    354
NOV  31 31 30 30 30 30 29 29 29 28 28 28 28 27 27 27 26 26 26 25 25 25 25 24 24 23 23 23 22 22       267
DEC  22 21 21 21 20 20 20 19 19 19 18 18 18 17 17 17 16 16 16 15 15 15 15 14 14 14 13 13 13 13 12    168
                                                                                                        
-------------------------------------------------------------------------------------------------       
 Maximum Temperature (deg F [tenths deg F for monthly])                                                 
 DAY  1  2  3  4  5  6  7  8  9 10 11 12 13 14 15 16 17 18 19 20 21 22 23 24 25 26 27 28 29 30 31  MONTH
-------------------------------------------------------------------------------------------------       
JAN  30 30 30 30 29 29 29 29 29 29 29 29 29 29 29 29 29 29 29 29 28 29 29 29 29 29 29 29 29 29 29    291
FEB  29 29 29 30 30 30 30 30 30 30 31 31 31 31 32 32 32 32 33 33 33 33 34 34 34 35 35 35             317
MAR  36 36 37 37 37 38 38 39 39 39 40 40 40 41 41 42 42 42 43 43 44 44 44 45 45 46 46 47 47 47 48    417
APR  48 49 49 49 50 50 51 51 52 52 52 53 53 54 54 54 55 55 56 56 57 57 57 58 58 59 59 60 60 61       543
MAY  61 61 62 62 63 63 63 64 64 65 65 65 66 66 67 67 67 68 68 68 69 69 69 69 70 70 70 71 71 71 71    666
JUN  72 72 72 72 73 73 73 73 74 74 74 74 74 75 75 75 75 75 76 76 76 76 76 77 77 77 77 77 77 77       748
JUL  78 78 78 78 78 78 79 79 79 79 79 79 79 79 79 79 79 79 79 79 79 79 79 79 79 79 79 79 79 79 79    788
AUG  79 79 79 79 79 78 78 78 78 78 78 78 77 77 77 77 77 77 76 76 76 76 75 75 75 75 74 74 74 73 73    766
SEP  73 73 72 72 72 71 71 71 70 70 70 69 69 69 68 68 68 67 67 67 67 66 66 66 65 65 65 64 64 64       683
OCT  63 63 63 62 62 62 61 61 61 60 60 59 59 59 58 58 58 57 57 56 56 56 55 55 54 54 53 53 53 52 52    578
NOV  51 51 50 50 49 49 49 48 48 47 47 46 46 46 45 45 44 44 44 43 43 42 42 41 41 41 40 40 39 39       450
DEC  39 38 38 38 37 37 36 36 36 35 35 35 35 34 34 34 33 33 33 33 32 32 32 32 32 31 31 31 31 31 30    340
                                                                                                        
-------------------------------------------------------------------------------------------------       
 Average Temperature (deg F [tenths deg F for monthly])                                                 
 DAY  1  2  3  4  5  6  7  8  9 10 11 12 13 14 15 16 17 18 19 20 21 22 23 24 25 26 27 28 29 30 31  MONTH
-------------------------------------------------------------------------------------------------       
JAN  21 21 21 21 20 20 20 20 20 20 20 19 19 19 19 19 19 19 19 19 19 19 19 19 19 18 18 18 18 18 18    193
FEB  18 19 19 19 19 19 19 19 19 19 19 20 20 20 20 20 21 21 21 22 22 22 22 23 23 24 24 24             206
MAR  25 25 26 26 26 27 27 28 28 28 29 29 30 30 30 31 31 32 32 32 33 33 34 34 34 35 35 36 36 36 37    308
APR  37 37 38 38 39 39 39 40 40 41 41 41 42 42 43 43 43 44 44 44 45 45 46 46 46 47 47 48 48 48       427
MAY  49 49 49 50 50 51 51 51 52 52 53 53 53 54 54 54 55 55 55 56 56 56 57 57 57 58 58 58 59 59 59    542
JUN  60 60 60 60 61 61 61 62 62 62 62 63 63 63 63 63 64 64 64 64 65 65 65 65 65 65 66 66 66 66       632
JUL  66 66 66 66 67 67 67 67 67 67 67 67 67 67 67 67 67 67 67 67 68 68 68 68 68 68 68 68 68 68 67    672
AUG  68 68 67 67 67 67 67 67 67 67 67 67 66 66 66 66 66 66 65 65 65 65 65 64 64 64 64 63 63 63 62    656
SEP  62 62 61 61 61 60 60 60 60 59 59 59 58 58 58 57 57 57 56 56 55 55 55 54 54 54 53 53 53 52       573
OCT  52 52 51 51 51 50 50 49 49 49 48 48 48 47 47 47 46 46 46 45 45 44 44 44 43 43 43 42 42 42 41    466
NOV  41 41 40 40 40 39 39 39 38 38 38 37 37 36 36 36 35 35 35 34 34 34 33 33 32 32 32 31 31 31       359
DEC  30 30 29 29 29 28 28 28 27 27 27 26 26 26 25 25 25 25 24 24 24 24 23 23 23 23 22 22 22 22 21    254
                                                                                                        
-------------------------------------------------------------------------------------------------       
 Heating Degree Days                                                                                    
 DAY  1  2  3  4  5  6  7  8  9 10 11 12 13 14 15 16 17 18 19 20 21 22 23 24 25 26 27 28 29 30 31  MONTH
-------------------------------------------------------------------------------------------------       
JAN  44 44 44 44 45 45 45 45 45 45 45 46 46 46 46 46 46 46 46 46 46 46 46 47 47 47 47 47 47 47 47   1419
FEB  47 47 46 46 46 46 46 46 46 46 46 45 45 45 45 45 44 44 44 43 43 43 43 42 42 41 41 41            1244
MAR  40 40 39 39 39 38 38 37 37 37 36 36 35 35 35 34 34 33 33 33 32 32 32 31 31 30 30 30 29 29 28   1062
APR  28 28 27 27 26 26 26 25 25 24 24 24 23 23 23 22 22 21 21 21 20 20 19 19 19 18 18 17 17 17       670
MAY  16 16 15 15 15 14 14 14 13 13 13 12 12 11 11 11 10 10 10 10  9  9  9  8  8  8  7  7  7  7  6    340
JUN   6  6  5  5  5  5  5  4  4  4  4  4  3  3  3  3  3  3  2  2  2  2  2  2  2  2  2  2  1  1        97
JUL   1  1  1  1  1  1  1  1  1  1  1  1  1  1  1  1  1  1  1  1  1  1  1  1  1  1  1  1  0  0  0     28
AUG   0  1  1  1  1  1  1  1  1  1  1  1  1  1  1  1  1  1  2  2  2  2  2  2  2  3  3  3  3  3  4     50
SEP   4  4  4  5  5  5  5  6  6  6  6  7  7  7  7  8  8  8  9  9  9 10 10 10 11 11 11 12 12 12       234
OCT  13 13 14 14 14 15 15 16 16 16 17 17 17 18 18 18 19 19 19 20 20 21 21 21 22 22 22 23 23 23 24    570
NOV  24 24 25 25 25 26 26 26 27 27 27 28 28 29 29 29 30 30 30 31 31 31 32 32 33 33 33 34 34 34       873
DEC  35 35 36 36 36 37 37 37 38 38 38 39 39 39 39 40 40 40 41 41 41 41 42 42 42 42 43 43 43 43 44   1227
                                                                                                        
-------------------------------------------------------------------------------------------------       
 Cooling Degree Days                                                                                    
 DAY  1  2  3  4  5  6  7  8  9 10 11 12 13 14 15 16 17 18 19 20 21 22 23 24 25 26 27 28 29 30 31  MONTH
-------------------------------------------------------------------------------------------------       
JAN   0  0  0  0  0  0  0  0  0  0  0  0  0  0  0  0  0  0  0  0  0  0  0  0  0  0  0  0  0  0  0      0
FEB   0  0  0  0  0  0  0  0  0  0  0  0  0  0  0  0  0  0  0  0  0  0  0  0  0  0  0  0               0
MAR   0  0  0  0  0  0  0  0  0  0  0  0  0  0  0  0  0  0  0  0  0  0  0  0  0  0  0  0  0  0  0      0
APR   0  0  0  0  0  0  0  0  0  0  0  0  0  0  0  0  0  0  0  0  0  0  0  0  0  0  0  0  0  0         0
MAY   0  0  0  0  0  0  0  0  0  0  0  0  0  0  0  0  0  0  0  0  0  0  0  0  0  0  1  1  1  1  1      5
JUN   1  1  1  1  1  1  1  1  1  1  1  1  1  1  1  1  1  1  1  2  2  2  2  2  2  2  2  2  2  2        41
JUL   3  3  3  3  3  3  3  3  3  3  3  3  3  3  3  3  3  3  3  3  4  4  3  3  3  3  3  3  3  3  3     95
AUG   3  3  3  3  3  3  3  3  3  3  3  3  2  2  2  2  2  2  2  2  2  2  2  2  2  1  1  1  1  1  1     68
SEP   1  1  1  0  0  0  0  0  0  0  0  0  0  0  0  0  0  0  0  0  0  0  0  0  0  0  0  0  0  0         3
OCT   0  0  0  0  0  0  0  0  0  0  0  0  0  0  0  0  0  0  0  0  0  0  0  0  0  0  0  0  0  0  0      0
NOV   0  0  0  0  0  0  0  0  0  0  0  0  0  0  0  0  0  0  0  0  0  0  0  0  0  0  0  0  0  0         0
DEC   0  0  0  0  0  0  0  0  0  0  0  0  0  0  0  0  0  0  0  0  0  0  0  0  0  0  0  0  0  0  0      0
                                                                                                        
-------------------------------------------------------------------------------------------------       
 Total  Precipitation (Hundreths of an Inch)                                                            
 DAY  1  2  3  4  5  6  7  8  9 10 11 12 13 14 15 16 17 18 19 20 21 22 23 24 25 26 27 28 29 30 31  MONTH
-------------------------------------------------------------------------------------------------       
JAN  10 10 10 10 10 10 10 10 10 10 10 10 10 10 10 10 10 10 10 10 10 10 10 10  9  9  9  9  9  9  9    303
FEB   9  9  9  9  8  8  8  8  8  8  8  8  8  8  8  8  8  8  8  8  8  8  9  9  9  9  9  9             234
MAR   9  9  9 10 10 10 10 10 10 10 10 11 11 11 11 11 11 11 11 11 11 11 11 12 12 12 12 12 12 12 12    335
APR  12 12 12 12 12 12 12 12 12 12 12 13 13 13 12 12 12 12 12 12 12 12 12 12 12 12 12 12 12 12       363
MAY  12 12 12 12 12 11 11 11 11 12 12 12 12 12 12 12 12 12 12 12 12 12 12 12 13 13 13 13 13 13 13    375
JUN  14 14 14 14 14 14 14 15 15 15 15 15 15 15 15 15 15 15 15 15 15 15 15 15 14 14 14 14 14 14       437
JUL  14 14 13 13 13 13 13 13 13 13 12 12 12 12 12 12 12 12 12 12 12 12 12 12 12 12 12 12 11 11 12    382
AUG  12 12 12 12 12 12 12 12 12 12 12 12 12 12 12 12 12 12 12 12 12 12 12 12 13 13 13 13 13 13 13    379
SEP  13 13 13 13 14 14 14 14 14 14 14 14 14 14 14 14 13 13 13 13 13 13 13 13 13 12 12 12 12 12       397
OCT  12 12 11 11 11 11 11 11 11 10 10 10 10 10 10 10 10 10 10 10 10 10 10 10 10 10 10 10 10 11 11    323
NOV  11 11 11 11 11 11 11 11 11 11 12 12 12 12 12 12 12 12 12 12 12 11 11 11 11 11 11 11 11 11       341
DEC  11 11 10 10 10 10 10 10 10 10 10 10 10 10 10 10 10 10  9  9  9  9  9  9  9 10 10 10 10 10 10    305
                                                                                                        
