-------------------------------------------------------------------------------------------------       
 1971-2000 Daily/Monthly Station Normals                                                                
 Provided by National Climatic Data Center/NESDIS/NOAA                                                  
-------------------------------------------------------------------------------------------------       
 Station COOP ID:                           306623                                                      
 Station Name, State, Division, Call:       PISECO                             NY 03                    
 Latitude, Longitude, Elevation, Elements:  43 27 41 -074 31 23  1730   P                               
-------------------------------------------------------------------------------------------------       
 Total  Precipitation (Hundreths of an Inch)                                                            
 DAY  1  2  3  4  5  6  7  8  9 10 11 12 13 14 15 16 17 18 19 20 21 22 23 24 25 26 27 28 29 30 31  MONTH
-------------------------------------------------------------------------------------------------       
JAN  17 17 17 17 17 17 18 18 18 18 18 18 18 18 18 18 17 17 17 17 17 17 17 17 16 16 16 16 16 15 15    528
FEB  15 15 14 14 14 14 14 14 13 13 13 13 13 13 13 13 13 13 13 13 13 13 13 14 14 14 14 14             379
MAR  14 15 15 15 15 15 16 16 16 16 16 16 16 16 16 16 16 17 17 17 17 17 16 16 16 16 16 16 16 16 16    494
APR  16 16 15 15 15 15 15 15 15 15 15 15 15 15 15 15 15 14 14 14 14 14 14 14 15 15 15 15 15 15       445
MAY  15 15 15 15 15 15 15 15 15 15 15 15 15 15 15 15 15 16 16 16 16 16 16 16 16 16 16 16 16 16 16    479
JUN  16 16 16 16 16 16 16 16 16 16 16 16 16 16 16 16 16 15 15 15 15 15 15 15 15 15 15 15 15 15       467
JUL  15 15 15 15 15 15 15 15 15 15 15 15 15 15 15 14 14 14 14 14 14 14 14 14 14 14 14 14 14 14 15    450
AUG  14 14 14 15 15 15 15 15 15 15 15 15 15 15 15 15 15 15 15 15 16 16 16 16 16 16 16 16 16 16 17    474
SEP  17 17 17 17 17 17 17 17 17 17 17 18 18 18 18 18 18 17 17 17 17 17 17 17 17 17 17 17 17 16       515
OCT  16 16 16 16 16 16 16 16 15 15 15 15 15 15 15 15 15 15 16 16 16 16 16 16 16 16 16 17 17 17 17    490
NOV  17 17 18 18 18 18 18 18 18 19 19 19 19 19 19 19 19 19 19 19 19 19 19 18 18 18 18 18 18 18       552
DEC  18 17 17 17 17 17 17 16 16 16 16 16 16 16 16 16 16 16 16 16 16 16 16 16 16 16 16 16 17 17 17    507
                                                                                                        
