-------------------------------------------------------------------------------------------------       
 1971-2000 Daily/Monthly Station Normals                                                                
 Provided by National Climatic Data Center/NESDIS/NOAA                                                  
-------------------------------------------------------------------------------------------------       
 Station COOP ID:                           303138                                                      
 Station Name, State, Division, Call:       GARDINER 1 W                       NY 05                    
 Latitude, Longitude, Elevation, Elements:  41 41 00 -074 09 00   320   P                               
-------------------------------------------------------------------------------------------------       
 Total  Precipitation (Hundreths of an Inch)                                                            
 DAY  1  2  3  4  5  6  7  8  9 10 11 12 13 14 15 16 17 18 19 20 21 22 23 24 25 26 27 28 29 30 31  MONTH
-------------------------------------------------------------------------------------------------       
JAN  12 12 12 12 12 12 12 12 12 13 12 12 12 12 12 12 12 12 12 12 12 12 12 12 12 12 12 11 11 11 11    369
FEB  11 10 10 10 10 10 10 10 10 10 10 10 10 10 10 10 10 10 10 10 10 10 10 10 11 11 11 11             285
MAR  11 11 12 12 12 12 12 12 12 13 13 13 13 13 13 13 13 13 13 13 13 13 13 13 13 13 13 13 13 13 13    392
APR  13 13 13 13 13 13 13 13 12 12 12 12 12 12 13 13 13 13 13 13 13 13 13 13 13 13 13 13 13 14       385
MAY  14 14 14 14 14 14 14 14 14 14 14 15 15 15 15 15 14 14 14 14 14 14 14 14 14 14 14 14 14 14 13    438
JUN  13 13 13 13 13 13 13 12 12 12 12 12 12 12 12 12 12 12 12 12 12 12 12 12 12 13 13 13 13 13       372
JUL  13 13 13 13 13 13 13 13 14 14 14 14 14 14 14 14 14 14 14 14 13 13 13 13 13 13 13 13 13 13 13    415
AUG  12 12 12 12 12 12 12 12 12 12 12 12 12 12 11 11 12 12 12 12 12 12 12 12 12 12 12 12 12 13 13    372
SEP  13 13 13 13 13 13 14 14 14 14 14 14 14 14 14 14 14 13 13 13 13 13 13 13 13 12 12 12 12 11       395
OCT  11 11 11 11 11 10 10 10 10 10 10 10 10  9  9  9  9  9  9  9  9  9 10 10 10 10 10 10 10 10 11    307
NOV  11 11 11 11 11 12 12 12 12 12 12 12 12 12 12 12 13 13 13 13 13 13 13 13 13 12 12 12 12 12       364
DEC  12 12 12 12 12 12 12 12 12 12 12 12 11 11 11 11 11 11 11 11 11 11 12 12 12 12 12 12 12 12 12    362
                                                                                                        
