-------------------------------------------------------------------------------------------------       
 1971-2000 Daily/Monthly Station Normals                                                                
 Provided by National Climatic Data Center/NESDIS/NOAA                                                  
-------------------------------------------------------------------------------------------------       
 Station COOP ID:                           301012                                                      
 Station Name, State, Division, Call:       BUFFALO NIAGARA INTL               NY 09 BUF                
 Latitude, Longitude, Elevation, Elements:  42 56 27 -078 44 09   705 XNP                               
-------------------------------------------------------------------------------------------------       
 Minimum Temperature (deg F [tenths deg F for monthly])                                                 
 DAY  1  2  3  4  5  6  7  8  9 10 11 12 13 14 15 16 17 18 19 20 21 22 23 24 25 26 27 28 29 30 31  MONTH
-------------------------------------------------------------------------------------------------       
JAN  20 19 19 19 19 19 19 18 18 18 18 18 18 18 18 18 18 17 17 17 17 17 17 17 17 17 17 17 17 17 17    178
FEB  17 17 17 17 17 17 17 18 18 18 18 18 18 18 18 19 19 19 19 19 20 20 20 20 20 21 21 21             186
MAR  21 22 22 22 23 23 23 23 24 24 24 25 25 25 26 26 26 27 27 27 28 28 28 29 29 29 30 30 30 31 31    261
APR  31 32 32 32 33 33 33 34 34 34 35 35 35 36 36 37 37 37 38 38 38 39 39 39 40 40 41 41 41 42       364
MAY  42 43 43 43 44 44 45 45 45 46 46 46 47 47 47 48 48 49 49 49 50 50 50 51 51 51 51 52 52 52 53    477
JUN  53 53 54 54 54 55 55 55 55 56 56 56 56 57 57 57 57 58 58 58 58 59 59 59 59 59 60 60 60 60       569
JUL  60 61 61 61 61 61 61 62 62 62 62 62 62 62 62 62 62 62 63 63 63 63 63 63 63 63 63 63 63 62 62    621
AUG  62 62 62 62 62 62 62 62 62 62 62 61 61 61 61 61 61 60 60 60 60 60 59 59 59 59 59 58 58 58 58    605
SEP  57 57 57 56 56 56 56 55 55 55 54 54 54 54 53 53 53 52 52 52 51 51 51 50 50 49 49 49 48 48       529
OCT  48 47 47 47 46 46 45 45 45 44 44 44 43 43 43 42 42 42 42 41 41 41 40 40 40 40 39 39 39 38 38    426
NOV  38 38 37 37 37 37 36 36 36 36 35 35 35 34 34 34 33 33 33 32 32 32 31 31 31 30 30 30 29 29       337
DEC  28 28 28 27 27 27 26 26 26 25 25 25 24 24 24 23 23 23 22 22 22 22 21 21 21 21 21 20 20 20 20    236
                                                                                                        
-------------------------------------------------------------------------------------------------       
 Maximum Temperature (deg F [tenths deg F for monthly])                                                 
 DAY  1  2  3  4  5  6  7  8  9 10 11 12 13 14 15 16 17 18 19 20 21 22 23 24 25 26 27 28 29 30 31  MONTH
-------------------------------------------------------------------------------------------------       
JAN  32 32 32 32 32 31 31 31 31 31 31 31 31 31 31 31 31 31 31 31 31 30 30 31 31 31 31 31 31 31 31    311
FEB  31 31 31 31 31 31 32 32 32 32 32 32 33 33 33 33 33 34 34 34 35 35 35 35 36 36 36 37             332
MAR  37 37 38 38 38 39 39 40 40 40 41 41 41 42 42 42 43 43 44 44 44 45 45 45 46 46 47 47 47 48 48    425
APR  48 49 49 50 50 50 51 51 51 52 52 53 53 53 54 54 55 55 55 56 56 57 57 58 58 58 59 59 60 60       541
MAY  61 61 61 62 62 63 63 64 64 64 65 65 66 66 66 67 67 67 68 68 68 69 69 69 70 70 70 70 71 71 71    664
JUN  71 72 72 72 72 73 73 73 73 74 74 74 74 75 75 75 75 75 76 76 76 76 76 77 77 77 77 78 78 78       748
JUL  78 78 79 79 79 79 79 79 79 79 80 80 80 80 80 80 80 80 80 80 80 80 80 80 80 80 80 80 80 80 80    796
AUG  80 80 80 80 79 79 79 79 79 79 79 79 79 78 78 78 78 78 78 77 77 77 77 76 76 76 76 76 75 75 75    778
SEP  75 74 74 74 73 73 73 73 72 72 72 71 71 71 70 70 70 69 69 69 68 68 68 67 67 67 66 66 66 65       701
OCT  65 64 64 64 63 63 62 62 62 61 61 60 60 60 59 59 59 58 58 57 57 57 56 56 55 55 55 54 54 53 53    589
NOV  53 52 52 51 51 50 50 50 49 49 48 48 48 47 47 46 46 46 45 45 45 44 44 43 43 43 42 42 41 41       467
DEC  41 40 40 40 39 39 38 38 38 37 37 37 37 36 36 36 35 35 35 35 34 34 34 34 34 33 33 33 33 33 32    360
                                                                                                        
-------------------------------------------------------------------------------------------------       
 Average Temperature (deg F [tenths deg F for monthly])                                                 
 DAY  1  2  3  4  5  6  7  8  9 10 11 12 13 14 15 16 17 18 19 20 21 22 23 24 25 26 27 28 29 30 31  MONTH
-------------------------------------------------------------------------------------------------       
JAN  26 26 26 25 25 25 25 25 25 25 25 25 24 24 24 24 24 24 24 24 24 24 24 24 24 24 24 24 24 24 24    245
FEB  24 24 24 24 24 24 25 25 25 25 25 25 25 25 26 26 26 26 27 27 27 27 27 28 28 28 29 29             259
MAR  29 30 30 30 31 31 31 31 32 32 33 33 33 34 34 34 35 35 35 36 36 36 37 37 37 38 38 38 39 39 39    343
APR  40 40 41 41 41 42 42 42 43 43 43 44 44 45 45 45 46 46 47 47 47 48 48 49 49 49 50 50 51 51       453
MAY  51 52 52 53 53 53 54 54 55 55 55 56 56 56 57 57 58 58 58 59 59 59 60 60 60 60 61 61 61 62 62    570
JUN  62 62 63 63 63 64 64 64 64 65 65 65 65 66 66 66 66 66 67 67 67 67 68 68 68 68 68 69 69 69       658
JUL  69 70 70 70 70 70 70 70 71 71 71 71 71 71 71 71 71 71 71 71 71 71 72 72 72 71 71 71 71 71 71    708
AUG  71 71 71 71 71 71 71 70 70 70 70 70 70 70 70 69 69 69 69 69 68 68 68 68 68 67 67 67 67 66 66    691
SEP  66 66 65 65 65 65 64 64 64 63 63 63 62 62 62 61 61 61 61 60 60 59 59 59 58 58 58 57 57 57       615
OCT  56 56 55 55 55 54 54 53 53 53 52 52 52 51 51 51 50 50 50 49 49 49 48 48 47 47 47 47 46 46 46    507
NOV  45 45 45 44 44 44 43 43 43 42 42 41 41 41 40 40 40 39 39 39 38 38 38 37 37 36 36 36 35 35       402
DEC  35 34 34 33 33 33 32 32 32 31 31 31 30 30 30 30 29 29 29 28 28 28 28 28 27 27 27 27 26 26 26    298
                                                                                                        
-------------------------------------------------------------------------------------------------       
 Heating Degree Days                                                                                    
 DAY  1  2  3  4  5  6  7  8  9 10 11 12 13 14 15 16 17 18 19 20 21 22 23 24 25 26 27 28 29 30 31  MONTH
-------------------------------------------------------------------------------------------------       
JAN  39 39 39 39 40 40 40 40 40 40 40 41 41 41 41 41 41 41 41 41 41 41 41 41 41 41 41 41 41 41 41   1256
FEB  41 41 41 41 41 41 41 41 41 41 41 40 40 40 40 40 40 39 39 39 39 38 38 38 38 37 37 37            1110
MAR  36 36 36 35 35 35 34 34 33 33 33 32 32 32 31 31 31 30 30 30 29 29 29 28 28 27 27 27 26 26 26    961
APR  25 25 25 24 24 23 23 23 22 22 22 21 21 20 20 20 19 19 18 18 18 17 17 17 16 16 15 15 15 14       594
MAY  14 13 13 13 12 12 11 11 11 10 10 10  9  9  9  8  8  8  7  7  7  7  6  6  6  6  5  5  5  5  5    268
JUN   4  4  4  4  4  3  3  3  3  3  3  2  2  2  2  2  2  2  2  1  1  1  1  1  1  1  1  1  1  1        65
JUL   1  1  1  1  1  1  1  1  0  0  0  0  0  0  0  0  0  0  0  0  0  0  0  0  0  0  0  0  0  0  0      8
AUG   0  0  0  0  0  0  0  0  0  0  0  0  0  0  0  1  1  1  1  1  1  1  1  1  1  1  2  2  2  2  2     21
SEP   2  2  2  2  3  3  3  3  3  3  4  4  4  4  5  5  5  5  6  6  6  6  7  7  7  8  8  8  9  9       149
OCT   9  9 10 10 10 11 11 12 12 12 13 13 13 14 14 14 15 15 15 16 16 16 17 17 17 18 18 18 19 19 19    442
NOV  20 20 20 20 21 21 22 22 22 23 23 23 24 24 24 25 25 25 26 26 26 27 27 28 28 28 29 29 29 30       737
DEC  30 31 31 31 32 32 32 33 33 33 34 34 34 35 35 35 35 36 36 36 36 37 37 37 37 38 38 38 38 38 39   1081
                                                                                                        
-------------------------------------------------------------------------------------------------       
 Cooling Degree Days                                                                                    
 DAY  1  2  3  4  5  6  7  8  9 10 11 12 13 14 15 16 17 18 19 20 21 22 23 24 25 26 27 28 29 30 31  MONTH
-------------------------------------------------------------------------------------------------       
JAN   0  0  0  0  0  0  0  0  0  0  0  0  0  0  0  0  0  0  0  0  0  0  0  0  0  0  0  0  0  0  0      0
FEB   0  0  0  0  0  0  0  0  0  0  0  0  0  0  0  0  0  0  0  0  0  0  0  0  0  0  0  0               0
MAR   0  0  0  0  0  0  0  0  0  0  0  0  0  0  0  0  0  0  0  0  0  0  0  0  0  0  0  0  0  0  0      0
APR   0  0  0  0  0  0  0  0  0  0  0  0  0  0  0  0  0  0  0  0  0  0  0  0  0  0-99-99-99-99         4
MAY   0  0  0  0  0  0  0  1  1  1  1  1  1  1  1  1  1  1  1  1  1  1  1  1  1  1  1  2  2  2  2     28
JUN   2  2  2  2  2  2  2  2  3  3  3  3  3  3  3  3  3  4  4  4  4  4  4  4  5  5  5  5  5  5       101
JUL   5  5  6  6  6  6  6  6  6  6  6  7  7  7  7  7  7  7  7  7  7  7  7  7  7  7  7  7  7  7  6    203
AUG   7  6  6  6  6  6  6  6  6  6  6  6  6  5  5  5  5  5  5  5  5  5  4  4  4  4  4  4  4  3  3    158
SEP   3  3  3  3  3  2  2  2  2  2  2  2  2  2  2  1  1  1  1  1  1  1  1  1  1  1  1  1  1  1        50
OCT   1  1  1  1  0  0  0  0  0  0  0  0  0  0  0  0  0  0  0  0  0  0  0  0  0  0  0  0  0  0  0      4
NOV   0  0  0  0  0  0  0  0  0  0  0  0  0  0  0  0  0  0  0  0  0  0  0  0  0  0  0  0  0  0         0
DEC   0  0  0  0  0  0  0  0  0  0  0  0  0  0  0  0  0  0  0  0  0  0  0  0  0  0  0  0  0  0  0      0
                                                                                                        
-------------------------------------------------------------------------------------------------       
 Total  Precipitation (Hundreths of an Inch)                                                            
 DAY  1  2  3  4  5  6  7  8  9 10 11 12 13 14 15 16 17 18 19 20 21 22 23 24 25 26 27 28 29 30 31  MONTH
-------------------------------------------------------------------------------------------------       
JAN  11 11 11 11 11 11 11 11 11 11 11 11 10 10 10 10 10 10 10 10 10 10 10 10 10  9  9  9  9  9  9    316
FEB   9  9  9  9  9  9  9  9  9  9  8  8  8  8  8  8  8  8  8  8  9  9  9  9  9  9  9  9             242
MAR   9  9  9  9  9  9  9  9  9  9  9 10 10 10 10 10 10 10 10 10 10 10 10 10 10 10 10 10 10 10 10    299
APR  10 10 10 10 10 10 10 10 10 10 10 10 10 10 10 11 11 11 11 10 10 10 10 10 10 10 10 10 10 10       304
MAY  10 10 10 10 10 10 10 10 10 10 10 10 10 11 11 11 11 11 11 11 11 11 11 11 12 12 12 12 12 12 12    335
JUN  12 12 13 13 13 13 13 13 13 13 13 13 13 13 13 13 13 13 13 13 13 13 13 13 12 12 12 12 12 12       382
JUL  11 11 11 11 10 10 10 10 10 10 10 10 10 10 10 10 10  9 10 10 10 10 10 10 10 10 10 10 10 10 11    314
AUG  11 11 11 11 11 12 12 12 12 12 12 12 12 13 13 13 13 13 13 13 13 13 13 13 13 13 13 13 13 14 14    387
SEP  14 14 14 14 14 14 13 13 13 13 13 13 13 13 13 13 13 13 13 13 12 12 12 12 12 12 12 12 11 11       384
OCT  11 11 11 11 10 10 10 10 10 10 10 10 10 10 10 10 10 10 10 10 10 10 10 10 10 10 11 11 11 11 11    319
NOV  11 12 12 12 12 12 13 13 13 13 13 13 13 13 13 13 13 14 14 14 14 14 14 14 14 14 13 13 13 13       392
DEC  13 13 13 13 13 13 13 13 13 13 13 13 12 12 12 12 12 12 12 12 12 12 12 12 12 12 12 11 11 11 11    380
                                                                                                        
