-------------------------------------------------------------------------------------------------       
 1971-2000 Daily/Monthly Station Normals                                                                
 Provided by National Climatic Data Center/NESDIS/NOAA                                                  
-------------------------------------------------------------------------------------------------       
 Station COOP ID:                           306957                                                      
 Station Name, State, Division, Call:       RAY BROOK                          NY 03                    
 Latitude, Longitude, Elevation, Elements:  44 17 46 -074 06 10  1620 XNP                               
-------------------------------------------------------------------------------------------------       
 Minimum Temperature (deg F [tenths deg F for monthly])                                                 
 DAY  1  2  3  4  5  6  7  8  9 10 11 12 13 14 15 16 17 18 19 20 21 22 23 24 25 26 27 28 29 30 31  MONTH
-------------------------------------------------------------------------------------------------       
JAN   5  5  5  4  4  4  4  4  3  3  3  3  3  3  2  2  2  2  2  2  2  2  2  2  2  2  2  2  1  1  1     27
FEB   2  2  2  2  2  2  2  2  2  2  2  2  3  3  3  3  3  4  4  4  4  5  5  5  6  6  6  7              34
MAR   7  7  8  8  9  9  9 10 10 10 11 11 12 12 13 13 13 14 14 15 15 16 16 16 17 17 18 18 19 19 20    131
APR  20 21 21 22 22 23 23 23 24 24 25 25 26 26 26 27 27 28 28 29 29 29 30 30 31 31 31 32 32 33       266
MAY  33 33 34 34 34 35 35 36 36 36 37 37 37 38 38 38 39 39 39 40 40 40 41 41 41 42 42 43 43 43 43    383
JUN  44 44 44 45 45 45 46 46 46 46 47 47 47 48 48 48 48 49 49 49 49 49 50 50 50 50 50 50 51 51       477
JUL  51 51 51 51 51 52 52 52 52 52 52 52 52 52 52 52 52 53 53 53 53 53 53 53 53 53 53 53 52 52 52    522
AUG  52 52 52 52 52 52 52 52 52 51 51 51 51 51 51 51 50 50 50 50 50 49 49 49 49 49 48 48 48 48 47    503
SEP  47 47 46 46 46 46 45 45 45 44 44 44 43 43 43 42 42 42 42 41 41 40 40 40 39 39 39 38 38 38       425
OCT  37 37 37 36 36 36 35 35 35 34 34 34 33 33 33 33 32 32 32 31 31 31 31 30 30 30 30 29 29 29 29    327
NOV  29 28 28 28 28 28 27 27 27 26 26 26 25 25 25 24 24 23 23 23 22 22 21 21 20 20 19 19 18 18       240
DEC  17 17 16 16 15 15 14 14 13 13 12 12 12 11 11 10 10  9  9  9  8  8  8  7  7  7  6  6  6  6  5    106
                                                                                                        
-------------------------------------------------------------------------------------------------       
 Maximum Temperature (deg F [tenths deg F for monthly])                                                 
 DAY  1  2  3  4  5  6  7  8  9 10 11 12 13 14 15 16 17 18 19 20 21 22 23 24 25 26 27 28 29 30 31  MONTH
-------------------------------------------------------------------------------------------------       
JAN  27 26 26 26 26 26 26 26 26 26 26 26 25 25 25 25 25 25 25 25 25 25 25 25 26 26 26 26 26 26 26    257
FEB  26 26 27 27 27 27 27 27 28 28 28 28 28 29 29 29 29 30 30 30 31 31 31 31 32 32 32 33             290
MAR  33 33 34 34 34 35 35 36 36 36 37 37 37 38 38 38 39 39 40 40 40 41 41 41 42 42 43 43 43 44 44    385
APR  44 45 45 45 46 46 47 47 48 48 48 49 49 50 50 51 51 52 52 53 53 54 54 55 55 56 56 57 57 58       507
MAY  58 59 59 60 60 61 61 62 62 63 63 64 64 65 65 65 66 66 66 67 67 68 68 68 68 69 69 69 70 70 70    649
JUN  70 70 71 71 71 71 71 72 72 72 72 73 73 73 73 73 74 74 74 74 74 75 75 75 75 75 75 76 76 76       732
JUL  76 76 77 77 77 77 77 77 77 77 78 78 78 78 78 78 78 78 78 78 78 78 78 78 78 78 78 78 78 78 78    776
AUG  78 78 78 78 78 78 77 77 77 77 77 77 77 77 76 76 76 76 76 75 75 75 75 75 74 74 74 73 73 73 73    759
SEP  72 72 72 71 71 71 70 70 70 69 69 69 68 68 68 67 67 67 66 66 65 65 65 64 64 63 63 63 62 62       673
OCT  61 61 61 60 60 59 59 58 58 58 57 57 56 56 55 55 55 54 54 53 53 52 52 52 51 51 50 50 49 49 49    550
NOV  48 48 47 47 46 46 45 45 45 44 44 43 43 42 42 41 41 41 40 40 39 39 38 38 38 37 37 36 36 35       417
DEC  35 35 34 34 33 33 33 32 32 32 31 31 31 30 30 30 30 29 29 29 29 28 28 28 28 27 27 27 27 27 27    302
                                                                                                        
-------------------------------------------------------------------------------------------------       
 Average Temperature (deg F [tenths deg F for monthly])                                                 
 DAY  1  2  3  4  5  6  7  8  9 10 11 12 13 14 15 16 17 18 19 20 21 22 23 24 25 26 27 28 29 30 31  MONTH
-------------------------------------------------------------------------------------------------       
JAN  16 15 15 15 15 15 15 15 14 14 14 14 14 14 14 14 14 14 14 14 14 14 13 13 14 14 14 14 14 14 14    142
FEB  14 14 14 14 14 14 15 15 15 15 15 15 16 16 16 16 16 17 17 17 18 18 18 18 19 19 19 20             162
MAR  20 20 21 21 22 22 22 23 23 23 24 24 25 25 25 26 26 26 27 27 28 28 29 29 29 30 30 31 31 31 32    258
APR  32 33 33 34 34 35 35 35 36 36 37 37 38 38 38 39 39 40 40 41 41 42 42 42 43 43 44 44 45 45       387
MAY  46 46 47 47 47 48 48 49 49 49 50 50 51 51 51 52 52 53 53 53 54 54 54 55 55 55 56 56 56 56 57    516
JUN  57 57 58 58 58 58 59 59 59 59 60 60 60 60 61 61 61 61 61 62 62 62 62 62 63 63 63 63 63 63       605
JUL  64 64 64 64 64 64 65 65 65 65 65 65 65 65 65 65 65 65 65 65 65 65 66 66 66 65 65 65 65 65 65    649
AUG  65 65 65 65 65 65 65 65 64 64 64 64 64 64 64 63 63 63 63 63 62 62 62 62 62 61 61 61 60 60 60    631
SEP  60 59 59 59 58 58 58 57 57 57 57 56 56 56 55 55 54 54 54 53 53 53 52 52 52 51 51 51 50 50       549
OCT  49 49 49 48 48 48 47 47 46 46 46 45 45 45 44 44 43 43 43 42 42 42 41 41 41 40 40 40 39 39 39    439
NOV  38 38 38 37 37 37 36 36 36 35 35 34 34 34 33 33 33 32 32 31 31 30 30 29 29 29 28 28 27 27       329
DEC  26 26 25 25 24 24 24 23 23 22 22 21 21 21 20 20 20 19 19 19 18 18 18 18 17 17 17 17 16 16 16    204
                                                                                                        
-------------------------------------------------------------------------------------------------       
 Heating Degree Days                                                                                    
 DAY  1  2  3  4  5  6  7  8  9 10 11 12 13 14 15 16 17 18 19 20 21 22 23 24 25 26 27 28 29 30 31  MONTH
-------------------------------------------------------------------------------------------------       
JAN  49 50 50 50 50 50 50 50 51 51 51 51 51 51 51 51 51 51 51 51 51 51 52 52 52 51 51 51 51 51 51   1575
FEB  51 51 51 51 51 51 50 50 50 50 50 50 50 49 49 49 49 48 48 48 48 47 47 47 46 46 46 45            1368
MAR  45 45 44 44 44 43 43 42 42 42 41 41 40 40 40 39 39 39 38 38 37 37 36 36 36 35 35 34 34 34 33   1216
APR  33 32 32 31 31 31 30 30 29 29 28 28 27 27 27 26 26 25 25 24 24 23 23 23 22 22 21 21 20 20       790
MAY  19 19 18 18 18 17 17 16 16 15 15 15 14 14 14 13 13 12 12 12 12 11 11 11 10 10 10  9  9  9  9    418
JUN   8  8  8  8  7  7  7  7  7  6  6  6  6  6  5  5  5  5  5  5  4  4  4  4  4  4  4  3  3  3       164
JUL   3  3  3  3  3  3  2  2  2  2  2  2  2  2  2  2  2  2  2  2  2  2  2  2  2  2  2  2  2  2  2     68
AUG   2  2  2  2  2  2  2  2  2  2  2  3  3  3  3  3  3  3  3  4  4  4  4  4  4  5  5  5  5  6  6    102
SEP   6  6  6  7  7  7  7  8  8  8  9  9  9 10 10 10 10 11 11 11 12 12 13 13 13 14 14 14 15 15       305
OCT  16 16 16 17 17 17 18 18 19 19 19 20 20 21 21 21 22 22 22 23 23 23 24 24 24 25 25 25 26 26 26    655
NOV  27 27 27 28 28 28 29 29 29 30 30 31 31 31 32 32 33 33 33 34 34 35 35 36 36 37 37 37 38 38       965
DEC  39 39 40 40 41 41 42 42 42 43 43 43 44 44 45 45 45 46 46 46 47 47 47 47 48 48 48 48 49 49 49   1383
                                                                                                        
-------------------------------------------------------------------------------------------------       
 Cooling Degree Days                                                                                    
 DAY  1  2  3  4  5  6  7  8  9 10 11 12 13 14 15 16 17 18 19 20 21 22 23 24 25 26 27 28 29 30 31  MONTH
-------------------------------------------------------------------------------------------------       
JAN   0  0  0  0  0  0  0  0  0  0  0  0  0  0  0  0  0  0  0  0  0  0  0  0  0  0  0  0  0  0  0      0
FEB   0  0  0  0  0  0  0  0  0  0  0  0  0  0  0  0  0  0  0  0  0  0  0  0  0  0  0  0               0
MAR   0  0  0  0  0  0  0  0  0  0  0  0  0  0  0  0  0  0  0  0  0  0  0  0  0  0  0  0  0  0  0      0
APR   0  0  0  0  0  0  0  0  0  0  0  0  0  0  0  0  0  0  0  0  0  0  0  0  0  0  0  0  0  0         0
MAY   0  0  0  0  0  0  0  0  0  0  0  0  0  0  0  0  0  0  0  0  0  0  0  0  0  0  0  0  0-99-99      2
JUN   0  0  0  0  0  0  0  0  0  1  1  1  1  1  1  1  1  1  1  1  1  1  1  1  1  1  1  1  2  2        23
JUL   2  2  2  2  2  2  2  2  2  2  2  2  2  2  2  2  2  3  3  3  3  2  2  2  2  2  2  2  2  2  2     66
AUG   2  2  2  2  2  2  2  2  2  2  2  1  1  1  1  1  1  1  1  1  1  1  1  1  1  1  1  1  1  1  0     41
SEP -99  0  0  0  0  0  0  0  0  0  0  0  0  0  0  0  0  0  0  0  0  0  0  0  0  0  0  0  0  0         1
OCT   0  0  0  0  0  0  0  0  0  0  0  0  0  0  0  0  0  0  0  0  0  0  0  0  0  0  0  0  0  0  0      0
NOV   0  0  0  0  0  0  0  0  0  0  0  0  0  0  0  0  0  0  0  0  0  0  0  0  0  0  0  0  0  0         0
DEC   0  0  0  0  0  0  0  0  0  0  0  0  0  0  0  0  0  0  0  0  0  0  0  0  0  0  0  0  0  0  0      0
                                                                                                        
-------------------------------------------------------------------------------------------------       
 Total  Precipitation (Hundreths of an Inch)                                                            
 DAY  1  2  3  4  5  6  7  8  9 10 11 12 13 14 15 16 17 18 19 20 21 22 23 24 25 26 27 28 29 30 31  MONTH
-------------------------------------------------------------------------------------------------       
JAN   9  9  9  9  9  9  9  9  9  9  9  9  9  9  9  9  9  9  9  9  9  8  8  8  8  8  8  8  8  8  8    269
FEB   8  8  8  8  8  8  8  8  7  7  7  7  7  7  7  7  7  7  7  7  8  8  8  8  8  8  8  8             212
MAR   8  8  8  8  8  8  8  8  9  9  9  9  9  9  9  9  9  9  9  9  9  9  9  9  9  9  9 10 10 10 10    275
APR  10 10 10 10 10 10 10 10 10 10 10 10 10 10 10 10 10 10 10 10 10 10 10 10 10 10 10 10 10 10       300
MAY  10 10 10 10 10 10 10 10 10 10 10 10 10 10 10 11 11 11 11 11 11 11 11 11 11 11 11 12 12 12 12    330
JUN  12 12 12 13 13 13 13 13 13 13 13 13 13 13 13 13 13 13 13 14 14 14 14 13 13 13 13 13 13 13       391
JUL  13 13 13 13 13 13 13 13 13 13 13 13 13 13 13 12 12 12 12 12 12 12 12 13 13 13 13 13 13 13 13    395
AUG  13 13 13 13 13 13 13 13 13 13 13 13 13 13 13 13 13 13 14 14 14 14 14 14 14 14 14 14 14 14 14    416
SEP  14 14 14 14 14 14 14 14 14 14 14 14 14 14 14 14 14 14 14 14 14 13 13 13 13 13 13 13 13 12       410
OCT  12 12 12 12 11 11 11 11 11 11 11 11 11 11 11 11 10 10 10 10 10 11 11 11 11 11 11 11 11 11 11    340
NOV  11 11 12 12 12 12 12 12 12 12 12 12 12 12 12 12 12 12 12 12 12 12 12 12 11 11 11 11 11 11       352
DEC  11 11 10 10 10 10 10 10 10 10  9  9  9  9  9  9  9  9  9  9  9  9  9  9  9  9  9  9  9  9  9    291
                                                                                                        
