-------------------------------------------------------------------------------------------------       
 1971-2000 Daily/Monthly Station Normals                                                                
 Provided by National Climatic Data Center/NESDIS/NOAA                                                  
-------------------------------------------------------------------------------------------------       
 Station COOP ID:                           306567                                                      
 Station Name, State, Division, Call:       PHOENICIA                          NY 02                    
 Latitude, Longitude, Elevation, Elements:  42 05 11 -074 18 51   870   P                               
-------------------------------------------------------------------------------------------------       
 Total  Precipitation (Hundreths of an Inch)                                                            
 DAY  1  2  3  4  5  6  7  8  9 10 11 12 13 14 15 16 17 18 19 20 21 22 23 24 25 26 27 28 29 30 31  MONTH
-------------------------------------------------------------------------------------------------       
JAN  14 15 15 15 15 15 15 15 16 16 16 16 16 16 16 16 16 16 16 16 15 15 15 15 15 15 15 14 14 14 14    472
FEB  14 13 13 13 13 12 12 12 12 12 12 12 12 12 12 12 12 12 12 12 12 12 12 12 12 13 13 13             345
MAR  13 13 14 14 14 14 14 15 15 15 15 15 15 15 15 15 15 15 16 16 16 16 16 16 16 16 16 15 15 15 15    465
APR  15 15 15 15 15 15 15 15 15 15 15 15 14 14 14 14 14 14 15 15 15 15 15 15 15 15 15 15 15 15       444
MAY  15 16 16 16 16 16 16 16 16 16 16 16 16 16 16 16 16 16 16 16 16 16 16 16 17 16 16 16 16 16 16    496
JUN  16 16 16 16 16 16 16 16 16 16 16 16 16 16 16 16 16 16 16 15 15 15 15 15 15 15 15 15 15 15       469
JUL  15 15 15 14 14 14 14 14 14 14 14 14 14 14 14 14 13 13 13 13 13 13 13 13 13 13 13 13 13 12 12    420
AUG  12 12 12 12 12 12 12 12 12 12 12 12 12 12 12 12 12 12 13 13 13 13 13 13 13 13 13 14 14 14 14    389
SEP  14 14 15 15 15 15 15 15 15 16 16 16 16 16 16 16 16 16 16 16 16 16 16 16 15 15 15 15 15 15       463
OCT  15 15 15 14 14 14 14 14 14 14 14 14 14 14 14 14 14 14 14 14 14 14 14 14 14 15 15 15 15 15 15    443
NOV  16 16 16 16 16 16 16 17 17 17 17 17 17 17 17 17 17 17 17 17 16 16 16 16 16 16 16 15 15 15       490
DEC  15 15 14 14 14 14 14 14 13 13 13 13 13 13 13 13 13 13 13 13 13 13 13 13 13 13 14 14 14 14 14    418
                                                                                                        
