-------------------------------------------------------------------------------------------------       
 1971-2000 Daily/Monthly Station Normals                                                                
 Provided by National Climatic Data Center/NESDIS/NOAA                                                  
-------------------------------------------------------------------------------------------------       
 Station COOP ID:                           673880                                                      
 Station Name, State, Division, Call:       HAM BLUFF LIGHTHOUSE               VI 02                    
 Latitude, Longitude, Elevation, Elements:  17 46 00 -064 52 00    80   P                               
-------------------------------------------------------------------------------------------------       
 Total  Precipitation (Hundreths of an Inch)                                                            
 DAY  1  2  3  4  5  6  7  8  9 10 11 12 13 14 15 16 17 18 19 20 21 22 23 24 25 26 27 28 29 30 31  MONTH
-------------------------------------------------------------------------------------------------       
JAN   9  9  9  8  8  8  8  8  8  8  7  7  7  7  7  7  7  7  7  7  7  7  7  7  7  7  6  6  6  6  7    226
FEB   6  7  7  7  7  7  7  7  7  7  7  7  7  6  6  6  6  6  6  6  6  6  6  6  6  6  6  6             180
MAR   6  6  6  6  6  6  6  6  6  6  6  6  6  6  6  6  6  6  6  6  6  7  7  7  7  7  7  8  8  8  8    200
APR   9  9  9  9 10 10 10 10 10 10 11 11 11 11 11 12 12 12 12 12 12 12 13 13 13 13 13 13 13 13       339
MAY  13 13 13 14 14 14 14 14 14 14 14 14 13 13 13 13 13 13 13 13 13 13 12 12 12 12 12 11 11 11 11    399
JUN  10 10 10 10 10  9  9  9  9  9  9  9  9  9  9  8  8  8  9  9  9  9  9  9  9  9  9  9 10 10       274
JUL  10 10 10 11 11 11 11 11 11 11 11 12 12 12 12 12 12 12 12 12 12 12 12 12 12 12 12 11 11 11 11    354
AUG  11 11 11 11 11 11 11 11 11 11 11 11 11 11 11 12 12 12 12 13 13 13 13 14 14 15 15 15 16 16 17    387
SEP  18 18 19 19 19 20 20 20 21 21 21 21 22 22 22 22 22 22 22 22 22 22 22 22 21 21 21 21 20 20       625
OCT  20 19 19 19 18 18 18 18 17 17 17 17 17 17 17 17 17 17 17 17 17 17 17 17 17 17 17 18 18 18 18    544
NOV  19 19 19 20 20 20 20 20 20 20 20 20 21 21 21 20 20 20 20 20 20 20 20 19 19 19 19 18 18 18       590
DEC  17 17 17 16 16 16 15 15 15 14 14 14 13 13 13 13 12 12 12 12 11 11 11 11 10 10 10 10 10  9  9    398
                                                                                                        
