-------------------------------------------------------------------------------------------------       
 1971-2000 Daily/Monthly Station Normals                                                                
 Provided by National Climatic Data Center/NESDIS/NOAA                                                  
-------------------------------------------------------------------------------------------------       
 Station COOP ID:                           268838                                                      
 Station Name, State, Division, Call:       WADSWORTH 4 N                      NV 01                    
 Latitude, Longitude, Elevation, Elements:  39 41 28 -119 17 25  4200 XNP                               
-------------------------------------------------------------------------------------------------       
 Minimum Temperature (deg F [tenths deg F for monthly])                                                 
 DAY  1  2  3  4  5  6  7  8  9 10 11 12 13 14 15 16 17 18 19 20 21 22 23 24 25 26 27 28 29 30 31  MONTH
-------------------------------------------------------------------------------------------------       
JAN  19 19 19 19 19 19 19 20 20 20 20 20 20 20 20 21 21 21 21 21 21 21 21 22 22 22 22 22 22 23 23    206
FEB  23 23 23 23 23 24 24 24 24 24 24 24 25 25 25 25 25 25 26 26 26 26 26 26 27 27 27 27             249
MAR  27 27 28 28 28 28 28 28 29 29 29 29 29 29 29 30 30 30 30 30 30 30 31 31 31 31 31 31 31 31 32    295
APR  32 32 32 32 32 32 32 33 33 33 33 33 34 34 34 34 34 35 35 35 35 36 36 36 36 37 37 37 37 38       343
MAY  38 38 39 39 39 40 40 40 40 41 41 41 42 42 42 42 43 43 43 43 44 44 44 44 45 45 45 45 45 46 46    422
JUN  46 46 47 47 47 47 47 48 48 48 48 49 49 49 49 50 50 50 50 50 51 51 51 52 52 52 52 53 53 53       495
JUL  53 54 54 54 54 54 55 55 55 55 55 55 56 56 56 56 56 56 56 56 56 56 56 56 56 56 56 56 56 56 56    554
AUG  56 55 55 55 55 55 55 55 54 54 54 54 54 53 53 53 53 53 52 52 52 52 51 51 51 51 50 50 50 50 49    528
SEP  49 49 48 48 48 48 47 47 47 46 46 46 45 45 45 44 44 44 43 43 43 42 42 42 41 41 40 40 40 39       444
OCT  39 39 38 38 37 37 37 36 36 36 35 35 35 34 34 34 34 33 33 33 32 32 32 32 31 31 31 30 30 30 30    340
NOV  30 29 29 29 29 28 28 28 28 27 27 27 27 26 26 26 25 25 25 25 24 24 24 23 23 23 23 22 22 22       258
DEC  21 21 21 21 20 20 20 20 20 19 19 19 19 19 19 19 18 18 18 18 18 18 18 18 18 18 18 18 18 19 19    190
                                                                                                        
-------------------------------------------------------------------------------------------------       
 Maximum Temperature (deg F [tenths deg F for monthly])                                                 
 DAY  1  2  3  4  5  6  7  8  9 10 11 12 13 14 15 16 17 18 19 20 21 22 23 24 25 26 27 28 29 30 31  MONTH
-------------------------------------------------------------------------------------------------       
JAN  45 45 45 45 45 45 45 45 45 45 45 45 45 45 45 45 45 46 46 46 46 46 47 47 47 47 47 48 48 48 49    459
FEB  49 49 50 50 50 51 51 51 52 52 52 52 53 53 53 53 54 54 54 54 55 55 55 55 56 56 56 56             529
MAR  56 57 57 57 57 57 58 58 58 58 58 59 59 59 59 59 59 60 60 60 60 60 61 61 61 61 61 62 62 62 62    593
APR  62 63 63 63 63 63 64 64 64 64 65 65 65 65 66 66 66 66 67 67 67 67 68 68 68 68 69 69 69 70       658
MAY  70 70 70 71 71 71 72 72 72 72 73 73 73 74 74 74 75 75 75 75 76 76 76 77 77 77 78 78 78 79 79    743
JUN  79 80 80 80 81 81 81 81 82 82 82 83 83 83 84 84 84 85 85 85 86 86 86 87 87 87 88 88 88 89       839
JUL  89 89 90 90 90 91 91 91 91 92 92 92 92 92 93 93 93 93 93 93 93 93 93 93 94 94 94 94 94 93 93    922
AUG  93 93 93 93 93 93 93 93 93 92 92 92 92 92 92 91 91 91 91 91 90 90 90 90 89 89 89 89 88 88 88    911
SEP  87 87 87 86 86 86 85 85 85 84 84 84 83 83 83 82 82 82 81 81 81 80 80 79 79 79 78 78 78 77       824
OCT  77 77 76 76 76 75 75 74 74 74 73 73 72 72 71 71 70 70 69 69 69 68 68 67 66 66 65 65 64 64 63    706
NOV  63 62 61 61 60 60 59 59 58 58 57 57 57 56 56 55 55 54 54 54 53 53 53 52 52 52 51 51 51 50       558
DEC  50 50 50 49 49 49 49 48 48 48 48 47 47 47 47 47 47 46 46 46 46 46 46 46 45 45 45 45 45 45 45    470
                                                                                                        
-------------------------------------------------------------------------------------------------       
 Average Temperature (deg F [tenths deg F for monthly])                                                 
 DAY  1  2  3  4  5  6  7  8  9 10 11 12 13 14 15 16 17 18 19 20 21 22 23 24 25 26 27 28 29 30 31  MONTH
-------------------------------------------------------------------------------------------------       
JAN  32 32 32 32 32 32 32 32 32 32 32 33 33 33 33 33 33 33 33 34 34 34 34 34 34 35 35 35 35 36 36    333
FEB  36 36 36 37 37 37 37 38 38 38 38 38 39 39 39 39 40 40 40 40 40 40 41 41 41 41 41 42             389
MAR  42 42 42 42 42 43 43 43 43 43 44 44 44 44 44 44 45 45 45 45 45 45 46 46 46 46 46 46 47 47 47    444
APR  47 47 47 48 48 48 48 48 49 49 49 49 49 50 50 50 50 51 51 51 51 51 52 52 52 53 53 53 53 54       501
MAY  54 54 55 55 55 55 56 56 56 57 57 57 58 58 58 58 59 59 59 59 60 60 60 61 61 61 61 62 62 62 62    583
JUN  63 63 63 63 64 64 64 65 65 65 65 66 66 66 66 67 67 67 68 68 68 69 69 69 69 70 70 70 71 71       667
JUL  71 71 72 72 72 72 73 73 73 73 74 74 74 74 74 74 74 74 75 75 75 75 75 75 75 75 75 75 75 75 74    738
AUG  74 74 74 74 74 74 74 74 74 73 73 73 73 73 73 72 72 72 72 71 71 71 71 70 70 70 70 69 69 69 69    720
SEP  68 68 68 67 67 67 66 66 66 65 65 65 64 64 64 63 63 63 62 62 62 61 61 60 60 60 59 59 59 58       634
OCT  58 58 57 57 57 56 56 55 55 55 54 54 53 53 53 52 52 52 51 51 50 50 50 49 49 48 48 48 47 47 46    523
NOV  46 46 45 45 45 44 44 43 43 43 42 42 42 41 41 40 40 40 39 39 39 38 38 38 38 37 37 37 36 36       408
DEC  36 35 35 35 35 34 34 34 34 33 33 33 33 33 33 33 32 32 32 32 32 32 32 32 32 32 32 32 32 32 32    330
                                                                                                        
-------------------------------------------------------------------------------------------------       
 Heating Degree Days                                                                                    
 DAY  1  2  3  4  5  6  7  8  9 10 11 12 13 14 15 16 17 18 19 20 21 22 23 24 25 26 27 28 29 30 31  MONTH
-------------------------------------------------------------------------------------------------       
JAN  33 33 33 33 33 33 33 33 33 33 33 33 32 32 32 32 32 32 32 31 31 31 31 31 31 30 30 30 30 29 29    984
FEB  29 29 29 28 28 28 28 27 27 27 27 27 26 26 26 26 25 25 25 25 25 24 24 24 24 24 24 23             730
MAR  23 23 23 23 23 22 22 22 22 22 21 21 21 21 21 21 20 20 20 20 20 20 19 19 19 19 19 19 18 18 18    639
APR  18 18 18 17 17 17 17 17 16 16 16 16 16 15 15 15 15 15 14 14 14 14 13 13 13 13 12 12 12 12       450
MAY  11 11 11 11 10 10 10  9  9  9  9  9  8  8  8  8  7  7  7  7  6  6  6  6  6  5  5  5  5  5  4    238
JUN   4  4  4  4  4  3  3  3  3  3  3  3  2  2  2  2  2  2  2  2  1  1  1  1  1  1  1  1  1  1        67
JUL   1  1  1  0  0  0  0  0  0  0  0  0  0  0  0  0  0  0  0  0  0  0  0  0  0  0  0  0  0  0  0      3
AUG   0  0  0  0  0  0  0  0  0  0  0  0  0  0  0  0  0  0  0  1  1  1  1  1  1  1  1  1  1  1  1     12
SEP   1  1  1  2  2  2  2  2  2  2  3  3  3  3  3  4  4  4  4  4  5  5  5  5  6  6  6  7  7  7       111
OCT   8  8  8  8  9  9 10 10 10 11 11 11 12 12 12 13 13 13 14 14 15 15 15 16 16 16 17 17 18 18 18    397
NOV  19 19 20 20 20 21 21 22 22 22 23 23 23 24 24 25 25 25 26 26 26 27 27 27 27 28 28 28 29 29       726
DEC  29 30 30 30 30 31 31 31 31 32 32 32 32 32 32 32 33 33 33 33 33 33 33 33 33 33 33 33 33 33 33    992
                                                                                                        
-------------------------------------------------------------------------------------------------       
 Cooling Degree Days                                                                                    
 DAY  1  2  3  4  5  6  7  8  9 10 11 12 13 14 15 16 17 18 19 20 21 22 23 24 25 26 27 28 29 30 31  MONTH
-------------------------------------------------------------------------------------------------       
JAN   0  0  0  0  0  0  0  0  0  0  0  0  0  0  0  0  0  0  0  0  0  0  0  0  0  0  0  0  0  0  0      0
FEB   0  0  0  0  0  0  0  0  0  0  0  0  0  0  0  0  0  0  0  0  0  0  0  0  0  0  0  0               0
MAR   0  0  0  0  0  0  0  0  0  0  0  0  0  0  0  0  0  0  0  0  0  0  0  0  0  0  0  0  0  0  0      0
APR   0  0  0  0  0  0  0  0  0  0  0  0  0  0  0  0  0  0  0  0  0  0  0  0  0  0  0  0-99-99         2
MAY   0  0  0  0  0  0  0  1  1  1  1  1  1  1  1  1  1  1  1  1  1  1  1  1  1  1  2  2  2  2  2     29
JUN   2  2  2  2  2  2  3  3  3  3  3  3  3  4  4  4  4  4  4  5  5  5  5  5  6  6  6  6  6  7       119
JUL   7  7  7  8  8  8  8  8  8  9  9  9  9  9  9  9  9  9  9  9 10 10 10 10 10 10 10 10  9  9  9    275
AUG   9  9  9  9  9  9  9  9  8  8  8  8  8  8  8  8  7  7  7  7  7  7  6  6  6  6  6  5  5  5  5    228
SEP   4  4  4  4  4  3  3  3  3  3  3  2  2  2  2  2  2  2  1  1  1  1  1  1  1  1  1  1  1  0        63
OCT -99-99  0  0  0  0  0  0  0  0  0  0  0  0  0  0  0  0  0  0  0  0  0  0  0  0  0  0  0  0  0      2
NOV   0  0  0  0  0  0  0  0  0  0  0  0  0  0  0  0  0  0  0  0  0  0  0  0  0  0  0  0  0  0         0
DEC   0  0  0  0  0  0  0  0  0  0  0  0  0  0  0  0  0  0  0  0  0  0  0  0  0  0  0  0  0  0  0      0
                                                                                                        
-------------------------------------------------------------------------------------------------       
 Total  Precipitation (Hundreths of an Inch)                                                            
 DAY  1  2  3  4  5  6  7  8  9 10 11 12 13 14 15 16 17 18 19 20 21 22 23 24 25 26 27 28 29 30 31  MONTH
-------------------------------------------------------------------------------------------------       
JAN   1  1  1  2  2  2  2  2  2  2  2  2  2  2  2  2  2  2  2  2  2  2  2  2  2  2  2  2  2  2  2     59
FEB   2  2  2  2  2  2  2  2  2  2  2  2  2  2  2  2  2  2  2  2  3  3  3  3  3  3  3  3              64
MAR   3  3  3  3  3  3  3  3  2  2  2  2  2  2  2  2  2  2  2  2  2  2  2  2  2  2  2  2  2  2  2     70
APR   2  2  2  2  2  2  2  2  2  2  2  2  1  1  1  1  1  1  1  1  1  1  1  1  1  1  1  1  1  2        43
MAY   1  1  1  1  1  1  1  1  1  1  2  2  2  2  2  2  2  2  2  2  2  2  2  2  2  2  2  2  2  2  2     52
JUN   2  2  2  2  2  2  2  2  2  2  2  2  2  2  2  2  2  2  2  2  2  2  2  2  2  1  1  1  1  1        55
JUL   2  2  2  2  2  1  1  1  1  1  1  1  1  1  1  1  1  1  1  1  1  1  1  1  1  1  1  1  1  1  1     36
AUG   1  1  1  1  1  1  0  0  0  0  1  1  1  1  1  1  1  1  1  1  1  1  1  1  1  1  1  1  1  1  1     27
SEP   2  2  2  2  2  2  2  2  2  2  2  2  2  2  2  3  2  2  2  2  2  2  2  2  2  2  2  2  2  2        61
OCT   2  2  2  2  2  2  1  1  1  1  1  1  1  1  1  1  1  1  1  1  1  1  1  1  1  1  1  1  1  1  1     37
NOV   1  1  1  1  1  1  1  1  1  1  1  2  2  2  2  2  2  2  2  2  2  2  2  2  2  2  2  2  2  2        49
DEC   2  2  2  2  2  2  2  2  2  1  1  1  1  1  1  1  1  1  1  1  1  1  2  2  2  2  2  2  2  2  2     49
                                                                                                        
