-------------------------------------------------------------------------------------------------       
 1971-2000 Daily/Monthly Station Normals                                                                
 Provided by National Climatic Data Center/NESDIS/NOAA                                                  
-------------------------------------------------------------------------------------------------       
 Station COOP ID:                           268761                                                      
 Station Name, State, Division, Call:       VIRGINIA CITY                      NV 01                    
 Latitude, Longitude, Elevation, Elements:  39 18 46 -119 38 54  6340 XNP                               
-------------------------------------------------------------------------------------------------       
 Minimum Temperature (deg F [tenths deg F for monthly])                                                 
 DAY  1  2  3  4  5  6  7  8  9 10 11 12 13 14 15 16 17 18 19 20 21 22 23 24 25 26 27 28 29 30 31  MONTH
-------------------------------------------------------------------------------------------------       
JAN  22 22 22 22 22 22 22 22 22 22 22 22 23 23 23 23 23 23 23 23 23 23 23 23 23 23 23 23 24 24 24    227
FEB  24 24 24 24 24 24 24 25 25 25 25 25 25 25 25 25 26 26 26 26 26 26 26 26 26 27 27 27             253
MAR  27 27 27 27 27 28 28 28 28 28 28 28 29 29 29 29 29 29 29 30 30 30 30 30 30 30 31 31 31 31 31    290
APR  31 31 32 32 32 32 32 33 33 33 33 33 33 34 34 34 34 35 35 35 35 35 36 36 36 36 37 37 37 37       341
MAY  38 38 38 39 39 39 39 40 40 40 40 41 41 41 42 42 42 42 43 43 43 43 44 44 44 44 45 45 45 46 46    418
JUN  46 46 47 47 47 48 48 48 48 49 49 49 50 50 50 50 51 51 51 52 52 52 52 53 53 53 54 54 54 55       503
JUL  55 55 56 56 56 56 57 57 57 57 58 58 58 58 58 58 59 59 59 59 59 59 59 59 59 59 59 59 59 59 59    579
AUG  59 59 59 59 59 59 59 59 58 58 58 58 58 58 58 58 57 57 57 57 57 56 56 56 56 55 55 55 55 54 54    572
SEP  54 53 53 53 53 52 52 52 51 51 51 50 50 50 49 49 49 49 48 48 48 47 47 47 46 46 46 45 45 45       493
OCT  44 44 44 44 43 43 43 42 42 42 41 41 41 40 40 40 39 39 39 38 38 37 37 37 36 36 36 35 35 35 34    395
NOV  34 33 33 33 32 32 32 31 31 31 30 30 30 30 29 29 29 28 28 28 28 27 27 27 27 26 26 26 26 26       293
DEC  25 25 25 25 25 25 24 24 24 24 24 24 24 24 23 23 23 23 23 23 23 23 23 23 23 23 22 22 22 22 22    235
                                                                                                        
-------------------------------------------------------------------------------------------------       
 Maximum Temperature (deg F [tenths deg F for monthly])                                                 
 DAY  1  2  3  4  5  6  7  8  9 10 11 12 13 14 15 16 17 18 19 20 21 22 23 24 25 26 27 28 29 30 31  MONTH
-------------------------------------------------------------------------------------------------       
JAN  40 40 40 40 40 40 40 40 40 40 40 40 40 40 40 40 40 40 40 40 40 40 40 40 40 41 41 41 41 41 41    402
FEB  41 41 41 42 42 42 42 42 42 42 42 43 43 43 43 43 43 43 44 44 44 44 44 44 45 45 45 45             430
MAR  45 45 46 46 46 46 46 46 47 47 47 47 47 47 48 48 48 48 48 49 49 49 49 49 50 50 50 50 50 51 51    479
APR  51 51 51 52 52 52 52 53 53 53 53 53 54 54 54 54 55 55 55 55 56 56 56 57 57 57 57 58 58 58       544
MAY  59 59 59 60 60 60 60 61 61 61 62 62 62 63 63 63 63 64 64 64 65 65 65 66 66 66 67 67 67 67 68    632
JUN  68 68 69 69 69 70 70 70 71 71 71 72 72 72 73 73 73 74 74 75 75 75 76 76 76 77 77 78 78 78       730
JUL  79 79 79 80 80 81 81 81 81 82 82 82 82 82 83 83 83 83 83 83 83 83 84 84 84 84 84 84 84 83 83    822
AUG  83 83 83 83 83 83 83 83 83 82 82 82 82 82 82 81 81 81 81 80 80 80 80 80 79 79 79 78 78 78 77    810
SEP  77 77 76 76 76 76 75 75 75 74 74 74 73 73 73 72 72 72 71 71 71 70 70 70 69 69 68 68 68 67       724
OCT  67 67 66 66 66 65 65 65 64 64 63 63 63 62 62 61 61 60 60 60 59 59 58 58 57 57 56 56 55 55 54    611
NOV  54 53 53 52 52 51 51 51 50 50 49 49 49 48 48 47 47 47 46 46 46 46 45 45 45 44 44 44 44 44       480
DEC  43 43 43 43 42 42 42 42 42 42 42 41 41 41 41 41 41 41 41 40 40 40 40 40 40 40 40 40 40 40 40    411
                                                                                                        
-------------------------------------------------------------------------------------------------       
 Average Temperature (deg F [tenths deg F for monthly])                                                 
 DAY  1  2  3  4  5  6  7  8  9 10 11 12 13 14 15 16 17 18 19 20 21 22 23 24 25 26 27 28 29 30 31  MONTH
-------------------------------------------------------------------------------------------------       
JAN  31 31 31 31 31 31 31 31 31 31 31 31 31 31 31 31 31 32 32 32 32 32 32 32 32 32 32 32 32 32 33    315
FEB  33 33 33 33 33 33 33 33 33 34 34 34 34 34 34 34 34 35 35 35 35 35 35 35 36 36 36 36             342
MAR  36 36 36 37 37 37 37 37 37 38 38 38 38 38 38 38 39 39 39 39 39 39 40 40 40 40 40 40 41 41 41    385
APR  41 41 42 42 42 42 42 43 43 43 43 43 44 44 44 44 44 45 45 45 45 46 46 46 47 47 47 47 48 48       443
MAY  48 48 49 49 49 50 50 50 50 51 51 51 52 52 52 52 53 53 53 54 54 54 55 55 55 55 56 56 56 57 57    525
JUN  57 57 58 58 58 59 59 59 60 60 60 61 61 61 61 62 62 62 63 63 63 64 64 64 65 65 66 66 66 67       617
JUL  67 67 68 68 68 69 69 69 69 70 70 70 70 70 71 71 71 71 71 71 71 71 71 71 71 72 72 71 71 71 71    701
AUG  71 71 71 71 71 71 71 71 71 70 70 70 70 70 70 69 69 69 69 69 68 68 68 68 67 67 67 67 66 66 66    691
SEP  65 65 65 65 64 64 64 63 63 63 62 62 62 61 61 61 60 60 60 59 59 59 59 58 58 58 57 57 57 56       609
OCT  56 56 55 55 54 54 54 53 53 53 52 52 52 51 51 50 50 50 49 49 48 48 48 47 47 46 46 46 45 45 44    503
NOV  44 43 43 43 42 42 41 41 41 40 40 40 39 39 39 38 38 38 37 37 37 36 36 36 36 35 35 35 35 35       387
DEC  34 34 34 34 34 34 33 33 33 33 33 33 32 32 32 32 32 32 32 32 32 32 31 31 31 31 31 31 31 31 31    323
                                                                                                        
-------------------------------------------------------------------------------------------------       
 Heating Degree Days                                                                                    
 DAY  1  2  3  4  5  6  7  8  9 10 11 12 13 14 15 16 17 18 19 20 21 22 23 24 25 26 27 28 29 30 31  MONTH
-------------------------------------------------------------------------------------------------       
JAN  34 34 34 34 34 34 34 34 34 34 34 34 34 34 34 34 34 34 34 33 33 33 33 33 33 33 33 33 33 33 33   1042
FEB  33 32 32 32 32 32 32 32 32 32 31 31 31 31 31 31 31 30 30 30 30 30 30 30 29 29 29 29             864
MAR  29 29 29 28 28 28 28 28 28 27 27 27 27 27 27 27 26 26 26 26 26 26 25 25 25 25 25 25 24 24 24    822
APR  24 24 24 23 23 23 23 23 22 22 22 22 22 21 21 21 21 20 20 20 20 20 19 19 19 19 18 18 18 17       628
MAY  17 17 17 16 16 16 16 15 15 15 14 14 14 14 13 13 13 13 12 12 12 11 11 11 11 10 10 10 10  9  9    406
JUN   9  9  8  8  8  7  7  7  7  7  6  6  6  6  5  5  5  5  5  4  4  4  4  4  4  3  3  3  3  3       165
JUL   3  2  2  2  2  2  2  2  2  2  2  1  1  1  1  1  1  1  1  1  1  1  1  1  1  1  1  1  1  1  1     43
AUG   0  1  1  1  1  1  1  1  1  1  1  1  1  1  1  1  1  1  1  2  2  2  2  2  2  2  2  3  3  3  3     46
SEP   3  4  4  4  4  4  4  5  5  5  5  5  6  6  6  6  7  7  7  7  8  8  8  8  9  9  9  9 10 10       192
OCT  10 10 11 11 11 12 12 12 13 13 13 14 14 14 15 15 15 16 16 16 17 17 17 18 18 19 19 19 20 20 21    468
NOV  21 22 22 22 23 23 24 24 24 25 25 25 26 26 27 27 27 27 28 28 28 29 29 29 29 30 30 30 30 30       790
DEC  31 31 31 31 31 32 32 32 32 32 32 32 33 33 33 33 33 33 33 33 33 33 34 34 34 34 34 34 34 34 34   1015
                                                                                                        
-------------------------------------------------------------------------------------------------       
 Cooling Degree Days                                                                                    
 DAY  1  2  3  4  5  6  7  8  9 10 11 12 13 14 15 16 17 18 19 20 21 22 23 24 25 26 27 28 29 30 31  MONTH
-------------------------------------------------------------------------------------------------       
JAN   0  0  0  0  0  0  0  0  0  0  0  0  0  0  0  0  0  0  0  0  0  0  0  0  0  0  0  0  0  0  0      0
FEB   0  0  0  0  0  0  0  0  0  0  0  0  0  0  0  0  0  0  0  0  0  0  0  0  0  0  0  0               0
MAR   0  0  0  0  0  0  0  0  0  0  0  0  0  0  0  0  0  0  0  0  0  0  0  0  0  0  0  0  0  0  0      0
APR   0  0  0  0  0  0  0  0  0  0  0  0  0  0  0  0  0  0  0  0  0  0  0  0  0-99-99-99-99-99         5
MAY   0  0  0  0  0  0  0  0  0  0  0  0  1  1  1  1  1  1  1  1  1  1  1  1  1  1  1  1  1  1  1     19
JUN   1  1  1  1  1  1  1  1  1  1  1  2  2  2  2  2  2  2  2  3  3  3  3  3  3  4  4  4  4  4        65
JUL   5  5  5  5  5  6  6  6  6  6  6  6  6  7  7  7  7  7  7  7  7  7  7  7  7  7  7  7  7  7  7    199
AUG   7  7  7  7  7  6  6  6  6  6  6  6  6  6  6  6  6  5  5  5  5  5  5  5  5  5  4  4  4  4  4    172
SEP   4  4  4  3  3  3  3  3  3  3  3  3  2  2  2  2  2  2  2  2  2  2  2  1  1  1  1  1  1  1        68
OCT   1  1  1  1  1  1  1  1  1  1  1  1  1  0  0  0  0  0  0  0  0  0  0  0  0  0  0  0  0  0  0     13
NOV   0  0  0  0  0  0  0  0  0  0  0  0  0  0  0  0  0  0  0  0  0  0  0  0  0  0  0  0  0  0         0
DEC   0  0  0  0  0  0  0  0  0  0  0  0  0  0  0  0  0  0  0  0  0  0  0  0  0  0  0  0  0  0  0      0
                                                                                                        
-------------------------------------------------------------------------------------------------       
 Total  Precipitation (Hundreths of an Inch)                                                            
 DAY  1  2  3  4  5  6  7  8  9 10 11 12 13 14 15 16 17 18 19 20 21 22 23 24 25 26 27 28 29 30 31  MONTH
-------------------------------------------------------------------------------------------------       
JAN   6  6  6  6  6  6  6  7  7  7  7  7  7  7  7  7  7  7  7  7  7  7  7  7  7  7  7  8  8  8  8    214
FEB   7  7  7  8  8  8  8  8  8  8  8  8  8  8  8  8  8  8  8  8  8  8  8  8  8  8  7  7             219
MAR   8  8  8  8  7  7  7  7  7  7  7  7  7  7  7  7  6  6  6  6  6  6  6  5  5  5  5  5  5  4  4    196
APR   4  4  4  3  3  3  3  3  3  2  2  2  2  2  2  2  2  2  2  2  2  2  2  2  2  2  2  2  2  2        72
MAY   2  3  3  3  3  3  3  3  3  3  3  3  3  3  3  3  3  3  3  3  3  3  3  3  3  3  3  3  3  3  3     92
JUN   3  3  3  3  3  3  3  3  3  3  2  2  2  2  2  2  2  2  2  2  2  2  2  2  2  2  2  2  2  2        70
JUL   2  2  1  1  1  1  1  1  1  1  1  1  1  1  1  1  1  1  1  1  1  1  1  1  1  1  1  1  1  1  1     33
AUG   1  1  1  1  1  1  1  1  1  1  1  1  1  1  1  1  1  1  1  1  1  1  2  2  2  2  2  2  2  2  2     40
SEP   2  2  2  2  2  2  2  2  2  2  2  2  2  2  2  2  2  2  2  3  3  3  2  2  2  2  2  2  2  2        63
OCT   2  2  2  2  2  2  2  2  2  2  2  2  2  2  3  3  3  3  3  3  3  3  3  3  4  4  4  4  4  4  4     86
NOV   5  5  5  5  5  5  5  5  6  6  6  6  6  6  6  6  6  6  6  6  6  6  6  6  6  6  6  6  6  6       172
DEC   6  6  6  6  6  6  6  6  5  5  5  5  5  5  5  5  5  5  5  5  5  5  6  6  6  6  6  6  6  6  6    172
                                                                                                        
