-------------------------------------------------------------------------------------------------       
 1971-2000 Daily/Monthly Station Normals                                                                
 Provided by National Climatic Data Center/NESDIS/NOAA                                                  
-------------------------------------------------------------------------------------------------       
 Station COOP ID:                           265392                                                      
 Station Name, State, Division, Call:       MOUNTAIN CITY R S                  NV 02                    
 Latitude, Longitude, Elevation, Elements:  41 50 15 -115 57 55  5650 XNP                               
-------------------------------------------------------------------------------------------------       
 Minimum Temperature (deg F [tenths deg F for monthly])                                                 
 DAY  1  2  3  4  5  6  7  8  9 10 11 12 13 14 15 16 17 18 19 20 21 22 23 24 25 26 27 28 29 30 31  MONTH
-------------------------------------------------------------------------------------------------       
JAN  10 10 10 10 10 10 10 10 11 11 11 11 11 11 11 11 11 11 11 11 12 12 12 12 12 12 12 12 12 12 12    111
FEB  13 13 13 13 13 13 13 13 14 14 14 14 14 14 15 15 15 15 16 16 16 16 16 17 17 17 17 18             148
MAR  18 18 19 19 19 19 20 20 20 20 21 21 21 21 21 21 22 22 22 22 22 22 23 23 23 23 23 23 23 23 23    212
APR  23 24 24 24 24 24 24 24 24 24 25 25 25 25 25 25 26 26 26 26 26 26 27 27 27 27 28 28 28 28       255
MAY  29 29 29 29 30 30 30 30 30 31 31 31 31 31 32 32 32 32 32 33 33 33 33 33 33 34 34 34 34 34 34    317
JUN  34 35 35 35 35 35 35 35 36 36 36 36 36 36 37 37 37 37 37 37 37 38 38 38 38 38 38 38 39 39       366
JUL  39 39 39 39 39 40 40 40 40 40 40 40 40 40 40 40 40 41 41 41 41 41 41 41 41 41 41 41 40 40 40    402
AUG  40 40 40 40 40 40 40 40 40 39 39 39 39 39 39 39 38 38 38 38 38 37 37 37 37 36 36 36 35 35 35    382
SEP  35 34 34 34 33 33 33 32 32 32 32 31 31 31 30 30 30 30 29 29 29 28 28 28 28 27 27 27 26 26       303
OCT  26 26 25 25 25 25 25 24 24 24 24 24 23 23 23 23 23 23 22 22 22 22 22 22 22 22 21 21 21 21 21    231
NOV  21 21 21 21 21 21 20 20 20 20 20 20 20 19 19 19 19 19 18 18 18 17 17 17 17 16 16 16 15 15       187
DEC  15 14 14 14 13 13 13 12 12 12 12 11 11 11 11 11 11 10 10 10 10 10 10 10 10 10 10 10 10 10 10    113
                                                                                                        
-------------------------------------------------------------------------------------------------       
 Maximum Temperature (deg F [tenths deg F for monthly])                                                 
 DAY  1  2  3  4  5  6  7  8  9 10 11 12 13 14 15 16 17 18 19 20 21 22 23 24 25 26 27 28 29 30 31  MONTH
-------------------------------------------------------------------------------------------------       
JAN  38 38 38 38 38 38 38 38 38 39 39 39 39 39 39 39 39 39 39 39 39 39 39 40 40 40 40 40 40 40 41    390
FEB  41 41 41 41 41 41 42 42 42 42 42 42 43 43 43 43 43 43 43 44 44 44 44 44 44 45 45 45             428
MAR  45 45 46 46 46 46 46 46 47 47 47 47 48 48 48 48 48 49 49 49 49 50 50 50 51 51 51 51 52 52 52    484
APR  53 53 53 53 54 54 54 55 55 55 56 56 56 56 57 57 57 57 58 58 58 58 59 59 59 59 59 60 60 60       566
MAY  60 61 61 61 61 61 62 62 62 62 63 63 63 64 64 64 64 65 65 65 65 66 66 66 67 67 67 68 68 68 69    642
JUN  69 69 70 70 70 71 71 72 72 72 73 73 73 74 74 75 75 75 76 76 76 77 77 78 78 78 79 79 80 80       744
JUL  80 81 81 82 82 82 83 83 83 83 84 84 84 84 85 85 85 85 85 86 86 86 86 86 86 86 86 86 86 86 86    843
AUG  86 86 86 86 86 86 86 86 85 85 85 85 85 85 84 84 84 84 84 83 83 83 83 82 82 82 82 81 81 81 80    839
SEP  80 80 79 79 78 78 78 77 77 77 76 76 76 75 75 75 74 74 74 73 73 73 72 72 72 71 71 71 71 70       749
OCT  70 70 69 69 69 68 68 67 67 67 66 66 65 65 65 64 64 63 63 62 62 61 60 60 59 59 58 57 57 56 56    636
NOV  55 54 54 53 52 52 51 51 50 50 49 49 48 48 47 47 46 46 46 45 45 45 44 44 44 43 43 43 42 42       476
DEC  42 42 42 41 41 41 41 41 40 40 40 40 40 40 40 39 39 39 39 39 39 39 39 39 39 39 39 38 38 38 38    397
                                                                                                        
-------------------------------------------------------------------------------------------------       
 Average Temperature (deg F [tenths deg F for monthly])                                                 
 DAY  1  2  3  4  5  6  7  8  9 10 11 12 13 14 15 16 17 18 19 20 21 22 23 24 25 26 27 28 29 30 31  MONTH
-------------------------------------------------------------------------------------------------       
JAN  24 24 24 24 24 24 24 24 25 25 25 25 25 25 25 25 25 25 25 25 25 26 26 26 26 26 26 26 26 26 27    251
FEB  27 27 27 27 27 27 27 28 28 28 28 28 28 29 29 29 29 29 30 30 30 30 30 30 31 31 31 31             288
MAR  32 32 32 32 32 33 33 33 33 34 34 34 34 34 35 35 35 35 35 36 36 36 36 36 37 37 37 37 38 38 38    348
APR  38 38 38 39 39 39 39 40 40 40 40 40 41 41 41 41 41 42 42 42 42 42 43 43 43 43 44 44 44 44       411
MAY  44 45 45 45 45 46 46 46 46 47 47 47 47 48 48 48 48 48 49 49 49 49 50 50 50 50 51 51 51 51 52    480
JUN  52 52 52 53 53 53 53 53 54 54 54 55 55 55 55 56 56 56 56 57 57 57 57 58 58 58 59 59 59 59       555
JUL  60 60 60 61 61 61 61 62 62 62 62 62 62 62 63 63 63 63 63 63 63 63 63 63 63 63 64 63 63 63 63    623
AUG  63 63 63 63 63 63 63 63 63 62 62 62 62 62 62 61 61 61 61 61 60 60 60 60 59 59 59 59 58 58 58    611
SEP  57 57 56 56 56 56 55 55 55 54 54 54 53 53 53 52 52 52 51 51 51 51 50 50 50 49 49 49 49 48       526
OCT  48 48 47 47 47 47 46 46 46 45 45 45 44 44 44 43 43 43 43 42 42 42 41 41 41 40 40 39 39 39 38    434
NOV  38 38 37 37 37 36 36 36 35 35 35 34 34 34 33 33 33 32 32 32 31 31 31 30 30 30 29 29 29 29       332
DEC  28 28 28 28 27 27 27 27 26 26 26 26 26 25 25 25 25 25 25 25 25 24 24 24 24 24 24 24 24 24 24    255
                                                                                                        
-------------------------------------------------------------------------------------------------       
 Heating Degree Days                                                                                    
 DAY  1  2  3  4  5  6  7  8  9 10 11 12 13 14 15 16 17 18 19 20 21 22 23 24 25 26 27 28 29 30 31  MONTH
-------------------------------------------------------------------------------------------------       
JAN  41 41 41 41 41 41 41 41 40 40 40 40 40 40 40 40 40 40 40 40 40 40 39 39 39 39 39 39 39 39 38   1238
FEB  38 38 38 38 38 38 38 37 37 37 37 37 37 36 36 36 36 36 35 35 35 35 35 35 34 34 34 34            1014
MAR  33 33 33 33 33 32 32 32 32 31 31 31 31 31 30 30 30 30 30 29 29 29 29 29 28 28 28 28 28 27 27    937
APR  27 27 27 26 26 26 26 26 25 25 25 25 25 24 24 24 24 23 23 23 23 23 22 22 22 22 21 21 21 21       719
MAY  21 20 20 20 20 19 19 19 19 18 18 18 18 17 17 17 17 17 16 16 16 16 15 15 15 15 14 14 14 14 13    527
JUN  13 13 13 12 12 12 12 11 11 11 11 10 10 10 10  9  9  9  9  9  8  8  8  8  7  7  7  7  6  6       288
JUL   6  6  5  5  5  5  5  5  4  4  4  4  4  4  4  3  3  3  3  3  3  3  3  3  3  3  3  3  3  3  3    118
AUG   3  3  3  3  3  3  3  3  3  4  4  4  4  4  4  4  5  5  5  5  5  6  6  6  6  7  7  7  7  8  8    148
SEP   8  8  9  9  9 10 10 10 11 11 11 11 12 12 12 13 13 13 13 14 14 14 15 15 15 16 16 16 16 17       373
OCT  17 17 18 18 18 18 19 19 19 20 20 20 21 21 21 22 22 22 23 23 23 23 24 24 25 25 25 26 26 26 27    672
NOV  27 27 28 28 28 29 29 29 30 30 31 31 31 31 32 32 32 33 33 33 34 34 34 35 35 35 36 36 36 37       956
DEC  37 37 37 38 38 38 38 38 39 39 39 39 39 40 40 40 40 40 40 40 40 41 41 41 41 41 41 41 41 41 41   1226
                                                                                                        
-------------------------------------------------------------------------------------------------       
 Cooling Degree Days                                                                                    
 DAY  1  2  3  4  5  6  7  8  9 10 11 12 13 14 15 16 17 18 19 20 21 22 23 24 25 26 27 28 29 30 31  MONTH
-------------------------------------------------------------------------------------------------       
JAN   0  0  0  0  0  0  0  0  0  0  0  0  0  0  0  0  0  0  0  0  0  0  0  0  0  0  0  0  0  0  0      0
FEB   0  0  0  0  0  0  0  0  0  0  0  0  0  0  0  0  0  0  0  0  0  0  0  0  0  0  0  0               0
MAR   0  0  0  0  0  0  0  0  0  0  0  0  0  0  0  0  0  0  0  0  0  0  0  0  0  0  0  0  0  0  0      0
APR   0  0  0  0  0  0  0  0  0  0  0  0  0  0  0  0  0  0  0  0  0  0  0  0  0  0  0  0  0  0         0
MAY   0  0  0  0  0  0  0  0  0  0  0  0  0  0  0  0  0  0  0  0  0  0  0  0  0  0  0  0  0  0  0      0
JUN   0  0  0  0  0  0  0  0  0  0  0  0  0  0  0  0  0  0  0  0  0  0  0  0  0  0  0  1  1  1         3
JUL   1  1  1  1  1  1  1  1  1  1  1  1  1  1  1  1  1  1  1  1  1  1  1  2  1  1  1  1  1  1  1     32
AUG   1  1  1  1  1  1  1  1  1  1  1  1  1  1  1  1  1  1  1  1  1  1  1  1  1  0  0  0  0  0  0     25
SEP -99-99  0  0  0  0  0  0  0  0  0  0  0  0  0  0  0  0  0  0  0  0  0  0  0  0  0  0  0  0         2
OCT   0  0  0  0  0  0  0  0  0  0  0  0  0  0  0  0  0  0  0  0  0  0  0  0  0  0  0  0  0  0  0      0
NOV   0  0  0  0  0  0  0  0  0  0  0  0  0  0  0  0  0  0  0  0  0  0  0  0  0  0  0  0  0  0         0
DEC   0  0  0  0  0  0  0  0  0  0  0  0  0  0  0  0  0  0  0  0  0  0  0  0  0  0  0  0  0  0  0      0
                                                                                                        
-------------------------------------------------------------------------------------------------       
 Total  Precipitation (Hundreths of an Inch)                                                            
 DAY  1  2  3  4  5  6  7  8  9 10 11 12 13 14 15 16 17 18 19 20 21 22 23 24 25 26 27 28 29 30 31  MONTH
-------------------------------------------------------------------------------------------------       
JAN   4  4  4  4  4  4  4  4  4  4  4  4  4  4  4  4  4  4  4  4  4  4  4  4  4  4  4  4  4  4  4    124
FEB   4  4  4  4  4  4  4  4  4  3  3  3  3  3  3  4  4  4  4  4  4  4  4  4  4  4  4  4             106
MAR   4  4  4  4  4  4  4  4  4  4  4  4  4  4  4  4  4  4  4  4  4  4  4  4  4  4  4  4  4  3  3    122
APR   4  3  3  3  3  3  3  3  3  3  3  3  3  3  3  4  4  4  4  4  4  4  4  4  4  4  5  5  5  5       110
MAY   5  5  6  6  6  6  6  6  6  6  6  6  6  6  7  7  7  6  6  6  6  6  6  6  6  6  6  6  5  5  5    184
JUN   5  5  5  4  4  4  4  4  4  3  3  3  3  3  3  3  3  3  3  2  2  2  2  2  2  2  2  2  2  2        91
JUL   2  2  2  2  2  2  2  2  2  2  2  2  2  2  2  2  2  2  2  2  2  2  1  1  1  1  1  1  1  1  1     53
AUG   1  1  1  1  1  1  1  1  1  1  1  1  1  1  1  1  1  1  1  1  1  1  2  2  2  2  2  2  2  2  2     40
SEP   2  2  2  2  3  3  3  3  3  3  3  3  3  3  3  3  3  3  3  3  3  3  3  3  3  3  3  3  3  3        86
OCT   3  3  3  3  3  3  3  3  3  3  3  3  3  3  3  3  3  3  3  3  4  4  4  4  4  4  4  4  4  4  4    104
NOV   4  4  4  4  4  4  4  4  4  5  5  5  5  5  5  5  5  5  5  5  5  5  5  5  5  5  5  5  4  4       139
DEC   5  4  4  4  4  4  4  4  4  4  4  4  4  4  4  4  4  4  4  4  4  4  4  4  4  4  4  4  4  4  4    125
                                                                                                        
