-------------------------------------------------------------------------------------------------       
 1971-2000 Daily/Monthly Station Normals                                                                
 Provided by National Climatic Data Center/NESDIS/NOAA                                                  
-------------------------------------------------------------------------------------------------       
 Station COOP ID:                           266779                                                      
 Station Name, State, Division, Call:       RENO CANNON INTL AP                NV 01 RNO                
 Latitude, Longitude, Elevation, Elements:  39 29 02 -119 46 16  4410 XNP                               
-------------------------------------------------------------------------------------------------       
 Minimum Temperature (deg F [tenths deg F for monthly])                                                 
 DAY  1  2  3  4  5  6  7  8  9 10 11 12 13 14 15 16 17 18 19 20 21 22 23 24 25 26 27 28 29 30 31  MONTH
-------------------------------------------------------------------------------------------------       
JAN  20 20 21 21 21 21 21 21 21 21 21 21 21 22 22 22 22 22 22 22 22 22 23 23 23 23 23 23 23 23 23    218
FEB  24 24 24 24 24 24 24 24 25 25 25 25 25 25 25 26 26 26 26 26 26 26 27 27 27 27 27 27             254
MAR  27 28 28 28 28 28 28 28 28 29 29 29 29 29 29 29 29 30 30 30 30 30 30 30 30 30 31 31 31 31 31    293
APR  31 31 31 31 31 32 32 32 32 32 32 32 33 33 33 33 33 33 34 34 34 34 35 35 35 35 35 36 36 36       332
MAY  37 37 37 37 38 38 38 38 39 39 39 39 40 40 40 40 41 41 41 41 41 42 42 42 42 42 43 43 43 43 43    402
JUN  44 44 44 44 44 45 45 45 45 45 46 46 46 46 46 47 47 47 47 47 48 48 48 48 48 49 49 49 49 49       465
JUL  50 50 50 50 50 50 51 51 51 51 51 51 51 52 52 52 52 52 52 52 52 52 52 52 52 52 52 52 52 52 52    514
AUG  52 52 52 52 51 51 51 51 51 51 51 51 51 50 50 50 50 50 50 49 49 49 49 49 49 48 48 48 48 47 47    499
SEP  47 47 47 46 46 46 46 45 45 45 44 44 44 44 43 43 43 42 42 42 42 41 41 41 40 40 40 39 39 39       431
OCT  38 38 38 37 37 37 37 36 36 36 35 35 35 34 34 34 34 33 33 33 33 32 32 32 31 31 31 31 31 30 30    340
NOV  30 30 29 29 29 29 28 28 28 28 27 27 27 27 27 26 26 26 26 25 25 25 25 24 24 24 24 23 23 23       264
DEC  23 23 22 22 22 22 21 21 21 21 21 21 21 21 20 20 20 20 20 20 20 20 20 20 20 20 20 20 20 20 20    207
                                                                                                        
-------------------------------------------------------------------------------------------------       
 Maximum Temperature (deg F [tenths deg F for monthly])                                                 
 DAY  1  2  3  4  5  6  7  8  9 10 11 12 13 14 15 16 17 18 19 20 21 22 23 24 25 26 27 28 29 30 31  MONTH
-------------------------------------------------------------------------------------------------       
JAN  44 44 44 44 44 44 44 44 45 45 45 45 45 45 45 45 45 45 46 46 46 46 46 46 47 47 47 47 48 48 48    455
FEB  48 49 49 49 50 50 50 50 51 51 51 51 52 52 52 52 52 53 53 53 53 53 54 54 54 54 54 54             517
MAR  55 55 55 55 55 55 55 56 56 56 56 56 57 57 57 57 57 57 58 58 58 58 58 59 59 59 59 60 60 60 60    572
APR  61 61 61 61 61 62 62 62 62 63 63 63 63 64 64 64 64 65 65 65 65 66 66 66 67 67 67 67 68 68       641
MAY  68 68 69 69 69 70 70 70 70 71 71 71 72 72 72 73 73 73 74 74 74 74 75 75 75 76 76 76 77 77 77    726
JUN  78 78 78 79 79 80 80 80 81 81 81 82 82 82 83 83 83 84 84 84 85 85 85 86 86 86 87 87 87 88       828
JUL  88 89 89 89 90 90 90 90 91 91 91 91 91 92 92 92 92 92 92 92 92 92 92 92 92 93 92 92 92 92 92    912
AUG  92 92 92 92 92 92 92 91 91 91 91 91 91 91 90 90 90 90 90 89 89 89 89 88 88 88 88 87 87 87 87    899
SEP  86 86 86 85 85 85 84 84 84 84 83 83 83 82 82 82 81 81 81 80 80 80 79 79 79 78 78 77 77 77       817
OCT  76 76 76 75 75 74 74 74 73 73 72 72 71 71 71 70 70 69 69 68 68 67 67 66 66 65 65 64 64 63 63    699
NOV  62 62 61 60 60 59 59 58 58 57 57 57 56 56 55 55 54 54 54 53 53 52 52 52 51 51 51 50 50 50       553
DEC  49 49 49 49 48 48 48 48 47 47 47 47 47 46 46 46 46 46 46 45 45 45 45 45 45 45 45 45 45 45 44    464
                                                                                                        
-------------------------------------------------------------------------------------------------       
 Average Temperature (deg F [tenths deg F for monthly])                                                 
 DAY  1  2  3  4  5  6  7  8  9 10 11 12 13 14 15 16 17 18 19 20 21 22 23 24 25 26 27 28 29 30 31  MONTH
-------------------------------------------------------------------------------------------------       
JAN  32 32 32 32 33 33 33 33 33 33 33 33 33 33 33 33 33 34 34 34 34 34 34 34 35 35 35 35 35 36 36    336
FEB  36 36 36 37 37 37 37 37 38 38 38 38 38 38 39 39 39 39 39 40 40 40 40 40 40 40 41 41             385
MAR  41 41 41 41 42 42 42 42 42 42 43 43 43 43 43 43 43 44 44 44 44 44 44 45 45 45 45 45 45 45 46    433
APR  46 46 46 46 46 47 47 47 47 47 48 48 48 48 48 49 49 49 49 49 50 50 50 50 51 51 51 51 52 52       486
MAY  52 53 53 53 53 54 54 54 54 55 55 55 56 56 56 56 57 57 57 58 58 58 58 59 59 59 59 60 60 60 60    564
JUN  61 61 61 62 62 62 62 63 63 63 63 64 64 64 65 65 65 65 66 66 66 66 67 67 67 68 68 68 68 69       647
JUL  69 69 70 70 70 70 70 71 71 71 71 71 71 72 72 72 72 72 72 72 72 72 72 72 72 72 72 72 72 72 72    713
AUG  72 72 72 72 72 72 71 71 71 71 71 71 71 70 70 70 70 70 70 69 69 69 69 69 68 68 68 68 67 67 67    699
SEP  67 66 66 66 66 65 65 65 64 64 64 64 63 63 63 62 62 62 61 61 61 60 60 60 60 59 59 58 58 58       624
OCT  57 57 57 56 56 56 55 55 55 54 54 54 53 53 52 52 52 51 51 51 50 50 49 49 49 48 48 48 47 47 46    520
NOV  46 46 45 45 44 44 44 43 43 43 42 42 42 41 41 41 40 40 40 39 39 39 38 38 38 37 37 37 37 36       409
DEC  36 36 36 35 35 35 35 35 34 34 34 34 34 34 33 33 33 33 33 33 33 33 33 33 33 32 32 32 32 32 32    336
                                                                                                        
-------------------------------------------------------------------------------------------------       
 Heating Degree Days                                                                                    
 DAY  1  2  3  4  5  6  7  8  9 10 11 12 13 14 15 16 17 18 19 20 21 22 23 24 25 26 27 28 29 30 31  MONTH
-------------------------------------------------------------------------------------------------       
JAN  33 33 33 33 33 33 33 33 33 32 32 32 32 32 32 32 32 32 32 31 31 31 31 31 31 31 30 30 30 30 30    984
FEB  29 29 29 29 29 29 28 28 28 28 28 27 27 27 27 27 27 26 26 26 26 26 25 25 25 25 25 25             756
MAR  24 24 24 24 24 24 23 23 23 23 23 23 23 22 22 22 22 22 22 21 21 21 21 21 21 20 20 20 20 20 20    683
APR  20 19 19 19 19 19 19 18 18 18 18 18 17 17 17 17 17 16 16 16 16 15 15 15 15 14 14 14 14 13       502
MAY  13 13 12 12 12 12 11 11 11 11 10 10 10 10  9  9  9  9  8  8  8  8  7  7  7  7  7  6  6  6  6    285
JUN   5  5  5  5  5  4  4  4  4  4  4  3  3  3  3  3  3  3  2  2  2  2  2  2  2  2  2  1  1  1        91
JUL   1  1  1  1  1  1  1  1  1  1  1  1  0  0  0  0  0  0  0  0  0  0  0  0  0  0  0  0  0  0  0     12
AUG   0  0  0  0  0  0  0  0  0  0  0  0  1  1  1  1  1  1  1  1  1  1  1  1  1  1  1  1  2  2  2     22
SEP   2  2  2  2  2  2  2  3  3  3  3  3  4  4  4  4  4  5  5  5  5  6  6  6  6  7  7  7  8  8       130
OCT   8  9  9  9  9 10 10 11 11 11 12 12 12 13 13 13 14 14 14 15 15 15 16 16 17 17 17 18 18 19 19    416
NOV  19 20 20 20 21 21 22 22 22 23 23 23 24 24 24 25 25 25 26 26 26 27 27 27 28 28 28 28 29 29       732
DEC  29 30 30 30 30 30 31 31 31 31 31 32 32 32 32 32 32 32 33 33 33 33 33 33 33 33 33 33 33 33 33    987
                                                                                                        
-------------------------------------------------------------------------------------------------       
 Cooling Degree Days                                                                                    
 DAY  1  2  3  4  5  6  7  8  9 10 11 12 13 14 15 16 17 18 19 20 21 22 23 24 25 26 27 28 29 30 31  MONTH
-------------------------------------------------------------------------------------------------       
JAN   0  0  0  0  0  0  0  0  0  0  0  0  0  0  0  0  0  0  0  0  0  0  0  0  0  0  0  0  0  0  0      0
FEB   0  0  0  0  0  0  0  0  0  0  0  0  0  0  0  0  0  0  0  0  0  0  0  0  0  0  0  0               0
MAR   0  0  0  0  0  0  0  0  0  0  0  0  0  0  0  0  0  0  0  0  0  0  0  0  0  0  0  0  0  0  0      0
APR   0  0  0  0  0  0  0  0  0  0  0  0  0  0  0  0  0  0  0  0  0  0  0  0  0  0  0  0  0  0         0
MAY   0  0  0  0  0  0  0  0  0  0  0  0  0  0  0  0  0  0  0  0  1  1  1  1  1  1  1  1  1  1  1     11
JUN   1  1  1  1  1  1  1  1  1  2  2  2  2  2  2  2  2  3  3  3  3  3  3  4  4  4  4  4  4  5        72
JUL   5  5  5  6  6  6  6  6  6  6  7  7  7  7  7  7  7  7  7  7  7  7  7  7  7  7  7  7  7  7  7    204
AUG   7  7  7  7  7  6  6  6  6  6  6  6  6  6  6  5  5  5  5  5  5  5  4  4  4  4  4  4  4  3  3    164
SEP   3  3  3  3  2  2  2  2  2  2  2  2  1  1  1  1  1  1  1  1  1  1  1  1  1  0  0  0  0  0        41
OCT -99  0  0  0  0  0  0  0  0  0  0  0  0  0  0  0  0  0  0  0  0  0  0  0  0  0  0  0  0  0  0      1
NOV   0  0  0  0  0  0  0  0  0  0  0  0  0  0  0  0  0  0  0  0  0  0  0  0  0  0  0  0  0  0         0
DEC   0  0  0  0  0  0  0  0  0  0  0  0  0  0  0  0  0  0  0  0  0  0  0  0  0  0  0  0  0  0  0      0
                                                                                                        
-------------------------------------------------------------------------------------------------       
 Total  Precipitation (Hundreths of an Inch)                                                            
 DAY  1  2  3  4  5  6  7  8  9 10 11 12 13 14 15 16 17 18 19 20 21 22 23 24 25 26 27 28 29 30 31  MONTH
-------------------------------------------------------------------------------------------------       
JAN   3  3  3  3  3  3  3  3  3  3  3  3  3  3  3  3  3  3  4  4  4  4  4  4  4  4  4  4  4  4  4    106
FEB   4  4  4  4  4  4  4  4  4  4  4  4  4  4  4  4  4  4  4  4  4  4  3  3  3  3  3  3             106
MAR   4  4  4  3  3  3  3  3  3  3  3  3  3  3  3  3  3  3  3  3  3  2  2  2  2  2  2  2  2  2  2     86
APR   2  2  2  2  1  1  1  1  1  1  1  1  1  1  1  1  1  1  1  1  1  1  1  1  1  1  1  1  1  2        35
MAY   2  2  2  2  2  2  2  2  2  2  2  2  2  2  2  2  2  2  2  2  2  2  2  2  2  2  2  2  2  2  2     62
JUN   2  2  2  2  2  2  2  2  2  2  2  2  2  2  2  2  2  1  1  1  1  1  1  1  1  1  1  1  1  1        47
JUL   1  1  1  1  1  1  1  1  1  1  1  1  1  1  1  1  1  1  1  1  1  1  1  1  0  0  0  0  0  0  0     24
AUG   0  0  0  0  1  1  1  1  1  1  1  1  1  1  1  1  1  1  1  1  1  1  1  1  1  1  1  1  1  1  1     27
SEP   1  1  1  1  1  1  1  1  2  2  2  2  2  2  2  2  2  2  2  2  2  2  2  1  1  1  1  1  1  1        45
OCT   1  1  1  1  1  1  1  1  1  1  1  1  1  1  1  1  1  1  1  1  2  2  2  2  2  2  2  2  2  2  2     42
NOV   2  2  2  2  2  2  2  2  2  2  3  3  3  3  3  3  3  3  3  3  3  3  3  3  3  3  3  3  3  3        80
DEC   3  3  3  3  3  3  3  3  3  3  2  2  2  2  2  3  3  3  3  3  3  3  3  3  3  3  3  3  3  3  3     88
                                                                                                        
