-------------------------------------------------------------------------------------------------       
 1971-2000 Daily/Monthly Station Normals                                                                
 Provided by National Climatic Data Center/NESDIS/NOAA                                                  
-------------------------------------------------------------------------------------------------       
 Station COOP ID:                           264700                                                      
 Station Name, State, Division, Call:       LOVELOCK DERBY AP                  NV 01 LOL                
 Latitude, Longitude, Elevation, Elements:  40 03 59 -118 33 55  3900 XNP                               
-------------------------------------------------------------------------------------------------       
 Minimum Temperature (deg F [tenths deg F for monthly])                                                 
 DAY  1  2  3  4  5  6  7  8  9 10 11 12 13 14 15 16 17 18 19 20 21 22 23 24 25 26 27 28 29 30 31  MONTH
-------------------------------------------------------------------------------------------------       
JAN  14 14 14 14 14 14 15 15 15 15 15 15 15 15 16 16 16 16 16 16 17 17 17 17 17 17 18 18 18 18 19    159
FEB  19 19 19 19 20 20 20 20 20 21 21 21 21 21 21 22 22 22 22 22 22 23 23 23 23 23 23 24             213
MAR  24 24 24 24 24 24 25 25 25 25 25 25 26 26 26 26 26 26 27 27 27 27 27 27 28 28 28 28 28 28 29    261
APR  29 29 29 29 30 30 30 30 30 31 31 31 31 32 32 32 32 33 33 33 33 34 34 34 34 35 35 35 36 36       321
MAY  36 37 37 37 38 38 38 39 39 39 39 40 40 40 41 41 41 41 42 42 42 42 43 43 43 43 44 44 44 44 45    407
JUN  45 45 45 45 46 46 46 46 47 47 47 47 47 48 48 48 48 49 49 49 49 50 50 50 50 51 51 51 51 52       481
JUL  52 52 52 53 53 53 53 53 54 54 54 54 54 54 54 54 54 55 55 55 55 55 55 55 55 54 54 54 54 54 54    539
AUG  54 54 54 53 53 53 53 53 53 52 52 52 52 52 51 51 51 51 51 50 50 50 50 49 49 49 48 48 48 48 47    510
SEP  47 47 46 46 46 46 45 45 45 44 44 44 43 43 43 42 42 42 41 41 41 40 40 40 39 39 38 38 38 37       424
OCT  37 37 36 36 35 35 35 34 34 34 33 33 32 32 32 31 31 31 30 30 30 29 29 28 28 28 27 27 27 26 26    314
NOV  26 25 25 25 24 24 24 23 23 23 22 22 22 21 21 21 21 20 20 20 19 19 19 19 18 18 18 17 17 17       211
DEC  16 16 16 16 16 15 15 15 15 15 14 14 14 14 14 14 14 14 14 14 14 14 14 13 13 14 14 14 14 14 14    144
                                                                                                        
-------------------------------------------------------------------------------------------------       
 Maximum Temperature (deg F [tenths deg F for monthly])                                                 
 DAY  1  2  3  4  5  6  7  8  9 10 11 12 13 14 15 16 17 18 19 20 21 22 23 24 25 26 27 28 29 30 31  MONTH
-------------------------------------------------------------------------------------------------       
JAN  41 41 40 40 40 41 41 41 41 41 41 41 41 41 41 41 42 42 42 42 42 43 43 43 44 44 44 45 45 45 46    421
FEB  46 46 47 47 48 48 48 49 49 49 50 50 50 51 51 51 51 52 52 52 53 53 53 53 53 54 54 54             505
MAR  54 55 55 55 55 55 56 56 56 56 57 57 57 57 57 58 58 58 58 59 59 59 59 60 60 60 60 60 61 61 61    577
APR  61 62 62 62 62 63 63 63 63 64 64 64 65 65 65 65 66 66 66 66 67 67 67 68 68 68 69 69 69 70       653
MAY  70 70 71 71 71 71 72 72 72 73 73 73 74 74 74 75 75 75 76 76 76 77 77 77 78 78 78 79 79 79 80    747
JUN  80 80 81 81 81 82 82 82 83 83 83 84 84 85 85 85 86 86 86 87 87 87 88 88 89 89 89 90 90 90       851
JUL  91 91 92 92 92 92 93 93 93 94 94 94 94 94 95 95 95 95 95 95 95 95 95 95 95 95 95 95 95 95 95    940
AUG  95 95 95 94 94 94 94 94 94 93 93 93 93 93 92 92 92 92 92 91 91 91 90 90 90 89 89 89 89 88 88    919
SEP  87 87 87 86 86 86 85 85 85 84 84 83 83 83 82 82 81 81 81 80 80 80 79 79 78 78 78 77 77 76       820
OCT  76 76 75 75 74 74 73 73 72 72 72 71 71 70 70 69 69 68 68 67 67 66 65 65 64 64 63 63 62 61 61    689
NOV  60 60 59 58 58 57 57 56 56 55 55 54 54 53 53 52 52 51 51 50 50 50 49 49 48 48 48 47 47 47       528
DEC  46 46 46 45 45 45 45 44 44 44 44 43 43 43 43 43 42 42 42 42 42 42 41 41 41 41 41 41 41 41 41    429
                                                                                                        
-------------------------------------------------------------------------------------------------       
 Average Temperature (deg F [tenths deg F for monthly])                                                 
 DAY  1  2  3  4  5  6  7  8  9 10 11 12 13 14 15 16 17 18 19 20 21 22 23 24 25 26 27 28 29 30 31  MONTH
-------------------------------------------------------------------------------------------------       
JAN  27 27 27 27 27 28 28 28 28 28 28 28 28 28 28 29 29 29 29 29 30 30 30 30 30 31 31 31 32 32 32    290
FEB  32 33 33 33 34 34 34 34 35 35 35 35 36 36 36 36 37 37 37 37 37 38 38 38 38 39 39 39             359
MAR  39 39 39 40 40 40 40 40 41 41 41 41 41 42 42 42 42 42 42 43 43 43 43 43 44 44 44 44 44 45 45    419
APR  45 45 46 46 46 46 46 47 47 47 47 48 48 48 48 49 49 49 50 50 50 50 51 51 51 52 52 52 52 53       487
MAY  53 53 54 54 54 55 55 55 56 56 56 57 57 57 57 58 58 58 59 59 59 60 60 60 60 61 61 61 62 62 62    577
JUN  62 63 63 63 63 64 64 64 65 65 65 66 66 66 66 67 67 67 68 68 68 69 69 69 69 70 70 70 71 71       666
JUL  71 72 72 72 72 73 73 73 73 74 74 74 74 74 74 75 75 75 75 75 75 75 75 75 75 75 75 75 75 75 74    740
AUG  74 74 74 74 74 74 74 73 73 73 73 73 72 72 72 72 72 71 71 71 71 70 70 70 69 69 69 69 68 68 68    715
SEP  67 67 67 66 66 66 65 65 65 64 64 63 63 63 62 62 62 61 61 61 60 60 60 59 59 58 58 58 57 57       622
OCT  56 56 56 55 55 55 54 54 53 53 52 52 52 51 51 50 50 49 49 49 48 48 47 47 46 46 45 45 44 44 44    502
NOV  43 43 42 42 41 41 40 40 39 39 39 38 38 37 37 37 36 36 35 35 35 34 34 34 33 33 33 32 32 32       370
DEC  31 31 31 31 30 30 30 30 30 29 29 29 29 29 29 28 28 28 28 28 28 28 28 27 27 27 27 27 27 27 27    287
                                                                                                        
-------------------------------------------------------------------------------------------------       
 Heating Degree Days                                                                                    
 DAY  1  2  3  4  5  6  7  8  9 10 11 12 13 14 15 16 17 18 19 20 21 22 23 24 25 26 27 28 29 30 31  MONTH
-------------------------------------------------------------------------------------------------       
JAN  38 38 38 38 38 37 37 37 37 37 37 37 37 37 37 36 36 36 36 36 35 35 35 35 35 34 34 34 34 33 33   1117
FEB  33 32 32 32 31 31 31 31 30 30 30 30 29 29 29 29 28 28 28 28 27 27 27 27 27 27 26 26             815
MAR  26 26 26 25 25 25 25 25 24 24 24 24 24 24 23 23 23 23 23 22 22 22 22 22 21 21 21 21 21 20 20    717
APR  20 20 19 19 19 19 19 18 18 18 18 17 17 17 17 16 16 16 16 15 15 15 14 14 14 14 13 13 13 13       492
MAY  12 12 12 11 11 11 11 10 10 10 10  9  9  9  8  8  8  8  8  7  7  7  7  6  6  6  6  5  5  5  5    259
JUN   5  4  4  4  4  4  3  3  3  3  3  3  2  2  2  2  2  2  2  1  1  1  1  1  1  1  1  1  1  1        68
JUL   1  1  1  1  1  0  0  0  0  0  0  0  0  0  0  0  0  0  0  0  0  0  0  0  0  0  0  0  0  0  0      5
AUG   0  0  0  0  0  0  0  0  0  0  0  0  0  0  0  0  0  1  1  1  1  1  1  1  1  1  1  1  2  2  2     17
SEP   2  2  2  2  3  3  3  3  3  3  4  4  4  4  5  5  5  5  5  6  6  6  7  7  7  7  8  8  8  9       146
OCT   9  9 10 10 11 11 11 12 12 12 13 13 14 14 14 15 15 16 16 16 17 17 18 18 19 19 20 20 21 21 21    464
NOV  22 22 23 23 24 24 25 25 26 26 26 27 27 28 28 29 29 29 30 30 30 31 31 31 32 32 32 33 33 33       841
DEC  33 34 34 34 35 35 35 35 35 36 36 36 36 36 37 37 37 37 37 37 37 37 37 37 38 38 38 38 38 38 38   1126
                                                                                                        
-------------------------------------------------------------------------------------------------       
 Cooling Degree Days                                                                                    
 DAY  1  2  3  4  5  6  7  8  9 10 11 12 13 14 15 16 17 18 19 20 21 22 23 24 25 26 27 28 29 30 31  MONTH
-------------------------------------------------------------------------------------------------       
JAN   0  0  0  0  0  0  0  0  0  0  0  0  0  0  0  0  0  0  0  0  0  0  0  0  0  0  0  0  0  0  0      0
FEB   0  0  0  0  0  0  0  0  0  0  0  0  0  0  0  0  0  0  0  0  0  0  0  0  0  0  0  0               0
MAR   0  0  0  0  0  0  0  0  0  0  0  0  0  0  0  0  0  0  0  0  0  0  0  0  0  0  0  0  0  0  0      0
APR   0  0  0  0  0  0  0  0  0  0  0  0  0  0  0  0  0  0  0  0  0  0  0  0  0  0-99-99-99-99         4
MAY   0  0  0  1  1  1  1  1  1  1  1  1  1  1  1  1  1  1  1  1  1  1  1  1  1  1  2  2  2  2  2     33
JUN   2  2  2  2  2  2  2  3  3  3  3  3  3  3  4  4  4  4  4  4  5  5  5  5  5  6  6  6  6  7       115
JUL   7  7  7  8  8  8  8  9  9  9  9  9  9  9  9 10 10 10 10 10 10 10 10 10 10 10 10 10  9  9  9    282
AUG   9  9  9  9  9  9  8  8  8  8  8  8  8  7  7  7  7  7  7  7  6  6  6  6  6  5  5  5  5  5  4    218
SEP   4  4  4  4  3  3  3  3  3  3  2  2  2  2  2  2  2  2  1  1  1  1  1  1  1  1  1  1  1  1        62
OCT   1  1  1  1  0  0  0  0  0  0  0  0  0  0  0  0  0  0  0  0  0  0  0  0  0  0  0  0  0  0  0      4
NOV   0  0  0  0  0  0  0  0  0  0  0  0  0  0  0  0  0  0  0  0  0  0  0  0  0  0  0  0  0  0         0
DEC   0  0  0  0  0  0  0  0  0  0  0  0  0  0  0  0  0  0  0  0  0  0  0  0  0  0  0  0  0  0  0      0
                                                                                                        
-------------------------------------------------------------------------------------------------       
 Total  Precipitation (Hundreths of an Inch)                                                            
 DAY  1  2  3  4  5  6  7  8  9 10 11 12 13 14 15 16 17 18 19 20 21 22 23 24 25 26 27 28 29 30 31  MONTH
-------------------------------------------------------------------------------------------------       
JAN   1  1  1  1  2  2  2  2  2  2  2  2  2  2  2  2  2  2  2  2  2  2  2  2  2  2  2  1  1  1  1     54
FEB   2  2  2  2  2  2  2  2  2  2  2  2  2  2  2  2  2  2  2  2  1  1  1  1  1  1  1  1              48
MAR   2  2  2  2  2  2  2  2  2  2  2  2  2  2  2  2  2  2  2  2  2  1  1  1  1  1  1  1  1  1  1     52
APR   2  2  2  2  2  2  2  2  1  1  1  1  1  1  1  1  1  1  1  1  2  2  2  2  2  2  2  2  2  2        48
MAY   1  1  1  1  1  1  1  1  2  2  2  2  2  2  2  2  2  2  2  2  2  2  2  2  2  2  2  2  2  2  2     54
JUN   2  2  2  2  2  2  2  2  2  2  2  2  2  2  2  2  2  2  2  1  1  1  1  1  1  1  1  1  1  1        49
JUL   1  1  1  1  1  1  1  1  1  1  1  1  0  0  0  0  0  0  0  0  0  0  0  0  0  0  0  0  1  1  1     15
AUG   0  1  1  1  1  1  1  1  1  1  1  1  1  1  1  1  1  1  1  1  1  1  1  1  1  1  1  1  1  1  1     30
SEP   1  1  1  1  1  1  1  1  1  2  2  2  2  2  2  2  2  2  2  2  1  1  1  1  1  1  1  1  1  1        41
OCT   2  2  2  2  2  1  1  1  1  1  1  1  1  1  1  1  1  1  1  1  1  1  1  1  1  1  1  1  1  1  1     36
NOV   1  1  1  1  1  1  1  1  1  1  1  1  1  1  1  1  1  1  1  1  2  2  2  2  2  2  2  2  2  2        40
DEC   1  1  1  1  1  1  1  1  1  1  1  2  2  2  2  2  2  2  2  2  2  2  2  2  2  2  2  2  2  2  2     51
                                                                                                        
