-------------------------------------------------------------------------------------------------       
 1971-2000 Daily/Monthly Station Normals                                                                
 Provided by National Climatic Data Center/NESDIS/NOAA                                                  
-------------------------------------------------------------------------------------------------       
 Station COOP ID:                           265132                                                      
 Station Name, State, Division, Call:       MIDDLEGATE LOWERY                  NV 01                    
 Latitude, Longitude, Elevation, Elements:  39 17 27 -118 01 25  4600 XNP                               
-------------------------------------------------------------------------------------------------       
 Minimum Temperature (deg F [tenths deg F for monthly])                                                 
 DAY  1  2  3  4  5  6  7  8  9 10 11 12 13 14 15 16 17 18 19 20 21 22 23 24 25 26 27 28 29 30 31  MONTH
-------------------------------------------------------------------------------------------------       
JAN  14 14 14 15 15 15 15 15 15 15 15 15 15 16 16 16 16 16 16 16 17 17 17 17 17 17 18 18 18 18 18    160
FEB  19 19 19 19 19 19 20 20 20 20 20 20 21 21 21 21 21 21 22 22 22 22 22 22 22 22 23 23             208
MAR  23 23 23 23 23 23 23 24 24 24 24 24 24 24 24 24 24 24 25 25 25 25 25 25 25 25 25 25 25 25 25    242
APR  25 25 26 26 26 26 26 26 26 26 27 27 27 27 27 27 28 28 28 28 29 29 29 29 30 30 30 31 31 31       277
MAY  32 32 32 33 33 33 34 34 34 35 35 35 36 36 36 36 37 37 37 37 38 38 38 38 39 39 39 39 40 40 40    362
JUN  40 40 40 41 41 41 41 41 42 42 42 42 43 43 43 43 43 44 44 44 44 45 45 45 45 45 46 46 46 46       431
JUL  47 47 47 47 48 48 48 48 48 48 49 49 49 49 49 49 49 49 49 49 50 50 50 50 50 50 50 50 49 49 49    488
AUG  49 49 49 49 49 49 49 49 48 48 48 48 48 48 47 47 47 47 47 46 46 46 46 45 45 45 45 44 44 44 43    469
SEP  43 43 42 42 42 41 41 41 40 40 40 39 39 39 38 38 38 37 37 37 37 36 36 36 36 35 35 34 34 34       383
OCT  34 33 33 33 32 32 32 31 31 31 31 30 30 30 29 29 29 28 28 28 27 27 27 27 26 26 26 25 25 25 24    290
NOV  24 24 24 23 23 23 22 22 22 21 21 21 21 20 20 20 20 19 19 19 19 18 18 18 18 17 17 17 17 16       201
DEC  16 16 16 16 15 15 15 15 15 15 15 14 14 14 14 14 14 14 14 14 14 14 14 14 14 14 14 14 14 14 14    145
                                                                                                        
-------------------------------------------------------------------------------------------------       
 Maximum Temperature (deg F [tenths deg F for monthly])                                                 
 DAY  1  2  3  4  5  6  7  8  9 10 11 12 13 14 15 16 17 18 19 20 21 22 23 24 25 26 27 28 29 30 31  MONTH
-------------------------------------------------------------------------------------------------       
JAN  44 44 44 44 44 44 44 44 44 44 44 44 44 44 45 45 45 45 45 45 45 46 46 46 46 46 47 47 47 48 48    451
FEB  48 48 49 49 49 50 50 50 50 51 51 51 52 52 52 52 53 53 53 53 53 54 54 54 54 55 55 55             518
MAR  55 55 56 56 56 56 56 57 57 57 57 57 58 58 58 58 58 58 59 59 59 59 59 59 60 60 60 60 60 60 61    580
APR  61 61 61 61 61 61 62 62 62 62 62 63 63 63 63 63 64 64 64 64 65 65 65 65 66 66 66 66 67 67       635
MAY  67 68 68 68 69 69 69 70 70 70 70 71 71 71 72 72 72 73 73 73 74 74 74 74 75 75 75 76 76 76 77    720
JUN  77 77 78 78 78 79 79 79 79 80 80 80 81 81 81 82 82 82 83 83 83 84 84 84 85 85 85 86 86 87       816
JUL  87 87 87 88 88 88 89 89 89 89 90 90 90 90 90 91 91 91 91 91 91 91 92 92 92 92 92 92 92 92 92    902
AUG  92 92 92 92 92 92 92 92 91 91 91 91 91 91 91 90 90 90 90 90 89 89 89 89 88 88 88 87 87 87 86    900
SEP  86 86 85 85 84 84 84 83 83 83 82 82 82 81 81 81 80 80 80 79 79 78 78 78 77 77 77 77 76 76       808
OCT  76 75 75 75 74 74 74 73 73 72 72 72 71 71 70 70 70 69 69 68 68 67 67 66 66 65 65 64 64 63 63    697
NOV  62 62 61 61 60 60 59 59 59 58 58 57 57 56 56 55 55 55 54 54 53 53 53 52 52 51 51 51 50 50       558
DEC  50 49 49 49 49 48 48 48 47 47 47 47 46 46 46 46 46 45 45 45 45 45 45 45 45 44 44 44 44 44 44    462
                                                                                                        
-------------------------------------------------------------------------------------------------       
 Average Temperature (deg F [tenths deg F for monthly])                                                 
 DAY  1  2  3  4  5  6  7  8  9 10 11 12 13 14 15 16 17 18 19 20 21 22 23 24 25 26 27 28 29 30 31  MONTH
-------------------------------------------------------------------------------------------------       
JAN  29 29 29 29 29 29 29 30 30 30 30 30 30 30 30 30 31 31 31 31 31 31 31 32 32 32 32 32 33 33 33    306
FEB  33 34 34 34 34 35 35 35 35 35 36 36 36 36 36 37 37 37 37 37 38 38 38 38 38 39 39 39             363
MAR  39 39 39 39 40 40 40 40 40 40 41 41 41 41 41 41 41 41 42 42 42 42 42 42 42 42 42 43 43 43 43    411
APR  43 43 43 43 44 44 44 44 44 44 44 45 45 45 45 45 46 46 46 46 47 47 47 47 48 48 48 49 49 49       456
MAY  50 50 50 51 51 51 51 52 52 52 53 53 53 54 54 54 54 55 55 55 56 56 56 56 57 57 57 58 58 58 58    541
JUN  59 59 59 59 60 60 60 60 61 61 61 61 62 62 62 62 63 63 63 64 64 64 64 65 65 65 66 66 66 66       624
JUL  67 67 67 68 68 68 68 68 69 69 69 69 69 70 70 70 70 70 70 70 70 70 71 71 71 71 71 71 71 71 71    695
AUG  71 71 71 70 70 70 70 70 70 70 70 70 69 69 69 69 69 69 68 68 68 68 67 67 67 66 66 66 66 65 65    685
SEP  65 64 64 63 63 63 62 62 62 61 61 61 60 60 60 59 59 59 58 58 58 57 57 57 57 56 56 56 55 55       596
OCT  55 54 54 54 53 53 53 52 52 52 51 51 51 50 50 49 49 49 48 48 48 47 47 46 46 46 45 45 45 44 44    494
NOV  43 43 43 42 42 41 41 41 40 40 39 39 39 38 38 38 37 37 37 36 36 36 35 35 35 34 34 34 34 33       380
DEC  33 33 33 32 32 32 32 31 31 31 31 31 30 30 30 30 30 30 30 30 30 29 29 29 29 29 29 29 29 29 29    304
                                                                                                        
-------------------------------------------------------------------------------------------------       
 Heating Degree Days                                                                                    
 DAY  1  2  3  4  5  6  7  8  9 10 11 12 13 14 15 16 17 18 19 20 21 22 23 24 25 26 27 28 29 30 31  MONTH
-------------------------------------------------------------------------------------------------       
JAN  36 36 36 36 36 36 36 36 35 35 35 35 35 35 35 35 35 34 34 34 34 34 34 33 33 33 33 33 32 32 32   1068
FEB  32 31 31 31 31 30 30 30 30 30 29 29 29 29 28 28 28 28 28 28 27 27 27 27 27 26 26 26             803
MAR  26 26 26 26 25 25 25 25 25 25 24 24 24 24 24 24 24 24 23 23 23 23 23 23 23 23 23 22 22 22 22    741
APR  22 22 22 22 21 21 21 21 21 21 21 20 20 20 20 20 19 19 19 19 18 18 18 18 17 17 17 16 16 16       582
MAY  15 15 15 15 14 14 14 13 13 13 12 12 12 12 11 11 11 11 10 10 10  9  9  9  9  9  8  8  8  8  7    347
JUN   7  7  7  7  6  6  6  6  6  5  5  5  5  5  5  4  4  4  4  4  3  3  3  3  3  3  3  2  2  2       135
JUL   2  2  2  2  2  1  1  1  1  1  1  1  1  1  1  0  0  0  0  0  0  0  0  0  0  0  0  0  0  0  0     20
AUG   0  0  0  0  0  0  0  0  0  0  0  0  0  1  1  1  1  1  1  1  1  1  1  2  2  2  2  2  2  3  3     28
SEP   3  3  3  3  4  4  4  4  4  5  5  5  5  6  6  6  6  7  7  7  7  8  8  8  9  9  9  9 10 10       184
OCT  10 11 11 11 12 12 12 13 13 13 14 14 15 15 15 16 16 16 17 17 17 18 18 19 19 19 20 20 21 21 21    486
NOV  22 22 23 23 23 24 24 24 25 25 26 26 26 27 27 27 28 28 28 29 29 29 30 30 30 31 31 31 31 32       811
DEC  32 32 32 33 33 33 33 34 34 34 34 34 35 35 35 35 35 35 35 35 36 36 36 36 36 36 36 36 36 36 36   1074
                                                                                                        
-------------------------------------------------------------------------------------------------       
 Cooling Degree Days                                                                                    
 DAY  1  2  3  4  5  6  7  8  9 10 11 12 13 14 15 16 17 18 19 20 21 22 23 24 25 26 27 28 29 30 31  MONTH
-------------------------------------------------------------------------------------------------       
JAN   0  0  0  0  0  0  0  0  0  0  0  0  0  0  0  0  0  0  0  0  0  0  0  0  0  0  0  0  0  0  0      0
FEB   0  0  0  0  0  0  0  0  0  0  0  0  0  0  0  0  0  0  0  0  0  0  0  0  0  0  0  0               0
MAR   0  0  0  0  0  0  0  0  0  0  0  0  0  0  0  0  0  0  0  0  0  0  0  0  0  0  0  0  0  0  0      0
APR   0  0  0  0  0  0  0  0  0  0  0  0  0  0  0  0  0  0  0  0  0  0  0  0  0  0  0  0  0  0         0
MAY   0  0  0  0  0  0  0  0  0  0  0  0  0  0  0  0  0  0  0  0  0  0  0  1  1  1  1  1  1  1  1      8
JUN   1  1  1  1  1  1  1  1  1  1  1  1  1  1  2  2  2  2  2  2  2  2  3  3  3  3  3  3  3  4        55
JUL   4  4  4  4  4  4  4  5  5  5  5  5  5  5  5  5  5  5  5  6  6  6  6  6  6  6  6  6  6  6  6    160
AUG   6  6  6  5  5  5  5  5  5  5  5  5  5  5  5  5  4  4  4  4  4  4  4  4  3  3  3  3  3  3  2    135
SEP   2  2  2  2  2  2  1  1  1  1  1  1  1  1  1  0  0  0  0  0  0  0  0  0  0  0  0  0  0  0        21
OCT   0  0  0  0  0  0  0  0  0  0  0  0  0  0  0  0  0  0  0  0  0  0  0  0  0  0  0  0  0  0  0      0
NOV   0  0  0  0  0  0  0  0  0  0  0  0  0  0  0  0  0  0  0  0  0  0  0  0  0  0  0  0  0  0         0
DEC   0  0  0  0  0  0  0  0  0  0  0  0  0  0  0  0  0  0  0  0  0  0  0  0  0  0  0  0  0  0  0      0
                                                                                                        
-------------------------------------------------------------------------------------------------       
 Total  Precipitation (Hundreths of an Inch)                                                            
 DAY  1  2  3  4  5  6  7  8  9 10 11 12 13 14 15 16 17 18 19 20 21 22 23 24 25 26 27 28 29 30 31  MONTH
-------------------------------------------------------------------------------------------------       
JAN   1  1  1  1  1  1  1  1  1  1  1  1  1  1  1  1  2  2  2  2  2  2  2  2  2  2  2  2  2  2  2     46
FEB   2  2  2  1  1  1  1  1  1  1  1  1  1  1  1  1  2  2  2  2  2  2  2  2  2  2  2  2              43
MAR   2  2  2  2  2  2  2  2  2  2  2  2  2  2  2  2  2  2  2  2  2  1  1  1  1  1  1  1  1  1  1     52
APR   2  1  1  1  1  1  1  1  1  1  1  1  1  1  1  1  2  2  2  2  2  2  2  2  2  2  2  2  2  2        45
MAY   2  3  3  3  3  3  3  3  3  3  3  3  3  3  3  3  3  3  3  3  3  3  3  3  3  3  3  3  3  3  3     92
JUN   3  3  3  3  3  2  2  2  2  2  2  2  2  2  2  2  2  2  2  1  1  1  1  1  1  1  1  1  1  1        54
JUL   1  1  1  1  1  0  0  0  0  0  0  0  0  0  0  0  0  0  0  0  0  0  0  0  0  0  0  0  0  0  0      5
AUG   0  0  0  0  0  0  0  0  0  0  0  0  0  0  0  0  0  0  1  1  1  1  1  1  1  1  1  1  1  1  1     13
SEP   0  0  0  0  1  1  1  1  1  1  1  1  1  1  1  1  1  1  1  1  1  1  1  1  1  1  1  1  1  1        26
OCT   1  1  1  1  1  1  1  1  1  1  1  1  1  1  1  1  1  1  1  1  1  1  2  2  2  2  2  2  2  2  2     40
NOV   2  2  2  2  2  2  2  2  2  2  2  2  2  2  2  2  2  2  2  2  2  2  2  2  2  2  2  2  2  2        60
DEC   2  2  2  2  2  2  1  1  1  1  1  1  1  1  1  1  1  1  1  1  1  1  1  1  1  1  1  1  1  1  1     37
                                                                                                        
