-------------------------------------------------------------------------------------------------       
 1971-2000 Daily/Monthly Station Normals                                                                
 Provided by National Climatic Data Center/NESDIS/NOAA                                                  
-------------------------------------------------------------------------------------------------       
 Station COOP ID:                           034248                                                      
 Station Name, State, Division, Call:       LITTLE ROCK ADAMS AP               AR 05 LIT                
 Latitude, Longitude, Elevation, Elements:  34 44 48 -092 13 59   257 XNP                               
-------------------------------------------------------------------------------------------------       
 Minimum Temperature (deg F [tenths deg F for monthly])                                                 
 DAY  1  2  3  4  5  6  7  8  9 10 11 12 13 14 15 16 17 18 19 20 21 22 23 24 25 26 27 28 29 30 31  MONTH
-------------------------------------------------------------------------------------------------       
JAN  31 31 31 31 31 31 31 31 31 30 30 30 30 30 30 30 30 31 31 31 31 31 31 31 31 31 31 31 31 32 32    308
FEB  32 32 32 32 33 33 33 33 33 34 34 34 34 35 35 35 35 35 36 36 36 37 37 37 37 38 38 38             348
MAR  39 39 39 39 40 40 40 41 41 41 41 42 42 42 42 43 43 43 44 44 44 44 44 45 45 45 45 46 46 46 46    426
APR  46 47 47 47 47 48 48 48 48 48 49 49 49 49 50 50 50 51 51 51 51 52 52 52 53 53 53 53 54 54       500
MAY  54 55 55 55 56 56 56 57 57 57 58 58 58 59 59 59 60 60 60 60 61 61 61 62 62 62 63 63 63 64 64    592
JUN  64 64 65 65 65 66 66 66 66 67 67 67 67 68 68 68 68 69 69 69 69 69 70 70 70 70 70 70 71 71       678
JUL  71 71 71 71 71 72 72 72 72 72 72 72 72 72 72 72 72 72 72 72 73 73 73 73 73 72 72 72 72 72 72    720
AUG  72 72 72 72 72 72 72 72 72 71 71 71 71 71 71 71 71 70 70 70 70 70 70 69 69 69 69 69 69 68 68    705
SEP  68 68 67 67 67 67 67 66 66 66 65 65 65 64 64 64 63 63 63 62 62 62 61 61 60 60 59 59 59 58       636
OCT  58 57 57 56 56 55 55 55 54 54 53 53 52 52 52 51 51 51 50 50 49 49 49 48 48 48 47 47 47 46 46    515
NOV  46 45 45 45 45 44 44 44 43 43 43 42 42 42 42 41 41 41 40 40 40 40 39 39 39 39 38 38 38 37       415
DEC  37 37 37 36 36 36 36 35 35 35 35 35 34 34 34 34 34 33 33 33 33 33 32 32 32 32 32 32 32 31 31    339
                                                                                                        
-------------------------------------------------------------------------------------------------       
 Maximum Temperature (deg F [tenths deg F for monthly])                                                 
 DAY  1  2  3  4  5  6  7  8  9 10 11 12 13 14 15 16 17 18 19 20 21 22 23 24 25 26 27 28 29 30 31  MONTH
-------------------------------------------------------------------------------------------------       
JAN  49 49 49 49 49 49 49 49 49 49 49 49 49 49 49 49 49 49 49 49 49 50 50 50 50 50 51 51 51 51 52    495
FEB  52 52 52 53 53 53 53 54 54 54 55 55 55 55 56 56 56 57 57 57 57 58 58 58 59 59 59 60             556
MAR  60 60 60 61 61 61 62 62 62 62 63 63 63 64 64 64 64 65 65 65 66 66 66 67 67 67 67 68 68 68 69    642
APR  69 69 69 70 70 70 71 71 71 71 72 72 72 73 73 73 73 74 74 74 74 75 75 75 75 76 76 76 77 77       729
MAY  77 77 77 78 78 78 79 79 79 79 80 80 80 80 81 81 81 82 82 82 82 83 83 83 83 84 84 84 85 85 85    810
JUN  86 86 86 86 87 87 87 88 88 88 88 88 89 89 89 89 90 90 90 90 90 90 91 91 91 91 91 91 91 92       890
JUL  92 92 92 92 92 92 92 92 93 93 93 93 93 93 93 93 93 93 93 93 93 93 93 93 93 93 93 93 93 94 94    928
AUG  93 93 93 93 93 93 93 93 93 93 93 93 93 93 93 93 92 92 92 92 92 92 91 91 91 91 91 90 90 90 90    921
SEP  89 89 89 88 88 88 88 87 87 87 86 86 86 86 85 85 85 84 84 84 84 83 83 83 82 82 82 81 81 81       851
OCT  81 80 80 80 79 79 79 78 78 78 77 77 76 76 76 75 75 75 74 74 73 73 72 72 71 71 71 70 70 69 69    751
NOV  68 68 67 67 66 66 65 65 64 64 64 63 63 62 62 62 61 61 60 60 60 59 59 59 58 58 58 57 57 57       620
DEC  56 56 56 55 55 55 55 54 54 54 53 53 53 53 53 52 52 52 52 51 51 51 51 51 50 50 50 50 50 50 50    525
                                                                                                        
-------------------------------------------------------------------------------------------------       
 Average Temperature (deg F [tenths deg F for monthly])                                                 
 DAY  1  2  3  4  5  6  7  8  9 10 11 12 13 14 15 16 17 18 19 20 21 22 23 24 25 26 27 28 29 30 31  MONTH
-------------------------------------------------------------------------------------------------       
JAN  40 40 40 40 40 40 40 40 40 40 39 39 39 39 40 40 40 40 40 40 40 40 40 40 40 41 41 41 41 41 42    401
FEB  42 42 42 43 43 43 43 43 44 44 44 44 45 45 45 46 46 46 46 47 47 47 47 48 48 48 49 49             452
MAR  49 49 50 50 50 51 51 51 52 52 52 52 53 53 53 53 54 54 54 55 55 55 55 56 56 56 56 57 57 57 57    534
APR  58 58 58 58 59 59 59 59 60 60 60 60 61 61 61 61 62 62 62 63 63 63 63 64 64 64 65 65 65 65       614
MAY  66 66 66 67 67 67 67 68 68 68 69 69 69 69 70 70 70 71 71 71 72 72 72 72 73 73 73 74 74 74 75    701
JUN  75 75 75 76 76 76 77 77 77 77 78 78 78 78 78 79 79 79 79 80 80 80 80 80 80 81 81 81 81 81       784
JUL  81 81 81 82 82 82 82 82 82 82 82 82 82 82 82 82 83 83 83 83 83 83 83 83 83 83 83 83 83 83 83    824
AUG  83 83 83 83 83 83 82 82 82 82 82 82 82 82 82 82 81 81 81 81 81 81 80 80 80 80 80 79 79 79 79    813
SEP  79 78 78 78 78 77 77 77 77 76 76 76 75 75 75 74 74 74 73 73 73 72 72 72 71 71 71 70 70 70       744
OCT  69 69 68 68 68 67 67 66 66 66 65 65 64 64 64 63 63 63 62 62 61 61 61 60 60 59 59 59 58 58 57    633
NOV  57 57 56 56 55 55 55 54 54 54 53 53 52 52 52 51 51 51 50 50 50 49 49 49 48 48 48 48 47 47       517
DEC  47 46 46 46 46 45 45 45 45 44 44 44 44 43 43 43 43 43 42 42 42 42 42 41 41 41 41 41 41 41 40    432
                                                                                                        
-------------------------------------------------------------------------------------------------       
 Heating Degree Days                                                                                    
 DAY  1  2  3  4  5  6  7  8  9 10 11 12 13 14 15 16 17 18 19 20 21 22 23 24 25 26 27 28 29 30 31  MONTH
-------------------------------------------------------------------------------------------------       
JAN  25 25 25 25 25 25 25 25 25 25 25 26 26 26 26 26 25 25 25 25 25 25 25 25 25 25 24 24 24 24 24    775
FEB  23 23 23 23 23 22 22 22 22 21 21 21 21 20 20 20 20 19 19 19 18 18 18 18 17 17 17 16             563
MAR  16 16 15 15 15 15 14 14 14 13 13 13 13 12 12 12 12 11 11 11 10 10 10 10 10  9  9  9  9  8  8    369
APR   8  8  7  7  7  7  7  6  6  6  6  6  5  5  5  5  5  4  4  4  4  4  4  3  3  3  3  3  3  2       150
MAY   2  2  2  2  2  2  2  1  1  1  1  1  1  1  1  1  1  0  0  0  0  0  0  0  0  0  0  0  0  0  0     24
JUN   0  0  0  0  0  0  0  0  0  0  0  0  0  0  0  0  0  0  0  0  0  0  0  0  0  0  0  0  0  0         0
JUL   0  0  0  0  0  0  0  0  0  0  0  0  0  0  0  0  0  0  0  0  0  0  0  0  0  0  0  0  0  0  0      0
AUG   0  0  0  0  0  0  0  0  0  0  0  0  0  0  0  0  0  0  0  0  0  0  0  0  0  0  0  0  0  0  0      0
SEP   0  0  0  0  0  0  0  0  0  0  0  0  0  0  0  0  0  1  1  1  1  1  1  1  1  1  1  1  1  1        13
OCT   1  1  2  2  2  2  2  2  2  2  3  3  3  3  3  4  4  4  4  5  5  5  5  6  6  6  7  7  7  8  8    124
NOV   8  9  9 10 10 10 11 11 11 12 12 12 13 13 13 14 14 14 15 15 15 15 16 16 16 17 17 17 17 18       400
DEC  18 18 19 19 19 19 20 20 20 20 21 21 21 21 21 22 22 22 22 22 23 23 23 23 23 24 24 24 24 24 24    666
                                                                                                        
-------------------------------------------------------------------------------------------------       
 Cooling Degree Days                                                                                    
 DAY  1  2  3  4  5  6  7  8  9 10 11 12 13 14 15 16 17 18 19 20 21 22 23 24 25 26 27 28 29 30 31  MONTH
-------------------------------------------------------------------------------------------------       
JAN   0  0  0  0-99  0  0  0  0  0  0  0  0  0  0  0  0  0  0  0  0  0  0  0  0  0  0  0  0  0  0      1
FEB   0  0  0  0  0  0  0  0  0  0  0  0  0  0  0  0  0  0  0  0  0  0  0  0  0  0  0-99               1
MAR   0  0  0  0  0  0  0  0  0  0  0  0  0  0  0  0  0  1  1  1  1  1  1  1  1  1  1  1  1  1  1     14
APR   1  1  1  1  1  1  1  1  1  1  1  1  1  1  2  2  2  2  2  2  2  2  2  2  3  3  3  3  3  3        52
MAY   3  3  3  4  4  4  4  4  4  5  5  5  5  5  6  6  6  6  7  7  7  7  8  8  8  8  9  9  9  9 10    188
JUN  10 10 11 11 11 12 12 12 12 13 13 13 13 13 14 14 14 14 15 15 15 15 15 15 16 16 16 16 16 16       408
JUL  16 16 17 17 17 17 17 17 17 17 17 17 17 17 18 18 18 18 18 18 18 18 18 18 18 18 18 18 18 18 18    542
AUG  18 18 18 18 17 17 17 17 17 17 17 17 17 17 17 16 16 16 16 16 16 16 15 15 15 15 15 14 14 14 14    502
SEP  14 13 13 13 13 12 12 12 12 11 11 11 11 10 10 10 10  9  9  9  8  8  8  8  7  7  7  6  6  6       296
OCT   5  5  5  5  4  4  4  4  3  3  3  3  2  2  2  2  2  2  1  1  1  1  1  1  1  1  1  1  1  1  0     72
NOV -99-99-99-99-99-99-99-99  0  0  0  0  0  0  0  0  0  0  0  0  0  0  0  0  0  0  0  0  0  0         8
DEC -99-99  0  0  0  0  0  0  0  0  0  0  0  0  0  0  0  0  0  0  0  0  0  0  0  0  0  0  0  0  0      2
                                                                                                        
-------------------------------------------------------------------------------------------------       
 Total  Precipitation (Hundreths of an Inch)                                                            
 DAY  1  2  3  4  5  6  7  8  9 10 11 12 13 14 15 16 17 18 19 20 21 22 23 24 25 26 27 28 29 30 31  MONTH
-------------------------------------------------------------------------------------------------       
JAN  13 13 13 12 12 12 12 12 12 12 12 12 12 12 12 12 12 11 11 11 11 11 11 11 11 11 11 11 11 11 11    361
FEB  11 11 11 11 11 11 11 11 11 11 12 12 12 12 12 12 12 12 12 12 12 13 13 13 13 13 13 13             333
MAR  14 14 14 14 14 14 15 15 15 15 15 15 15 16 16 16 16 16 16 16 16 17 17 17 17 17 17 17 17 17 18    488
APR  18 18 18 18 18 18 18 18 18 18 18 18 19 19 19 19 19 19 19 18 18 18 18 18 18 18 18 18 18 18       547
MAY  18 18 18 17 17 17 17 17 17 17 17 17 17 17 16 16 16 16 16 16 16 16 16 15 15 15 15 15 15 15 15    505
JUN  15 15 14 14 14 14 14 14 14 14 14 13 13 13 13 13 13 13 13 13 13 13 12 12 12 12 12 12 12 12       395
JUL  12 12 12 12 12 11 11 11 11 11 11 11 11 11 11 11 11 10 10 10 10 10 10 10 10 10 10 10 10 10  9    331
AUG   9  9  9  9  9  9  9  9  9  9  9  9  9  9  9  9  9  9  9  9 10 10 10 10 10 10 10 10 11 11 11    293
SEP  11 11 11 11 11 12 12 12 12 12 12 12 12 12 13 13 13 13 13 13 13 13 13 13 13 13 13 13 13 13       371
OCT  13 13 12 12 12 12 12 13 13 13 13 13 13 13 13 13 13 13 14 14 14 14 14 15 15 15 16 16 16 16 17    425
NOV  17 17 18 18 18 18 19 19 19 19 19 20 20 20 20 20 20 20 20 20 20 20 20 19 19 19 19 19 19 18       573
DEC  18 18 18 17 17 17 17 17 16 16 16 16 16 15 15 15 15 15 15 14 14 14 14 14 14 13 13 13 13 13 13    471
                                                                                                        
