-------------------------------------------------------------------------------------------------       
 1971-2000 Daily/Monthly Station Normals                                                                
 Provided by National Climatic Data Center/NESDIS/NOAA                                                  
-------------------------------------------------------------------------------------------------       
 Station COOP ID:                           037592                                                      
 Station Name, State, Division, Call:       WASHITA                            AR 07                    
 Latitude, Longitude, Elevation, Elements:  34 39 03 -093 32 06   610   P                               
-------------------------------------------------------------------------------------------------       
 Total  Precipitation (Hundreths of an Inch)                                                            
 DAY  1  2  3  4  5  6  7  8  9 10 11 12 13 14 15 16 17 18 19 20 21 22 23 24 25 26 27 28 29 30 31  MONTH
-------------------------------------------------------------------------------------------------       
JAN  13 13 12 12 12 12 11 11 11 11 11 10 10 10 10 10 10 10 10  9  9  9  9  9  9  9  9 10 10 10 10    321
FEB  10 10 10 10 10 10 11 11 11 11 11 11 11 11 12 12 12 12 12 12 12 13 13 13 13 13 14 14             325
MAR  14 14 14 14 14 15 15 15 15 15 15 15 15 16 16 16 16 16 16 16 16 16 16 16 16 16 16 16 16 16 16    478
APR  16 16 16 16 16 16 16 16 16 16 15 15 15 15 16 16 16 16 16 16 16 16 16 16 16 16 16 16 16 16       476
MAY  16 16 16 16 16 16 17 17 17 17 17 17 17 17 17 17 17 17 17 17 17 17 17 17 16 16 16 16 16 16 16    514
JUN  16 16 16 16 16 16 16 16 16 15 15 15 15 15 15 15 15 14 14 14 14 14 14 14 13 13 13 13 13 13       440
JUL  12 12 12 12 12 11 11 11 11 11 11 10 10 10 10 10 10  9  9  9  9  9  9  8  8  8  8  8  8  8  7    303
AUG   7  7  7  7  7  7  7  7  7  7  7  7  7  7  7  7  7  7  7  7  7  8  8  8  8  9  9  9  9 10 10    235
SEP  10 11 11 11 12 12 12 12 13 13 13 13 13 13 14 14 14 14 14 14 14 14 14 14 14 14 14 14 14 14       393
OCT  14 14 14 14 14 14 14 14 14 14 14 14 14 14 14 14 14 14 14 15 15 15 15 15 15 15 15 15 15 16 16    448
NOV  16 16 16 16 16 16 17 17 17 17 17 17 17 17 17 17 17 18 18 18 18 18 18 18 18 18 18 18 18 18       517
DEC  18 18 18 18 18 18 18 18 18 18 18 18 17 17 17 17 17 17 17 16 16 16 16 15 15 15 15 14 14 14 13    514
                                                                                                        
