-------------------------------------------------------------------------------------------------       
 1971-2000 Daily/Monthly Station Normals                                                                
 Provided by National Climatic Data Center/NESDIS/NOAA                                                  
-------------------------------------------------------------------------------------------------       
 Station COOP ID:                           030664                                                      
 Station Name, State, Division, Call:       BIG FORK 1 SSE                     AR 04                    
 Latitude, Longitude, Elevation, Elements:  34 28 09 -093 57 24  1100   P                               
-------------------------------------------------------------------------------------------------       
 Total  Precipitation (Hundreths of an Inch)                                                            
 DAY  1  2  3  4  5  6  7  8  9 10 11 12 13 14 15 16 17 18 19 20 21 22 23 24 25 26 27 28 29 30 31  MONTH
-------------------------------------------------------------------------------------------------       
JAN  15 15 14 14 14 13 13 13 13 12 12 12 12 12 11 11 11 11 11 11 11 11 11 11 11 11 11 12 12 12 12    375
FEB  12 12 13 13 13 13 13 14 14 14 14 15 15 15 15 15 15 16 16 16 16 16 17 17 17 17 17 18             418
MAR  18 18 18 18 18 18 19 19 19 19 19 19 19 19 19 19 19 20 20 20 20 20 20 20 20 20 20 20 20 20 20    597
APR  20 20 20 20 20 19 19 19 19 19 19 19 19 19 20 20 20 20 20 20 20 20 20 20 20 20 20 20 20 21       592
MAY  21 21 21 21 21 21 21 21 21 21 21 21 22 22 21 21 21 21 21 21 21 21 21 21 21 21 21 21 21 20 20    651
JUN  20 20 20 20 19 19 19 19 19 19 19 19 19 19 19 18 18 18 18 18 18 18 18 18 18 18 18 18 18 18       559
JUL  18 18 18 18 18 18 18 18 18 17 17 17 17 17 17 16 16 16 16 15 15 15 15 14 14 14 13 13 13 12 12    493
AUG  11 11 11 10 10 10  9  9  9  9  9  9  9  8  8  8  8  9  9  9  9  9  9 10 10 10 11 11 11 12 12    299
SEP  13 13 14 14 15 15 15 16 16 16 17 17 17 17 17 18 18 18 18 18 18 18 18 18 18 18 18 18 18 18       502
OCT  18 18 18 18 18 18 17 17 17 17 17 17 17 17 17 17 17 17 17 18 18 18 18 18 18 18 18 18 19 19 19    548
NOV  19 19 19 19 20 20 20 20 20 20 20 20 21 21 21 21 21 21 21 21 21 21 21 21 22 22 22 22 22 22       620
DEC  22 22 22 22 22 22 22 21 21 21 21 21 21 21 20 20 20 20 20 19 19 19 18 18 18 17 17 17 16 16 16    611
                                                                                                        
