-------------------------------------------------------------------------------------------------       
 1971-2000 Daily/Monthly Station Normals                                                                
 Provided by National Climatic Data Center/NESDIS/NOAA                                                  
-------------------------------------------------------------------------------------------------       
 Station COOP ID:                           030150                                                      
 Station Name, State, Division, Call:       AMITY 2 N                          AR 08                    
 Latitude, Longitude, Elevation, Elements:  34 15 44 -093 22 27   475   P                               
-------------------------------------------------------------------------------------------------       
 Total  Precipitation (Hundreths of an Inch)                                                            
 DAY  1  2  3  4  5  6  7  8  9 10 11 12 13 14 15 16 17 18 19 20 21 22 23 24 25 26 27 28 29 30 31  MONTH
-------------------------------------------------------------------------------------------------       
JAN  14 14 14 14 13 13 13 13 13 13 12 12 12 12 12 12 12 12 12 12 12 12 12 12 12 12 12 13 13 13 13    390
FEB  13 13 13 13 14 14 14 14 14 14 15 15 15 15 15 15 15 16 16 16 16 16 16 16 17 17 17 17             421
MAR  17 17 17 17 17 17 18 18 18 18 18 18 18 18 18 18 18 18 18 18 18 18 18 18 18 17 17 17 17 17 17    546
APR  17 17 17 17 17 16 16 16 16 16 16 16 16 16 16 17 17 17 17 17 17 17 17 18 18 18 18 18 19 19       509
MAY  19 19 20 20 20 20 20 21 21 21 21 21 21 21 21 21 21 21 21 21 21 21 21 21 20 20 20 20 20 19 19    633
JUN  19 19 18 18 18 18 18 17 17 17 17 17 17 17 17 17 16 16 16 16 16 16 16 16 16 16 17 17 17 17       509
JUL  17 17 17 17 17 17 17 17 17 17 17 17 17 17 16 16 16 16 16 15 15 15 15 14 14 14 13 13 12 12 12    482
AUG  11 11 10 10 10  9  9  9  8  8  8  8  8  8  8  8  8  8  8  8  8  8  8  8  9  9  9 10 10 10 11    275
SEP  11 12 12 12 13 13 13 14 14 14 15 15 15 15 15 16 16 16 16 16 16 16 16 16 16 16 16 16 16 16       443
OCT  16 16 16 16 15 15 15 15 15 15 15 16 16 16 16 16 16 16 16 16 17 17 17 17 18 18 18 18 19 19 19    510
NOV  20 20 20 21 21 21 21 22 22 22 22 22 22 23 23 23 23 23 23 23 23 23 23 23 22 22 22 22 22 22       661
DEC  22 21 21 21 21 20 20 20 20 20 19 19 19 19 18 18 18 18 17 17 17 17 16 16 16 16 16 15 15 15 15    562
                                                                                                        
