-------------------------------------------------------------------------------------------------       
 1971-2000 Daily/Monthly Station Normals                                                                
 Provided by National Climatic Data Center/NESDIS/NOAA                                                  
-------------------------------------------------------------------------------------------------       
 Station COOP ID:                           031010                                                      
 Station Name, State, Division, Call:       BUFFALO TOWER                      AR 01                    
 Latitude, Longitude, Elevation, Elements:  35 52 00 -093 30 00  2578   P                               
-------------------------------------------------------------------------------------------------       
 Total  Precipitation (Hundreths of an Inch)                                                            
 DAY  1  2  3  4  5  6  7  8  9 10 11 12 13 14 15 16 17 18 19 20 21 22 23 24 25 26 27 28 29 30 31  MONTH
-------------------------------------------------------------------------------------------------       
JAN  10 10 10 10  9  9  9  9  9  9  9  9  9  9  9  9  8  8  8  8  8  8  8  8  8  8  8  8  8  8  8    268
FEB   8  8  8  8  9  9  9  9  9  9  9  9 10 10 10 10 10 10 11 11 11 11 12 12 12 12 13 13             282
MAR  13 14 14 14 14 15 15 15 15 15 16 16 16 16 16 16 16 16 16 16 17 17 17 17 17 17 16 16 16 16 16    486
APR  16 16 16 16 16 16 16 16 15 15 15 16 16 16 16 16 16 16 16 16 16 16 16 17 17 17 17 17 18 18       486
MAY  18 18 18 19 19 19 19 19 19 19 20 20 20 20 20 20 20 20 19 19 19 19 19 19 19 19 18 18 18 18 18    589
JUN  17 17 17 17 16 16 16 16 15 15 15 15 14 14 14 14 14 13 13 13 13 13 12 12 12 12 12 11 11 11       420
JUL  11 11 11 11 11 10 10 10 10 10 10 10 10 10 10 10  9  9  9  9  9  9  9  9  9  9  9  9  9  9  9    300
AUG   9  9  9 10 10 10 10 10 10 10 10 10 11 11 11 11 11 11 12 12 12 12 13 13 13 13 14 14 14 14 15    354
SEP  15 15 15 16 16 16 16 16 17 17 17 17 17 17 17 17 17 17 17 16 16 16 16 16 15 15 15 15 14 14       480
OCT  14 13 13 13 13 12 12 12 12 12 12 11 11 11 11 11 11 12 12 12 12 12 12 13 13 13 14 14 14 15 15    387
NOV  16 16 17 17 17 18 18 18 18 19 19 19 19 19 19 19 19 20 19 19 19 19 19 19 19 19 18 18 18 18       551
DEC  17 17 16 16 16 16 15 15 15 14 14 14 14 13 13 13 13 12 12 12 12 11 11 11 11 11 11 10 10 10 10    405
                                                                                                        
