-------------------------------------------------------------------------------------------------       
 1971-2000 Daily/Monthly Station Normals                                                                
 Provided by National Climatic Data Center/NESDIS/NOAA                                                  
-------------------------------------------------------------------------------------------------       
 Station COOP ID:                           032540                                                      
 Station Name, State, Division, Call:       FORDYCE                            AR 08                    
 Latitude, Longitude, Elevation, Elements:  33 49 22 -092 25 56   230 XNP                               
-------------------------------------------------------------------------------------------------       
 Minimum Temperature (deg F [tenths deg F for monthly])                                                 
 DAY  1  2  3  4  5  6  7  8  9 10 11 12 13 14 15 16 17 18 19 20 21 22 23 24 25 26 27 28 29 30 31  MONTH
-------------------------------------------------------------------------------------------------       
JAN  28 28 28 28 28 28 28 28 28 28 28 28 27 27 27 27 28 28 28 28 28 28 28 28 28 28 28 28 28 28 29    279
FEB  29 29 29 29 29 30 30 30 30 30 31 31 31 31 31 32 32 32 32 33 33 33 33 34 34 34 34 35             315
MAR  35 35 36 36 36 37 37 37 37 38 38 38 38 39 39 39 39 40 40 40 40 41 41 41 41 41 42 42 42 42 42    390
APR  43 43 43 43 43 44 44 44 44 45 45 45 45 46 46 46 47 47 47 47 48 48 48 49 49 49 50 50 50 51       463
MAY  51 51 52 52 52 53 53 53 54 54 54 55 55 55 56 56 56 57 57 57 57 58 58 58 59 59 59 59 60 60 60    558
JUN  61 61 61 61 62 62 62 62 62 63 63 63 63 64 64 64 64 64 65 65 65 65 65 66 66 66 66 66 66 67       638
JUL  67 67 67 67 67 67 67 68 68 68 68 68 68 68 68 68 68 68 68 68 68 68 68 68 68 68 68 68 68 68 68    678
AUG  68 68 68 68 67 67 67 67 67 67 67 67 67 66 66 66 66 66 66 66 66 65 65 65 65 65 65 64 64 64 64    661
SEP  64 64 63 63 63 63 62 62 62 62 61 61 61 61 60 60 60 59 59 58 58 58 57 57 57 56 56 55 55 54       597
OCT  54 54 53 53 52 52 51 51 50 50 50 49 49 49 48 48 47 47 47 46 46 46 45 45 45 44 44 44 43 43 43    480
NOV  43 42 42 42 41 41 41 40 40 40 40 39 39 39 39 38 38 38 37 37 37 37 36 36 36 36 35 35 35 34       384
DEC  34 34 34 33 33 33 33 33 32 32 32 32 31 31 31 31 31 30 30 30 30 30 30 29 29 29 29 29 29 29 28    310
                                                                                                        
-------------------------------------------------------------------------------------------------       
 Maximum Temperature (deg F [tenths deg F for monthly])                                                 
 DAY  1  2  3  4  5  6  7  8  9 10 11 12 13 14 15 16 17 18 19 20 21 22 23 24 25 26 27 28 29 30 31  MONTH
-------------------------------------------------------------------------------------------------       
JAN  51 50 50 50 50 50 50 50 50 50 50 50 50 50 50 50 50 51 51 51 51 51 51 51 52 52 52 52 53 53 53    508
FEB  53 54 54 54 54 55 55 55 56 56 56 56 57 57 57 58 58 58 58 59 59 59 59 60 60 60 61 61             571
MAR  61 61 62 62 62 62 63 63 63 63 64 64 64 64 65 65 65 66 66 66 66 67 67 67 67 68 68 68 68 69 69    650
APR  69 69 70 70 70 71 71 71 71 72 72 72 72 72 73 73 73 73 74 74 74 74 74 75 75 75 75 75 76 76       727
MAY  76 76 76 77 77 77 77 77 78 78 78 78 79 79 79 79 79 80 80 80 80 81 81 81 81 82 82 82 82 83 83    793
JUN  83 83 84 84 84 84 85 85 85 85 86 86 86 86 86 87 87 87 87 87 87 88 88 88 88 88 88 89 89 89       863
JUL  89 89 89 89 89 90 90 90 90 90 90 90 90 90 90 91 91 91 91 91 91 91 91 91 91 91 91 91 91 91 92    904
AUG  92 92 92 92 92 92 92 92 92 91 91 91 91 91 91 91 91 91 91 91 90 90 90 90 90 89 89 89 89 89 88    907
SEP  88 88 88 87 87 87 86 86 86 86 85 85 85 85 84 84 84 83 83 83 83 82 82 82 81 81 81 81 80 80       841
OCT  80 79 79 79 78 78 78 78 77 77 77 76 76 75 75 75 74 74 74 73 73 73 72 72 71 71 71 70 70 69 69    746
NOV  68 68 68 67 67 66 66 65 65 65 64 64 64 63 63 62 62 62 61 61 61 60 60 60 59 59 58 58 58 57       627
DEC  57 57 56 56 56 56 55 55 55 55 54 54 54 54 53 53 53 53 52 52 52 52 52 52 51 51 51 51 51 51 51    534
                                                                                                        
-------------------------------------------------------------------------------------------------       
 Average Temperature (deg F [tenths deg F for monthly])                                                 
 DAY  1  2  3  4  5  6  7  8  9 10 11 12 13 14 15 16 17 18 19 20 21 22 23 24 25 26 27 28 29 30 31  MONTH
-------------------------------------------------------------------------------------------------       
JAN  39 39 39 39 39 39 39 39 39 39 39 39 39 39 39 39 39 39 39 39 39 39 40 40 40 40 40 40 41 41 41    394
FEB  41 41 42 42 42 42 42 43 43 43 43 44 44 44 44 45 45 45 45 46 46 46 46 47 47 47 47 48             443
MAR  48 48 49 49 49 49 50 50 50 50 51 51 51 52 52 52 52 53 53 53 53 54 54 54 54 55 55 55 55 55 56    520
APR  56 56 56 57 57 57 57 58 58 58 58 59 59 59 59 60 60 60 60 61 61 61 61 62 62 62 62 63 63 63       595
MAY  64 64 64 64 65 65 65 65 66 66 66 67 67 67 67 68 68 68 68 69 69 69 69 70 70 70 71 71 71 71 72    676
JUN  72 72 72 73 73 73 73 74 74 74 74 75 75 75 75 75 76 76 76 76 76 76 77 77 77 77 77 77 78 78       751
JUL  78 78 78 78 78 78 78 79 79 79 79 79 79 79 79 79 79 79 79 79 79 80 80 80 80 80 80 80 80 80 80    791
AUG  80 80 80 80 80 79 79 79 79 79 79 79 79 79 79 79 79 78 78 78 78 78 78 77 77 77 77 77 77 76 76    784
SEP  76 76 75 75 75 75 74 74 74 74 73 73 73 73 72 72 72 71 71 71 70 70 70 69 69 69 68 68 68 67       719
OCT  67 66 66 66 65 65 65 64 64 63 63 63 62 62 62 61 61 61 60 60 59 59 59 58 58 58 57 57 57 56 56    613
NOV  56 55 55 54 54 54 53 53 53 52 52 52 51 51 51 50 50 50 49 49 49 48 48 48 48 47 47 47 46 46       506
DEC  46 45 45 45 45 44 44 44 44 43 43 43 43 42 42 42 42 42 41 41 41 41 41 40 40 40 40 40 40 40 39    422
                                                                                                        
-------------------------------------------------------------------------------------------------       
 Heating Degree Days                                                                                    
 DAY  1  2  3  4  5  6  7  8  9 10 11 12 13 14 15 16 17 18 19 20 21 22 23 24 25 26 27 28 29 30 31  MONTH
-------------------------------------------------------------------------------------------------       
JAN  26 26 26 26 26 26 26 26 26 26 26 26 26 26 26 26 26 26 26 26 26 26 25 25 25 25 25 25 25 24 24    795
FEB  24 24 23 23 23 23 23 22 22 22 22 21 21 21 21 20 20 20 20 19 19 19 19 18 18 18 18 17             580
MAR  17 17 16 16 16 16 15 15 15 14 14 14 14 13 13 13 13 13 12 12 12 12 11 11 11 11 10 10 10 10 10    406
APR   9  9  9  9  9  8  8  8  8  8  7  7  7  7  7  7  6  6  6  6  6  5  5  5  5  5  5  4  4  4       199
MAY   4  4  4  3  3  3  3  3  3  3  3  2  2  2  2  2  2  2  2  2  1  1  1  1  1  1  1  1  1  1  1     65
JUN   1  1  0  0  0  0  0  0  0  0  0  0  0  0  0  0  0  0  0  0  0  0  0  0  0  0  0  0  0  0         2
JUL   0  0  0  0  0  0  0  0  0  0  0  0  0  0  0  0  0  0  0  0  0  0  0  0  0  0  0  0  0  0  0      0
AUG -99  0  0  0  0  0  0  0  0  0  0  0  0  0  0  0  0  0  0  0  0  0  0  0  0  0  0  0  0  0  0      1
SEP   0  0  0  0  0  0  0  0  0  0  0  0  0  0  1  1  1  1  1  1  1  1  1  1  1  2  2  2  2  2        21
OCT   2  2  2  3  3  3  3  3  3  4  4  4  4  5  5  5  5  5  6  6  6  7  7  7  7  8  8  8  9  9  9    162
NOV  10 10 10 11 11 12 12 12 13 13 13 14 14 14 14 15 15 15 16 16 16 17 17 17 18 18 18 18 19 19       437
DEC  19 20 20 20 20 21 21 21 21 22 22 22 22 23 23 23 23 23 24 24 24 24 24 25 25 25 25 25 25 25 25    706
                                                                                                        
-------------------------------------------------------------------------------------------------       
 Cooling Degree Days                                                                                    
 DAY  1  2  3  4  5  6  7  8  9 10 11 12 13 14 15 16 17 18 19 20 21 22 23 24 25 26 27 28 29 30 31  MONTH
-------------------------------------------------------------------------------------------------       
JAN   0  0  0  0  0  0  0  0  0  0  0  0  0  0  0  0  0  0  0  0  0  0  0  0  0  0  0  0  0  0  0      0
FEB   0  0  0  0  0  0  0  0  0  0  0  0  0  0  0  0  0  0  0  0  0  0  0  0  0  0  0  0               0
MAR   0  0  0  0  0  0  0  0  0  0  0  0  0  0  0  0  0  0  0  0  0  0  0  0  0  0  0  0-99-99-99      3
APR   0  0  0  0  0  1  1  1  1  1  1  1  1  1  1  1  1  1  1  1  1  2  2  2  2  2  2  2  2  2        34
MAY   2  3  3  3  3  3  3  3  3  4  4  4  4  4  4  5  5  5  5  5  5  6  6  6  6  6  6  7  7  7  7    144
JUN   7  8  8  8  8  8  9  9  9  9  9 10 10 10 10 10 10 11 11 11 11 11 12 12 12 12 12 12 12 13       304
JUL  13 13 13 13 13 13 13 14 14 14 14 14 14 14 14 14 14 14 14 14 14 15 15 15 15 15 15 15 15 15 15    437
AUG  15 15 15 15 15 15 14 14 14 14 14 14 14 14 14 14 14 13 13 13 13 13 13 13 12 12 12 12 12 11 11    417
SEP  11 11 10 10 10 10 10  9  9  9  9  8  8  8  8  7  7  7  7  7  6  6  6  6  5  5  5  5  4  4       227
OCT   4  4  4  3  3  3  3  2  2  2  2  2  2  2  1  1  1  1  1  1  1  1  1  1  0  0  0  0  0  0  0     48
NOV -99-99-99-99  0  0  0  0  0  0  0  0  0  0  0  0  0  0  0  0  0  0  0  0  0  0  0  0  0  0         4
DEC   0  0  0  0  0  0  0  0  0  0  0  0  0  0  0  0  0  0  0  0  0  0  0  0  0  0  0  0  0  0  0      0
                                                                                                        
-------------------------------------------------------------------------------------------------       
 Total  Precipitation (Hundreths of an Inch)                                                            
 DAY  1  2  3  4  5  6  7  8  9 10 11 12 13 14 15 16 17 18 19 20 21 22 23 24 25 26 27 28 29 30 31  MONTH
-------------------------------------------------------------------------------------------------       
JAN  16 16 16 16 16 15 15 15 15 15 15 15 15 15 15 14 14 14 14 14 14 14 14 14 14 14 14 14 14 14 14    454
FEB  14 14 14 14 14 14 14 14 14 14 15 15 15 15 15 15 15 15 15 16 16 16 16 16 16 16 17 17             421
MAR  17 17 17 17 17 18 18 18 18 18 18 18 18 18 18 18 18 18 18 18 18 18 18 18 17 17 17 17 17 17 17    546
APR  16 16 16 16 16 16 15 15 15 15 15 15 15 15 15 15 15 15 15 14 14 15 15 15 15 15 15 15 15 15       454
MAY  15 15 15 15 15 15 15 16 16 16 16 16 16 16 16 16 16 16 16 16 16 16 16 16 15 15 15 15 15 15 15    482
JUN  15 15 15 15 15 14 14 14 14 14 14 14 14 14 14 14 14 14 14 14 14 14 14 14 14 14 14 14 14 14       425
JUL  14 14 14 14 14 14 14 14 14 14 13 13 13 13 13 13 13 13 13 13 12 12 12 12 12 12 11 11 11 11 11    397
AUG  10 10 10 10 10 10  9  9  9  9  9  9  9  9  8  8  8  8  8  8  8  8  8  8  8  8  9  9  9  9  9    273
SEP   9  9  9  9  9 10 10 10 10 10 10 10 10 10 11 11 11 11 11 11 11 12 12 12 12 12 12 12 13 13       322
OCT  13 13 13 13 13 13 14 14 14 14 14 14 14 15 15 15 15 15 15 15 16 16 16 16 16 16 16 16 17 17 17    460
NOV  17 17 17 17 17 17 18 18 18 18 18 18 18 18 18 18 18 18 18 18 19 19 19 19 19 19 19 19 19 19       544
DEC  19 19 19 19 19 19 19 18 18 18 18 18 18 18 18 18 18 18 18 18 17 17 17 17 17 17 17 17 17 16 16    552
                                                                                                        
