-------------------------------------------------------------------------------------------------       
 1971-2000 Daily/Monthly Station Normals                                                                
 Provided by National Climatic Data Center/NESDIS/NOAA                                                  
-------------------------------------------------------------------------------------------------       
 Station COOP ID:                           033734                                                      
 Station Name, State, Division, Call:       JONESBORO 4 N                      AR 03                    
 Latitude, Longitude, Elevation, Elements:  35 53 00 -090 42 00   390 XNP                               
-------------------------------------------------------------------------------------------------       
 Minimum Temperature (deg F [tenths deg F for monthly])                                                 
 DAY  1  2  3  4  5  6  7  8  9 10 11 12 13 14 15 16 17 18 19 20 21 22 23 24 25 26 27 28 29 30 31  MONTH
-------------------------------------------------------------------------------------------------       
JAN  27 27 26 26 26 26 26 26 26 26 25 25 25 25 25 25 25 25 25 25 26 26 26 26 26 26 26 26 27 27 27    258
FEB  27 27 27 28 28 28 28 29 29 29 29 30 30 30 30 31 31 31 32 32 32 32 33 33 33 34 34 34             304
MAR  35 35 35 36 36 36 37 37 37 38 38 38 39 39 39 40 40 40 40 41 41 41 42 42 42 43 43 43 44 44 44    395
APR  45 45 45 45 46 46 46 47 47 47 48 48 48 49 49 49 50 50 50 50 51 51 51 52 52 52 53 53 53 53       490
MAY  54 54 54 55 55 55 56 56 56 56 57 57 57 58 58 58 59 59 59 59 60 60 60 61 61 61 62 62 62 63 63    583
JUN  63 63 64 64 64 65 65 65 65 66 66 66 66 67 67 67 67 68 68 68 68 68 69 69 69 69 69 69 70 70       668
JUL  70 70 70 70 71 71 71 71 71 71 71 71 71 71 71 71 71 71 71 71 72 71 71 71 71 71 71 71 71 71 71    709
AUG  71 71 71 71 70 70 70 70 70 70 70 70 69 69 69 69 69 69 68 68 68 68 68 67 67 67 67 66 66 66 66    687
SEP  65 65 65 65 64 64 64 63 63 63 62 62 62 61 61 61 60 60 60 59 59 58 58 58 57 57 56 56 55 55       606
OCT  55 54 54 53 53 53 52 52 51 51 50 50 50 49 49 49 48 48 47 47 47 46 46 46 45 45 45 44 44 44 43    487
NOV  43 43 42 42 42 42 41 41 41 40 40 40 40 39 39 39 38 38 38 38 37 37 37 36 36 36 35 35 35 35       388
DEC  34 34 34 33 33 33 33 32 32 32 32 31 31 31 30 30 30 30 30 29 29 29 29 28 28 28 28 28 27 27 27    304
                                                                                                        
-------------------------------------------------------------------------------------------------       
 Maximum Temperature (deg F [tenths deg F for monthly])                                                 
 DAY  1  2  3  4  5  6  7  8  9 10 11 12 13 14 15 16 17 18 19 20 21 22 23 24 25 26 27 28 29 30 31  MONTH
-------------------------------------------------------------------------------------------------       
JAN  45 45 45 45 45 45 45 45 45 45 45 45 45 45 45 45 45 45 45 45 45 45 45 45 46 46 46 46 46 47 47    453
FEB  47 48 48 48 48 49 49 49 49 50 50 50 51 51 51 52 52 52 53 53 53 53 54 54 54 55 55 56             512
MAR  56 56 57 57 57 58 58 58 59 59 59 60 60 60 61 61 61 62 62 62 63 63 63 64 64 64 65 65 65 66 66    610
APR  66 67 67 67 68 68 68 69 69 69 70 70 70 71 71 71 71 72 72 72 73 73 73 73 74 74 74 75 75 75       709
MAY  75 76 76 76 77 77 77 77 78 78 78 78 79 79 79 80 80 80 80 81 81 81 82 82 82 82 83 83 83 84 84    796
JUN  84 85 85 85 85 86 86 86 87 87 87 87 87 88 88 88 88 89 89 89 89 89 90 90 90 90 90 91 91 91       879
JUL  91 91 91 91 91 92 92 92 92 92 92 92 92 92 92 92 92 93 93 93 93 93 93 93 93 93 93 93 93 93 93    923
AUG  93 93 92 92 92 92 92 92 92 92 92 92 92 91 91 91 91 91 91 90 90 90 90 90 89 89 89 89 89 88 88    908
SEP  88 87 87 87 87 86 86 86 86 85 85 85 85 84 84 84 84 83 83 83 82 82 82 82 81 81 81 81 80 80       839
OCT  80 79 79 79 79 78 78 78 77 77 77 76 76 75 75 75 74 74 73 73 72 72 71 71 71 70 69 69 68 68 67    742
NOV  67 66 66 65 65 64 64 63 63 62 62 61 61 60 60 59 59 58 58 57 57 57 56 56 56 55 55 54 54 54       598
DEC  53 53 53 52 52 52 52 51 51 51 50 50 50 49 49 49 49 48 48 48 48 48 47 47 47 47 47 46 46 46 46    492
                                                                                                        
-------------------------------------------------------------------------------------------------       
 Average Temperature (deg F [tenths deg F for monthly])                                                 
 DAY  1  2  3  4  5  6  7  8  9 10 11 12 13 14 15 16 17 18 19 20 21 22 23 24 25 26 27 28 29 30 31  MONTH
-------------------------------------------------------------------------------------------------       
JAN  36 36 36 36 36 36 35 35 35 35 35 35 35 35 35 35 35 35 35 35 35 36 36 36 36 36 36 36 37 37 37    356
FEB  37 37 38 38 38 38 39 39 39 39 40 40 40 40 41 41 41 42 42 42 43 43 43 44 44 44 45 45             408
MAR  45 46 46 46 47 47 47 48 48 48 49 49 49 50 50 50 51 51 51 52 52 52 53 53 53 54 54 54 54 55 55    503
APR  56 56 56 56 57 57 57 58 58 58 59 59 59 60 60 60 61 61 61 61 62 62 62 63 63 63 63 64 64 64       600
MAY  65 65 65 65 66 66 66 67 67 67 68 68 68 68 69 69 69 70 70 70 70 71 71 71 72 72 72 73 73 73 73    690
JUN  74 74 74 75 75 75 75 76 76 76 77 77 77 77 77 78 78 78 78 79 79 79 79 79 80 80 80 80 80 80       774
JUL  80 81 81 81 81 81 81 81 81 81 81 82 82 82 82 82 82 82 82 82 82 82 82 82 82 82 82 82 82 82 82    816
AUG  82 82 82 82 81 81 81 81 81 81 81 81 80 80 80 80 80 80 80 79 79 79 79 79 78 78 78 78 77 77 77    798
SEP  77 76 76 76 75 75 75 75 74 74 74 73 73 73 73 72 72 72 71 71 71 70 70 70 69 69 69 68 68 68       723
OCT  67 67 67 66 66 65 65 65 64 64 64 63 63 62 62 62 61 61 60 60 60 59 59 58 58 58 57 57 56 56 55    615
NOV  55 55 54 54 53 53 52 52 52 51 51 51 50 50 49 49 49 48 48 48 47 47 46 46 46 45 45 45 44 44       493
DEC  44 44 43 43 43 42 42 42 41 41 41 41 40 40 40 40 39 39 39 39 38 38 38 38 38 37 37 37 37 37 36    398
                                                                                                        
-------------------------------------------------------------------------------------------------       
 Heating Degree Days                                                                                    
 DAY  1  2  3  4  5  6  7  8  9 10 11 12 13 14 15 16 17 18 19 20 21 22 23 24 25 26 27 28 29 30 31  MONTH
-------------------------------------------------------------------------------------------------       
JAN  29 29 29 29 29 29 30 30 30 30 30 30 30 30 30 30 30 30 30 30 30 30 29 29 29 29 29 29 28 28 28    912
FEB  28 28 27 27 27 27 26 26 26 26 25 25 25 25 24 24 24 23 23 23 22 22 22 21 21 21 20 20             678
MAR  20 19 19 19 18 18 18 17 17 17 16 16 16 15 15 15 15 14 14 14 13 13 13 12 12 12 11 11 11 10 10    460
APR  10  9  9  9  9  8  8  8  7  7  7  7  7  6  6  6  6  5  5  5  5  5  5  4  4  4  4  4  4  4       187
MAY   3  3  3  3  3  3  3  3  2  2  2  2  2  2  2  2  2  2  2  1  1  1  1  1  1  1  1  1  1  1  1     58
JUN   1  0  0  0  0  0  0  0  0  0  0  0  0  0  0  0  0  0  0  0  0  0  0  0  0  0  0  0  0  0         1
JUL   0  0  0  0  0  0  0  0  0  0  0  0  0  0  0  0  0  0  0  0  0  0  0  0  0  0  0  0  0  0  0      0
AUG   0  0  0  0  0  0  0  0  0  0  0  0  0  0  0  0  0  0  0  0  0  0  0  0  0  0  0  0  0  0  0      0
SEP   0  0  0  0  0  0  0  0  0  0  0  0  0  0  1  1  1  1  1  1  1  1  1  1  1  1  2  2  2  2        20
OCT   2  2  2  2  3  3  3  3  3  4  4  4  4  5  5  5  5  6  6  6  6  7  7  7  8  8  8  9  9 10 10    166
NOV  10 11 11 12 12 12 13 13 14 14 14 15 15 15 16 16 16 17 17 17 18 18 19 19 19 20 20 20 20 21       474
DEC  21 21 22 22 22 23 23 23 24 24 24 24 25 25 25 25 26 26 26 26 27 27 27 27 27 28 28 28 28 28 29    781
                                                                                                        
-------------------------------------------------------------------------------------------------       
 Cooling Degree Days                                                                                    
 DAY  1  2  3  4  5  6  7  8  9 10 11 12 13 14 15 16 17 18 19 20 21 22 23 24 25 26 27 28 29 30 31  MONTH
-------------------------------------------------------------------------------------------------       
JAN   0  0  0  0  0  0  0  0  0  0  0  0  0  0  0  0  0  0  0  0  0  0  0  0  0  0  0  0  0  0  0      0
FEB   0  0  0  0  0  0  0  0  0  0  0  0  0  0  0  0  0  0  0  0  0  0  0  0  0  0  0  0               0
MAR   0  0  0  0  0  0  0  0  0  0  0  0  0  0  0  0  0  0  0  0  0  0  0  0  0  0  0  0  0-99-99      2
APR   0  0  0  0  0  0  0  0  1  1  1  1  1  1  1  1  1  1  1  1  2  2  2  2  2  2  2  3  3  3        35
MAY   3  3  3  3  4  4  4  4  4  5  5  5  5  5  5  6  6  6  6  7  7  7  7  7  8  8  8  8  9  9  9    180
JUN   9 10 10 10 10 10 11 11 11 11 12 12 12 12 12 13 13 13 13 13 14 14 14 14 14 14 15 15 15 15       372
JUL  15 15 16 16 16 16 16 16 16 16 16 17 17 17 17 17 17 17 17 17 17 17 17 17 17 17 17 17 17 17 17    514
AUG  17 17 17 17 16 16 16 16 16 16 16 16 15 15 15 15 15 15 14 14 14 14 14 13 13 13 13 13 12 12 12    457
SEP  12 11 11 11 11 10 10 10  9  9  9  9  8  8  8  8  7  7  7  7  7  6  6  6  6  5  5  5  5  4       237
OCT   4  4  4  4  3  3  3  3  3  2  2  2  2  2  2  2  1  1  1  1  1  1  1  1  1  1  1  1  0  0  0     57
NOV -99-99-99-99  0  0  0  0  0  0  0  0  0  0  0  0  0  0  0  0  0  0  0  0  0  0  0  0  0  0         4
DEC   0  0  0  0  0  0  0  0  0  0  0  0  0  0  0  0  0  0  0  0  0  0  0  0  0  0  0  0  0  0  0      0
                                                                                                        
-------------------------------------------------------------------------------------------------       
 Total  Precipitation (Hundreths of an Inch)                                                            
 DAY  1  2  3  4  5  6  7  8  9 10 11 12 13 14 15 16 17 18 19 20 21 22 23 24 25 26 27 28 29 30 31  MONTH
-------------------------------------------------------------------------------------------------       
JAN  11 11 11 11 11 11 11 11 11 11 10 10 10 10 10 10 10 10 10 10 10 10 11 11 11 11 11 11 11 11 11    329
FEB  11 12 12 12 12 12 12 12 12 12 13 13 13 13 13 13 13 13 13 13 13 13 13 13 13 14 14 14             356
MAR  14 14 14 14 14 14 14 14 14 14 14 14 14 14 14 14 14 14 14 14 15 15 15 15 15 15 15 15 15 15 15    445
APR  16 16 16 16 16 16 16 16 16 16 16 17 17 17 17 17 17 17 17 17 17 17 17 17 17 17 17 17 17 17       499
MAY  17 17 17 17 17 17 17 17 17 17 17 17 16 16 16 16 16 16 16 16 15 15 15 15 15 15 14 14 14 14 14    492
JUN  13 13 13 13 13 12 12 12 12 12 11 11 11 11 11 11 11 10 10 10 10 10 10 10 10 10 10  9  9  9       329
JUL   9  9  9  9  9  9  9  9  9  9  9  9  9  9  9  9  9  9  9  9  9  9  9  9  9  8  8  8  8  8  8    273
AUG   8  8  8  8  8  8  8  8  8  8  8  8  9  9  9  9  9  9  9  9  9  9  9  9  9  9  9  9  9  9  9    267
SEP   9  9 10 10 10 10 10 10 10 10 10 10 10 10 10 10 11 11 11 11 11 11 11 11 11 11 11 11 11 11       312
OCT  11 11 11 11 11 11 11 11 12 12 12 12 12 12 12 12 12 13 13 13 13 13 13 14 14 14 14 14 15 15 15    389
NOV  15 16 16 16 16 16 17 17 17 17 17 17 17 17 17 17 17 17 17 17 17 17 17 17 17 17 17 17 17 16       502
DEC  16 16 16 16 15 15 15 15 15 15 14 14 14 14 14 14 14 13 13 13 13 13 13 12 12 12 12 12 12 12 11    425
                                                                                                        
