-------------------------------------------------------------------------------------------------       
 1971-2000 Daily/Monthly Station Normals                                                                
 Provided by National Climatic Data Center/NESDIS/NOAA                                                  
-------------------------------------------------------------------------------------------------       
 Station COOP ID:                           034708                                                      
 Station Name, State, Division, Call:       MCARTHUR                           AR 09                    
 Latitude, Longitude, Elevation, Elements:  33 41 12 -091 20 01   143   P                               
-------------------------------------------------------------------------------------------------       
 Total  Precipitation (Hundreths of an Inch)                                                            
 DAY  1  2  3  4  5  6  7  8  9 10 11 12 13 14 15 16 17 18 19 20 21 22 23 24 25 26 27 28 29 30 31  MONTH
-------------------------------------------------------------------------------------------------       
JAN  18 18 19 19 19 19 19 19 19 19 19 19 19 19 19 19 19 19 19 19 19 19 19 19 18 18 18 18 18 18 18    580
FEB  18 18 17 17 17 17 17 17 17 17 17 17 16 16 16 16 16 16 16 16 16 16 16 16 16 16 16 17             463
MAR  16 16 17 17 17 17 17 17 17 17 17 17 17 17 17 17 17 17 17 17 17 17 17 17 18 18 18 18 18 18 18    532
APR  18 18 18 18 18 18 18 18 18 18 18 18 18 18 18 18 18 18 18 18 19 19 19 19 19 19 19 19 19 19       550
MAY  19 19 19 19 19 19 19 19 19 19 19 19 19 19 19 19 19 18 18 18 18 18 17 17 17 17 16 16 16 15 15    559
JUN  15 14 14 13 13 13 13 12 12 12 12 11 11 11 11 11 11 11 10 10 10 10 10 10 10 10 10 10 10 10       340
JUL  10 10 10 10 11 11 11 11 11 10 10 10 10 10 10 10 10 10 10 10  9  9  9  9  9  9  8  8  8  8  7    298
AUG   7  7  7  6  6  6  6  6  6  5  5  5  5  5  5  5  5  5  5  6  6  6  6  6  6  6  7  7  7  7  8    185
SEP   8  8  8  9  9  9  9 10 10 10 10 10 10 10 11 11 11 11 11 11 11 11 11 11 10 10 10 10 10 10       300
OCT  10  9  9  9  9  9  9  9  9  9  9  9  9  9  9 10 10 10 10 10 11 11 11 12 12 12 13 13 14 14 15    324
NOV  15 16 16 16 17 17 18 18 18 19 19 19 19 20 20 20 20 20 20 20 20 20 20 20 20 20 20 20 20 20       567
DEC  19 19 19 19 19 18 18 18 18 18 18 18 18 18 18 18 18 18 18 18 18 18 18 18 18 18 18 18 18 18 18    563
                                                                                                        
