-------------------------------------------------------------------------------------------------       
 1971-2000 Daily/Monthly Station Normals                                                                
 Provided by National Climatic Data Center/NESDIS/NOAA                                                  
-------------------------------------------------------------------------------------------------       
 Station COOP ID:                           034938                                                      
 Station Name, State, Division, Call:       MORRILTON                          AR 05                    
 Latitude, Longitude, Elevation, Elements:  35 09 29 -092 46 02   340 XNP                               
-------------------------------------------------------------------------------------------------       
 Minimum Temperature (deg F [tenths deg F for monthly])                                                 
 DAY  1  2  3  4  5  6  7  8  9 10 11 12 13 14 15 16 17 18 19 20 21 22 23 24 25 26 27 28 29 30 31  MONTH
-------------------------------------------------------------------------------------------------       
JAN  27 27 27 27 27 27 26 26 26 26 26 26 26 26 26 26 26 26 26 26 26 26 27 27 27 27 27 27 27 27 27    265
FEB  27 28 28 28 28 28 28 28 29 29 29 29 30 30 30 30 30 31 31 31 32 32 32 32 33 33 33 34             301
MAR  34 34 35 35 35 36 36 36 37 37 37 37 38 38 38 39 39 39 39 40 40 40 40 41 41 41 41 41 42 42 42    384
APR  42 43 43 43 43 44 44 44 44 44 45 45 45 46 46 46 46 47 47 47 48 48 48 49 49 49 50 50 50 51       462
MAY  51 52 52 52 53 53 53 54 54 54 55 55 55 56 56 56 57 57 57 58 58 58 59 59 59 60 60 60 60 61 61    563
JUN  61 61 62 62 62 63 63 63 63 64 64 64 64 64 65 65 65 65 66 66 66 66 66 67 67 67 67 67 68 68       647
JUL  68 68 68 69 69 69 69 69 69 69 69 69 69 69 69 69 69 69 69 69 69 69 69 69 69 69 69 69 69 69 69    689
AUG  68 68 68 68 68 68 68 67 67 67 67 67 67 66 66 66 66 66 66 66 65 65 65 65 65 64 64 64 64 64 64    661
SEP  63 63 63 63 63 62 62 62 62 61 61 61 60 60 60 60 59 59 58 58 58 57 57 57 56 56 55 55 54 54       593
OCT  54 53 53 52 52 51 51 50 50 50 49 49 48 48 48 47 47 47 46 46 45 45 45 44 44 44 43 43 43 42 42    475
NOV  42 42 41 41 41 40 40 40 39 39 39 39 38 38 38 37 37 37 37 36 36 36 35 35 35 35 34 34 34 33       376
DEC  33 33 33 32 32 32 32 31 31 31 31 30 30 30 30 29 29 29 29 29 29 28 28 28 28 28 28 27 27 27 27    297
                                                                                                        
-------------------------------------------------------------------------------------------------       
 Maximum Temperature (deg F [tenths deg F for monthly])                                                 
 DAY  1  2  3  4  5  6  7  8  9 10 11 12 13 14 15 16 17 18 19 20 21 22 23 24 25 26 27 28 29 30 31  MONTH
-------------------------------------------------------------------------------------------------       
JAN  48 48 48 48 47 47 47 47 47 47 47 47 47 47 47 48 48 48 48 48 48 48 48 49 49 49 49 49 50 50 50    480
FEB  50 51 51 51 52 52 52 53 53 53 53 54 54 54 55 55 55 55 56 56 56 57 57 57 57 58 58 58             544
MAR  59 59 59 59 60 60 60 61 61 61 61 62 62 62 63 63 63 64 64 64 64 65 65 65 66 66 66 67 67 67 68    630
APR  68 68 68 69 69 69 70 70 70 71 71 71 71 72 72 72 72 73 73 73 73 74 74 74 74 75 75 75 75 76       719
MAY  76 76 76 77 77 77 77 78 78 78 78 79 79 79 79 80 80 80 80 81 81 81 81 82 82 82 82 83 83 83 83    796
JUN  84 84 84 85 85 85 85 86 86 86 86 87 87 87 87 87 88 88 88 88 89 89 89 89 89 90 90 90 90 91       873
JUL  91 91 91 91 91 91 92 92 92 92 92 93 93 93 93 93 93 93 93 93 93 93 94 94 94 94 94 94 94 94 94    927
AUG  94 94 94 94 93 93 93 93 93 93 93 93 93 93 93 92 92 92 92 92 92 91 91 91 91 91 90 90 90 90 89    921
SEP  89 89 89 88 88 88 87 87 87 87 86 86 86 86 85 85 85 84 84 84 84 83 83 83 82 82 82 82 81 81       851
OCT  81 80 80 80 80 79 79 79 78 78 77 77 77 76 76 75 75 75 74 74 73 73 72 72 71 71 70 70 69 69 68    751
NOV  68 67 67 66 66 65 65 64 64 63 63 62 62 61 61 60 60 60 59 59 58 58 57 57 57 56 56 56 55 55       609
DEC  55 54 54 54 53 53 53 53 52 52 52 52 51 51 51 51 50 50 50 50 49 49 49 49 49 49 48 48 48 48 48    508
                                                                                                        
-------------------------------------------------------------------------------------------------       
 Average Temperature (deg F [tenths deg F for monthly])                                                 
 DAY  1  2  3  4  5  6  7  8  9 10 11 12 13 14 15 16 17 18 19 20 21 22 23 24 25 26 27 28 29 30 31  MONTH
-------------------------------------------------------------------------------------------------       
JAN  37 37 37 37 37 37 37 37 37 37 37 37 37 37 37 37 37 37 37 37 37 37 37 38 38 38 38 38 38 38 39    373
FEB  39 39 39 40 40 40 40 41 41 41 41 42 42 42 42 43 43 43 43 44 44 44 44 45 45 45 46 46             423
MAR  46 47 47 47 48 48 48 48 49 49 49 50 50 50 50 51 51 51 52 52 52 52 53 53 53 54 54 54 54 55 55    507
APR  55 55 56 56 56 56 57 57 57 58 58 58 58 59 59 59 59 60 60 60 61 61 61 62 62 62 62 63 63 63       591
MAY  64 64 64 65 65 65 65 66 66 66 67 67 67 67 68 68 68 69 69 69 69 70 70 70 71 71 71 71 72 72 72    680
JUN  72 73 73 73 74 74 74 74 75 75 75 75 75 76 76 76 76 77 77 77 77 78 78 78 78 78 79 79 79 79       760
JUL  79 80 80 80 80 80 80 81 81 81 81 81 81 81 81 81 81 81 81 81 81 81 82 81 81 81 81 81 81 81 81    808
AUG  81 81 81 81 81 81 80 80 80 80 80 80 80 80 79 79 79 79 79 79 78 78 78 78 78 78 77 77 77 77 76    791
SEP  76 76 76 76 75 75 75 74 74 74 74 73 73 73 73 72 72 72 71 71 71 70 70 70 69 69 69 68 68 67       722
OCT  67 67 66 66 66 65 65 64 64 64 63 63 63 62 62 61 61 61 60 60 59 59 59 58 58 57 57 56 56 56 55    613
NOV  55 54 54 54 53 53 52 52 52 51 51 50 50 50 49 49 49 48 48 48 47 47 46 46 46 46 45 45 45 44       493
DEC  44 44 43 43 43 42 42 42 42 41 41 41 41 40 40 40 40 40 39 39 39 39 39 39 38 38 38 38 38 38 38    403
                                                                                                        
-------------------------------------------------------------------------------------------------       
 Heating Degree Days                                                                                    
 DAY  1  2  3  4  5  6  7  8  9 10 11 12 13 14 15 16 17 18 19 20 21 22 23 24 25 26 27 28 29 30 31  MONTH
-------------------------------------------------------------------------------------------------       
JAN  28 28 28 28 28 28 28 28 28 28 28 28 28 28 28 28 28 28 28 28 28 28 28 28 28 27 27 27 27 27 26    861
FEB  26 26 26 25 25 25 25 24 24 24 24 24 23 23 23 22 22 22 22 21 21 21 21 20 20 20 19 19             637
MAR  19 18 18 18 17 17 17 17 16 16 16 15 15 15 15 14 14 14 13 13 13 13 12 12 12 12 11 11 11 11 10    445
APR  10 10  9  9  9  9  9  8  8  8  8  7  7  7  7  6  6  6  6  6  5  5  5  5  5  4  4  4  4  4       200
MAY   4  3  3  3  3  3  3  2  2  2  2  2  2  2  1  1  1  1  1  1  1  1  1  1  1  1  0  0  0  0  0     48
JUN -99  0  0  0  0  0  0  0  0  0  0  0  0  0  0  0  0  0  0  0  0  0  0  0  0  0  0  0  0  0         1
JUL   0  0  0  0  0  0  0  0  0  0  0  0  0  0  0  0  0  0  0  0  0  0  0  0  0  0  0  0  0  0  0      0
AUG   0  0  0  0  0  0  0  0  0  0  0  0  0  0  0  0  0  0  0  0  0  0  0  0  0  0  0  0  0  0-99      1
SEP   0  0  0  0  0  0  0  0  0  0  0  0  0  0  1  1  1  1  1  1  1  1  1  1  1  1  1  2  2  2        19
OCT   2  2  2  2  2  3  3  3  3  3  4  4  4  4  5  5  5  5  6  6  6  7  7  7  8  8  8  9  9  9 10    161
NOV  10 11 11 12 12 12 13 13 13 14 14 15 15 15 16 16 16 17 17 17 18 18 19 19 19 20 20 20 20 21       473
DEC  21 21 22 22 22 23 23 23 23 24 24 24 24 25 25 25 25 25 26 26 26 26 26 27 27 27 27 27 27 27 28    768
                                                                                                        
-------------------------------------------------------------------------------------------------       
 Cooling Degree Days                                                                                    
 DAY  1  2  3  4  5  6  7  8  9 10 11 12 13 14 15 16 17 18 19 20 21 22 23 24 25 26 27 28 29 30 31  MONTH
-------------------------------------------------------------------------------------------------       
JAN   0  0  0  0  0  0  0  0  0  0  0  0  0  0  0  0  0  0  0  0  0  0  0  0  0  0  0  0  0  0  0      0
FEB   0  0  0  0  0  0  0  0  0  0  0  0  0  0  0  0  0  0  0  0  0  0  0  0  0  0  0  0               0
MAR   0  0  0  0  0  0  0  0  0  0  0  0  0  0  0  0  0  0  0  0  0  0  0  0  0  0  0  0  0-99-99      2
APR   0  0  0  0  0  0  0  0  0  0  0  0  0  1  1  1  1  1  1  1  1  1  1  1  1  1  2  2  2  2        21
MAY   2  2  2  2  3  3  3  3  3  3  3  4  4  4  4  4  4  5  5  5  5  5  6  6  6  6  7  7  7  7  8    138
JUN   8  8  8  8  9  9  9  9 10 10 10 10 11 11 11 11 11 12 12 12 12 12 13 13 13 13 14 14 14 14       331
JUL  14 15 15 15 15 15 15 16 16 16 16 16 16 16 16 16 16 16 16 16 16 16 17 16 16 16 16 16 16 16 16    489
AUG  16 16 16 16 16 16 15 15 15 15 15 15 15 15 14 14 14 14 14 14 14 13 13 13 13 13 12 12 12 12 11    438
SEP  11 11 11 11 10 10 10 10  9  9  9  9  8  8  8  8  7  7  7  7  6  6  6  6  6  5  5  5  5  4       234
OCT   4  4  4  3  3  3  3  2  2  2  2  2  2  1  1  1  1  1  1  1  1  1  1  0  0  0  0  0  0  0  0     46
NOV -99-99  0  0  0  0  0  0  0  0  0  0  0  0  0  0  0  0  0  0  0  0  0  0  0  0  0  0  0  0         2
DEC   0  0  0  0  0  0  0  0  0  0  0  0  0  0  0  0  0  0  0  0  0  0  0  0  0  0  0  0  0  0  0      0
                                                                                                        
-------------------------------------------------------------------------------------------------       
 Total  Precipitation (Hundreths of an Inch)                                                            
 DAY  1  2  3  4  5  6  7  8  9 10 11 12 13 14 15 16 17 18 19 20 21 22 23 24 25 26 27 28 29 30 31  MONTH
-------------------------------------------------------------------------------------------------       
JAN  12 12 12 12 11 11 11 11 11 11 11 11 11 11 11 11 11 11 10 10 10 10 10 10 10 10 10 11 11 11 11    336
FEB  11 11 11 11 11 11 11 11 11 11 11 11 12 12 12 12 12 12 12 12 12 12 13 13 13 13 13 13             330
MAR  13 13 14 14 14 14 14 14 14 14 14 14 14 15 15 15 15 15 15 15 15 15 15 15 15 15 15 15 15 14 14    448
APR  15 15 14 14 14 14 14 14 14 14 14 14 14 14 14 14 15 15 15 15 15 15 15 15 15 15 15 15 16 16       438
MAY  16 16 16 16 17 17 17 17 17 17 17 17 17 17 17 17 17 17 17 17 17 17 17 17 17 17 17 17 17 17 17    523
JUN  17 17 17 17 17 17 16 16 16 16 16 16 16 16 15 15 15 15 15 14 14 14 14 14 13 13 13 13 12 12       451
JUL  12 12 11 11 11 11 10 10 10 10 10  9  9  9  9  9  9  9  8  8  8  8  8  8  8  8  8  8  8  7  7    283
AUG   7  7  7  7  7  7  7  7  7  7  8  8  8  8  8  8  8  8  8  8  8  8  8  8  8  9  9  9  9  9  9    244
SEP   9  9 10 10 10 10 10 10 10 10 11 11 11 11 11 11 11 11 11 11 11 11 12 12 12 12 12 12 12 12       326
OCT  12 12 12 12 12 12 12 13 13 13 13 13 13 13 14 14 14 14 14 14 15 15 15 15 16 16 16 16 17 17 17    434
NOV  17 18 18 18 19 19 19 19 19 19 19 20 20 20 20 20 20 20 20 20 20 20 19 19 19 19 19 19 18 18       574
DEC  18 18 18 17 17 17 17 16 16 16 16 16 15 15 15 15 14 14 14 14 14 14 13 13 13 13 13 13 12 12 12    460
                                                                                                        
