-------------------------------------------------------------------------------------------------       
 1971-2000 Daily/Monthly Station Normals                                                                
 Provided by National Climatic Data Center/NESDIS/NOAA                                                  
-------------------------------------------------------------------------------------------------       
 Station COOP ID:                           030582                                                      
 Station Name, State, Division, Call:       BENTON                             AR 05                    
 Latitude, Longitude, Elevation, Elements:  34 34 03 -092 36 02   310 XNP                               
-------------------------------------------------------------------------------------------------       
 Minimum Temperature (deg F [tenths deg F for monthly])                                                 
 DAY  1  2  3  4  5  6  7  8  9 10 11 12 13 14 15 16 17 18 19 20 21 22 23 24 25 26 27 28 29 30 31  MONTH
-------------------------------------------------------------------------------------------------       
JAN  27 27 27 27 27 27 27 27 27 27 27 27 27 26 26 27 27 27 27 27 27 27 27 27 27 27 27 27 27 28 28    270
FEB  28 28 28 28 29 29 29 29 29 30 30 30 30 31 31 31 31 32 32 32 33 33 33 34 34 34 35 35             310
MAR  35 36 36 36 37 37 37 38 38 38 39 39 39 39 40 40 40 41 41 41 41 42 42 42 42 43 43 43 43 43 44    398
APR  44 44 44 44 45 45 45 45 46 46 46 46 47 47 47 47 48 48 48 48 49 49 49 50 50 50 51 51 51 52       474
MAY  52 53 53 53 54 54 54 55 55 55 56 56 56 57 57 57 58 58 58 58 59 59 59 60 60 60 60 61 61 61 61    571
JUN  62 62 62 63 63 63 63 63 64 64 64 64 65 65 65 65 65 66 66 66 66 66 67 67 67 67 67 67 68 68       650
JUL  68 68 68 68 68 69 69 69 69 69 69 69 69 69 69 69 69 69 69 69 69 69 69 69 69 69 69 69 69 69 68    688
AUG  68 68 68 68 68 68 68 67 67 67 67 67 67 67 67 66 66 66 66 66 66 65 65 65 65 65 65 65 64 64 64    663
SEP  64 64 63 63 63 63 63 62 62 62 62 61 61 61 60 60 60 59 59 59 58 58 58 57 57 56 56 56 55 55       599
OCT  54 54 53 53 52 52 52 51 51 50 50 49 49 49 48 48 48 47 47 46 46 46 45 45 45 44 44 44 43 43 43    481
NOV  42 42 42 41 41 41 40 40 40 40 39 39 39 38 38 38 38 37 37 37 36 36 36 36 35 35 35 34 34 34       380
DEC  34 33 33 33 33 32 32 32 32 31 31 31 31 30 30 30 30 30 30 29 29 29 29 29 28 28 28 28 28 28 28    303
                                                                                                        
-------------------------------------------------------------------------------------------------       
 Maximum Temperature (deg F [tenths deg F for monthly])                                                 
 DAY  1  2  3  4  5  6  7  8  9 10 11 12 13 14 15 16 17 18 19 20 21 22 23 24 25 26 27 28 29 30 31  MONTH
-------------------------------------------------------------------------------------------------       
JAN  51 51 51 51 51 51 51 51 51 51 51 51 51 51 51 51 51 51 51 51 51 52 52 52 52 52 53 53 53 53 54    515
FEB  54 54 54 55 55 55 56 56 56 56 57 57 57 57 58 58 58 59 59 59 59 60 60 60 61 61 61 61             576
MAR  62 62 62 63 63 63 63 64 64 64 64 65 65 65 66 66 66 66 67 67 67 67 68 68 68 68 69 69 69 70 70    658
APR  70 70 71 71 71 71 72 72 72 72 73 73 73 73 74 74 74 74 74 75 75 75 75 76 76 76 76 76 77 77       736
MAY  77 77 78 78 78 78 79 79 79 79 79 80 80 80 80 81 81 81 81 82 82 82 82 82 83 83 83 83 84 84 84    806
JUN  84 85 85 85 85 86 86 86 86 87 87 87 87 87 88 88 88 88 88 89 89 89 89 89 90 90 90 90 90 90       876
JUL  91 91 91 91 91 91 91 92 92 92 92 92 92 92 92 92 92 92 93 93 93 93 93 93 93 93 93 93 93 93 93    922
AUG  93 93 93 93 93 93 93 93 93 93 93 92 92 92 92 92 92 92 92 91 91 91 91 91 91 90 90 90 90 89 89    917
SEP  89 89 88 88 88 88 87 87 87 87 86 86 86 85 85 85 85 84 84 84 84 83 83 83 83 82 82 82 82 81       851
OCT  81 81 81 80 80 80 79 79 79 78 78 78 77 77 77 76 76 76 75 75 74 74 73 73 73 72 72 71 71 70 70    760
NOV  69 69 68 68 67 67 66 66 65 65 65 64 64 63 63 63 62 62 61 61 61 60 60 60 59 59 59 58 58 58       630
DEC  57 57 57 57 56 56 56 56 55 55 55 55 54 54 54 54 54 53 53 53 53 53 53 52 52 52 52 52 52 51 51    540
                                                                                                        
-------------------------------------------------------------------------------------------------       
 Average Temperature (deg F [tenths deg F for monthly])                                                 
 DAY  1  2  3  4  5  6  7  8  9 10 11 12 13 14 15 16 17 18 19 20 21 22 23 24 25 26 27 28 29 30 31  MONTH
-------------------------------------------------------------------------------------------------       
JAN  39 39 39 39 39 39 39 39 39 39 39 39 39 39 39 39 39 39 39 39 39 39 39 40 40 40 40 40 40 40 41    393
FEB  41 41 41 42 42 42 42 43 43 43 43 43 44 44 44 45 45 45 45 46 46 46 47 47 47 47 48 48             443
MAR  48 49 49 49 50 50 50 51 51 51 52 52 52 52 53 53 53 53 54 54 54 55 55 55 55 56 56 56 56 56 57    528
APR  57 57 57 58 58 58 58 59 59 59 59 59 60 60 60 61 61 61 61 62 62 62 62 63 63 63 64 64 64 64       605
MAY  65 65 65 66 66 66 66 67 67 67 68 68 68 68 69 69 69 69 70 70 70 71 71 71 71 72 72 72 72 73 73    689
JUN  73 73 74 74 74 74 75 75 75 75 75 76 76 76 76 77 77 77 77 77 77 78 78 78 78 78 79 79 79 79       763
JUL  79 79 79 80 80 80 80 80 80 80 80 80 81 81 81 81 81 81 81 81 81 81 81 81 81 81 81 81 81 81 81    805
AUG  81 81 81 80 80 80 80 80 80 80 80 80 80 79 79 79 79 79 79 79 78 78 78 78 78 78 77 77 77 77 77    790
SEP  76 76 76 76 75 75 75 75 75 74 74 74 73 73 73 73 72 72 72 71 71 71 70 70 70 69 69 69 68 68       725
OCT  68 67 67 67 66 66 66 65 65 64 64 64 63 63 63 62 62 61 61 61 60 60 59 59 59 58 58 57 57 57 56    621
NOV  56 55 55 55 54 54 53 53 53 52 52 52 51 51 50 50 50 49 49 49 49 48 48 48 47 47 47 46 46 46       505
DEC  46 45 45 45 44 44 44 44 43 43 43 43 43 42 42 42 42 42 41 41 41 41 41 41 40 40 40 40 40 40 40    422
                                                                                                        
-------------------------------------------------------------------------------------------------       
 Heating Degree Days                                                                                    
 DAY  1  2  3  4  5  6  7  8  9 10 11 12 13 14 15 16 17 18 19 20 21 22 23 24 25 26 27 28 29 30 31  MONTH
-------------------------------------------------------------------------------------------------       
JAN  26 26 26 26 26 26 26 26 26 26 26 26 26 26 26 26 26 26 26 26 26 26 26 26 26 25 25 25 25 25 24    799
FEB  24 24 24 23 23 23 23 23 22 22 22 22 21 21 21 20 20 20 20 19 19 19 18 18 18 18 17 17             581
MAR  17 16 16 16 15 15 15 15 14 14 14 13 13 13 13 12 12 12 12 11 11 11 10 10 10 10 10  9  9  9  9    386
APR   8  8  8  8  8  7  7  7  7  7  6  6  6  6  6  5  5  5  5  5  4  4  4  4  4  4  3  3  3  3       166
MAY   3  3  3  2  2  2  2  2  2  2  2  2  1  1  1  1  1  1  1  1  1  1  1  1  1  1  0  0  0  0  0     41
JUN -99  0  0  0  0  0  0  0  0  0  0  0  0  0  0  0  0  0  0  0  0  0  0  0  0  0  0  0  0  0         1
JUL   0  0  0  0  0  0  0  0  0  0  0  0  0  0  0  0  0  0  0  0  0  0  0  0  0  0  0  0  0  0  0      0
AUG   0  0  0  0  0  0  0  0  0  0  0  0  0  0  0  0  0  0  0  0  0  0  0  0  0  0-99  0  0  0  0      1
SEP   0  0  0  0  0  0  0  0  0  0  0  0  0  0  0  1  1  1  1  1  1  1  1  1  1  1  1  1  1  2        16
OCT   2  2  2  2  2  2  2  3  3  3  3  3  3  4  4  4  4  5  5  5  6  6  6  6  7  7  8  8  8  9  9    143
NOV   9 10 10 11 11 11 12 12 12 13 13 14 14 14 15 15 15 16 16 16 16 17 17 17 18 18 18 19 19 19       437
DEC  19 20 20 20 21 21 21 21 21 22 22 22 22 23 23 23 23 23 24 24 24 24 24 24 25 25 25 25 25 25 26    707
                                                                                                        
-------------------------------------------------------------------------------------------------       
 Cooling Degree Days                                                                                    
 DAY  1  2  3  4  5  6  7  8  9 10 11 12 13 14 15 16 17 18 19 20 21 22 23 24 25 26 27 28 29 30 31  MONTH
-------------------------------------------------------------------------------------------------       
JAN   0  0  0  0  0  0  0  0  0  0  0  0  0  0  0  0  0  0  0  0  0  0  0  0  0  0  0  0  0  0  0      0
FEB   0  0  0  0  0  0  0  0  0  0  0  0  0  0  0  0  0  0  0  0  0  0  0  0  0  0  0  0               0
MAR   0  0  0  0  0  0  0  0  0  0  0  0  0  0  0  0  0  0  0  0  0  0  0-99-99-99-99-99-99-99-99      8
APR   0  0  0  0  0  0  0  1  1  1  1  1  1  1  1  1  1  1  1  1  1  1  2  2  2  2  2  2  2  2        31
MAY   3  3  3  3  3  3  3  4  4  4  4  4  5  5  5  5  5  5  6  6  6  6  6  7  7  7  7  7  8  8  8    160
JUN   8  9  9  9  9  9 10 10 10 10 11 11 11 11 11 12 12 12 12 12 12 13 13 13 13 13 14 14 14 14       341
JUL  14 14 14 15 15 15 15 15 15 15 15 15 15 16 16 16 16 16 16 16 16 16 16 16 16 16 16 16 16 16 16    480
AUG  16 16 16 16 15 15 15 15 15 15 15 15 15 14 14 14 14 14 14 14 13 13 13 13 13 13 12 12 12 12 12    435
SEP  11 11 11 11 11 10 10 10 10  9  9  9  9  8  8  8  8  7  7  7  7  6  6  6  6  6  5  5  5  4       240
OCT   4  4  4  4  3  3  3  3  2  2  2  2  2  2  1  1  1  1  1  1  1  1  1  1  0  0  0  0  0  0  0     50
NOV -99-99-99  0  0  0  0  0  0  0  0  0  0  0  0  0  0  0  0  0  0  0  0  0  0  0  0  0  0  0         3
DEC   0  0  0  0  0  0  0  0  0  0  0  0  0  0  0  0  0  0  0  0  0  0  0  0  0  0  0  0  0  0  0      0
                                                                                                        
-------------------------------------------------------------------------------------------------       
 Total  Precipitation (Hundreths of an Inch)                                                            
 DAY  1  2  3  4  5  6  7  8  9 10 11 12 13 14 15 16 17 18 19 20 21 22 23 24 25 26 27 28 29 30 31  MONTH
-------------------------------------------------------------------------------------------------       
JAN  13 13 13 13 13 13 13 13 12 12 12 12 12 12 12 12 12 12 12 12 12 11 11 11 11 11 11 11 11 11 11    370
FEB  11 11 11 11 11 11 11 11 11 11 11 11 11 11 11 12 12 12 12 12 12 12 13 13 13 13 13 13             327
MAR  14 14 14 14 14 15 15 15 15 15 15 16 16 16 16 16 16 16 16 17 17 17 17 17 17 17 17 17 17 18 18    494
APR  17 18 18 18 18 18 18 18 18 18 18 18 18 18 18 18 18 18 18 18 18 18 18 18 18 18 17 17 17 17       535
MAY  17 17 17 17 17 17 17 17 17 17 17 17 16 16 16 16 16 16 16 16 16 16 16 15 15 15 15 15 15 15 15    500
JUN  15 15 15 15 14 14 14 14 14 14 14 14 14 14 14 14 14 14 14 14 14 14 14 14 14 14 14 14 14 15       425
JUL  14 15 15 15 15 15 15 15 15 15 15 14 14 14 14 14 14 14 14 13 13 13 13 12 12 12 12 11 11 11 10    419
AUG  10 10  9  9  9  9  9  8  8  8  8  8  8  8  8  8  8  8  8  8  8  8  9  9  9  9 10 10 10 11 11    273
SEP  12 12 12 13 13 13 14 14 14 14 15 15 15 15 15 15 16 16 16 16 16 16 16 15 15 15 15 15 15 15       438
OCT  14 14 14 14 14 14 13 13 13 13 13 13 13 13 13 13 14 14 14 14 14 14 15 15 15 15 16 16 17 17 17    441
NOV  18 18 18 19 19 19 20 20 20 20 20 21 21 21 21 21 21 21 21 21 21 21 21 21 21 21 20 20 20 20       606
DEC  19 19 19 19 18 18 18 18 17 17 17 17 16 16 16 16 16 15 15 15 15 15 15 14 14 14 14 14 14 14 13    497
                                                                                                        
