-------------------------------------------------------------------------------------------------       
 1971-2000 Daily/Monthly Station Normals                                                                
 Provided by National Climatic Data Center/NESDIS/NOAA                                                  
-------------------------------------------------------------------------------------------------       
 Station COOP ID:                           036586                                                      
 Station Name, State, Division, Call:       SHIRLEY                            AR 02                    
 Latitude, Longitude, Elevation, Elements:  35 39 00 -092 19 00   560   P                               
-------------------------------------------------------------------------------------------------       
 Total  Precipitation (Hundreths of an Inch)                                                            
 DAY  1  2  3  4  5  6  7  8  9 10 11 12 13 14 15 16 17 18 19 20 21 22 23 24 25 26 27 28 29 30 31  MONTH
-------------------------------------------------------------------------------------------------       
JAN  12 11 11 11 11 11 10 10 10 10 10 10 10 10 10 10 10 10  9  9  9  9  9 10 10 10 10 10 10 10 10    312
FEB  10 10 10 11 11 11 11 11 11 11 11 12 12 12 12 12 12 13 13 13 13 13 13 14 14 14 14 14             338
MAR  14 15 15 15 15 15 15 16 16 16 16 16 16 16 16 16 16 16 17 17 17 17 17 17 17 17 17 17 17 16 16    499
APR  17 17 16 16 16 16 16 16 16 16 16 16 16 16 16 16 16 16 16 16 17 17 17 17 17 17 17 17 17 17       492
MAY  17 17 17 17 17 18 18 18 18 18 18 18 18 18 18 18 17 17 17 17 17 17 17 17 17 17 16 16 16 16 16    533
JUN  15 15 15 15 15 14 14 14 14 14 14 13 13 13 13 13 13 13 13 12 12 12 12 12 12 12 12 12 12 12       395
JUL  11 11 11 11 11 11 11 11 11 11 11 11 10 10 10 10 10 10 10 10  9  9  9  9  9  9  9  8  8  8  8    307
AUG   8  7  7  7  7  7  7  7  7  7  7  7  7  7  7  8  8  8  8  8  9  9  9  9 10 10 10 11 11 12 12    258
SEP  13 13 13 14 14 15 15 15 15 16 16 16 16 16 17 17 17 17 17 17 17 17 17 16 16 16 16 16 15 15       470
OCT  15 14 14 14 14 14 13 13 13 13 13 13 13 13 13 13 13 13 13 13 13 13 13 13 14 14 14 14 15 15 15    420
NOV  16 16 16 17 17 17 17 17 18 18 18 18 18 18 19 19 19 19 19 19 19 19 19 19 19 18 18 18 18 18       540
DEC  18 18 17 17 17 17 17 16 16 16 16 16 16 15 15 15 15 15 14 14 14 14 13 13 13 13 13 12 12 12 12    461
                                                                                                        
