-------------------------------------------------------------------------------------------------       
 1971-2000 Daily/Monthly Station Normals                                                                
 Provided by National Climatic Data Center/NESDIS/NOAA                                                  
-------------------------------------------------------------------------------------------------       
 Station COOP ID:                           030586                                                      
 Station Name, State, Division, Call:       BENTONVILLE 4 S                    AR 01                    
 Latitude, Longitude, Elevation, Elements:  36 19 00 -094 13 00  1220 XNP                               
-------------------------------------------------------------------------------------------------       
 Minimum Temperature (deg F [tenths deg F for monthly])                                                 
 DAY  1  2  3  4  5  6  7  8  9 10 11 12 13 14 15 16 17 18 19 20 21 22 23 24 25 26 27 28 29 30 31  MONTH
-------------------------------------------------------------------------------------------------       
JAN  23 22 22 22 22 22 22 22 22 22 22 22 21 21 21 21 22 22 22 22 22 22 22 22 22 22 22 22 23 23 23    220
FEB  23 23 23 24 24 24 24 25 25 25 25 25 26 26 26 26 27 27 27 28 28 28 28 29 29 29 30 30             262
MAR  30 31 31 31 32 32 32 33 33 33 33 34 34 34 35 35 35 35 36 36 36 37 37 37 37 38 38 38 38 39 39    348
APR  39 40 40 40 40 41 41 41 41 42 42 42 42 43 43 43 44 44 44 45 45 45 45 46 46 46 47 47 47 48       433
MAY  48 48 49 49 49 50 50 50 51 51 51 52 52 52 53 53 53 54 54 54 55 55 55 55 56 56 56 57 57 57 58    529
JUN  58 58 58 59 59 59 60 60 60 60 61 61 61 61 62 62 62 62 63 63 63 63 63 64 64 64 64 64 65 65       616
JUL  65 65 65 65 66 66 66 66 66 66 66 66 66 66 66 66 66 66 67 67 67 67 67 67 67 67 66 66 66 66 66    661
AUG  66 66 66 66 66 66 66 66 65 65 65 65 65 65 65 65 64 64 64 64 64 63 63 63 63 63 62 62 62 62 62    643
SEP  61 61 61 61 60 60 60 59 59 59 59 58 58 58 57 57 57 56 56 55 55 55 54 54 53 53 53 52 52 51       568
OCT  51 50 50 50 49 49 48 48 48 47 47 46 46 46 45 45 44 44 44 43 43 43 42 42 42 41 41 41 40 40 40    450
NOV  39 39 39 38 38 38 37 37 37 36 36 36 36 35 35 35 34 34 34 33 33 33 32 32 32 31 31 31 30 30       347
DEC  30 30 29 29 29 28 28 28 27 27 27 27 26 26 26 26 25 25 25 25 25 24 24 24 24 24 23 23 23 23 23    259
                                                                                                        
-------------------------------------------------------------------------------------------------       
 Maximum Temperature (deg F [tenths deg F for monthly])                                                 
 DAY  1  2  3  4  5  6  7  8  9 10 11 12 13 14 15 16 17 18 19 20 21 22 23 24 25 26 27 28 29 30 31  MONTH
-------------------------------------------------------------------------------------------------       
JAN  44 44 44 44 43 43 43 43 43 43 43 43 43 43 43 43 43 43 44 44 44 44 44 44 44 45 45 45 45 46 46    438
FEB  46 46 47 47 47 48 48 48 48 49 49 49 49 50 50 50 51 51 51 51 52 52 52 53 53 53 53 54             499
MAR  54 54 55 55 55 55 56 56 56 57 57 57 58 58 58 59 59 59 60 60 60 60 61 61 61 62 62 62 63 63 64    586
APR  64 64 65 65 65 66 66 66 66 67 67 67 68 68 68 68 69 69 69 70 70 70 70 71 71 71 71 71 72 72       682
MAY  72 72 73 73 73 73 73 74 74 74 74 75 75 75 75 76 76 76 76 76 77 77 77 78 78 78 78 79 79 79 79    756
JUN  80 80 80 80 81 81 81 82 82 82 82 83 83 83 83 83 84 84 84 84 85 85 85 85 86 86 86 86 86 87       833
JUL  87 87 87 87 87 88 88 88 88 88 88 89 89 89 89 89 89 89 89 89 89 90 90 90 90 90 90 90 90 90 90    888
AUG  90 90 90 90 90 90 90 90 90 90 90 89 89 89 89 89 89 89 88 88 88 88 88 87 87 87 87 86 86 86 85    885
SEP  85 85 85 84 84 84 83 83 83 82 82 82 81 81 81 81 80 80 80 79 79 79 79 78 78 78 77 77 77 77       808
OCT  76 76 76 75 75 75 75 74 74 74 73 73 72 72 72 71 71 70 70 70 69 69 68 68 67 67 66 66 65 65 64    709
NOV  64 63 63 62 62 61 61 60 60 59 59 58 58 58 57 57 56 56 55 55 55 54 54 54 53 53 53 52 52 52       572
DEC  51 51 51 50 50 50 49 49 49 49 48 48 48 48 47 47 47 47 46 46 46 46 46 45 45 45 45 45 44 44 44    473
                                                                                                        
-------------------------------------------------------------------------------------------------       
 Average Temperature (deg F [tenths deg F for monthly])                                                 
 DAY  1  2  3  4  5  6  7  8  9 10 11 12 13 14 15 16 17 18 19 20 21 22 23 24 25 26 27 28 29 30 31  MONTH
-------------------------------------------------------------------------------------------------       
JAN  33 33 33 33 33 33 33 33 32 32 32 32 32 32 32 32 33 33 33 33 33 33 33 33 33 33 34 34 34 34 34    329
FEB  35 35 35 35 36 36 36 36 37 37 37 37 38 38 38 38 39 39 39 39 40 40 40 41 41 41 42 42             381
MAR  42 42 43 43 43 44 44 44 45 45 45 46 46 46 46 47 47 47 48 48 48 49 49 49 49 50 50 50 51 51 51    467
APR  52 52 52 52 53 53 53 54 54 54 55 55 55 55 56 56 56 57 57 57 57 58 58 58 58 59 59 59 60 60       558
MAY  60 60 61 61 61 61 62 62 62 63 63 63 63 64 64 64 65 65 65 65 66 66 66 67 67 67 67 68 68 68 69    643
JUN  69 69 69 70 70 70 70 71 71 71 72 72 72 72 73 73 73 73 73 74 74 74 74 75 75 75 75 75 75 76       725
JUL  76 76 76 76 77 77 77 77 77 77 77 77 78 78 78 78 78 78 78 78 78 78 78 78 78 78 78 78 78 78 78    775
AUG  78 78 78 78 78 78 78 78 78 77 77 77 77 77 77 77 77 76 76 76 76 76 75 75 75 75 75 74 74 74 73    764
SEP  73 73 73 72 72 72 72 71 71 71 70 70 70 69 69 69 68 68 68 67 67 67 67 66 66 65 65 65 64 64       688
OCT  64 63 63 63 62 62 61 61 61 60 60 60 59 59 58 58 58 57 57 57 56 56 55 55 55 54 54 53 53 52 52    580
NOV  52 51 51 50 50 50 49 49 48 48 48 47 47 46 46 46 45 45 45 44 44 44 43 43 42 42 42 41 41 41       460
DEC  41 40 40 40 39 39 39 38 38 38 38 37 37 37 37 36 36 36 36 36 35 35 35 35 34 34 34 34 34 34 33    366
                                                                                                        
-------------------------------------------------------------------------------------------------       
 Heating Degree Days                                                                                    
 DAY  1  2  3  4  5  6  7  8  9 10 11 12 13 14 15 16 17 18 19 20 21 22 23 24 25 26 27 28 29 30 31  MONTH
-------------------------------------------------------------------------------------------------       
JAN  32 32 32 32 32 32 32 32 33 33 33 33 33 33 33 33 33 32 32 32 32 32 32 32 32 32 31 31 31 31 31    996
FEB  30 30 30 30 30 29 29 29 28 28 28 28 27 27 27 27 26 26 26 26 25 25 25 24 24 24 23 23             754
MAR  23 23 22 22 22 21 21 21 20 20 20 19 19 19 19 18 18 18 17 17 17 16 16 16 16 15 15 15 14 14 14    567
APR  13 13 13 13 12 12 12 11 11 11 11 10 10 10 10  9  9  9  9  8  8  8  8  8  7  7  7  7  7  6       289
MAY   6  6  6  6  5  5  5  5  5  4  4  4  4  4  4  4  3  3  3  3  3  3  2  2  2  2  2  2  2  2  1    112
JUN   1  1  1  1  1  1  1  1  1  1  1  0  0  0  0  0  0  0  0  0  0  0  0  0  0  0  0  0  0  0        11
JUL   0  0  0  0  0  0  0  0  0  0  0  0  0  0  0  0  0  0  0  0  0  0  0  0  0  0  0  0  0  0  0      0
AUG   0  0  0  0  0  0  0  0  0  0  0  0  0  0  0  0  0  0  0  0  0  0  0  0  0  1  1  1  1  1  1      6
SEP   1  1  1  1  1  1  1  1  1  1  1  1  1  1  2  2  2  2  2  2  2  2  2  3  3  3  3  3  3  4        54
OCT   4  4  4  4  5  5  5  5  5  6  6  6  7  7  7  7  8  8  8  9  9  9 10 10 11 11 11 12 12 13 13    241
NOV  13 14 14 15 15 15 16 16 17 17 17 18 18 19 19 19 20 20 21 21 21 22 22 22 23 23 23 24 24 24       572
DEC  24 25 25 25 26 26 26 27 27 27 27 28 28 28 28 29 29 29 29 30 30 30 30 30 31 31 31 31 31 31 32    881
                                                                                                        
-------------------------------------------------------------------------------------------------       
 Cooling Degree Days                                                                                    
 DAY  1  2  3  4  5  6  7  8  9 10 11 12 13 14 15 16 17 18 19 20 21 22 23 24 25 26 27 28 29 30 31  MONTH
-------------------------------------------------------------------------------------------------       
JAN   0  0  0  0  0  0  0  0  0  0  0  0  0  0  0  0  0  0  0  0  0  0  0  0  0  0  0  0  0  0  0      0
FEB   0  0  0  0  0  0  0  0  0  0  0  0  0  0  0  0  0  0  0  0  0  0  0  0  0  0  0  0               0
MAR   0  0  0  0  0  0  0  0  0  0  0  0  0  0  0  0  0  0  0  0  0  0  0  0  0  0  0  0  0  0  0      0
APR   0  0  0  0  0  0  0  0  0  0  0  0  0  0  0  0  0  0  0  1  1  1  1  1  1  1  1  1  1  1        11
MAY   1  1  1  1  2  2  2  2  2  2  2  2  2  3  3  3  3  3  3  3  3  4  4  4  4  4  4  4  5  5  5     89
JUN   5  5  6  6  6  6  6  6  7  7  7  7  7  7  8  8  8  8  8  9  9  9  9  9 10 10 10 10 10 11       234
JUL  11 11 11 11 11 12 12 12 12 12 12 12 13 13 13 13 13 13 13 13 13 13 13 13 13 13 13 13 13 13 13    386
AUG  13 13 13 13 13 13 13 13 13 13 12 12 12 12 12 12 12 12 11 11 11 11 11 11 10 10 10 10  9  9  9    359
SEP   9  9  8  8  8  8  7  7  7  7  6  6  6  6  6  5  5  5  5  5  4  4  4  4  4  3  3  3  3  3       168
OCT   2  2  2  2  2  2  2  1  1  1  1  1  1  1  1  0  0  0  0  0  0  0  0  0  0  0  0  0  0  0  0     22
NOV   0  0  0  0  0  0  0  0  0  0  0  0  0  0  0  0  0  0  0  0  0  0  0  0  0  0  0  0  0  0         0
DEC   0  0  0  0  0  0  0  0  0  0  0  0  0  0  0  0  0  0  0  0  0  0  0  0  0  0  0  0  0  0  0      0
                                                                                                        
-------------------------------------------------------------------------------------------------       
 Total  Precipitation (Hundreths of an Inch)                                                            
 DAY  1  2  3  4  5  6  7  8  9 10 11 12 13 14 15 16 17 18 19 20 21 22 23 24 25 26 27 28 29 30 31  MONTH
-------------------------------------------------------------------------------------------------       
JAN   8  8  8  8  8  8  7  7  7  7  7  7  7  7  7  7  7  7  7  7  7  7  7  7  7  7  7  7  7  7  7    223
FEB   7  7  7  7  7  8  8  8  8  8  8  8  8  9  9  9  9  9 10 10 10 10 11 11 11 11 12 12             252
MAR  12 12 13 13 13 13 13 14 14 14 14 14 14 15 15 15 15 15 15 15 15 15 15 15 15 15 15 15 15 15 14    442
APR  14 14 14 14 14 14 14 14 14 14 14 13 13 13 13 13 14 14 14 14 14 14 14 14 14 14 14 14 15 15       417
MAY  15 15 15 15 16 16 16 16 16 16 16 17 17 17 17 17 17 17 17 17 18 18 18 18 18 18 18 18 18 18 18    523
JUN  18 19 19 19 19 19 19 19 18 18 18 18 18 18 18 18 18 17 17 17 17 17 16 16 16 15 15 15 14 14       519
JUL  14 13 13 13 12 12 12 11 11 11 11 10 10 10 10 10  9  9  9  9  9  9  9  9  9  9  9  9  8  9  9    317
AUG   9  9  9  9  9  9  9  9  9 10 10 10 10 10 10 10 11 11 11 11 11 12 12 12 12 13 13 13 14 14 14    335
SEP  15 15 15 15 16 16 16 16 16 16 17 17 17 17 17 17 17 16 16 16 16 16 16 16 15 15 15 14 14 14       474
OCT  13 13 13 12 12 12 11 11 11 11 11 11 11 11 11 10 11 11 11 11 11 11 11 11 12 12 12 12 13 13 13    359
NOV  14 14 14 15 15 15 16 16 16 16 16 17 17 17 17 17 17 17 17 17 17 17 17 16 16 16 16 16 15 15       481
DEC  15 15 14 14 14 13 13 13 13 12 12 12 12 12 11 11 11 11 10 10 10 10 10 10  9  9  9  9  9  9  8    350
                                                                                                        
