-------------------------------------------------------------------------------------------------       
 1971-2000 Daily/Monthly Station Normals                                                                
 Provided by National Climatic Data Center/NESDIS/NOAA                                                  
-------------------------------------------------------------------------------------------------       
 Station COOP ID:                           025418                                                      
 Station Name, State, Division, Call:       MC NEAL                            AZ 07                    
 Latitude, Longitude, Elevation, Elements:  31 36 11 -109 40 07  4170   P                               
-------------------------------------------------------------------------------------------------       
 Total  Precipitation (Hundreths of an Inch)                                                            
 DAY  1  2  3  4  5  6  7  8  9 10 11 12 13 14 15 16 17 18 19 20 21 22 23 24 25 26 27 28 29 30 31  MONTH
-------------------------------------------------------------------------------------------------       
JAN   3  3  3  3  3  3  3  3  2  2  2  2  2  2  2  2  2  2  2  2  2  2  2  2  2  2  2  2  2  2  2     70
FEB   2  2  2  2  2  2  2  2  2  3  3  2  2  2  2  2  2  2  2  2  2  2  2  2  2  2  2  2              58
MAR   2  2  2  2  2  2  2  2  2  2  2  2  1  1  1  1  1  1  1  1  1  1  1  1  1  1  1  1  1  1  1     43
APR   1  1  1  1  1  1  1  1  1  1  1  0  0  0  0  0  0  0  0  0  0  0  0  1  1  1  1  1  1  1        18
MAY   1  1  1  1  1  1  1  1  1  1  1  1  1  1  1  1  1  1  1  1  1  1  0  0  0  0  0  0  0  0  0     22
JUN   0  0  0  0  0  0  0  0  0  0  0  1  1  1  1  1  1  1  2  2  2  2  2  3  3  3  3  4  4  4        41
JUL   5  5  5  6  6  6  7  7  7  7  8  8  8  8  8  9  9  9  9  9  9 10 10 10 10 10 10 10 10 10 10    255
AUG  10 11 11 11 11 11 11 10 10 10 10 10 10 10 10 10 10 10  9  9  9  9  9  8  8  8  8  7  7  7  7    291
SEP   6  6  6  6  5  5  5  5  5  4  4  4  4  4  4  4  3  3  3  3  3  3  3  3  3  3  3  3  3  3       119
OCT   3  3  3  4  4  4  4  4  4  4  4  4  4  4  4  4  4  4  4  4  4  4  4  4  3  3  3  3  3  3  3    114
NOV   3  3  3  3  3  2  2  2  2  2  2  2  2  2  2  2  2  2  2  2  2  2  2  2  2  2  2  2  2  2        65
DEC   3  3  3  3  3  3  3  3  3  3  3  3  3  3  3  3  3  4  4  3  3  3  3  3  3  3  3  3  3  3  3     95
                                                                                                        
