-------------------------------------------------------------------------------------------------       
 1971-2000 Daily/Monthly Station Normals                                                                
 Provided by National Climatic Data Center/NESDIS/NOAA                                                  
-------------------------------------------------------------------------------------------------       
 Station COOP ID:                           027435                                                      
 Station Name, State, Division, Call:       SAINT JOHNS                        AZ 02                    
 Latitude, Longitude, Elevation, Elements:  34 31 02 -109 24 10  5790 XNP                               
-------------------------------------------------------------------------------------------------       
 Minimum Temperature (deg F [tenths deg F for monthly])                                                 
 DAY  1  2  3  4  5  6  7  8  9 10 11 12 13 14 15 16 17 18 19 20 21 22 23 24 25 26 27 28 29 30 31  MONTH
-------------------------------------------------------------------------------------------------       
JAN  18 18 18 19 19 19 19 19 19 19 19 19 19 19 19 19 20 20 20 20 20 20 20 20 20 20 20 21 21 21 21    195
FEB  21 21 21 21 21 22 22 22 22 22 22 23 23 23 23 23 23 24 24 24 24 24 25 25 25 25 26 26             231
MAR  26 26 27 27 27 27 27 28 28 28 28 28 29 29 29 29 29 30 30 30 30 30 30 30 31 31 31 31 31 31 31    290
APR  31 31 32 32 32 32 32 32 32 33 33 33 33 33 33 34 34 34 34 35 35 35 35 36 36 36 37 37 37 38       339
MAY  38 38 39 39 39 40 40 40 41 41 41 42 42 42 43 43 43 44 44 44 44 45 45 45 46 46 46 46 47 47 47    428
JUN  47 48 48 48 48 49 49 49 49 50 50 50 50 51 51 51 52 52 52 52 53 53 53 54 54 54 54 55 55 55       512
JUL  56 56 56 56 57 57 57 57 57 58 58 58 58 58 58 59 59 59 59 59 59 59 59 59 59 59 59 59 59 59 59    581
AUG  58 58 58 58 58 58 58 58 58 57 57 57 57 57 57 57 56 56 56 56 56 56 55 55 55 55 55 54 54 54 54    564
SEP  54 53 53 53 53 52 52 52 52 51 51 51 51 50 50 50 49 49 49 48 48 48 47 47 46 46 46 45 45 44       495
OCT  44 43 43 43 42 42 41 41 40 40 40 39 39 38 38 38 37 37 36 36 35 35 35 34 34 34 33 33 32 32 32    376
NOV  31 31 30 30 30 29 29 29 28 28 28 27 27 27 26 26 26 25 25 25 24 24 24 23 23 23 22 22 22 22       262
DEC  22 21 21 21 21 20 20 20 20 20 19 19 19 19 19 19 19 19 18 18 18 18 18 18 18 18 18 18 18 18 18    191
                                                                                                        
-------------------------------------------------------------------------------------------------       
 Maximum Temperature (deg F [tenths deg F for monthly])                                                 
 DAY  1  2  3  4  5  6  7  8  9 10 11 12 13 14 15 16 17 18 19 20 21 22 23 24 25 26 27 28 29 30 31  MONTH
-------------------------------------------------------------------------------------------------       
JAN  47 47 47 47 47 47 47 48 48 48 48 48 48 48 48 48 49 49 49 49 49 49 50 50 50 50 50 51 51 51 52    487
FEB  52 52 52 53 53 53 53 54 54 54 54 55 55 55 55 55 56 56 56 56 56 57 57 57 57 57 58 58             550
MAR  58 58 58 59 59 59 59 59 60 60 60 60 60 61 61 61 61 62 62 62 62 63 63 63 63 64 64 64 65 65 65    613
APR  66 66 66 66 67 67 67 68 68 68 68 69 69 69 70 70 70 70 71 71 71 71 72 72 72 72 73 73 73 73       696
MAY  74 74 74 74 75 75 75 75 76 76 76 77 77 77 78 78 78 79 79 79 80 80 80 81 81 82 82 82 83 83 84    782
JUN  84 84 85 85 85 86 86 86 87 87 87 88 88 88 88 89 89 89 89 89 89 89 90 90 90 90 90 90 90 90       879
JUL  90 90 90 90 90 90 90 90 90 90 90 90 90 90 90 90 89 89 89 89 89 89 89 89 89 89 89 89 89 89 89    895
AUG  89 88 88 88 88 88 88 88 88 88 88 87 87 87 87 87 87 87 87 87 86 86 86 86 86 86 86 85 85 85 85    869
SEP  85 85 85 84 84 84 84 84 83 83 83 83 83 82 82 82 82 81 81 81 80 80 80 80 79 79 79 78 78 77       817
OCT  77 77 76 76 76 75 75 75 74 74 73 73 73 72 72 71 71 71 70 70 69 69 69 68 68 67 67 66 66 65 65    713
NOV  65 64 64 63 63 62 62 61 61 61 60 60 59 59 58 58 58 57 57 56 56 56 55 55 55 54 54 53 53 53       584
DEC  52 52 52 51 51 51 51 50 50 50 50 49 49 49 49 48 48 48 48 48 48 48 48 47 47 47 47 47 47 47 47    489
                                                                                                        
-------------------------------------------------------------------------------------------------       
 Average Temperature (deg F [tenths deg F for monthly])                                                 
 DAY  1  2  3  4  5  6  7  8  9 10 11 12 13 14 15 16 17 18 19 20 21 22 23 24 25 26 27 28 29 30 31  MONTH
-------------------------------------------------------------------------------------------------       
JAN  33 33 33 33 33 33 33 33 33 33 33 33 34 34 34 34 34 34 34 34 35 35 35 35 35 35 35 36 36 36 36    341
FEB  36 37 37 37 37 37 38 38 38 38 38 39 39 39 39 39 40 40 40 40 40 41 41 41 41 41 42 42             391
MAR  42 42 43 43 43 43 43 44 44 44 44 44 45 45 45 45 45 46 46 46 46 46 47 47 47 47 47 48 48 48 48    452
APR  48 49 49 49 49 49 50 50 50 50 51 51 51 51 52 52 52 52 53 53 53 53 54 54 54 54 55 55 55 56       518
MAY  56 56 56 57 57 57 58 58 58 59 59 59 60 60 60 60 61 61 61 62 62 62 63 63 63 64 64 64 65 65 65    605
JUN  66 66 66 67 67 67 68 68 68 68 69 69 69 69 70 70 70 70 71 71 71 71 71 72 72 72 72 72 73 73       696
JUL  73 73 73 73 73 73 74 74 74 74 74 74 74 74 74 74 74 74 74 74 74 74 74 74 74 74 74 74 74 74 74    738
AUG  74 73 73 73 73 73 73 73 73 73 72 72 72 72 72 72 72 72 71 71 71 71 71 71 71 70 70 70 70 70 69    717
SEP  69 69 69 69 68 68 68 68 68 67 67 67 67 66 66 66 65 65 65 65 64 64 64 63 63 62 62 62 61 61       656
OCT  61 60 60 59 59 59 58 58 57 57 57 56 56 55 55 55 54 54 53 53 52 52 52 51 51 50 50 50 49 49 48    545
NOV  48 47 47 47 46 46 45 45 45 44 44 43 43 43 42 42 42 41 41 41 40 40 40 39 39 38 38 38 38 37       423
DEC  37 37 36 36 36 35 35 35 35 35 34 34 34 34 34 33 33 33 33 33 33 33 33 33 33 33 33 33 33 33 33    340
                                                                                                        
-------------------------------------------------------------------------------------------------       
 Heating Degree Days                                                                                    
 DAY  1  2  3  4  5  6  7  8  9 10 11 12 13 14 15 16 17 18 19 20 21 22 23 24 25 26 27 28 29 30 31  MONTH
-------------------------------------------------------------------------------------------------       
JAN  32 32 32 32 32 32 32 32 32 32 32 32 31 31 31 31 31 31 31 31 30 30 30 30 30 30 30 29 29 29 29    958
FEB  29 28 28 28 28 28 28 27 27 27 27 27 26 26 26 26 25 25 25 25 25 24 24 24 24 24 23 23             727
MAR  23 23 23 22 22 22 22 21 21 21 21 21 20 20 20 20 20 19 19 19 19 19 18 18 18 18 18 17 17 17 17    615
APR  17 16 16 16 16 16 15 15 15 15 14 14 14 14 14 13 13 13 13 12 12 12 12 11 11 11 10 10 10 10       400
MAY   9  9  9  9  8  8  8  8  7  7  7  7  6  6  6  6  5  5  5  5  5  4  4  4  4  4  3  3  3  3  3    180
JUN   3  2  2  2  2  2  2  1  1  1  1  1  1  1  1  1  1  0  0  0  0  0  0  0  0  0  0  0  0  0        25
JUL   0  0  0  0  0  0  0  0  0  0  0  0  0  0  0  0  0  0  0  0  0  0  0  0  0  0  0  0  0  0  0      0
AUG   0  0  0  0  0  0  0  0  0  0  0  0  0  0  0  0  0  0  0  0  0  0  0  0  0  0  0  0  0  0-99      1
SEP   0  0  0  0  0  0  1  1  1  1  1  1  1  1  2  2  2  2  2  3  3  3  3  3  4  4  4  5  5  5        60
OCT   5  6  6  6  7  7  7  8  8  8  9  9 10 10 10 11 11 11 12 12 13 13 13 14 14 15 15 15 16 16 17    334
NOV  17 17 18 18 19 19 20 20 20 21 21 22 22 22 23 23 23 24 24 24 25 25 26 26 26 27 27 27 27 28       681
DEC  28 28 29 29 29 30 30 30 30 31 31 31 31 31 31 32 32 32 32 32 32 32 32 32 32 32 32 32 32 32 32    961
                                                                                                        
-------------------------------------------------------------------------------------------------       
 Cooling Degree Days                                                                                    
 DAY  1  2  3  4  5  6  7  8  9 10 11 12 13 14 15 16 17 18 19 20 21 22 23 24 25 26 27 28 29 30 31  MONTH
-------------------------------------------------------------------------------------------------       
JAN   0  0  0  0  0  0  0  0  0  0  0  0  0  0  0  0  0  0  0  0  0  0  0  0  0  0  0  0  0  0  0      0
FEB   0  0  0  0  0  0  0  0  0  0  0  0  0  0  0  0  0  0  0  0  0  0  0  0  0  0  0  0               0
MAR   0  0  0  0  0  0  0  0  0  0  0  0  0  0  0  0  0  0  0  0  0  0  0  0  0  0  0  0  0  0  0      0
APR   0  0  0  0  0  0  0  0  0  0  0  0  0  0  0  0  0  0  0  0  0  0  0  0  0  0  0  0-99-99         2
MAY   0  0  0  0  0  0  0  1  1  1  1  1  1  1  1  1  1  1  1  2  2  2  2  2  2  2  2  3  3  3  3     40
JUN   3  3  3  4  4  4  4  4  4  5  5  5  5  5  5  5  6  6  6  6  6  6  7  7  7  7  7  7  7  8       161
JUL   8  8  8  8  8  8  8  9  9  9  9  9  9  9  9  9  9  9  9  9  9  9  9  9  9  9  9  9  9  9  9    272
AUG   8  8  8  8  8  8  8  8  8  8  7  7  7  7  7  7  7  7  6  6  6  6  6  6  6  5  5  5  5  5  5    208
SEP   5  4  4  4  4  4  4  3  3  3  3  3  3  3  3  2  2  2  2  2  2  2  2  2  2  1  1  1  1  1        78
OCT   1  1  1  1  1  1  0  0  0  0  0  0  0  0  0  0  0  0  0  0  0  0  0  0  0  0  0  0  0  0  0      6
NOV   0  0  0  0  0  0  0  0  0  0  0  0  0  0  0  0  0  0  0  0  0  0  0  0  0  0  0  0  0  0         0
DEC   0  0  0  0  0  0  0  0  0  0  0  0  0  0  0  0  0  0  0  0  0  0  0  0  0  0  0  0  0  0  0      0
                                                                                                        
-------------------------------------------------------------------------------------------------       
 Total  Precipitation (Hundreths of an Inch)                                                            
 DAY  1  2  3  4  5  6  7  8  9 10 11 12 13 14 15 16 17 18 19 20 21 22 23 24 25 26 27 28 29 30 31  MONTH
-------------------------------------------------------------------------------------------------       
JAN   2  3  3  3  3  3  3  3  3  3  3  3  3  3  2  2  2  2  2  2  2  2  2  2  2  2  2  2  2  2  2     75
FEB   2  2  2  2  2  2  2  2  2  2  2  2  2  2  2  2  2  2  2  2  2  2  2  2  2  2  2  2              56
MAR   2  2  2  2  2  2  3  3  3  3  3  3  3  3  3  3  3  3  3  3  2  2  2  2  2  2  2  2  2  2  2     76
APR   2  2  2  2  2  2  2  2  2  2  2  2  2  2  1  1  1  1  1  1  1  1  1  1  1  1  1  1  1  2        45
MAY   1  1  1  1  2  2  2  2  2  2  2  2  2  2  2  2  2  2  2  1  1  1  1  1  1  1  1  1  1  1  1     46
JUN   1  1  1  1  1  1  1  1  1  1  1  1  1  1  1  1  2  2  2  2  2  2  2  2  2  3  3  3  3  3        49
JUL   3  3  4  4  4  4  4  5  5  5  5  5  5  5  6  6  6  6  6  6  6  6  7  7  7  7  7  7  7  7  7    172
AUG   7  7  8  8  8  8  8  8  8  8  8  8  8  8  8  8  8  8  8  8  7  7  7  7  7  7  7  7  7  6  6    233
SEP   6  6  6  6  6  6  5  5  5  5  5  5  5  5  5  5  4  4  4  4  4  4  4  4  4  4  4  4  4  4       142
OCT   4  4  4  4  4  4  4  4  4  4  4  4  4  4  4  4  4  4  4  4  4  4  4  4  3  3  3  3  3  3  3    117
NOV   3  3  3  3  3  3  2  2  2  2  2  2  2  2  2  2  2  2  2  2  2  2  2  2  2  2  2  2  2  2        66
DEC   2  2  2  2  2  2  2  2  2  2  2  2  2  2  2  2  2  2  2  2  2  2  2  3  3  3  3  3  3  3  3     70
                                                                                                        
