-------------------------------------------------------------------------------------------------       
 1971-2000 Daily/Monthly Station Normals                                                                
 Provided by National Climatic Data Center/NESDIS/NOAA                                                  
-------------------------------------------------------------------------------------------------       
 Station COOP ID:                           028012                                                      
 Station Name, State, Division, Call:       SNOWFLAKE                          AZ 02                    
 Latitude, Longitude, Elevation, Elements:  34 30 00 -110 05 00  5642 XNP                               
-------------------------------------------------------------------------------------------------       
 Minimum Temperature (deg F [tenths deg F for monthly])                                                 
 DAY  1  2  3  4  5  6  7  8  9 10 11 12 13 14 15 16 17 18 19 20 21 22 23 24 25 26 27 28 29 30 31  MONTH
-------------------------------------------------------------------------------------------------       
JAN  19 19 19 19 19 19 19 19 19 19 19 19 19 19 19 19 20 20 20 20 20 20 20 20 20 20 20 21 21 21 21    196
FEB  21 21 21 21 21 22 22 22 22 22 22 22 23 23 23 23 23 23 24 24 24 24 24 24 25 25 25 25             229
MAR  25 25 26 26 26 26 26 26 27 27 27 27 27 27 28 28 28 28 28 28 29 29 29 29 29 29 29 30 30 30 30    277
APR  30 30 30 31 31 31 31 31 31 32 32 32 32 32 32 33 33 33 33 33 34 34 34 34 35 35 35 35 36 36       327
MAY  36 36 37 37 37 37 38 38 38 39 39 39 39 40 40 40 40 40 41 41 41 41 42 42 42 42 43 43 43 43 43    399
JUN  44 44 44 44 44 45 45 45 46 46 46 46 47 47 47 48 48 48 49 49 49 49 50 50 51 51 51 52 52 52       476
JUL  53 53 54 54 54 55 55 55 55 56 56 56 56 56 57 57 57 57 57 57 57 57 57 58 58 58 58 57 57 57 57    562
AUG  57 57 57 57 57 57 57 56 56 56 56 56 56 56 55 55 55 55 55 55 54 54 54 54 54 53 53 53 53 53 52    551
SEP  52 52 52 51 51 51 50 50 50 50 49 49 49 48 48 48 47 47 47 46 46 45 45 45 44 44 44 43 43 42       476
OCT  42 41 41 41 40 40 39 39 39 38 38 37 37 37 36 36 35 35 35 34 34 34 33 33 33 32 32 32 31 31 31    360
NOV  30 30 30 29 29 29 28 28 28 28 27 27 27 26 26 26 26 25 25 25 25 24 24 24 23 23 23 23 23 22       261
DEC  22 22 21 21 21 21 21 21 20 20 20 20 20 20 20 19 19 19 19 19 19 19 19 19 19 19 19 19 19 19 19    198
                                                                                                        
-------------------------------------------------------------------------------------------------       
 Maximum Temperature (deg F [tenths deg F for monthly])                                                 
 DAY  1  2  3  4  5  6  7  8  9 10 11 12 13 14 15 16 17 18 19 20 21 22 23 24 25 26 27 28 29 30 31  MONTH
-------------------------------------------------------------------------------------------------       
JAN  47 47 47 47 47 47 47 47 48 48 48 48 48 48 48 48 48 49 49 49 49 49 50 50 50 50 50 51 51 51 51    486
FEB  52 52 52 53 53 53 53 54 54 54 54 55 55 55 55 55 56 56 56 56 56 57 57 57 57 57 58 58             550
MAR  58 58 58 58 58 59 59 59 59 59 60 60 60 60 60 61 61 61 61 62 62 62 62 63 63 63 63 64 64 64 64    608
APR  65 65 65 66 66 66 67 67 67 67 68 68 68 68 69 69 69 70 70 70 70 71 71 71 71 72 72 72 72 72       688
MAY  73 73 73 73 74 74 74 74 75 75 75 76 76 76 77 77 77 78 78 78 79 79 79 80 80 81 81 81 82 82 83    772
JUN  83 83 84 84 85 85 85 86 86 86 87 87 87 87 88 88 88 88 88 89 89 89 89 89 89 90 90 90 90 90       873
JUL  90 90 90 90 90 90 90 90 90 90 91 90 90 90 90 90 90 90 90 90 90 90 90 90 90 90 90 90 90 90 89    900
AUG  89 89 89 89 89 88 88 88 88 88 88 88 88 88 87 87 87 87 87 87 87 86 86 86 86 86 86 86 85 85 85    872
SEP  85 85 85 84 84 84 84 84 83 83 83 83 83 82 82 82 82 81 81 81 80 80 80 80 79 79 79 78 78 77       817
OCT  77 77 76 76 76 75 75 75 74 74 73 73 73 72 72 71 71 70 70 70 69 69 68 68 67 67 67 66 66 65 65    712
NOV  64 64 63 63 62 62 61 61 61 60 60 59 59 58 58 58 57 57 56 56 56 55 55 55 54 54 54 53 53 52       580
DEC  52 52 52 51 51 51 50 50 50 50 49 49 49 49 49 49 48 48 48 48 48 48 48 48 47 47 47 47 47 47 47    489
                                                                                                        
-------------------------------------------------------------------------------------------------       
 Average Temperature (deg F [tenths deg F for monthly])                                                 
 DAY  1  2  3  4  5  6  7  8  9 10 11 12 13 14 15 16 17 18 19 20 21 22 23 24 25 26 27 28 29 30 31  MONTH
-------------------------------------------------------------------------------------------------       
JAN  33 33 33 33 33 33 33 33 33 33 33 34 34 34 34 34 34 34 34 34 34 35 35 35 35 35 35 36 36 36 36    341
FEB  36 37 37 37 37 37 38 38 38 38 38 39 39 39 39 39 40 40 40 40 40 40 41 41 41 41 41 41             390
MAR  42 42 42 42 42 42 43 43 43 43 43 43 44 44 44 44 44 45 45 45 45 45 46 46 46 46 46 47 47 47 47    443
APR  47 48 48 48 48 49 49 49 49 49 50 50 50 50 51 51 51 51 52 52 52 52 53 53 53 53 54 54 54 54       508
MAY  54 55 55 55 56 56 56 56 57 57 57 57 58 58 58 59 59 59 59 60 60 60 61 61 61 61 62 62 62 63 63    586
JUN  63 64 64 64 65 65 65 65 66 66 66 67 67 67 67 68 68 68 69 69 69 69 70 70 70 70 71 71 71 71       675
JUL  71 72 72 72 72 72 72 73 73 73 73 73 73 73 73 73 74 74 74 74 74 74 74 74 74 74 74 73 73 73 73    731
AUG  73 73 73 73 73 73 73 72 72 72 72 72 72 72 71 71 71 71 71 71 71 70 70 70 70 70 69 69 69 69 69    712
SEP  69 68 68 68 68 67 67 67 67 66 66 66 66 65 65 65 65 64 64 64 63 63 63 62 62 61 61 61 60 60       647
OCT  60 59 59 58 58 58 57 57 56 56 56 55 55 54 54 54 53 53 52 52 52 51 51 50 50 50 49 49 48 48 48    536
NOV  47 47 47 46 46 45 45 45 44 44 44 43 43 42 42 42 41 41 41 40 40 40 40 39 39 39 38 38 38 37       421
DEC  37 37 37 36 36 36 36 35 35 35 35 35 35 34 34 34 34 34 34 34 33 33 33 33 33 33 33 33 33 33 33    344
                                                                                                        
-------------------------------------------------------------------------------------------------       
 Heating Degree Days                                                                                    
 DAY  1  2  3  4  5  6  7  8  9 10 11 12 13 14 15 16 17 18 19 20 21 22 23 24 25 26 27 28 29 30 31  MONTH
-------------------------------------------------------------------------------------------------       
JAN  32 32 32 32 32 32 32 32 32 32 32 31 31 31 31 31 31 31 31 31 30 30 30 30 30 30 30 29 29 29 29    957
FEB  29 28 28 28 28 28 27 27 27 27 27 27 26 26 26 26 26 25 25 25 25 25 24 24 24 24 24 24             730
MAR  23 23 23 23 23 23 22 22 22 22 22 22 21 21 21 21 21 20 20 20 20 20 19 19 19 19 19 18 18 18 18    642
APR  18 17 17 17 17 17 16 16 16 16 15 15 15 15 14 14 14 14 14 13 13 13 13 12 12 12 12 11 11 11       430
MAY  11 10 10 10 10  9  9  9  9  9  8  8  8  8  7  7  7  7  6  6  6  6  6  5  5  5  5  5  4  4  4    223
JUN   4  4  3  3  3  3  3  2  2  2  2  2  2  2  1  1  1  1  1  1  1  1  1  1  1  1  0  0  0  0        49
JUL -99  0  0  0  0  0  0  0  0  0  0  0  0  0  0  0  0  0  0  0  0  0  0  0  0  0  0  0  0  0  0      1
AUG   0  0  0  0  0  0  0  0  0  0  0  0  0  0  0  0  0  0  0  0  0  0  0  0  0  0  0  1  1  1  1      4
SEP   1  1  1  1  1  1  1  1  1  1  1  2  2  2  2  2  3  3  3  3  3  4  4  4  4  5  5  5  6  6        79
OCT   6  7  7  7  8  8  8  9  9  9 10 10 10 11 11 11 12 12 13 13 13 14 14 15 15 15 16 16 16 17 17    359
NOV  18 18 18 19 19 20 20 20 21 21 22 22 22 23 23 23 24 24 24 25 25 25 26 26 26 27 27 27 27 28       690
DEC  28 28 28 29 29 29 29 30 30 30 30 30 31 31 31 31 31 31 31 31 32 32 32 32 32 32 32 32 32 32 32    950
                                                                                                        
-------------------------------------------------------------------------------------------------       
 Cooling Degree Days                                                                                    
 DAY  1  2  3  4  5  6  7  8  9 10 11 12 13 14 15 16 17 18 19 20 21 22 23 24 25 26 27 28 29 30 31  MONTH
-------------------------------------------------------------------------------------------------       
JAN   0  0  0  0  0  0  0  0  0  0  0  0  0  0  0  0  0  0  0  0  0  0  0  0  0  0  0  0  0  0  0      0
FEB   0  0  0  0  0  0  0  0  0  0  0  0  0  0  0  0  0  0  0  0  0  0  0  0  0  0  0  0               0
MAR   0  0  0  0  0  0  0  0  0  0  0  0  0  0  0  0  0  0  0  0  0  0  0  0  0  0  0  0  0  0  0      0
APR   0  0  0  0  0  0  0  0  0  0  0  0  0  0  0  0  0  0  0  0  0  0  0  0  0  0  0  0-99-99         2
MAY   0  0  0  0  0  0  0  0  0  0  0  0  0  1  1  1  1  1  1  1  1  1  1  1  1  1  2  2  2  2  2     23
JUN   2  2  2  2  3  3  3  3  3  3  3  3  4  4  4  4  4  4  5  5  5  5  5  5  6  6  6  6  6  7       123
JUL   7  7  7  7  7  8  8  8  8  8  8  8  8  8  8  8  9  9  9  9  9  9  9  9  8  8  8  8  8  8  8    251
AUG   8  8  8  8  8  7  7  7  7  7  7  7  7  7  6  6  6  6  6  6  6  6  5  5  5  5  5  5  5  4  4    194
SEP   4  4  4  4  4  3  3  3  3  3  3  3  2  2  2  2  2  2  2  2  2  2  1  1  1  1  1  1  1  1        69
OCT   1  1  1  1  0  0  0  0  0  0  0  0  0  0  0  0  0  0  0  0  0  0  0  0  0  0  0  0  0  0  0      4
NOV   0  0  0  0  0  0  0  0  0  0  0  0  0  0  0  0  0  0  0  0  0  0  0  0  0  0  0  0  0  0         0
DEC   0  0  0  0  0  0  0  0  0  0  0  0  0  0  0  0  0  0  0  0  0  0  0  0  0  0  0  0  0  0  0      0
                                                                                                        
-------------------------------------------------------------------------------------------------       
 Total  Precipitation (Hundreths of an Inch)                                                            
 DAY  1  2  3  4  5  6  7  8  9 10 11 12 13 14 15 16 17 18 19 20 21 22 23 24 25 26 27 28 29 30 31  MONTH
-------------------------------------------------------------------------------------------------       
JAN   3  3  3  3  3  3  3  3  3  3  3  2  2  2  2  2  2  2  2  2  2  2  2  2  2  2  2  2  2  2  2     73
FEB   2  2  2  2  2  2  2  2  2  2  2  2  3  3  3  3  3  3  3  3  3  3  3  3  3  3  3  3              72
MAR   3  3  3  3  3  3  4  4  4  4  4  4  4  4  4  4  3  3  3  3  3  3  3  3  3  3  3  3  3  2  2    101
APR   2  2  2  2  2  2  2  2  2  1  1  1  1  1  1  1  1  1  1  1  1  1  1  1  1  1  1  2  2  2        42
MAY   2  2  2  2  2  2  2  2  2  2  2  2  2  2  2  2  2  2  2  2  2  2  2  2  2  2  2  2  1  1  1     59
JUN   1  1  1  1  1  1  1  1  0  0  0  0  0  1  1  1  1  1  1  1  1  1  1  2  2  2  2  2  2  3        33
JUL   3  3  3  4  4  4  4  4  5  5  5  5  5  6  6  6  6  6  6  6  7  7  7  7  7  7  7  7  7  8  8    175
AUG   8  8  8  8  8  8  8  8  8  8  8  8  8  8  8  8  8  8  8  8  8  8  8  8  8  8  8  7  7  7  7    244
SEP   7  7  7  6  6  6  6  6  6  6  6  6  5  5  5  5  5  5  5  5  5  5  5  5  5  5  5  5  5  4       164
OCT   5  4  4  4  4  4  4  4  4  4  4  4  4  4  4  4  4  4  4  4  4  4  4  4  4  4  4  4  4  4  4    125
NOV   4  4  4  3  3  3  3  3  3  3  3  3  3  3  3  3  3  3  3  3  3  3  3  3  3  3  3  3  3  3        93
DEC   3  3  3  3  3  3  3  3  3  3  3  3  3  3  3  3  3  3  3  3  3  3  3  3  3  3  3  2  2  2  2     89
                                                                                                        
