-------------------------------------------------------------------------------------------------       
 1971-2000 Daily/Monthly Station Normals                                                                
 Provided by National Climatic Data Center/NESDIS/NOAA                                                  
-------------------------------------------------------------------------------------------------       
 Station COOP ID:                           023596                                                      
 Station Name, State, Division, Call:       GRAND CANYON N P 2                 AZ 02                    
 Latitude, Longitude, Elevation, Elements:  36 03 00 -112 09 00  6785 XNP                               
-------------------------------------------------------------------------------------------------       
 Minimum Temperature (deg F [tenths deg F for monthly])                                                 
 DAY  1  2  3  4  5  6  7  8  9 10 11 12 13 14 15 16 17 18 19 20 21 22 23 24 25 26 27 28 29 30 31  MONTH
-------------------------------------------------------------------------------------------------       
JAN  17 17 17 17 17 17 17 17 17 17 17 17 17 17 17 17 17 17 17 17 17 17 17 17 17 18 18 18 18 18 18    172
FEB  19 19 19 19 19 19 19 20 20 20 20 20 20 20 21 21 21 21 21 21 21 21 21 22 22 22 22 22             204
MAR  22 22 22 23 23 23 23 23 23 23 23 24 24 24 24 24 24 24 24 24 25 25 25 25 25 25 25 25 26 26 26    240
APR  26 26 26 26 26 27 27 27 27 27 27 28 28 28 28 28 28 29 29 29 29 29 30 30 30 30 31 31 31 31       283
MAY  31 32 32 32 32 33 33 33 33 34 34 34 34 34 35 35 35 35 36 36 36 36 37 37 37 37 37 38 38 38 38    349
JUN  39 39 39 39 39 40 40 40 40 41 41 41 42 42 42 42 43 43 43 43 44 44 44 45 45 45 46 46 46 46       423
JUL  47 47 47 48 48 48 48 49 49 49 49 50 50 50 50 50 50 50 50 51 51 51 51 51 51 51 51 51 51 51 51    497
AUG  51 51 51 51 50 50 50 50 50 50 50 50 50 50 49 49 49 49 49 49 49 48 48 48 48 48 47 47 47 47 47    491
SEP  46 46 46 46 46 45 45 45 45 44 44 44 44 43 43 43 42 42 42 42 41 41 41 40 40 40 39 39 39 38       427
OCT  38 38 37 37 37 36 36 36 35 35 35 34 34 34 33 33 33 32 32 32 31 31 30 30 30 29 29 29 28 28 28    329
NOV  28 27 27 27 26 26 26 25 25 25 24 24 24 24 23 23 23 23 22 22 22 22 22 21 21 21 21 21 20 20       235
DEC  20 20 20 20 20 19 19 19 19 19 19 19 18 18 18 18 18 18 18 18 18 18 18 17 17 17 17 17 17 17 17    183
                                                                                                        
-------------------------------------------------------------------------------------------------       
 Maximum Temperature (deg F [tenths deg F for monthly])                                                 
 DAY  1  2  3  4  5  6  7  8  9 10 11 12 13 14 15 16 17 18 19 20 21 22 23 24 25 26 27 28 29 30 31  MONTH
-------------------------------------------------------------------------------------------------       
JAN  43 43 43 43 43 43 43 43 43 43 43 43 43 43 44 44 44 44 44 44 44 44 44 44 44 44 44 44 44 45 45    436
FEB  45 45 45 45 45 45 45 46 46 46 46 46 46 46 46 47 47 47 47 47 47 48 48 48 48 48 48 49             465
MAR  49 49 49 49 50 50 50 50 50 51 51 51 51 51 52 52 52 52 52 53 53 53 53 54 54 54 54 55 55 55 55    519
APR  56 56 56 57 57 57 57 58 58 58 59 59 59 59 60 60 60 61 61 61 61 62 62 62 63 63 63 64 64 64       599
MAY  65 65 65 66 66 66 67 67 67 68 68 68 69 69 69 70 70 70 71 71 72 72 72 73 73 74 74 74 75 75 76    699
JUN  76 76 77 77 78 78 78 79 79 79 80 80 80 81 81 81 81 82 82 82 82 82 83 83 83 83 83 84 84 84       806
JUL  84 84 84 84 84 84 84 84 84 84 85 85 85 85 85 85 85 85 85 84 84 84 84 84 84 84 84 84 84 84 84    843
AUG  84 83 83 83 83 83 83 83 82 82 82 82 82 82 82 81 81 81 81 81 81 81 80 80 80 80 80 80 79 79 79    814
SEP  79 79 79 78 78 78 78 78 77 77 77 77 76 76 76 75 75 75 75 74 74 74 73 73 72 72 72 71 71 70       753
OCT  70 70 69 69 68 68 67 67 67 66 66 65 65 64 64 64 63 63 62 62 61 61 61 60 60 59 59 59 58 58 57    636
NOV  57 56 56 56 55 55 54 54 54 53 53 53 52 52 52 51 51 51 50 50 50 49 49 49 48 48 48 48 47 47       516
DEC  47 47 47 46 46 46 46 46 45 45 45 45 45 45 44 44 44 44 44 44 44 44 44 44 44 43 43 43 43 43 43    446
                                                                                                        
-------------------------------------------------------------------------------------------------       
 Average Temperature (deg F [tenths deg F for monthly])                                                 
 DAY  1  2  3  4  5  6  7  8  9 10 11 12 13 14 15 16 17 18 19 20 21 22 23 24 25 26 27 28 29 30 31  MONTH
-------------------------------------------------------------------------------------------------       
JAN  30 30 30 30 30 30 30 30 30 30 30 30 30 30 30 30 30 30 30 30 31 31 31 31 31 31 31 31 31 31 32    304
FEB  32 32 32 32 32 32 32 33 33 33 33 33 33 33 34 34 34 34 34 34 34 35 35 35 35 35 35 35             335
MAR  36 36 36 36 36 36 36 37 37 37 37 37 37 38 38 38 38 38 38 39 39 39 39 39 40 40 40 40 40 40 41    380
APR  41 41 41 41 42 42 42 42 43 43 43 43 43 44 44 44 44 45 45 45 45 46 46 46 46 47 47 47 47 48       441
MAY  48 48 49 49 49 49 50 50 50 51 51 51 51 52 52 52 53 53 53 54 54 54 54 55 55 55 56 56 56 57 57    524
JUN  57 58 58 58 59 59 59 60 60 60 60 61 61 61 61 62 62 62 63 63 63 63 64 64 64 64 64 65 65 65       615
JUL  65 66 66 66 66 66 66 67 67 67 67 67 67 67 67 67 67 67 68 68 68 68 68 68 68 68 67 67 67 67 67    670
AUG  67 67 67 67 67 67 67 66 66 66 66 66 66 66 66 65 65 65 65 65 65 65 64 64 64 64 64 63 63 63 63    653
SEP  63 63 62 62 62 62 61 61 61 61 60 60 60 60 59 59 59 58 58 58 58 57 57 57 56 56 56 55 55 54       590
OCT  54 54 53 53 52 52 52 51 51 51 50 50 49 49 49 48 48 48 47 47 46 46 46 45 45 44 44 44 43 43 43    483
NOV  42 42 42 41 41 40 40 40 39 39 39 38 38 38 38 37 37 37 36 36 36 36 35 35 35 35 34 34 34 34       376
DEC  34 33 33 33 33 33 33 32 32 32 32 32 32 32 31 31 31 31 31 31 31 31 31 31 30 30 30 30 30 30 30    315
                                                                                                        
-------------------------------------------------------------------------------------------------       
 Heating Degree Days                                                                                    
 DAY  1  2  3  4  5  6  7  8  9 10 11 12 13 14 15 16 17 18 19 20 21 22 23 24 25 26 27 28 29 30 31  MONTH
-------------------------------------------------------------------------------------------------       
JAN  35 35 35 35 35 35 35 35 35 35 35 35 35 35 35 35 35 35 35 34 34 34 34 34 34 34 34 34 34 34 33   1072
FEB  33 33 33 33 33 33 33 32 32 32 32 32 32 32 31 31 31 31 31 31 31 31 30 30 30 30 30 30             883
MAR  30 29 29 29 29 29 29 28 28 28 28 28 28 27 27 27 27 27 27 26 26 26 26 26 25 25 25 25 25 25 24    838
APR  24 24 24 24 23 23 23 23 22 22 22 22 22 21 21 21 21 20 20 20 20 19 19 19 19 18 18 18 18 17       627
MAY  17 17 17 16 16 16 15 15 15 15 14 14 14 13 13 13 13 12 12 12 11 11 11 10 10 10 10  9  9  9  8    397
JUN   8  8  8  7  7  7  6  6  6  6  5  5  5  5  4  4  4  4  4  3  3  3  3  3  3  2  2  2  2  2       137
JUL   2  2  1  1  1  1  1  1  1  1  1  1  1  1  1  1  1  1  0  0  0  0  0  0  0  0  1  1  1  1  1     25
AUG   1  1  1  1  1  1  1  1  1  1  1  1  2  2  2  2  2  2  2  2  2  2  2  2  3  3  3  3  3  3  3     57
SEP   3  3  4  4  4  4  4  4  5  5  5  5  5  6  6  6  6  7  7  7  8  8  8  8  9  9  9 10 10 11       190
OCT  11 11 12 12 13 13 13 14 14 14 15 15 16 16 16 17 17 18 18 18 19 19 19 20 20 21 21 21 22 22 23    520
NOV  23 23 24 24 24 25 25 25 26 26 26 27 27 27 28 28 28 28 29 29 29 29 30 30 30 30 31 31 31 31       824
DEC  31 32 32 32 32 32 32 33 33 33 33 33 33 34 34 34 34 34 34 34 34 34 34 34 35 35 35 35 35 35 35   1040
                                                                                                        
-------------------------------------------------------------------------------------------------       
 Cooling Degree Days                                                                                    
 DAY  1  2  3  4  5  6  7  8  9 10 11 12 13 14 15 16 17 18 19 20 21 22 23 24 25 26 27 28 29 30 31  MONTH
-------------------------------------------------------------------------------------------------       
JAN   0  0  0  0  0  0  0  0  0  0  0  0  0  0  0  0  0  0  0  0  0  0  0  0  0  0  0  0  0  0  0      0
FEB   0  0  0  0  0  0  0  0  0  0  0  0  0  0  0  0  0  0  0  0  0  0  0  0  0  0  0  0               0
MAR   0  0  0  0  0  0  0  0  0  0  0  0  0  0  0  0  0  0  0  0  0  0  0  0  0  0  0  0  0  0  0      0
APR   0  0  0  0  0  0  0  0  0  0  0  0  0  0  0  0  0  0  0  0  0  0  0  0  0  0  0  0  0  0         0
MAY   0  0  0  0  0  0  0  0  0  0  0  0  0  0  0  0  0  0  0  0  0  0  0  0  0  0-99-99-99-99-99      5
JUN   0  0  0  0  0  1  1  1  1  1  1  1  1  1  1  1  1  1  1  1  1  1  1  1  2  2  2  2  2  2        31
JUL   2  2  2  2  2  2  3  3  3  3  3  3  3  3  3  3  3  3  3  3  3  3  3  3  3  3  3  3  3  3  3     87
AUG   3  3  3  3  3  3  3  3  3  2  2  2  2  2  2  2  2  2  2  2  2  2  2  2  2  1  1  1  1  1  1     65
SEP   1  1  1  1  1  1  1  1  1  0  0  0  0  0  0  0  0  0  0  0  0  0  0  0  0  0  0  0  0  0         9
OCT   0  0  0  0  0  0  0  0  0  0  0  0  0  0  0  0  0  0  0  0  0  0  0  0  0  0  0  0  0  0  0      0
NOV   0  0  0  0  0  0  0  0  0  0  0  0  0  0  0  0  0  0  0  0  0  0  0  0  0  0  0  0  0  0         0
DEC   0  0  0  0  0  0  0  0  0  0  0  0  0  0  0  0  0  0  0  0  0  0  0  0  0  0  0  0  0  0  0      0
                                                                                                        
-------------------------------------------------------------------------------------------------       
 Total  Precipitation (Hundreths of an Inch)                                                            
 DAY  1  2  3  4  5  6  7  8  9 10 11 12 13 14 15 16 17 18 19 20 21 22 23 24 25 26 27 28 29 30 31  MONTH
-------------------------------------------------------------------------------------------------       
JAN   4  4  4  4  5  5  5  5  5  5  5  5  5  5  5  5  5  5  5  5  5  5  5  5  6  6  6  6  6  6  6    158
FEB   5  6  6  6  6  6  6  6  6  6  6  6  6  6  6  6  6  6  6  6  6  6  6  6  6  6  6  6             167
MAR   6  6  7  7  7  7  7  7  7  7  7  7  7  7  7  6  6  6  6  6  6  6  6  6  6  6  6  5  5  5  5    195
APR   5  5  5  5  4  4  4  4  4  4  4  4  4  3  3  3  3  3  3  3  3  3  3  3  3  3  3  3  3  3       107
MAY   3  3  3  3  3  3  2  2  2  2  2  2  2  2  2  2  2  2  2  2  2  2  2  2  2  2  1  1  1  1  1     63
JUN   1  1  1  1  1  1  1  1  1  1  1  1  1  1  1  1  1  1  1  2  2  2  2  2  2  3  3  3  3  4        47
JUL   4  4  4  5  5  5  5  6  6  6  6  6  6  7  7  7  7  7  7  7  7  7  7  7  7  7  7  8  8  7  7    196
AUG   7  7  7  7  7  7  7  7  7  7  7  7  7  7  7  7  7  7  6  6  6  6  6  6  6  6  6  6  6  6  6    204
SEP   6  5  5  5  5  5  5  5  5  5  5  5  5  5  5  5  5  5  5  4  4  4  4  4  4  4  4  4  4  4       140
OCT   4  4  4  4  4  4  4  4  4  4  4  4  4  4  4  4  4  4  4  4  5  5  5  5  5  5  5  5  5  5  5    135
NOV   5  5  5  5  5  5  5  5  4  4  4  4  4  4  4  4  4  4  4  4  4  4  4  4  4  4  4  4  4  4       128
DEC   4  4  4  4  4  4  3  3  3  3  3  3  3  3  3  3  3  3  3  3  4  4  4  4  4  4  4  4  4  4  4    110
                                                                                                        
