-------------------------------------------------------------------------------------------------       
 1971-2000 Daily/Monthly Station Normals                                                                
 Provided by National Climatic Data Center/NESDIS/NOAA                                                  
-------------------------------------------------------------------------------------------------       
 Station COOP ID:                           024586                                                      
 Station Name, State, Division, Call:       KEAMS CANYON                       AZ 02                    
 Latitude, Longitude, Elevation, Elements:  35 48 40 -110 11 30  6205 XNP                               
-------------------------------------------------------------------------------------------------       
 Minimum Temperature (deg F [tenths deg F for monthly])                                                 
 DAY  1  2  3  4  5  6  7  8  9 10 11 12 13 14 15 16 17 18 19 20 21 22 23 24 25 26 27 28 29 30 31  MONTH
-------------------------------------------------------------------------------------------------       
JAN  16 16 16 16 16 16 16 16 16 16 16 16 16 16 16 16 16 16 17 17 17 17 17 17 17 17 18 18 18 18 18    166
FEB  19 19 19 19 20 20 20 20 20 21 21 21 21 21 21 22 22 22 22 22 22 23 23 23 23 23 23 24             213
MAR  24 24 24 24 24 24 25 25 25 25 25 25 25 26 26 26 26 26 26 26 27 27 27 27 27 27 28 28 28 28 28    259
APR  28 29 29 29 29 29 29 30 30 30 30 30 30 31 31 31 31 31 32 32 32 32 33 33 33 33 34 34 34 34       311
MAY  34 35 35 35 35 36 36 36 36 37 37 37 38 38 38 38 39 39 39 39 40 40 40 40 41 41 41 41 42 42 42    383
JUN  42 43 43 43 43 44 44 44 44 45 45 45 46 46 46 47 47 47 48 48 48 49 49 49 50 50 50 51 51 51       466
JUL  52 52 52 53 53 53 54 54 54 55 55 55 55 55 55 56 56 56 56 56 56 56 56 56 56 56 57 57 57 56 56    550
AUG  56 56 56 56 56 56 56 56 56 56 56 56 55 55 55 55 55 55 55 54 54 54 54 54 53 53 53 53 53 52 52    547
SEP  52 51 51 51 51 50 50 50 49 49 49 48 48 48 48 47 47 46 46 46 45 45 45 44 44 43 43 43 42 42       471
OCT  41 41 40 40 40 39 39 38 38 38 37 37 36 36 36 35 35 35 34 34 34 33 33 33 32 32 32 31 31 31 30    355
NOV  30 30 29 29 29 28 28 28 27 27 27 27 26 26 26 25 25 25 24 24 24 24 23 23 23 22 22 22 21 21       255
DEC  21 21 20 20 20 20 19 19 19 19 19 18 18 18 18 18 17 17 17 17 17 17 17 17 16 16 16 16 16 16 16    179
                                                                                                        
-------------------------------------------------------------------------------------------------       
 Maximum Temperature (deg F [tenths deg F for monthly])                                                 
 DAY  1  2  3  4  5  6  7  8  9 10 11 12 13 14 15 16 17 18 19 20 21 22 23 24 25 26 27 28 29 30 31  MONTH
-------------------------------------------------------------------------------------------------       
JAN  43 43 43 43 43 43 43 44 44 44 44 44 44 44 44 44 44 44 44 44 45 45 45 45 45 46 46 46 46 46 47    444
FEB  47 47 47 48 48 48 48 48 49 49 49 49 50 50 50 50 50 51 51 51 51 52 52 52 52 52 53 53             499
MAR  53 53 54 54 54 54 54 55 55 55 55 56 56 56 56 57 57 57 57 58 58 58 59 59 59 60 60 60 60 61 61    568
APR  61 62 62 62 63 63 63 63 64 64 64 65 65 65 65 66 66 66 67 67 67 67 68 68 68 68 69 69 69 69       655
MAY  69 70 70 70 70 71 71 71 72 72 72 73 73 73 74 74 74 75 75 76 76 76 77 77 78 78 79 79 80 80 81    744
JUN  81 82 82 83 83 83 84 84 85 85 85 86 86 86 87 87 87 88 88 88 88 89 89 89 89 89 89 90 90 90       864
JUL  90 90 90 90 90 90 90 90 90 90 90 90 91 91 91 90 90 90 90 90 90 90 90 90 90 90 90 90 90 90 90    901
AUG  89 89 89 89 89 89 89 88 88 88 88 88 88 87 87 87 87 87 87 87 86 86 86 86 86 85 85 85 85 85 85    871
SEP  84 84 84 84 83 83 83 83 83 82 82 82 81 81 81 81 80 80 80 79 79 79 78 78 78 77 77 77 76 76       805
OCT  75 75 75 74 74 73 73 72 72 72 71 71 70 70 69 69 68 68 68 67 67 66 66 65 65 64 64 63 63 62 62    688
NOV  61 61 60 60 59 59 58 58 57 57 56 56 55 55 55 54 54 53 53 52 52 52 51 51 51 50 50 50 49 49       546
DEC  49 48 48 48 47 47 47 47 46 46 46 46 46 45 45 45 45 45 45 44 44 44 44 44 44 44 44 44 44 43 43    454
                                                                                                        
-------------------------------------------------------------------------------------------------       
 Average Temperature (deg F [tenths deg F for monthly])                                                 
 DAY  1  2  3  4  5  6  7  8  9 10 11 12 13 14 15 16 17 18 19 20 21 22 23 24 25 26 27 28 29 30 31  MONTH
-------------------------------------------------------------------------------------------------       
JAN  30 30 30 30 30 30 30 30 30 30 30 30 30 30 30 30 30 30 30 30 31 31 31 31 31 31 32 32 32 32 32    305
FEB  33 33 33 33 34 34 34 34 34 35 35 35 35 36 36 36 36 36 37 37 37 37 37 38 38 38 38 38             356
MAR  38 39 39 39 39 39 40 40 40 40 40 40 41 41 41 41 42 42 42 42 42 43 43 43 43 43 44 44 44 44 45    414
APR  45 45 45 46 46 46 46 46 47 47 47 47 48 48 48 48 49 49 49 49 50 50 50 50 51 51 51 51 52 52       483
MAY  52 52 53 53 53 53 54 54 54 54 55 55 55 56 56 56 57 57 57 57 58 58 58 59 59 60 60 60 61 61 61    564
JUN  62 62 62 63 63 64 64 64 65 65 65 66 66 66 66 67 67 67 68 68 68 69 69 69 69 70 70 70 70 71       665
JUL  71 71 71 72 72 72 72 72 72 73 73 73 73 73 73 73 73 73 73 73 73 73 73 73 73 73 73 73 73 73 73    726
AUG  73 73 73 73 73 72 72 72 72 72 72 72 72 71 71 71 71 71 71 70 70 70 70 70 69 69 69 69 69 68 68    709
SEP  68 68 68 67 67 67 66 66 66 66 65 65 65 64 64 64 64 63 63 63 62 62 61 61 61 60 60 60 59 59       638
OCT  58 58 58 57 57 56 56 55 55 55 54 54 53 53 53 52 52 51 51 51 50 50 49 49 48 48 48 47 47 46 46    522
NOV  46 45 45 44 44 44 43 43 42 42 42 41 41 41 40 40 39 39 39 38 38 38 37 37 37 36 36 36 35 35       401
DEC  35 35 34 34 34 33 33 33 33 33 32 32 32 32 32 31 31 31 31 31 31 30 30 30 30 30 30 30 30 30 30    317
                                                                                                        
-------------------------------------------------------------------------------------------------       
 Heating Degree Days                                                                                    
 DAY  1  2  3  4  5  6  7  8  9 10 11 12 13 14 15 16 17 18 19 20 21 22 23 24 25 26 27 28 29 30 31  MONTH
-------------------------------------------------------------------------------------------------       
JAN  35 35 35 35 36 35 35 35 35 35 35 35 35 35 35 35 35 35 35 35 34 34 34 34 34 34 33 33 33 33 33   1070
FEB  32 32 32 32 31 31 31 31 31 30 30 30 30 29 29 29 29 29 28 28 28 28 28 28 27 27 27 27             824
MAR  27 26 26 26 26 26 25 25 25 25 25 25 24 24 24 24 24 23 23 23 23 22 22 22 22 22 21 21 21 21 20    733
APR  20 20 20 19 19 19 19 18 18 18 18 18 17 17 17 17 16 16 16 16 15 15 15 15 14 14 14 14 13 13       500
MAY  13 13 12 12 12 12 11 11 11 11 10 10 10 10  9  9  9  8  8  8  8  7  7  7  7  6  6  6  5  5  5    278
JUN   5  4  4  4  4  3  3  3  3  3  2  2  2  2  2  2  1  1  1  1  1  1  1  1  1  1  0  0  0  0        58
JUL -99  0  0  0  0  0  0  0  0  0  0  0  0  0  0  0  0  0  0  0  0  0  0  0  0  0  0  0  0  0  0      1
AUG   0  0  0  0  0  0  0  0  0  0  0  0  0  0  0  0  0  0  0  0  0  0  0  0  0  0  1  1  1  1  1      5
SEP   1  1  1  1  1  1  1  1  1  2  2  2  2  2  3  3  3  3  3  4  4  4  4  5  5  5  6  6  6  7        90
OCT   7  8  8  8  9  9  9 10 10 11 11 11 12 12 12 13 13 14 14 14 15 15 16 16 17 17 17 18 18 19 19    402
NOV  19 20 20 21 21 21 22 22 23 23 23 24 24 25 25 25 26 26 26 27 27 27 28 28 28 29 29 29 30 30       748
DEC  30 30 31 31 31 32 32 32 32 33 33 33 33 33 34 34 34 34 34 34 34 35 35 35 35 35 35 35 35 35 35   1034
                                                                                                        
-------------------------------------------------------------------------------------------------       
 Cooling Degree Days                                                                                    
 DAY  1  2  3  4  5  6  7  8  9 10 11 12 13 14 15 16 17 18 19 20 21 22 23 24 25 26 27 28 29 30 31  MONTH
-------------------------------------------------------------------------------------------------       
JAN   0  0  0  0  0  0  0  0  0  0  0  0  0  0  0  0  0  0  0  0  0  0  0  0  0  0  0  0  0  0  0      0
FEB   0  0  0  0  0  0  0  0  0  0  0  0  0  0  0  0  0  0  0  0  0  0  0  0  0  0  0  0               0
MAR   0  0  0  0  0  0  0  0  0  0  0  0  0  0  0  0  0  0  0  0  0  0  0  0  0  0  0  0  0  0  0      0
APR   0  0  0  0  0  0  0  0  0  0  0  0  0  0  0  0  0  0  0  0  0  0  0  0  0  0  0  0  0  0         0
MAY   0  0  0  0  0  0  0  0  0  0  0  0  0  0  0  0  0  0  0  0  0  0  1  1  1  1  1  1  1  1  1      9
JUN   1  1  2  2  2  2  2  2  2  3  3  3  3  3  3  3  4  4  4  4  4  4  5  5  5  5  5  5  6  6       103
JUL   6  6  6  7  7  7  7  7  7  7  8  8  8  8  8  8  8  8  8  8  8  8  8  8  8  8  8  8  8  8  8    235
AUG   8  8  8  7  7  7  7  7  7  7  7  7  7  6  6  6  6  6  6  6  6  5  5  5  5  5  5  4  4  4  4    188
SEP   4  3  3  3  3  3  3  3  2  2  2  2  2  2  2  2  1  1  1  1  1  1  1  1  1  1  1  1  1  0        54
OCT -99-99-99  0  0  0  0  0  0  0  0  0  0  0  0  0  0  0  0  0  0  0  0  0  0  0  0  0  0  0  0      3
NOV   0  0  0  0  0  0  0  0  0  0  0  0  0  0  0  0  0  0  0  0  0  0  0  0  0  0  0  0  0  0         0
DEC   0  0  0  0  0  0  0  0  0  0  0  0  0  0  0  0  0  0  0  0  0  0  0  0  0  0  0  0  0  0  0      0
                                                                                                        
-------------------------------------------------------------------------------------------------       
 Total  Precipitation (Hundreths of an Inch)                                                            
 DAY  1  2  3  4  5  6  7  8  9 10 11 12 13 14 15 16 17 18 19 20 21 22 23 24 25 26 27 28 29 30 31  MONTH
-------------------------------------------------------------------------------------------------       
JAN   3  3  2  2  2  2  2  2  2  2  2  2  2  2  2  3  3  3  3  3  3  3  3  3  3  3  3  3  3  3  3     80
FEB   3  3  3  3  3  3  3  3  3  3  3  3  3  3  3  4  4  4  4  4  4  4  4  4  4  4  4  4              97
MAR   4  4  4  4  4  4  4  4  3  3  3  3  3  3  3  3  3  3  3  3  3  3  3  3  3  3  3  3  3  3  2    100
APR   2  2  2  2  2  2  2  2  2  2  2  2  2  2  2  2  2  2  2  2  2  1  1  1  1  1  1  1  2  2        53
MAY   2  2  2  2  2  2  2  2  2  2  1  1  1  1  1  1  1  1  1  1  1  1  1  1  1  1  1  1  1  1  1     41
JUN   1  1  1  1  0  0  0  0  0  0  0  0  0  0  0  1  1  1  1  1  1  1  1  1  1  1  2  2  2  2        23
JUL   2  2  3  3  3  3  3  3  3  4  4  4  4  4  4  4  4  4  5  5  5  5  5  5  5  5  5  5  5  5  5    126
AUG   5  5  5  6  6  6  6  6  6  6  6  5  5  5  5  5  5  5  5  5  5  5  5  5  5  4  4  4  4  4  4    157
SEP   4  4  3  3  3  3  3  3  3  3  3  3  2  2  2  2  2  2  2  2  2  2  3  3  3  3  3  3  3  3        82
OCT   3  3  3  3  3  4  4  4  4  4  4  4  4  4  4  4  4  4  4  4  4  4  4  4  4  4  4  3  3  3  3    115
NOV   3  3  3  3  3  3  2  2  2  2  2  2  2  2  2  2  2  2  2  2  2  2  2  2  2  2  2  2  2  2        66
DEC   2  2  2  2  2  2  2  2  2  2  2  2  2  2  2  3  3  3  3  3  3  3  3  3  3  3  3  3  3  2  2     76
                                                                                                        
