-------------------------------------------------------------------------------------------------       
 1971-2000 Daily/Monthly Station Normals                                                                
 Provided by National Climatic Data Center/NESDIS/NOAA                                                  
-------------------------------------------------------------------------------------------------       
 Station COOP ID:                           022807                                                      
 Station Name, State, Division, Call:       ELOY 4 NE                          AZ 06                    
 Latitude, Longitude, Elevation, Elements:  32 47 09 -111 31 07  1545 XNP                               
-------------------------------------------------------------------------------------------------       
 Minimum Temperature (deg F [tenths deg F for monthly])                                                 
 DAY  1  2  3  4  5  6  7  8  9 10 11 12 13 14 15 16 17 18 19 20 21 22 23 24 25 26 27 28 29 30 31  MONTH
-------------------------------------------------------------------------------------------------       
JAN  35 35 35 35 35 35 35 35 36 36 36 36 36 36 36 36 36 36 36 36 37 37 37 37 37 37 37 37 38 38 38    362
FEB  38 38 38 39 39 39 39 39 39 40 40 40 40 40 40 40 41 41 41 41 41 41 42 42 42 42 42 42             402
MAR  43 43 43 43 43 43 43 44 44 44 44 44 44 44 45 45 45 45 45 45 45 45 46 46 46 46 46 46 46 46 46    446
APR  47 47 47 47 47 47 47 48 48 48 48 48 49 49 49 49 49 50 50 50 50 51 51 51 52 52 52 53 53 53       494
MAY  54 54 54 55 55 56 56 56 57 57 57 58 58 58 59 59 59 59 60 60 60 61 61 61 61 62 62 62 63 63 63    587
JUN  63 64 64 64 64 65 65 65 65 66 66 66 66 67 67 67 67 68 68 68 69 69 69 69 70 70 70 70 71 71       671
JUL  71 72 72 72 72 73 73 73 73 73 74 74 74 74 74 74 74 74 75 75 75 75 75 75 75 75 75 75 75 75 75    739
AUG  75 75 75 75 75 74 74 74 74 74 74 74 74 74 73 73 73 73 73 73 73 73 72 72 72 72 72 71 71 71 71    732
SEP  71 70 70 70 70 70 69 69 69 69 68 68 68 67 67 67 66 66 66 66 65 65 64 64 64 63 63 63 62 62       667
OCT  61 61 61 60 60 59 59 58 58 58 57 57 56 56 55 55 54 54 54 53 53 52 52 51 51 50 50 49 49 48 48    548
NOV  47 47 46 46 45 45 45 44 44 43 43 43 42 42 42 41 41 41 40 40 40 39 39 39 39 39 38 38 38 38       418
DEC  38 37 37 37 37 37 37 37 37 36 36 36 36 36 36 36 36 36 36 36 36 35 35 35 35 35 35 35 35 35 35    360
                                                                                                        
-------------------------------------------------------------------------------------------------       
 Maximum Temperature (deg F [tenths deg F for monthly])                                                 
 DAY  1  2  3  4  5  6  7  8  9 10 11 12 13 14 15 16 17 18 19 20 21 22 23 24 25 26 27 28 29 30 31  MONTH
-------------------------------------------------------------------------------------------------       
JAN  67 67 67 67 67 67 67 67 67 67 67 67 67 67 68 68 68 68 68 68 68 68 69 69 69 69 69 69 69 70 70    679
FEB  70 70 70 71 71 71 71 71 72 72 72 72 72 72 73 73 73 73 73 73 73 74 74 74 74 74 74 75             724
MAR  75 75 75 75 75 75 76 76 76 76 76 77 77 77 77 77 78 78 78 79 79 79 79 80 80 80 81 81 81 82 82    778
APR  82 83 83 83 84 84 84 85 85 85 86 86 86 86 87 87 87 88 88 88 88 89 89 89 90 90 90 90 91 91       868
MAY  91 91 92 92 92 92 93 93 93 94 94 94 95 95 95 95 96 96 96 97 97 97 98 98 99 99 99100100100101    956
JUN 101102102102103103103103104104104105105105105105106106106106106106106106106106107107107107      1048
JUL 107107107107107106106106106106106106106106106106106106106106106105105105105105105105105105105   1058
AUG 105104104104104104104104104104104103103103103103103103103103103103102102102102102102102102102   1031
SEP 102102101101101101101101101101100100100100100 99 99 99 99 98 98 98 98 97 97 97 97 96 96 96       992
OCT  95 95 94 94 94 93 93 93 92 92 92 91 91 90 90 90 89 89 88 88 87 87 87 86 86 85 85 84 84 84 83    894
NOV  83 82 82 81 81 80 80 79 79 79 78 78 77 77 77 76 76 75 75 75 74 74 74 73 73 73 72 72 72 71       766
DEC  71 71 70 70 70 69 69 69 69 69 68 68 68 68 68 67 67 67 67 67 67 67 67 67 67 67 67 66 66 66 67    679
                                                                                                        
-------------------------------------------------------------------------------------------------       
 Average Temperature (deg F [tenths deg F for monthly])                                                 
 DAY  1  2  3  4  5  6  7  8  9 10 11 12 13 14 15 16 17 18 19 20 21 22 23 24 25 26 27 28 29 30 31  MONTH
-------------------------------------------------------------------------------------------------       
JAN  51 51 51 51 51 51 51 51 51 51 52 52 52 52 52 52 52 52 52 52 52 53 53 53 53 53 53 53 54 54 54    521
FEB  54 54 54 55 55 55 55 55 55 56 56 56 56 56 56 57 57 57 57 57 57 58 58 58 58 58 58 58             563
MAR  59 59 59 59 59 59 59 60 60 60 60 60 61 61 61 61 61 61 62 62 62 62 62 63 63 63 63 64 64 64 64    612
APR  64 65 65 65 65 66 66 66 66 67 67 67 67 68 68 68 68 69 69 69 69 70 70 70 71 71 71 72 72 72       681
MAY  72 73 73 73 74 74 74 75 75 75 76 76 76 77 77 77 78 78 78 78 79 79 79 80 80 80 81 81 81 82 82    772
JUN  82 83 83 83 83 84 84 84 85 85 85 85 86 86 86 86 87 87 87 87 87 88 88 88 88 88 88 89 89 89       860
JUL  89 89 89 90 90 90 90 90 90 90 90 90 90 90 90 90 90 90 90 90 90 90 90 90 90 90 90 90 90 90 90    899
AUG  90 90 90 89 89 89 89 89 89 89 89 89 89 88 88 88 88 88 88 88 88 88 87 87 87 87 87 87 87 87 86    882
SEP  86 86 86 86 86 85 85 85 85 85 84 84 84 84 83 83 83 83 82 82 82 81 81 81 81 80 80 79 79 79       830
OCT  78 78 78 77 77 76 76 76 75 75 74 74 74 73 73 72 72 71 71 70 70 70 69 69 68 68 67 67 66 66 65    721
NOV  65 64 64 64 63 63 62 62 61 61 61 60 60 59 59 59 58 58 58 57 57 57 56 56 56 56 55 55 55 55       592
DEC  54 54 54 54 53 53 53 53 53 53 52 52 52 52 52 52 52 51 51 51 51 51 51 51 51 51 51 51 51 51 51    520
                                                                                                        
-------------------------------------------------------------------------------------------------       
 Heating Degree Days                                                                                    
 DAY  1  2  3  4  5  6  7  8  9 10 11 12 13 14 15 16 17 18 19 20 21 22 23 24 25 26 27 28 29 30 31  MONTH
-------------------------------------------------------------------------------------------------       
JAN  14 14 14 14 14 14 14 14 14 14 14 13 13 13 13 13 13 13 13 13 13 12 12 12 12 12 12 12 11 11 11    401
FEB  11 11 11 10 10 10 10 10 10  9  9  9  9  9  9  9  8  8  8  8  8  8  8  8  8  7  7  7             249
MAR   7  7  7  7  7  7  6  6  6  6  6  6  6  6  6  5  5  5  5  5  5  5  5  5  4  4  4  4  4  4  4    169
APR   4  4  4  3  3  3  3  3  3  3  3  3  3  2  2  2  2  2  2  2  2  2  2  1  1  1  1  1  1  1        69
MAY   1  1  1  1  0  0  0  0  0  0  0  0  0  0  0  0  0  0  0  0  0  0  0  0  0  0  0  0  0  0  0      4
JUN   0  0  0  0  0  0  0  0  0  0  0  0  0  0  0  0  0  0  0  0  0  0  0  0  0  0  0  0  0  0         0
JUL   0  0  0  0  0  0  0  0  0  0  0  0  0  0  0  0  0  0  0  0  0  0  0  0  0  0  0  0  0  0  0      0
AUG   0  0  0  0  0  0  0  0  0  0  0  0  0  0  0  0  0  0  0  0  0  0  0  0  0  0  0  0  0  0  0      0
SEP   0  0  0  0  0  0  0  0  0  0  0  0  0  0  0  0  0  0  0  0  0  0  0  0  0  0  0  0  0  0         0
OCT   0  0  0  0  0  0  0  0  0  0  0  0  0  0  0  0  0  0  1  1  1  1  1  1  1  2  2  2  2  3  3     21
NOV   3  3  4  4  4  4  5  5  5  5  6  6  6  6  7  7  7  7  8  8  8  8  9  9  9  9 10 10 10 10       202
DEC  11 11 11 11 12 12 12 12 13 13 13 13 13 13 13 14 14 14 14 14 14 14 14 14 14 14 14 14 14 14 14    407
                                                                                                        
-------------------------------------------------------------------------------------------------       
 Cooling Degree Days                                                                                    
 DAY  1  2  3  4  5  6  7  8  9 10 11 12 13 14 15 16 17 18 19 20 21 22 23 24 25 26 27 28 29 30 31  MONTH
-------------------------------------------------------------------------------------------------       
JAN   0  0  0  0  0  0  0  0  0  0  0  0  0  0  0  0  0  0  0  0  0  0  0  0  0  0  0  0  0  0  0      0
FEB   0  0  0  0  0  0  0  0  0  0  0  0  0  0  0  0  0  0  0  0  0  0  0  1  1  1  1  1               5
MAR   1  1  1  1  1  1  1  1  1  1  1  1  1  1  1  2  2  2  2  2  2  2  2  2  2  2  3  3  3  3  3     52
APR   3  3  3  4  4  4  4  4  4  4  5  5  5  5  5  5  6  6  6  6  6  6  7  7  7  7  7  8  8  8       162
MAY   8  9  9  9  9 10 10 10 10 11 11 11 11 12 12 12 12 13 13 13 14 14 14 14 15 15 15 16 16 16 17    381
JUN  17 17 18 18 18 19 19 19 19 20 20 20 21 21 21 21 22 22 22 22 22 23 23 23 23 23 23 24 24 24       628
JUL  24 24 24 24 24 25 25 25 25 25 25 25 25 25 25 25 25 25 25 25 25 25 25 25 25 25 25 25 25 25 25    770
AUG  25 25 24 24 24 24 24 24 24 24 24 24 24 23 23 23 23 23 23 23 23 23 22 22 22 22 22 22 22 22 21    718
SEP  21 21 21 21 21 20 20 20 20 20 19 19 19 19 18 18 18 18 17 17 17 16 16 16 15 15 15 14 14 13       538
OCT  13 13 12 12 11 11 11 10 10 10  9  9  8  8  8  8  7  7  7  6  6  6  5  5  5  5  4  4  4  4  3    241
NOV   3  3  3  2  2  2  2  2  2  1  1  1  1  1  1  1  1  0  0  0  0  0  0  0  0  0  0  0  0  0        29
DEC   0  0  0  0  0  0  0  0  0  0  0  0  0  0  0  0  0  0  0  0-99-99  0  0  0  0  0  0  0  0  0      2
                                                                                                        
-------------------------------------------------------------------------------------------------       
 Total  Precipitation (Hundreths of an Inch)                                                            
 DAY  1  2  3  4  5  6  7  8  9 10 11 12 13 14 15 16 17 18 19 20 21 22 23 24 25 26 27 28 29 30 31  MONTH
-------------------------------------------------------------------------------------------------       
JAN   4  4  3  3  3  3  3  3  3  3  3  3  3  3  3  3  3  3  3  3  3  3  3  3  3  3  3  3  3  3  3     95
FEB   3  3  3  3  3  3  3  4  4  4  4  4  4  4  4  4  4  4  4  4  4  4  4  4  4  4  4  4             105
MAR   4  4  4  4  4  4  4  4  4  4  4  4  4  4  4  4  4  4  4  3  3  3  3  3  3  3  3  3  3  2  2    110
APR   2  2  2  2  2  1  1  1  1  1  1  1  1  1  1  1  1  1  1  0  0  0  0  0  0  0  0  1  1  1        27
MAY   0  1  1  1  1  1  1  1  1  1  1  1  1  1  1  1  1  1  1  1  1  1  1  1  1  1  1  0  0  0  0     26
JUN   1  0  0  0  0  0  0  0  0  0  0  0  0  0  0  0  0  1  1  1  1  1  1  1  1  1  1  1  2  2        16
JUL   2  2  2  2  2  2  2  3  3  3  3  3  3  3  3  4  4  4  4  4  4  4  4  4  5  5  5  5  5  5  5    109
AUG   5  5  5  5  5  6  6  6  6  6  6  6  6  6  6  6  6  6  5  5  5  5  5  5  5  5  5  5  5  4  4    166
SEP   4  4  4  4  3  3  3  3  3  3  3  3  3  3  3  3  3  3  3  3  3  3  3  3  3  3  3  3  3  3        94
OCT   3  3  3  3  3  3  3  3  3  4  4  4  4  4  4  4  4  4  4  4  4  3  3  3  3  3  3  3  3  3  3    105
NOV   3  3  3  3  3  3  3  3  3  2  2  2  2  2  2  2  3  3  3  3  3  3  3  3  3  3  3  3  3  3        83
DEC   4  4  4  4  4  4  4  4  4  4  4  4  4  4  4  4  4  4  4  4  4  4  4  4  4  4  4  4  4  4  4    124
                                                                                                        
