-------------------------------------------------------------------------------------------------       
 1971-2000 Daily/Monthly Station Normals                                                                
 Provided by National Climatic Data Center/NESDIS/NOAA                                                  
-------------------------------------------------------------------------------------------------       
 Station COOP ID:                           021248                                                      
 Station Name, State, Division, Call:       CANYON DE CHELLY                   AZ 02                    
 Latitude, Longitude, Elevation, Elements:  36 09 12 -109 32 22  5610 XNP                               
-------------------------------------------------------------------------------------------------       
 Minimum Temperature (deg F [tenths deg F for monthly])                                                 
 DAY  1  2  3  4  5  6  7  8  9 10 11 12 13 14 15 16 17 18 19 20 21 22 23 24 25 26 27 28 29 30 31  MONTH
-------------------------------------------------------------------------------------------------       
JAN  18 18 18 18 19 19 19 19 19 19 19 19 19 19 19 19 20 20 20 20 20 20 20 20 21 21 21 21 21 21 22    196
FEB  22 22 22 22 22 23 23 23 23 23 24 24 24 24 24 24 25 25 25 25 26 26 26 26 26 27 27 27             243
MAR  27 28 28 28 28 28 29 29 29 29 30 30 30 30 30 30 31 31 31 31 31 32 32 32 32 32 33 33 33 33 33    304
APR  33 34 34 34 34 34 35 35 35 35 35 36 36 36 36 37 37 37 37 38 38 38 38 39 39 39 39 40 40 40       366
MAY  41 41 41 42 42 42 43 43 43 43 44 44 44 45 45 45 45 46 46 46 47 47 47 47 48 48 48 48 49 49 49    451
JUN  49 50 50 50 50 51 51 51 52 52 52 52 53 53 53 53 54 54 54 55 55 55 56 56 56 57 57 57 57 58       534
JUL  58 58 59 59 59 60 60 60 60 61 61 61 61 61 61 62 62 62 62 62 62 62 62 62 62 62 63 63 62 62 62    611
AUG  62 62 62 62 62 62 62 62 62 62 61 61 61 61 61 61 60 60 60 60 60 59 59 59 58 58 58 58 57 57 57    602
SEP  56 56 56 55 55 55 54 54 54 53 53 52 52 52 51 51 51 50 50 49 49 49 48 48 47 47 46 46 46 45       510
OCT  45 44 44 43 43 42 42 42 41 41 40 40 40 39 39 38 38 38 37 37 37 36 36 36 35 35 34 34 34 34 33    386
NOV  33 32 32 32 32 31 31 31 30 30 30 29 29 29 28 28 28 27 27 27 26 26 26 25 25 25 24 24 23 23       281
DEC  23 23 22 22 22 21 21 21 21 20 20 20 20 19 19 19 19 19 19 19 19 18 18 18 18 18 18 18 18 18 18    196
                                                                                                        
-------------------------------------------------------------------------------------------------       
 Maximum Temperature (deg F [tenths deg F for monthly])                                                 
 DAY  1  2  3  4  5  6  7  8  9 10 11 12 13 14 15 16 17 18 19 20 21 22 23 24 25 26 27 28 29 30 31  MONTH
-------------------------------------------------------------------------------------------------       
JAN  43 43 43 43 43 43 43 43 43 43 43 44 44 44 44 44 44 44 45 45 45 45 45 45 46 46 46 46 47 47 47    444
FEB  48 48 48 48 49 49 49 50 50 50 51 51 51 52 52 52 52 53 53 53 54 54 54 55 55 55 56 56             517
MAR  56 57 57 57 58 58 58 58 59 59 59 60 60 60 61 61 61 62 62 62 62 63 63 63 64 64 64 65 65 65 65    609
APR  66 66 66 67 67 67 67 68 68 68 69 69 69 69 70 70 70 70 71 71 71 72 72 72 72 73 73 73 74 74       698
MAY  74 74 75 75 75 76 76 76 77 77 77 78 78 78 79 79 79 80 80 80 81 81 82 82 82 83 83 84 84 85 85    792
JUN  85 86 86 87 87 87 88 88 89 89 89 89 90 90 90 91 91 91 91 92 92 92 92 92 92 92 93 93 93 93       900
JUL  93 93 93 93 93 93 93 93 93 93 94 94 94 94 94 94 93 93 93 93 93 93 93 93 93 93 93 93 93 93 93    932
AUG  92 92 92 92 92 92 92 92 92 91 91 91 91 91 91 91 90 90 90 90 90 90 89 89 89 89 89 88 88 88 88    904
SEP  87 87 87 87 87 86 86 86 85 85 85 85 84 84 84 83 83 83 82 82 82 81 81 81 80 80 80 79 79 78       833
OCT  78 78 77 77 76 76 75 75 74 74 74 73 73 72 72 71 71 70 70 69 69 68 68 67 67 66 66 65 65 64 64    711
NOV  63 63 62 62 61 60 60 59 59 58 58 57 57 57 56 56 55 55 54 54 53 53 52 52 52 51 51 50 50 50       560
DEC  49 49 49 48 48 48 47 47 47 46 46 46 46 45 45 45 45 45 44 44 44 44 44 44 44 43 43 43 43 43 43    454
                                                                                                        
-------------------------------------------------------------------------------------------------       
 Average Temperature (deg F [tenths deg F for monthly])                                                 
 DAY  1  2  3  4  5  6  7  8  9 10 11 12 13 14 15 16 17 18 19 20 21 22 23 24 25 26 27 28 29 30 31  MONTH
-------------------------------------------------------------------------------------------------       
JAN  31 31 31 31 31 31 31 31 31 31 31 31 31 31 32 32 32 32 32 32 32 33 33 33 33 33 33 34 34 34 34    320
FEB  35 35 35 35 36 36 36 36 37 37 37 37 38 38 38 38 39 39 39 39 40 40 40 40 41 41 41 41             380
MAR  42 42 42 43 43 43 43 44 44 44 45 45 45 45 46 46 46 46 47 47 47 47 47 48 48 48 48 49 49 49 49    457
APR  50 50 50 50 50 51 51 51 51 52 52 52 52 53 53 53 54 54 54 54 55 55 55 55 56 56 56 57 57 57       532
MAY  58 58 58 58 59 59 59 60 60 60 61 61 61 62 62 62 62 63 63 63 64 64 64 65 65 65 66 66 66 67 67    622
JUN  67 68 68 68 69 69 69 70 70 70 71 71 71 71 72 72 72 73 73 73 73 74 74 74 74 75 75 75 75 75       717
JUL  75 76 76 76 76 76 77 77 77 77 77 77 77 77 77 78 78 78 78 78 78 78 78 78 78 78 78 78 78 77 77    772
AUG  77 77 77 77 77 77 77 77 77 77 76 76 76 76 76 76 75 75 75 75 75 74 74 74 74 74 73 73 73 72 72    753
SEP  72 72 71 71 71 70 70 70 70 69 69 69 68 68 68 67 67 66 66 66 65 65 65 64 64 63 63 63 62 62       672
OCT  61 61 61 60 60 59 59 58 58 58 57 57 56 56 55 55 54 54 54 53 53 52 52 51 51 51 50 50 49 49 48    549
NOV  48 48 47 47 46 46 46 45 45 44 44 43 43 43 42 42 41 41 41 40 40 39 39 39 38 38 38 37 37 36       421
DEC  36 36 35 35 35 34 34 34 34 33 33 33 33 32 32 32 32 32 31 31 31 31 31 31 31 31 31 31 31 31 31    325
                                                                                                        
-------------------------------------------------------------------------------------------------       
 Heating Degree Days                                                                                    
 DAY  1  2  3  4  5  6  7  8  9 10 11 12 13 14 15 16 17 18 19 20 21 22 23 24 25 26 27 28 29 30 31  MONTH
-------------------------------------------------------------------------------------------------       
JAN  34 34 34 34 34 34 34 34 34 34 34 34 34 34 33 33 33 33 33 33 33 32 32 32 32 32 32 31 31 31 31   1023
FEB  30 30 30 30 29 29 29 29 28 28 28 28 27 27 27 27 26 26 26 26 25 25 25 25 24 24 24 23             755
MAR  23 23 23 22 22 22 22 21 21 21 21 20 20 20 19 19 19 19 19 18 18 18 18 17 17 17 17 16 16 16 16    600
APR  16 15 15 15 15 14 14 14 14 13 13 13 13 12 12 12 12 11 11 11 11 10 10 10 10  9  9  9  8  8       359
MAY   8  7  7  7  7  6  6  6  6  5  5  5  5  4  4  4  4  4  3  3  3  3  3  3  2  2  2  2  2  2  2    132
JUN   2  1  1  1  1  1  1  1  1  1  1  1  0  0  0  0  0  0  0  0  0  0  0  0  0  0  0  0  0  0        13
JUL   0  0  0  0  0  0  0  0  0  0  0  0  0  0  0  0  0  0  0  0  0  0  0  0  0  0  0  0  0  0  0      0
AUG   0  0  0  0  0  0  0  0  0  0  0  0  0  0  0  0  0  0  0  0  0  0  0  0  0  0  0  0  0  0  0      0
SEP   0  0  0  0  0  0  0  0  0  0  0  0  1  1  1  1  1  1  2  2  2  2  2  3  3  3  4  4  4  4        41
OCT   5  5  5  6  6  6  7  7  7  8  8  9  9  9 10 10 10 11 11 12 12 13 13 13 14 14 15 15 16 16 16    318
NOV  17 17 18 18 19 19 20 20 20 21 21 22 22 22 23 23 24 24 24 25 25 26 26 26 27 27 28 28 28 29       689
DEC  29 29 30 30 30 31 31 31 32 32 32 32 32 33 33 33 33 33 33 34 34 34 34 34 34 34 34 34 34 34 34   1007
                                                                                                        
-------------------------------------------------------------------------------------------------       
 Cooling Degree Days                                                                                    
 DAY  1  2  3  4  5  6  7  8  9 10 11 12 13 14 15 16 17 18 19 20 21 22 23 24 25 26 27 28 29 30 31  MONTH
-------------------------------------------------------------------------------------------------       
JAN   0  0  0  0  0  0  0  0  0  0  0  0  0  0  0  0  0  0  0  0  0  0  0  0  0  0  0  0  0  0  0      0
FEB   0  0  0  0  0  0  0  0  0  0  0  0  0  0  0  0  0  0  0  0  0  0  0  0  0  0  0  0               0
MAR   0  0  0  0  0  0  0  0  0  0  0  0  0  0  0  0  0  0  0  0  0  0  0  0  0  0  0  0  0  0  0      0
APR   0  0  0  0  0  0  0  0  0  0  0  0  0  0  0  0  0  0  0  0  0  0  0  0  0  0-99-99-99-99         4
MAY   0  0  0  0  0  0  0  0  1  1  1  1  1  1  1  1  1  1  1  2  2  2  2  2  2  3  3  3  3  3  4     42
JUN   4  4  4  5  5  5  5  5  6  6  6  6  7  7  7  7  7  8  8  8  8  8  9  9  9  9 10 10 10 10       212
JUL  10 11 11 11 11 11 11 12 12 12 12 12 12 12 12 12 12 13 13 13 13 13 13 13 13 13 13 13 13 12 12    376
AUG  13 12 12 12 12 12 12 12 12 12 11 11 11 11 11 11 10 10 10 10 10  9  9  9  9  8  8  8  8  7  7    319
SEP   7  7  6  6  6  5  5  5  5  4  4  4  4  4  3  3  3  3  3  2  2  2  2  2  2  2  1  1  1  1       105
OCT   1  1  1  1  0  0  0  0  0  0  0  0  0  0  0  0  0  0  0  0  0  0  0  0  0  0  0  0  0  0  0      4
NOV   0  0  0  0  0  0  0  0  0  0  0  0  0  0  0  0  0  0  0  0  0  0  0  0  0  0  0  0  0  0         0
DEC   0  0  0  0  0  0  0  0  0  0  0  0  0  0  0  0  0  0  0  0  0  0  0  0  0  0  0  0  0  0  0      0
                                                                                                        
-------------------------------------------------------------------------------------------------       
 Total  Precipitation (Hundreths of an Inch)                                                            
 DAY  1  2  3  4  5  6  7  8  9 10 11 12 13 14 15 16 17 18 19 20 21 22 23 24 25 26 27 28 29 30 31  MONTH
-------------------------------------------------------------------------------------------------       
JAN   2  2  2  2  2  2  2  2  3  3  3  3  3  3  3  3  3  3  3  3  3  3  3  3  3  3  3  2  2  2  2     81
FEB   3  3  3  3  3  3  3  3  2  2  2  2  2  2  2  2  2  2  2  2  2  2  2  2  2  2  2  2              64
MAR   2  2  2  2  2  2  3  3  3  3  3  3  3  3  3  3  3  2  2  2  2  2  2  2  2  2  2  2  2  2  2     73
APR   2  2  2  2  2  2  2  2  2  2  2  2  2  2  2  2  2  1  1  2  2  2  2  2  2  2  2  2  2  2        58
MAY   2  2  2  2  2  2  2  2  2  2  2  2  2  2  2  2  2  2  2  2  2  2  2  2  2  2  1  1  1  1  1     57
JUN   1  1  1  1  1  1  1  1  1  1  1  1  1  1  1  1  1  1  1  1  1  1  1  1  1  1  1  2  2  2        33
JUL   2  2  2  3  3  3  3  3  3  3  3  3  3  4  4  4  4  4  4  4  4  4  4  4  4  4  4  4  4  4  5    109
AUG   4  4  4  5  5  5  5  5  5  5  5  5  4  4  4  4  4  4  4  4  4  4  4  4  4  4  4  4  4  4  4    133
SEP   4  4  3  3  3  3  3  3  3  3  3  3  3  3  3  3  3  3  3  3  3  3  3  3  3  3  3  3  3  3        92
OCT   3  3  3  3  3  3  3  3  3  3  3  4  4  4  4  4  4  4  4  4  4  4  4  4  3  3  3  3  3  3  3    106
NOV   3  3  3  3  3  3  3  3  3  3  3  3  3  3  3  3  3  3  3  3  3  3  2  2  2  2  2  2  2  2        82
DEC   2  2  2  2  2  2  2  2  2  2  2  2  2  2  2  2  2  2  2  2  2  2  2  2  2  2  2  2  3  3  3     65
                                                                                                        
