-------------------------------------------------------------------------------------------------       
 1971-2000 Daily/Monthly Station Normals                                                                
 Provided by National Climatic Data Center/NESDIS/NOAA                                                  
-------------------------------------------------------------------------------------------------       
 Station COOP ID:                           024977                                                      
 Station Name, State, Division, Call:       LITCHFIELD PARK                    AZ 06                    
 Latitude, Longitude, Elevation, Elements:  33 30 00 -112 22 00  1030 XNP                               
-------------------------------------------------------------------------------------------------       
 Minimum Temperature (deg F [tenths deg F for monthly])                                                 
 DAY  1  2  3  4  5  6  7  8  9 10 11 12 13 14 15 16 17 18 19 20 21 22 23 24 25 26 27 28 29 30 31  MONTH
-------------------------------------------------------------------------------------------------       
JAN  36 36 36 36 36 37 37 37 37 37 37 37 37 37 37 37 37 38 38 38 38 38 38 38 38 38 38 38 39 39 39    374
FEB  39 39 39 39 39 40 40 40 40 40 40 40 40 41 41 41 41 41 41 41 41 42 42 42 42 42 42 42             406
MAR  42 43 43 43 43 43 43 44 44 44 44 44 44 44 45 45 45 45 45 45 46 46 46 46 46 46 47 47 47 47 47    448
APR  47 48 48 48 48 48 49 49 49 49 49 50 50 50 50 51 51 51 51 52 52 52 53 53 53 53 54 54 54 55       507
MAY  55 55 55 56 56 56 57 57 57 58 58 58 59 59 59 59 60 60 60 61 61 61 61 62 62 62 63 63 63 64 64    594
JUN  64 64 65 65 65 66 66 66 66 67 67 67 68 68 68 68 69 69 69 70 70 70 70 71 71 71 72 72 72 73       683
JUL  73 73 73 74 74 74 74 75 75 75 75 75 76 76 76 76 76 76 76 76 76 76 76 76 77 77 77 76 76 76 76    754
AUG  76 76 76 76 76 76 76 76 75 75 75 75 75 75 75 75 74 74 74 74 74 74 73 73 73 73 73 73 72 72 72    744
SEP  72 71 71 71 71 71 70 70 70 69 69 69 68 68 68 67 67 67 66 66 66 65 65 64 64 64 63 63 62 62       673
OCT  61 61 60 60 60 59 59 58 58 57 57 56 56 56 55 55 54 54 53 53 52 52 52 51 51 50 50 50 49 49 48    547
NOV  48 47 47 47 46 46 45 45 45 44 44 44 43 43 43 42 42 42 42 41 41 41 40 40 40 40 39 39 39 39       428
DEC  39 38 38 38 38 38 37 37 37 37 37 37 37 37 37 36 36 36 36 36 36 36 36 36 36 36 36 36 36 36 36    367
                                                                                                        
-------------------------------------------------------------------------------------------------       
 Maximum Temperature (deg F [tenths deg F for monthly])                                                 
 DAY  1  2  3  4  5  6  7  8  9 10 11 12 13 14 15 16 17 18 19 20 21 22 23 24 25 26 27 28 29 30 31  MONTH
-------------------------------------------------------------------------------------------------       
JAN  66 66 66 66 66 66 66 66 66 66 66 66 66 66 67 67 67 67 67 67 67 68 68 68 68 68 68 69 69 69 69    670
FEB  70 70 70 70 71 71 71 71 71 72 72 72 72 72 73 73 73 73 73 73 74 74 74 74 74 74 74 74             723
MAR  75 75 75 75 75 75 75 75 76 76 76 76 76 77 77 77 77 77 78 78 78 78 79 79 79 80 80 80 81 81 81    773
APR  82 82 82 83 83 83 84 84 84 85 85 85 86 86 86 86 87 87 87 88 88 88 88 89 89 89 90 90 90 90       862
MAY  91 91 91 91 92 92 92 93 93 93 93 94 94 94 95 95 95 96 96 96 97 97 98 98 98 99 99100100100101    953
JUN 101101102102103103103104104104105105105105106106106106106107107107107107107107107107108108      1052
JUL 107108108108108108108108108108108108108108108108108108108108107107107107107107107107107107107   1076
AUG 107107107107107107107107107106106106106106106106106106106105105105105105105105105105104104104   1058
SEP 104104104103103103103103103102102102102101101101101100100100100 99 99 99 98 98 98 97 97 97      1008
OCT  96 96 95 95 95 94 94 93 93 93 92 92 91 91 91 90 90 89 89 88 88 87 87 86 86 85 85 85 84 84 83    899
NOV  82 82 81 81 81 80 80 79 79 78 78 77 77 76 76 76 75 75 74 74 74 73 73 73 72 72 72 71 71 71       761
DEC  70 70 70 69 69 69 68 68 68 68 68 67 67 67 67 67 67 66 66 66 66 66 66 66 66 66 66 66 66 66 66    672
                                                                                                        
-------------------------------------------------------------------------------------------------       
 Average Temperature (deg F [tenths deg F for monthly])                                                 
 DAY  1  2  3  4  5  6  7  8  9 10 11 12 13 14 15 16 17 18 19 20 21 22 23 24 25 26 27 28 29 30 31  MONTH
-------------------------------------------------------------------------------------------------       
JAN  51 51 51 51 51 51 51 51 51 51 52 52 52 52 52 52 52 52 52 53 53 53 53 53 53 53 53 54 54 54 54    522
FEB  54 55 55 55 55 55 55 56 56 56 56 56 56 56 57 57 57 57 57 57 58 58 58 58 58 58 58 58             565
MAR  59 59 59 59 59 59 59 59 60 60 60 60 60 61 61 61 61 61 61 62 62 62 62 63 63 63 63 64 64 64 64    611
APR  65 65 65 65 66 66 66 66 67 67 67 68 68 68 68 69 69 69 69 70 70 70 71 71 71 71 72 72 72 72       685
MAY  73 73 73 74 74 74 74 75 75 75 76 76 76 77 77 77 78 78 78 79 79 79 80 80 80 81 81 81 82 82 82    774
JUN  83 83 83 84 84 84 85 85 85 85 86 86 86 87 87 87 87 88 88 88 88 89 89 89 89 89 90 90 90 90       868
JUL  90 90 90 91 91 91 91 91 91 91 91 91 92 92 92 92 92 92 92 92 92 92 92 92 92 92 92 92 92 92 92    915
AUG  92 92 92 91 91 91 91 91 91 91 91 91 91 90 90 90 90 90 90 90 90 89 89 89 89 89 89 89 88 88 88    901
SEP  88 88 87 87 87 87 87 86 86 86 86 85 85 85 85 84 84 84 83 83 83 82 82 82 81 81 80 80 80 79       841
OCT  79 78 78 78 77 77 76 76 75 75 74 74 74 73 73 72 72 71 71 71 70 70 69 69 68 68 67 67 67 66 66    723
NOV  65 65 64 64 63 63 63 62 62 61 61 61 60 60 59 59 59 58 58 58 57 57 57 56 56 56 56 55 55 55       595
DEC  54 54 54 54 53 53 53 53 53 53 52 52 52 52 52 52 52 51 51 51 51 51 51 51 51 51 51 51 51 51 51    520
                                                                                                        
-------------------------------------------------------------------------------------------------       
 Heating Degree Days                                                                                    
 DAY  1  2  3  4  5  6  7  8  9 10 11 12 13 14 15 16 17 18 19 20 21 22 23 24 25 26 27 28 29 30 31  MONTH
-------------------------------------------------------------------------------------------------       
JAN  14 14 14 14 14 14 14 14 14 14 13 13 13 13 13 13 13 13 13 12 12 12 12 12 12 12 12 11 11 11 11    397
FEB  11 10 10 10 10 10 10 10  9  9  9  9  9  9  9  8  8  8  8  8  8  8  8  8  7  7  7  7             244
MAR   7  7  7  7  7  7  7  6  6  6  6  6  6  6  6  6  5  5  5  5  5  5  5  5  5  4  4  4  4  4  4    172
APR   4  3  3  3  3  3  3  3  3  3  2  2  2  2  2  2  2  2  2  2  1  1  1  1  1  1  1  1  1  1        61
MAY   1  1  1  1  1  1  0  0  0  0  0  0  0  0  0  0  0  0  0  0  0  0  0  0  0  0  0  0  0  0  0      6
JUN   0  0  0  0  0  0  0  0  0  0  0  0  0  0  0  0  0  0  0  0  0  0  0  0  0  0  0  0  0  0         0
JUL   0  0  0  0  0  0  0  0  0  0  0  0  0  0  0  0  0  0  0  0  0  0  0  0  0  0  0  0  0  0  0      0
AUG   0  0  0  0  0  0  0  0  0  0  0  0  0  0  0  0  0  0  0  0  0  0  0  0  0  0  0  0  0  0  0      0
SEP   0  0  0  0  0  0  0  0  0  0  0  0  0  0  0  0  0  0  0  0  0  0  0  0  0  0  0  0  0  0         0
OCT   0  0  0  0  0  0  0  0  0  0  0  0  0  0  0  0  1  1  1  1  1  1  1  1  2  2  2  2  2  3  3     24
NOV   3  3  3  4  4  4  4  4  5  5  5  5  6  6  6  6  7  7  7  7  8  8  8  8  9  9  9  9 10 10       189
DEC  10 11 11 11 11 12 12 12 12 13 13 13 13 13 13 14 14 14 14 14 14 14 14 14 14 14 14 14 14 14 14    404
                                                                                                        
-------------------------------------------------------------------------------------------------       
 Cooling Degree Days                                                                                    
 DAY  1  2  3  4  5  6  7  8  9 10 11 12 13 14 15 16 17 18 19 20 21 22 23 24 25 26 27 28 29 30 31  MONTH
-------------------------------------------------------------------------------------------------       
JAN   0  0  0  0  0  0  0  0  0  0  0  0  0  0  0  0  0  0  0  0  0  0  0  0  0  0  0  0  0  0  0      0
FEB   0  0  0  0  0  0  0  0  0  0  0  0  0  0  0  0  0  0  0  0  0  0  0  1  1  1  1  1               5
MAR   1  1  1  1  1  1  1  1  1  1  1  1  1  1  1  1  1  2  2  2  2  2  2  2  2  2  2  3  3  3  3     49
APR   3  3  3  4  4  4  4  4  4  4  5  5  5  5  5  6  6  6  6  6  6  7  7  7  7  7  8  8  8  8       165
MAY   9  9  9  9  9 10 10 10 10 11 11 11 12 12 12 12 13 13 13 14 14 14 15 15 15 15 16 16 16 17 17    389
JUN  18 18 18 19 19 19 19 20 20 20 21 21 21 22 22 22 22 23 23 23 23 23 24 24 24 24 24 25 25 25       651
JUL  25 25 25 26 26 26 26 26 26 26 26 26 26 27 27 27 27 27 27 27 27 27 27 27 27 27 27 27 27 27 27    821
AUG  27 27 27 26 26 26 26 26 26 26 26 26 26 25 25 25 25 25 25 25 25 24 24 24 24 24 24 24 23 23 23    778
SEP  23 23 22 22 22 22 22 21 21 21 21 20 20 20 20 19 19 19 18 18 18 17 17 16 16 16 15 15 14 14       571
OCT  14 13 13 12 12 12 11 11 10 10 10  9  9  9  8  8  7  7  7  7  6  6  6  5  5  5  4  4  4  4  3    251
NOV   3  3  3  2  2  2  2  1  1  1  1  1  1  0  0  0  0  0  0  0  0  0  0  0  0  0  0  0  0  0        23
DEC   0  0  0  0  0  0  0  0  0  0  0  0  0  0  0  0  0  0  0  0  0  0  0  0  0  0  0  0  0  0  0      0
                                                                                                        
-------------------------------------------------------------------------------------------------       
 Total  Precipitation (Hundreths of an Inch)                                                            
 DAY  1  2  3  4  5  6  7  8  9 10 11 12 13 14 15 16 17 18 19 20 21 22 23 24 25 26 27 28 29 30 31  MONTH
-------------------------------------------------------------------------------------------------       
JAN   3  3  3  3  3  3  3  3  3  3  3  3  3  3  3  3  3  3  3  3  3  3  3  3  3  3  3  3  4  4  4     96
FEB   4  4  4  4  4  4  4  4  4  4  4  4  4  4  4  4  4  4  4  4  4  4  4  4  4  5  4  4             113
MAR   4  4  4  4  4  4  4  4  4  4  4  4  4  4  4  4  4  4  4  3  3  3  3  3  3  3  3  3  3  2  2    110
APR   2  2  2  2  2  2  1  1  1  1  1  1  1  1  1  1  1  1  1  1  1  1  1  1  0  0  0  0  0  0        30
MAY   0  1  1  1  1  1  1  1  1  1  1  1  1  0  0  0  0  0  0  0  0  0  0  0  0  0  0  0  0  0  0     12
JUN   0  0  0  0  0  0  0  0  0  0  0  0  0  0  0  0  0  0  0  0  0  0  0  0  0  1  1  1  1  1         5
JUL   1  1  1  1  2  2  2  2  2  2  2  2  2  2  2  2  2  2  3  3  3  3  3  3  3  3  3  3  3  3  3     71
AUG   3  3  3  3  3  3  3  3  3  3  3  3  3  3  3  3  3  3  3  3  3  3  3  3  3  3  3  3  3  4  4     95
SEP   3  3  3  3  4  4  4  3  3  3  3  3  3  3  3  3  3  3  3  3  3  3  3  3  3  3  3  3  3  3        93
OCT   3  3  3  3  3  3  3  3  3  2  2  2  2  2  2  2  2  2  2  2  2  2  2  2  2  2  2  2  2  2  2     71
NOV   2  2  2  2  2  2  2  2  2  2  2  2  2  2  2  2  2  2  2  2  2  3  3  3  3  3  3  3  3  3        69
DEC   3  3  3  3  3  3  3  3  3  3  3  3  3  3  3  3  3  3  4  4  4  4  3  3  3  3  3  3  3  3  3     97
                                                                                                        
