-------------------------------------------------------------------------------------------------       
 1971-2000 Daily/Monthly Station Normals                                                                
 Provided by National Climatic Data Center/NESDIS/NOAA                                                  
-------------------------------------------------------------------------------------------------       
 Station COOP ID:                           029657                                                      
 Station Name, State, Division, Call:       YUMA VALLEY                        AZ 05                    
 Latitude, Longitude, Elevation, Elements:  32 43 00 -114 43 00   120 XNP                               
-------------------------------------------------------------------------------------------------       
 Minimum Temperature (deg F [tenths deg F for monthly])                                                 
 DAY  1  2  3  4  5  6  7  8  9 10 11 12 13 14 15 16 17 18 19 20 21 22 23 24 25 26 27 28 29 30 31  MONTH
-------------------------------------------------------------------------------------------------       
JAN  40 40 40 40 40 40 40 40 41 41 41 41 41 41 41 41 41 41 41 41 41 41 41 41 41 41 42 42 42 42 42    409
FEB  42 42 42 42 42 42 42 42 42 42 42 42 43 43 43 43 43 43 43 43 44 44 44 44 44 44 44 45             429
MAR  45 45 45 45 45 45 46 46 46 46 46 46 46 47 47 47 47 47 47 47 48 48 48 48 48 48 48 48 48 49 49    468
APR  49 49 49 49 49 49 49 50 50 50 50 50 50 51 51 51 51 51 52 52 52 52 52 53 53 53 54 54 54 54       511
MAY  55 55 55 55 56 56 56 56 57 57 57 58 58 58 58 58 59 59 59 59 60 60 60 60 61 61 61 61 61 62 62    584
JUN  62 62 62 63 63 63 63 63 64 64 64 64 65 65 65 66 66 66 66 67 67 67 68 68 68 69 69 69 70 70       656
JUL  70 71 71 72 72 72 72 73 73 73 74 74 74 74 74 75 75 75 75 75 75 75 75 75 75 76 76 76 76 76 75    740
AUG  75 75 75 75 75 75 75 75 75 75 75 75 75 75 74 74 74 74 74 74 74 74 73 73 73 73 73 73 73 72 72    741
SEP  72 72 72 71 71 71 71 71 70 70 70 70 69 69 69 68 68 68 68 67 67 67 66 66 66 65 65 65 64 64       684
OCT  63 63 63 62 62 61 61 61 60 60 59 59 59 58 58 57 57 57 56 56 55 55 55 54 54 53 53 53 52 52 51    574
NOV  51 51 50 50 49 49 49 48 48 48 47 47 47 46 46 46 46 45 45 45 44 44 44 44 43 43 43 43 43 42       462
DEC  42 42 42 41 41 41 41 41 41 40 40 40 40 40 40 40 40 40 40 40 40 40 40 40 40 40 40 40 40 40 40    404
                                                                                                        
-------------------------------------------------------------------------------------------------       
 Maximum Temperature (deg F [tenths deg F for monthly])                                                 
 DAY  1  2  3  4  5  6  7  8  9 10 11 12 13 14 15 16 17 18 19 20 21 22 23 24 25 26 27 28 29 30 31  MONTH
-------------------------------------------------------------------------------------------------       
JAN  68 68 68 68 68 69 69 69 69 69 69 69 69 69 69 69 70 70 70 70 70 70 70 70 71 71 71 71 71 72 72    696
FEB  72 72 72 72 73 73 73 73 73 74 74 74 74 74 74 75 75 75 75 75 75 75 76 76 76 76 76 76             742
MAR  77 77 77 77 77 77 77 78 78 78 78 78 79 79 79 79 79 79 80 80 80 80 80 81 81 81 81 82 82 82 82    792
APR  82 83 83 83 83 84 84 84 84 85 85 85 85 85 86 86 86 86 86 87 87 87 87 88 88 88 88 88 89 89       857
MAY  89 89 89 90 90 90 90 91 91 91 91 92 92 92 92 93 93 93 94 94 94 95 95 95 95 96 96 96 97 97 98    929
JUN  98 98 99 99 99100100100101101101101102102102102102103103103103103104104104104104104104104      1018
JUL 105105105105105105105105105105105105105105105105105105105105105106106106106105105105105105105   1051
AUG 105105105105105105105105105105105105105105104104104104104104104104104104104104103103103103103   1043
SEP 103103103102102102102102102102101101101101100100100100100 99 99 99 99 98 98 98 97 97 97 96      1001
OCT  96 96 95 95 95 94 94 94 93 93 92 92 92 91 91 91 90 90 89 89 89 88 88 87 87 86 86 85 85 85 84    904
NOV  84 83 83 82 82 81 81 81 80 80 79 79 78 78 78 77 77 77 76 76 75 75 75 74 74 74 73 73 73 73       777
DEC  72 72 72 71 71 71 71 70 70 70 70 70 69 69 69 69 69 69 69 69 69 68 68 68 68 68 68 68 68 68 68    694
                                                                                                        
-------------------------------------------------------------------------------------------------       
 Average Temperature (deg F [tenths deg F for monthly])                                                 
 DAY  1  2  3  4  5  6  7  8  9 10 11 12 13 14 15 16 17 18 19 20 21 22 23 24 25 26 27 28 29 30 31  MONTH
-------------------------------------------------------------------------------------------------       
JAN  54 54 54 54 54 54 55 55 55 55 55 55 55 55 55 55 55 55 55 56 56 56 56 56 56 56 56 56 57 57 57    553
FEB  57 57 57 57 57 57 58 58 58 58 58 58 58 59 59 59 59 59 59 59 59 60 60 60 60 60 60 61             586
MAR  61 61 61 61 61 61 62 62 62 62 62 62 63 63 63 63 63 63 63 64 64 64 64 64 64 65 65 65 65 65 65    630
APR  66 66 66 66 66 66 67 67 67 67 67 68 68 68 68 68 69 69 69 69 69 70 70 70 70 71 71 71 71 72       684
MAY  72 72 72 73 73 73 73 74 74 74 74 75 75 75 75 76 76 76 76 77 77 77 78 78 78 78 79 79 79 79 80    757
JUN  80 80 80 81 81 81 82 82 82 82 83 83 83 83 84 84 84 84 85 85 85 85 86 86 86 86 87 87 87 87       837
JUL  88 88 88 88 88 89 89 89 89 89 89 90 90 90 90 90 90 90 90 90 90 90 90 90 91 91 91 91 90 90 90    896
AUG  90 90 90 90 90 90 90 90 90 90 90 90 90 90 89 89 89 89 89 89 89 89 89 88 88 88 88 88 88 88 88    892
SEP  87 87 87 87 87 87 87 86 86 86 86 85 85 85 85 84 84 84 84 83 83 83 83 82 82 82 81 81 80 80       843
OCT  80 79 79 79 78 78 77 77 77 76 76 76 75 75 74 74 74 73 73 72 72 72 71 71 70 70 69 69 69 68 68    739
NOV  67 67 67 66 66 65 65 65 64 64 63 63 63 62 62 62 61 61 61 60 60 60 59 59 59 58 58 58 58 57       620
DEC  57 57 57 56 56 56 56 56 56 55 55 55 55 55 55 55 54 54 54 54 54 54 54 54 54 54 54 54 54 54 54    549
                                                                                                        
-------------------------------------------------------------------------------------------------       
 Heating Degree Days                                                                                    
 DAY  1  2  3  4  5  6  7  8  9 10 11 12 13 14 15 16 17 18 19 20 21 22 23 24 25 26 27 28 29 30 31  MONTH
-------------------------------------------------------------------------------------------------       
JAN  11 11 11 11 11 11 11 11 10 10 10 10 10 10 10 10 10 10 10 10  9  9  9  9  9  9  9  9  9  9  8    306
FEB   8  8  8  8  8  8  8  8  7  7  7  7  7  7  7  7  7  6  6  6  6  6  6  6  6  6  5  5             191
MAR   5  5  5  5  5  5  5  5  5  4  4  4  4  4  4  4  4  4  4  4  4  3  3  3  3  3  3  3  3  3  3    123
APR   3  3  3  2  2  2  2  2  2  2  2  2  2  2  2  2  2  2  2  1  1  1  1  1  1  1  1  1  1  1        52
MAY   1  1  1  1  1  1  1  1  0  0  0  0  0  0  0  0  0  0  0  0  0  0  0  0  0  0  0  0  0  0  0      8
JUN   0  0  0  0  0  0  0  0  0  0  0  0  0  0  0  0  0  0  0  0  0  0  0  0  0  0  0  0  0  0         0
JUL   0  0  0  0  0  0  0  0  0  0  0  0  0  0  0  0  0  0  0  0  0  0  0  0  0  0  0  0  0  0  0      0
AUG   0  0  0  0  0  0  0  0  0  0  0  0  0  0  0  0  0  0  0  0  0  0  0  0  0  0  0  0  0  0  0      0
SEP   0  0  0  0  0  0  0  0  0  0  0  0  0  0  0  0  0  0  0  0  0  0  0  0  0  0  0  0  0  0         0
OCT   0  0  0  0  0  0  0  0  0  0  0  0  0  0  0  0  0  0  1  1  1  1  1  1  1  1  1  1  1  2  2     15
NOV   2  2  2  2  2  3  3  3  3  3  4  4  4  4  4  4  5  5  5  5  6  6  6  6  6  7  7  7  7  8       135
DEC   8  8  9  9  9  9  9 10 10 10 10 10 10 10 11 11 11 11 11 11 11 11 11 11 11 11 11 11 11 11 11    318
                                                                                                        
-------------------------------------------------------------------------------------------------       
 Cooling Degree Days                                                                                    
 DAY  1  2  3  4  5  6  7  8  9 10 11 12 13 14 15 16 17 18 19 20 21 22 23 24 25 26 27 28 29 30 31  MONTH
-------------------------------------------------------------------------------------------------       
JAN -99-99-99-99  0  0  0  0  0  0  0  0  0  0  0  0  0  0  0  0  0  0  0  0  0  0  0  0  0  0  0      4
FEB   0  0  0  0  0  0  0  0  0  0  0  0  0  0  0  0  0  0  1  1  1  1  1  1  1  1  1  1              10
MAR   1  1  1  1  1  1  1  1  1  1  1  2  2  2  2  2  2  2  2  2  2  2  2  3  3  3  3  3  3  3  3     59
APR   3  3  3  4  4  4  4  4  4  4  4  5  5  5  5  5  5  5  6  6  6  6  6  6  6  7  7  7  7  7       153
MAY   8  8  8  8  8  9  9  9  9  9 10 10 10 10 11 11 11 11 11 12 12 12 12 13 13 13 14 14 14 14 15    338
JUN  15 15 15 16 16 16 16 17 17 17 18 18 18 18 19 19 19 19 20 20 20 20 21 21 21 21 22 22 22 22       560
JUL  23 23 23 23 23 24 24 24 24 24 24 25 25 25 25 25 25 25 25 25 25 25 25 25 25 25 26 25 25 25 25    760
AUG  25 25 25 25 25 25 25 25 25 25 25 25 25 24 24 24 24 24 24 24 24 24 24 24 23 23 23 23 23 23 23    750
SEP  23 22 22 22 22 22 22 21 21 21 21 20 20 20 20 19 19 19 19 18 18 18 17 17 17 16 16 16 15 15       578
OCT  15 14 14 13 13 13 12 12 12 11 11 11 10 10 10  9  9  9  8  8  8  7  7  7  6  6  6  5  5  5  5    291
NOV   4  4  4  3  3  3  3  3  2  2  2  2  2  1  1  1  1  1  1  1  0  0  0  0  0  0  0  0  0  0        44
DEC   0  0  0  0  0  0  0  0  0  0  0  0  0  0  0  0  0  0  0  0  0  0  0-99-99-99-99  0  0  0  0      4
                                                                                                        
-------------------------------------------------------------------------------------------------       
 Total  Precipitation (Hundreths of an Inch)                                                            
 DAY  1  2  3  4  5  6  7  8  9 10 11 12 13 14 15 16 17 18 19 20 21 22 23 24 25 26 27 28 29 30 31  MONTH
-------------------------------------------------------------------------------------------------       
JAN   1  2  2  2  2  2  2  2  2  2  2  2  2  2  1  1  1  1  1  1  1  1  1  1  1  1  1  1  1  1  1     44
FEB   1  1  1  1  1  1  1  1  1  1  1  1  1  1  0  0  0  0  1  1  1  1  1  1  1  1  1  1              24
MAR   1  1  1  1  1  1  1  1  1  1  1  1  1  1  1  1  1  1  1  1  1  1  1  1  1  1  1  1  1  1  1     31
APR   1  1  1  1  1  1  1  1  1  1  0  0  0  0  0  0  0  0  0  0  0  0  0  0  0  0  0  0  0  0        10
MAY   1  1  0  0  0  0  0  0  0  0  0  0  0  0  0  0  0  0  0  0  0  0  0  0  0  0  0  0  0  0  0      2
JUN   0  0  0  0  0  0  0  0  0  0  0  0  0  0  0  0  0  0  0  0  0  0  0  0  0  0  0  0  0  1         1
JUL   0  0  0  0  0  0  0  0  0  0  0  0  0  0  0  0  1  1  1  1  1  1  1  1  1  1  1  1  1  1  1     15
AUG   1  1  1  1  2  2  2  2  2  2  2  2  2  2  2  2  2  2  2  2  2  2  2  2  2  2  1  1  1  1  1     53
SEP   1  1  1  1  1  1  1  1  1  1  1  1  1  0  0  0  0  0  0  0  0  0  0  0  0  0  0  0  0  1        14
OCT   0  0  0  0  0  0  1  1  1  1  1  1  1  1  1  1  1  1  1  1  1  1  1  1  1  1  1  0  0  0  0     21
NOV   1  1  1  1  0  0  0  0  0  0  0  0  0  0  0  0  0  0  0  0  0  0  1  1  1  1  1  1  1  1        12
DEC   1  1  1  1  1  1  1  1  1  1  1  1  1  1  1  1  1  1  1  1  1  1  1  1  1  1  2  2  2  2  2     36
                                                                                                        
