-------------------------------------------------------------------------------------------------       
 1971-2000 Daily/Monthly Station Normals                                                                
 Provided by National Climatic Data Center/NESDIS/NOAA                                                  
-------------------------------------------------------------------------------------------------       
 Station COOP ID:                           020309                                                      
 Station Name, State, Division, Call:       APACHE POWDER COMPANY              AZ 07                    
 Latitude, Longitude, Elevation, Elements:  31 54 00 -110 15 00  3689 XNP                               
-------------------------------------------------------------------------------------------------       
 Minimum Temperature (deg F [tenths deg F for monthly])                                                 
 DAY  1  2  3  4  5  6  7  8  9 10 11 12 13 14 15 16 17 18 19 20 21 22 23 24 25 26 27 28 29 30 31  MONTH
-------------------------------------------------------------------------------------------------       
JAN  28 28 28 28 28 28 28 28 28 28 28 28 28 28 29 29 29 29 29 29 29 29 29 29 29 29 30 30 30 30 30    287
FEB  30 30 30 31 31 31 31 31 31 31 31 31 32 32 32 32 32 32 32 32 32 33 33 33 33 33 33 33             317
MAR  33 34 34 34 34 34 34 34 35 35 35 35 35 35 35 36 36 36 36 36 36 37 37 37 37 37 38 38 38 38 38    357
APR  38 39 39 39 39 39 40 40 40 40 40 41 41 41 41 41 42 42 42 42 42 43 43 43 43 43 44 44 44 44       413
MAY  45 45 45 45 46 46 46 46 46 47 47 47 48 48 48 48 49 49 49 49 50 50 50 51 51 51 52 52 52 53 53    485
JUN  53 54 54 54 54 55 55 55 56 56 56 57 57 57 58 58 58 59 59 59 60 60 60 61 61 61 61 62 62 62       578
JUL  63 63 63 64 64 64 64 64 65 65 65 65 65 65 66 66 66 66 66 66 66 66 66 66 66 66 66 66 66 66 66    652
AUG  66 66 66 66 65 65 65 65 65 65 65 65 64 64 64 64 64 64 63 63 63 63 63 63 62 62 62 62 62 61 61    638
SEP  61 61 61 60 60 60 60 59 59 59 59 58 58 58 57 57 57 57 56 56 56 55 55 55 54 54 54 54 53 53       572
OCT  53 52 52 51 51 51 50 50 50 49 49 48 48 48 47 47 46 46 45 45 44 44 43 43 42 42 42 41 40 40 39    464
NOV  39 38 38 37 37 36 36 36 35 35 34 34 34 33 33 32 32 32 32 31 31 31 30 30 30 30 30 29 29 29       331
DEC  29 29 29 29 28 28 28 28 28 28 28 28 28 28 28 28 27 27 27 27 27 27 27 27 27 27 27 27 27 28 28    277
                                                                                                        
-------------------------------------------------------------------------------------------------       
 Maximum Temperature (deg F [tenths deg F for monthly])                                                 
 DAY  1  2  3  4  5  6  7  8  9 10 11 12 13 14 15 16 17 18 19 20 21 22 23 24 25 26 27 28 29 30 31  MONTH
-------------------------------------------------------------------------------------------------       
JAN  62 62 62 62 62 62 62 62 62 63 63 63 63 63 63 63 63 63 63 63 64 64 64 64 64 64 64 65 65 65 65    632
FEB  65 65 65 66 66 66 66 66 66 67 67 67 67 67 67 67 68 68 68 68 68 68 68 68 68 69 69 69             671
MAR  69 69 69 69 69 70 70 70 70 70 70 70 71 71 71 71 71 72 72 72 72 73 73 73 73 74 74 74 74 75 75    715
APR  75 76 76 76 77 77 77 77 78 78 78 78 79 79 79 79 80 80 80 80 81 81 81 81 82 82 82 82 82 83       792
MAY  83 83 83 84 84 84 84 84 85 85 85 86 86 86 86 87 87 87 88 88 88 89 89 89 90 90 91 91 91 92 92    870
JUN  93 93 94 94 94 95 95 95 95 96 96 96 96 97 97 97 97 97 97 97 97 97 98 98 97 97 97 97 97 97       961
JUL  97 97 97 97 97 96 96 96 96 96 96 96 96 96 95 95 95 95 95 95 95 95 95 95 94 94 94 94 94 94 94    954
AUG  94 94 94 94 94 94 93 93 93 93 93 93 93 93 93 93 93 93 93 93 93 93 93 93 93 92 92 92 92 92 92    930
SEP  92 92 92 92 92 92 92 92 92 91 91 91 91 91 91 91 90 90 90 90 89 89 89 89 88 88 88 87 87 87       902
OCT  86 86 86 85 85 85 84 84 84 83 83 83 82 82 81 81 81 80 80 80 79 79 79 78 78 78 77 77 77 76 76    811
NOV  75 75 75 74 74 74 73 73 73 72 72 72 71 71 71 70 70 70 69 69 69 69 68 68 68 67 67 67 66 66       706
DEC  66 66 65 65 65 65 64 64 64 64 64 63 63 63 63 63 63 63 62 62 62 62 62 62 62 62 62 62 62 62 62    632
                                                                                                        
-------------------------------------------------------------------------------------------------       
 Average Temperature (deg F [tenths deg F for monthly])                                                 
 DAY  1  2  3  4  5  6  7  8  9 10 11 12 13 14 15 16 17 18 19 20 21 22 23 24 25 26 27 28 29 30 31  MONTH
-------------------------------------------------------------------------------------------------       
JAN  45 45 45 45 45 45 45 45 45 45 46 46 46 46 46 46 46 46 46 46 46 46 47 47 47 47 47 47 47 47 48    460
FEB  48 48 48 48 48 48 48 49 49 49 49 49 49 49 49 50 50 50 50 50 50 50 50 51 51 51 51 51             494
MAR  51 51 51 52 52 52 52 52 52 52 53 53 53 53 53 53 54 54 54 54 54 55 55 55 55 56 56 56 56 56 57    536
APR  57 57 57 58 58 58 58 59 59 59 59 60 60 60 60 60 61 61 61 61 62 62 62 62 62 63 63 63 63 64       603
MAY  64 64 64 64 65 65 65 65 66 66 66 66 67 67 67 68 68 68 69 69 69 69 70 70 70 71 71 72 72 72 73    678
JUN  73 73 74 74 74 75 75 75 76 76 76 76 77 77 77 77 78 78 78 78 79 79 79 79 79 79 79 80 80 80       770
JUL  80 80 80 80 80 80 80 80 80 80 80 80 81 81 81 81 81 81 81 81 81 80 80 80 80 80 80 80 80 80 80    803
AUG  80 80 80 80 79 79 79 79 79 79 79 79 79 79 79 78 78 78 78 78 78 78 78 78 77 77 77 77 77 77 77    784
SEP  77 76 76 76 76 76 76 76 75 75 75 75 75 74 74 74 74 73 73 73 73 72 72 72 71 71 71 70 70 70       737
OCT  69 69 69 68 68 68 67 67 67 66 66 65 65 65 64 64 64 63 63 62 62 62 61 61 60 60 59 59 59 58 58    638
NOV  57 57 56 56 56 55 55 54 54 54 53 53 52 52 52 51 51 51 50 50 50 50 49 49 49 49 48 48 48 48       519
DEC  47 47 47 47 47 46 46 46 46 46 46 45 45 45 45 45 45 45 45 45 45 45 45 45 45 45 45 45 45 45 45    455
                                                                                                        
-------------------------------------------------------------------------------------------------       
 Heating Degree Days                                                                                    
 DAY  1  2  3  4  5  6  7  8  9 10 11 12 13 14 15 16 17 18 19 20 21 22 23 24 25 26 27 28 29 30 31  MONTH
-------------------------------------------------------------------------------------------------       
JAN  20 20 20 20 20 20 20 20 20 20 20 20 19 19 19 19 19 19 19 19 19 19 18 18 18 18 18 18 18 18 18    592
FEB  17 17 17 17 17 17 17 16 16 16 16 16 16 16 16 15 15 15 15 15 15 15 15 14 14 14 14 14             437
MAR  14 14 13 13 13 13 13 13 13 12 12 12 12 12 12 12 11 11 11 11 11 11 10 10 10 10 10  9  9  9  9    355
APR   9  8  8  8  8  8  7  7  7  7  7  6  6  6  6  6  6  5  5  5  5  5  4  4  4  4  4  4  3  3       175
MAY   3  3  3  3  3  2  2  2  2  2  2  2  2  1  1  1  1  1  1  1  1  1  1  1  1  0  0  0  0  0  0     43
JUN -99  0  0  0  0  0  0  0  0  0  0  0  0  0  0  0  0  0  0  0  0  0  0  0  0  0  0  0  0  0         1
JUL   0  0  0  0  0  0  0  0  0  0  0  0  0  0  0  0  0  0  0  0  0  0  0  0  0  0  0  0  0  0  0      0
AUG   0  0  0  0  0  0  0  0  0  0  0  0  0  0  0  0  0  0  0  0  0  0  0  0  0  0  0  0  0  0  0      0
SEP   0  0  0  0  0  0  0  0  0  0  0  0  0  0  0  0  0  0  0  0  0  0  0  0  0  0  0  0  1  1         2
OCT   1  1  1  1  1  1  1  1  1  2  2  2  2  2  3  3  3  3  3  4  4  4  5  5  5  6  6  6  7  7  8    101
NOV   8  9  9  9 10 10 10 11 11 12 12 12 13 13 13 14 14 14 15 15 15 15 16 16 16 16 17 17 17 17       396
DEC  18 18 18 18 19 19 19 19 19 19 19 20 20 20 20 20 20 20 20 20 20 20 20 20 20 21 20 20 20 20 20    606
                                                                                                        
-------------------------------------------------------------------------------------------------       
 Cooling Degree Days                                                                                    
 DAY  1  2  3  4  5  6  7  8  9 10 11 12 13 14 15 16 17 18 19 20 21 22 23 24 25 26 27 28 29 30 31  MONTH
-------------------------------------------------------------------------------------------------       
JAN   0  0  0  0  0  0  0  0  0  0  0  0  0  0  0  0  0  0  0  0  0  0  0  0  0  0  0  0  0  0  0      0
FEB   0  0  0  0  0  0  0  0  0  0  0  0  0  0  0  0  0  0  0  0  0  0  0  0  0  0  0  0               0
MAR   0  0  0  0  0  0  0  0  0  0  0  0  0  0  0  0  0  0  0  0  0  0  0  0  0  0  0  0  0-99-99      2
APR   0  0  0  1  1  1  1  1  1  1  1  1  1  1  1  1  1  1  1  1  1  1  1  1  2  2  2  2  2  2        33
MAY   2  2  2  2  2  2  2  2  3  3  3  3  3  3  4  4  4  4  4  5  5  5  5  6  6  6  7  7  7  8  8    129
JUN   8  9  9  9  9 10 10 10 11 11 11 11 12 12 12 12 13 13 13 13 13 14 14 14 14 14 14 14 15 15       359
JUL  15 15 15 15 15 15 15 15 15 15 15 15 16 16 16 16 16 16 16 16 16 16 15 15 15 15 15 15 15 15 15    475
AUG  15 15 15 15 15 14 14 14 14 14 14 14 14 14 14 13 13 13 13 13 13 13 13 12 12 12 12 12 12 12 12    415
SEP  12 11 11 11 11 11 11 10 10 10 10 10  9  9  9  9  9  8  8  8  8  7  7  7  7  6  6  6  6  5       262
OCT   5  5  4  4  4  4  3  3  3  3  3  2  2  2  2  2  2  1  1  1  1  1  1  1  1  1  0  0  0  0  0     62
NOV -99  0  0  0  0  0  0  0  0  0  0  0  0  0  0  0  0  0  0  0  0  0  0  0  0  0  0  0  0  0         1
DEC   0  0  0  0  0  0  0  0  0  0  0  0  0  0  0  0  0  0  0  0  0  0  0  0  0  0  0  0  0  0  0      0
                                                                                                        
-------------------------------------------------------------------------------------------------       
 Total  Precipitation (Hundreths of an Inch)                                                            
 DAY  1  2  3  4  5  6  7  8  9 10 11 12 13 14 15 16 17 18 19 20 21 22 23 24 25 26 27 28 29 30 31  MONTH
-------------------------------------------------------------------------------------------------       
JAN   3  3  3  3  4  4  4  4  4  4  4  4  4  4  4  4  3  3  3  3  3  3  3  3  3  3  3  3  3  3  3    105
FEB   3  3  2  2  2  2  2  2  2  2  2  2  2  2  2  2  2  2  2  2  2  2  2  2  2  2  2  2              58
MAR   2  2  2  2  2  2  2  2  2  2  2  2  2  2  2  2  2  2  2  2  2  2  1  1  1  1  1  1  1  1  1     53
APR   1  1  1  1  1  1  1  1  1  1  1  1  1  1  1  1  1  0  0  0  0  1  1  1  1  1  1  1  1  1        26
MAY   1  1  1  1  1  1  1  1  1  1  1  1  1  1  1  1  1  1  1  1  1  1  1  1  0  0  0  0  0  0  0     24
JUN   0  0  0  0  0  0  0  0  0  0  0  0  0  1  1  1  1  2  2  2  2  3  3  3  4  4  5  5  6  6        51
JUL   7  7  8  8  9  9  9 10 10 10 11 11 11 12 12 12 12 12 13 13 13 13 13 13 13 13 13 13 13 13 13    349
AUG  13 12 12 12 12 12 12 11 11 11 11 11 11 11 10 10 10 10 10 10  9  9  9  9  9  9  8  8  8  8  8    316
SEP   7  7  7  7  7  7  7  6  6  6  6  6  6  6  6  6  5  5  5  5  5  5  5  5  5  5  5  5  5  5       173
OCT   5  5  5  5  5  5  5  5  5  5  5  5  5  5  5  4  4  4  4  4  4  4  4  4  4  4  3  3  3  3  3    134
NOV   3  3  3  2  2  2  2  2  2  2  2  2  2  2  1  1  1  1  1  1  1  1  1  1  1  1  1  2  2  2        50
DEC   2  2  2  2  2  2  2  2  2  2  2  3  3  3  3  3  3  3  3  3  3  3  3  3  3  3  3  3  3  3  3     82
                                                                                                        
