-------------------------------------------------------------------------------------------------       
 1971-2000 Daily/Monthly Station Normals                                                                
 Provided by National Climatic Data Center/NESDIS/NOAA                                                  
-------------------------------------------------------------------------------------------------       
 Station COOP ID:                           216360                                                      
 Station Name, State, Division, Call:       PARK RAPIDS 2 S                    MN 02                    
 Latitude, Longitude, Elevation, Elements:  46 54 02 -095 04 04  1434 XNP                               
-------------------------------------------------------------------------------------------------       
 Minimum Temperature (deg F [tenths deg F for monthly])                                                 
 DAY  1  2  3  4  5  6  7  8  9 10 11 12 13 14 15 16 17 18 19 20 21 22 23 24 25 26 27 28 29 30 31  MONTH
-------------------------------------------------------------------------------------------------       
JAN  -5 -5 -5 -6 -6 -6 -6 -6 -7 -7 -7 -7 -7 -7 -7 -7 -7 -7 -7 -7 -6 -6 -6 -6 -6 -6 -5 -5 -5 -5 -4    -61
FEB  -4 -4 -3 -3 -2 -2 -2 -1 -1 -1  0  0  1  1  1  2  2  3  3  4  4  5  5  5  6  6  7  7              14
MAR   8  8  9  9 10 10 11 11 12 12 12 13 14 14 14 15 15 16 16 17 17 18 18 19 19 19 20 20 21 21 22    148
APR  22 23 23 24 24 25 25 25 26 26 27 27 28 28 29 29 30 30 30 31 31 32 32 33 33 34 34 35 35 36       289
MAY  36 37 37 37 38 38 39 39 40 40 40 41 41 42 42 42 43 43 44 44 44 45 45 45 46 46 46 47 47 47 47    422
JUN  48 48 48 49 49 49 49 50 50 50 50 51 51 51 51 52 52 52 52 53 53 53 53 53 54 54 54 54 54 55       514
JUL  55 55 55 55 56 56 56 56 56 56 56 56 57 57 57 57 57 57 57 57 57 57 57 57 57 57 57 57 57 57 57    565
AUG  57 57 57 57 57 57 56 56 56 56 56 56 56 55 55 55 55 55 54 54 54 54 53 53 53 52 52 52 51 51 51    546
SEP  50 50 49 49 49 48 48 48 47 47 47 46 46 45 45 45 44 44 44 43 43 43 42 42 41 41 41 40 40 40       449
OCT  39 39 39 38 38 37 37 37 36 36 35 35 35 34 34 33 33 32 32 31 31 31 30 30 29 29 28 28 27 27 26    331
NOV  26 25 24 24 23 23 22 22 21 21 20 20 19 18 18 17 17 16 16 15 14 14 13 13 12 12 11 10 10  9       175
DEC   9  8  8  7  6  6  5  5  4  4  3  3  2  2  1  1  0  0  0 -1 -1 -2 -2 -2 -3 -3 -3 -4 -4 -4 -5     13
                                                                                                        
-------------------------------------------------------------------------------------------------       
 Maximum Temperature (deg F [tenths deg F for monthly])                                                 
 DAY  1  2  3  4  5  6  7  8  9 10 11 12 13 14 15 16 17 18 19 20 21 22 23 24 25 26 27 28 29 30 31  MONTH
-------------------------------------------------------------------------------------------------       
JAN  16 16 16 16 16 16 16 15 15 15 15 15 15 15 16 16 16 16 16 16 16 17 17 17 17 18 18 18 19 19 19    164
FEB  20 20 20 21 21 22 22 22 23 23 24 24 24 25 25 25 26 26 27 27 27 28 28 29 29 29 30 30             249
MAR  30 31 31 32 32 32 33 33 34 34 35 35 35 36 36 37 37 38 38 39 40 40 41 41 42 42 43 44 44 45 46    373
APR  46 47 47 48 49 49 50 51 51 52 52 53 53 54 55 55 56 56 57 58 58 59 59 60 60 61 61 62 62 63       548
MAY  63 64 64 65 65 66 66 67 67 68 68 68 69 69 69 70 70 71 71 71 71 72 72 72 73 73 73 73 73 74 74    694
JUN  74 74 74 75 75 75 75 75 76 76 76 76 76 77 77 77 77 77 77 78 78 78 78 78 79 79 79 79 79 80       768
JUL  80 80 80 80 80 81 81 81 81 81 81 81 81 81 82 82 82 82 82 82 82 82 82 82 82 82 82 82 82 82 82    814
AUG  82 82 82 82 82 82 81 81 81 81 81 81 80 80 80 80 80 79 79 79 79 78 78 78 77 77 77 76 76 75 75    794
SEP  75 74 74 73 73 72 72 72 71 71 70 70 70 69 69 69 68 68 67 67 67 66 66 66 65 65 64 64 64 63       688
OCT  63 63 62 62 61 61 61 60 60 59 59 58 58 57 57 56 55 55 54 54 53 52 52 51 50 49 49 48 47 46 45    554
NOV  45 44 43 42 41 41 40 39 39 38 37 36 36 35 34 34 33 33 32 31 31 30 30 29 29 28 28 27 27 26       346
DEC  26 25 25 25 24 24 23 23 23 22 22 22 21 21 21 20 20 20 19 19 19 19 18 18 18 18 17 17 17 17 16    206
                                                                                                        
-------------------------------------------------------------------------------------------------       
 Average Temperature (deg F [tenths deg F for monthly])                                                 
 DAY  1  2  3  4  5  6  7  8  9 10 11 12 13 14 15 16 17 18 19 20 21 22 23 24 25 26 27 28 29 30 31  MONTH
-------------------------------------------------------------------------------------------------       
JAN   6  5  5  5  5  5  5  5  4  4  4  4  4  4  4  4  5  5  5  5  5  5  5  6  6  6  6  7  7  7  8     52
FEB   8  8  9  9  9 10 10 11 11 11 12 12 13 13 13 14 14 15 15 15 16 16 17 17 17 18 18 19             132
MAR  19 20 20 20 21 21 22 22 23 23 24 24 25 25 25 26 26 27 27 28 28 29 29 30 30 31 32 32 33 33 34    261
APR  34 35 35 36 36 37 38 38 39 39 40 40 41 41 42 42 43 43 44 44 45 45 46 46 47 47 48 48 49 49       419
MAY  50 50 51 51 52 52 53 53 53 54 54 55 55 55 56 56 56 57 57 58 58 58 58 59 59 59 60 60 60 60 61    558
JUN  61 61 61 62 62 62 62 62 63 63 63 63 64 64 64 64 64 65 65 65 65 66 66 66 66 66 67 67 67 67       641
JUL  67 67 68 68 68 68 68 68 69 69 69 69 69 69 69 69 69 69 69 69 70 70 70 70 70 70 70 70 70 70 69    690
AUG  70 69 69 69 69 69 69 69 69 69 68 68 68 68 68 67 67 67 67 67 66 66 66 65 65 65 64 64 64 63 63    670
SEP  62 62 62 61 61 60 60 60 59 59 59 58 58 57 57 57 56 56 56 55 55 54 54 54 53 53 53 52 52 52       569
OCT  51 51 51 50 50 49 49 48 48 48 47 47 46 46 45 45 44 44 43 43 42 41 41 40 40 39 38 38 37 36 36    443
NOV  35 34 34 33 32 32 31 31 30 29 29 28 27 27 26 26 25 24 24 23 23 22 22 21 21 20 19 19 18 18       261
DEC  17 17 16 16 15 15 14 14 14 13 13 12 12 11 11 11 10 10 10  9  9  9  8  8  8  7  7  7  6  6  6    110
                                                                                                        
-------------------------------------------------------------------------------------------------       
 Heating Degree Days                                                                                    
 DAY  1  2  3  4  5  6  7  8  9 10 11 12 13 14 15 16 17 18 19 20 21 22 23 24 25 26 27 28 29 30 31  MONTH
-------------------------------------------------------------------------------------------------       
JAN  59 60 60 60 60 60 60 61 61 61 61 61 61 61 61 61 61 60 60 60 60 60 60 60 59 59 59 58 58 58 57   1857
FEB  57 57 56 56 56 55 55 54 54 54 53 53 53 52 52 51 51 50 50 50 49 49 48 48 48 47 47 46            1451
MAR  46 45 45 45 44 44 43 43 42 42 41 41 41 40 40 39 39 38 38 37 37 36 36 35 35 34 33 33 32 32 31   1207
APR  31 30 30 29 29 28 28 27 26 26 25 25 24 24 23 23 22 22 21 21 20 20 19 19 19 18 18 17 17 16       697
MAY  16 15 15 14 14 14 13 13 12 12 12 11 11 11 10 10 10  9  9  9  9  8  8  8  7  7  7  7  7  6  6    320
JUN   6  6  5  5  5  5  5  5  4  4  4  4  4  4  4  3  3  3  3  3  3  3  3  3  2  2  2  2  2  2       109
JUL   2  2  2  2  2  1  1  1  1  1  1  1  1  1  1  1  1  1  1  1  1  1  1  1  1  1  1  1  1  1  1     36
AUG   1  1  1  1  1  1  1  1  1  1  1  1  1  1  1  1  2  2  2  2  2  2  2  3  3  3  3  3  4  4  4     57
SEP   4  5  5  5  6  6  6  6  7  7  7  8  8  8  8  9  9  9 10 10 10 11 11 11 12 12 12 13 13 13       261
OCT  14 14 14 15 15 16 16 17 17 17 18 18 19 19 20 20 21 21 22 23 23 24 24 25 25 26 27 27 28 29 29    643
NOV  30 31 31 32 33 33 34 35 35 36 36 37 38 38 39 39 40 41 41 42 42 43 44 44 45 45 46 46 47 47      1170
DEC  48 48 49 49 50 50 51 51 52 52 52 53 53 54 54 54 55 55 55 56 56 56 57 57 57 58 58 58 59 59 59   1675
                                                                                                        
-------------------------------------------------------------------------------------------------       
 Cooling Degree Days                                                                                    
 DAY  1  2  3  4  5  6  7  8  9 10 11 12 13 14 15 16 17 18 19 20 21 22 23 24 25 26 27 28 29 30 31  MONTH
-------------------------------------------------------------------------------------------------       
JAN   0  0  0  0  0  0  0  0  0  0  0  0  0  0  0  0  0  0  0  0  0  0  0  0  0  0  0  0  0  0  0      0
FEB   0  0  0  0  0  0  0  0  0  0  0  0  0  0  0  0  0  0  0  0  0  0  0  0  0  0  0  0               0
MAR   0  0  0  0  0  0  0  0  0  0  0  0  0  0  0  0  0  0  0  0  0  0  0  0  0  0  0  0  0  0  0      0
APR   0  0  0  0  0  0  0  0  0  0  0  0  0  0  0  0  0  0  0  0  0  0  0  0  0  0  0  0-99-99         2
MAY   0  0  1  1  1  1  1  1  1  1  1  1  1  1  1  1  1  1  1  1  1  1  1  1  1  2  2  2  2  2  2     35
JUN   2  2  2  2  2  2  2  2  2  2  2  2  2  3  3  3  3  3  3  3  3  3  3  3  3  4  4  4  4  4        82
JUL   4  4  5  5  5  5  5  5  5  5  5  5  5  5  5  5  5  5  5  6  6  6  6  6  5  5  5  5  5  5  5    158
AUG   5  5  5  5  5  5  5  5  5  4  4  4  4  4  4  4  4  4  4  4  3  3  3  3  3  3  3  2  2  2  2    118
SEP   2  2  2  2  1  1  1  1  1  1  1  1  1  0  0  0  0  0  0  0  0  0  0  0  0  0  0  0  0  0        17
OCT   0  0  0  0  0  0  0  0  0  0  0  0  0  0  0  0  0  0  0  0  0  0  0  0  0  0  0  0  0  0  0      0
NOV   0  0  0  0  0  0  0  0  0  0  0  0  0  0  0  0  0  0  0  0  0  0  0  0  0  0  0  0  0  0         0
DEC   0  0  0  0  0  0  0  0  0  0  0  0  0  0  0  0  0  0  0  0  0  0  0  0  0  0  0  0  0  0  0      0
                                                                                                        
-------------------------------------------------------------------------------------------------       
 Total  Precipitation (Hundreths of an Inch)                                                            
 DAY  1  2  3  4  5  6  7  8  9 10 11 12 13 14 15 16 17 18 19 20 21 22 23 24 25 26 27 28 29 30 31  MONTH
-------------------------------------------------------------------------------------------------       
JAN   2  2  2  2  2  2  2  2  2  2  2  2  3  3  3  2  2  2  2  2  2  2  2  2  2  2  2  2  2  2  2     65
FEB   2  2  2  2  2  2  1  1  1  1  1  1  2  2  2  2  2  2  2  2  2  2  2  2  2  2  2  2              50
MAR   2  3  3  3  3  3  3  3  3  3  3  3  4  4  4  4  4  4  4  4  4  4  4  4  4  4  4  5  5  5  5    115
APR   5  5  5  5  5  5  5  5  5  5  5  5  5  6  6  6  6  6  6  6  6  6  6  6  6  6  7  7  7  7       171
MAY   7  7  7  7  7  8  8  8  8  8  8  8  8  9  9  9  9  9  9 10 10 10 10 10 11 11 11 11 12 12 12    283
JUN  12 12 13 13 13 13 13 14 14 14 14 14 14 14 14 14 15 15 15 15 15 15 15 15 15 15 14 14 14 14       421
JUL  14 14 14 14 14 14 13 13 13 13 13 13 13 13 13 13 13 13 13 13 13 13 13 13 13 13 13 13 13 13 13    409
AUG  13 13 13 13 13 13 13 13 13 13 13 13 13 13 13 12 12 12 12 12 12 12 12 12 12 12 11 11 11 11 11    382
SEP  11 11 11 11 10 10 10 10 10 10 10 10 10 10  9  9  9  9  9  9  9  9  9  9  9  9  9  9  9  9       288
OCT   9  9  9  9  9  9  9  9  9  9  9  9  9  9  9  9  8  8  8  8  8  8  8  8  7  7  7  7  7  6  6    255
NOV   6  6  6  5  5  5  5  5  5  4  4  4  4  4  4  4  3  3  3  3  3  3  3  3  3  2  2  2  2  2       113
DEC   2  2  2  2  2  2  2  2  2  2  2  2  2  2  2  2  1  1  1  1  2  2  2  2  2  2  2  2  2  2  2     58
                                                                                                        
