-------------------------------------------------------------------------------------------------       
 1971-2000 Daily/Monthly Station Normals                                                                
 Provided by National Climatic Data Center/NESDIS/NOAA                                                  
-------------------------------------------------------------------------------------------------       
 Station COOP ID:                           216835                                                      
 Station Name, State, Division, Call:       REDWOOD FALLS MUNICIPAL            MN 07 RWF                
 Latitude, Longitude, Elevation, Elements:  44 32 50 -095 04 56  1025 XNP                               
-------------------------------------------------------------------------------------------------       
 Minimum Temperature (deg F [tenths deg F for monthly])                                                 
 DAY  1  2  3  4  5  6  7  8  9 10 11 12 13 14 15 16 17 18 19 20 21 22 23 24 25 26 27 28 29 30 31  MONTH
-------------------------------------------------------------------------------------------------       
JAN   5  4  4  4  4  4  4  3  3  3  3  3  3  3  3  3  3  3  4  4  4  4  4  4  5  5  5  5  6  6  6     40
FEB   6  7  7  7  8  8  9  9  9 10 10 10 11 11 12 12 12 13 13 14 14 14 15 15 16 16 17 17             115
MAR  18 18 18 19 19 20 20 21 21 22 22 22 23 23 24 24 24 25 25 26 26 27 27 27 28 28 29 29 29 30 30    240
APR  31 31 31 32 32 33 33 33 34 34 35 35 36 36 36 37 37 38 38 38 39 39 40 40 41 41 41 42 42 43       366
MAY  43 44 44 44 45 45 46 46 47 47 47 48 48 49 49 49 50 50 50 51 51 52 52 52 53 53 53 54 54 54 55    492
JUN  55 55 56 56 56 56 57 57 57 57 58 58 58 58 59 59 59 59 59 60 60 60 60 60 61 61 61 61 61 61       585
JUL  61 61 62 62 62 62 62 62 62 62 62 62 62 63 63 63 63 63 63 63 63 63 63 63 63 63 63 63 63 63 63    625
AUG  63 63 62 62 62 62 62 62 62 62 61 61 61 61 61 61 60 60 60 60 59 59 59 58 58 58 58 57 57 56 56    601
SEP  56 55 55 55 54 54 53 53 53 52 52 52 51 51 50 50 50 49 49 49 48 48 48 47 47 46 46 46 45 45       503
OCT  44 44 44 43 43 43 42 42 41 41 41 40 40 39 39 39 38 38 37 37 36 36 35 35 35 34 34 33 33 32 32    384
NOV  31 31 30 30 29 29 28 28 27 27 26 26 25 25 24 24 23 23 22 22 21 21 20 20 19 19 18 18 17 17       240
DEC  16 16 15 15 14 14 13 13 12 12 11 11 11 10 10  9  9  9  8  8  8  7  7  7  6  6  6  6  5  5  5     98
                                                                                                        
-------------------------------------------------------------------------------------------------       
 Maximum Temperature (deg F [tenths deg F for monthly])                                                 
 DAY  1  2  3  4  5  6  7  8  9 10 11 12 13 14 15 16 17 18 19 20 21 22 23 24 25 26 27 28 29 30 31  MONTH
-------------------------------------------------------------------------------------------------       
JAN  22 22 22 22 22 22 22 22 21 21 21 21 21 21 21 21 21 22 22 22 22 22 22 22 22 23 23 23 23 23 24    219
FEB  24 24 24 25 25 25 26 26 26 27 27 27 27 28 28 28 29 29 29 30 30 31 31 31 32 32 33 33             281
MAR  33 34 34 35 35 35 36 36 37 37 38 38 39 39 40 40 41 41 42 42 43 43 44 44 45 45 46 47 47 48 48    404
APR  49 50 50 51 51 52 53 53 54 54 55 55 56 57 57 58 58 59 59 60 60 61 61 62 62 63 63 64 64 65       572
MAY  65 66 66 67 67 67 68 68 69 69 70 70 70 71 71 72 72 72 73 73 73 74 74 75 75 75 76 76 76 76 77    714
JUN  77 77 78 78 78 79 79 79 79 80 80 80 80 80 81 81 81 81 82 82 82 82 82 83 83 83 83 83 83 83       806
JUL  83 84 84 84 84 84 84 84 84 84 84 84 85 85 85 85 85 85 85 85 85 85 85 85 85 85 84 84 84 84 84    844
AUG  84 84 84 84 84 84 84 83 83 83 83 83 83 83 82 82 82 82 81 81 81 81 81 80 80 80 79 79 79 79 78    818
SEP  78 78 77 77 77 76 76 76 75 75 75 74 74 74 73 73 73 72 72 72 71 71 71 70 70 69 69 69 68 68       731
OCT  68 67 67 66 66 65 65 65 64 64 63 63 62 62 61 60 60 59 59 58 57 57 56 55 55 54 53 53 52 51 50    599
NOV  50 49 48 47 47 46 45 45 44 43 43 42 41 41 40 39 39 38 38 37 37 36 35 35 34 34 33 33 32 32       401
DEC  32 31 31 30 30 29 29 29 28 28 27 27 27 26 26 26 26 25 25 25 24 24 24 24 23 23 23 23 23 22 22    262
                                                                                                        
-------------------------------------------------------------------------------------------------       
 Average Temperature (deg F [tenths deg F for monthly])                                                 
 DAY  1  2  3  4  5  6  7  8  9 10 11 12 13 14 15 16 17 18 19 20 21 22 23 24 25 26 27 28 29 30 31  MONTH
-------------------------------------------------------------------------------------------------       
JAN  13 13 13 13 13 13 13 13 12 12 12 12 12 12 12 12 12 13 13 13 13 13 13 13 14 14 14 14 14 15 15    130
FEB  15 16 16 16 16 17 17 17 18 18 18 19 19 19 20 20 21 21 21 22 22 22 23 23 24 24 25 25             198
MAR  25 26 26 27 27 28 28 28 29 29 30 30 31 31 32 32 33 33 34 34 35 35 35 36 36 37 37 38 38 39 39    322
APR  40 40 41 41 42 42 43 43 44 44 45 45 46 46 47 47 48 48 49 49 50 50 51 51 51 52 52 53 53 54       469
MAY  54 55 55 56 56 56 57 57 58 58 59 59 59 60 60 60 61 61 62 62 62 63 63 63 64 64 64 65 65 65 66    603
JUN  66 66 67 67 67 67 68 68 68 69 69 69 69 69 70 70 70 70 71 71 71 71 71 72 72 72 72 72 72 72       696
JUL  72 73 73 73 73 73 73 73 73 73 73 73 74 74 74 74 74 74 74 74 74 74 74 74 74 74 74 74 74 73 73    735
AUG  74 73 73 73 73 73 73 73 73 72 72 72 72 72 72 71 71 71 71 70 70 70 70 69 69 69 69 68 68 68 67    710
SEP  67 67 66 66 65 65 65 64 64 64 63 63 63 62 62 62 61 61 60 60 60 59 59 59 58 58 58 57 57 56       617
OCT  56 56 55 55 54 54 54 53 53 52 52 51 51 51 50 50 49 49 48 47 47 46 46 45 45 44 44 43 42 42 41    492
NOV  41 40 39 39 38 37 37 36 36 35 35 34 33 33 32 32 31 31 30 29 29 28 28 27 27 26 26 25 25 24       321
DEC  24 23 23 22 22 22 21 21 20 20 19 19 19 18 18 18 17 17 17 16 16 16 15 15 15 15 14 14 14 14 14    180
                                                                                                        
-------------------------------------------------------------------------------------------------       
 Heating Degree Days                                                                                    
 DAY  1  2  3  4  5  6  7  8  9 10 11 12 13 14 15 16 17 18 19 20 21 22 23 24 25 26 27 28 29 30 31  MONTH
-------------------------------------------------------------------------------------------------       
JAN  52 52 52 52 52 52 52 53 53 53 53 53 53 53 53 53 53 52 52 52 52 52 52 52 51 51 51 51 51 50 50   1613
FEB  50 49 49 49 49 48 48 48 47 47 47 46 46 46 45 45 44 44 44 43 43 42 42 42 41 41 40 40            1265
MAR  40 39 39 38 38 37 37 37 36 36 35 35 34 34 33 33 32 32 31 31 30 30 29 29 29 28 28 27 27 26 26   1016
APR  25 25 24 23 23 23 22 22 21 21 20 20 19 19 18 18 17 17 16 16 16 15 15 14 14 14 13 13 12 12       547
MAY  12 11 11 10 10 10  9  9  9  8  8  8  7  7  7  7  6  6  6  5  5  5  5  4  4  4  4  4  3  3  3    210
JUN   3  3  2  2  2  2  2  2  1  1  1  1  1  1  1  1  1  1  1  1  0  0  0  0  0  0  0  0  0  0        30
JUL   0  0  0  0  0  0  0  0  0  0  0  0  0-99-99-99-99-99-99-99-99-99-99-99-99-99-99-99-99  0  0     16
AUG   0  0  0  0  0  0  1  1  1  1  1  1  1  1  1  1  1  1  1  1  1  1  1  1  1  2  2  2  2  2  2     31
SEP   2  2  3  3  3  3  3  3  3  4  4  4  4  4  5  5  5  5  6  6  6  6  7  7  7  8  8  8  9  9       152
OCT   9 10 10 10 11 11 11 12 12 13 13 14 14 15 15 16 16 16 17 18 18 19 19 20 20 21 21 22 23 23 24    493
NOV  24 25 26 26 27 28 28 29 29 30 31 31 32 32 33 33 34 34 35 36 36 37 37 38 38 39 39 40 40 41       988
DEC  41 42 42 43 43 44 44 44 45 45 46 46 46 47 47 47 48 48 48 49 49 49 50 50 50 50 51 51 51 51 51   1458
                                                                                                        
-------------------------------------------------------------------------------------------------       
 Cooling Degree Days                                                                                    
 DAY  1  2  3  4  5  6  7  8  9 10 11 12 13 14 15 16 17 18 19 20 21 22 23 24 25 26 27 28 29 30 31  MONTH
-------------------------------------------------------------------------------------------------       
JAN   0  0  0  0  0  0  0  0  0  0  0  0  0  0  0  0  0  0  0  0  0  0  0  0  0  0  0  0  0  0  0      0
FEB   0  0  0  0  0  0  0  0  0  0  0  0  0  0  0  0  0  0  0  0  0  0  0  0  0  0  0  0               0
MAR   0  0  0  0  0  0  0  0  0  0  0  0  0  0  0  0  0  0  0  0  0  0  0  0  0  0  0  0  0  0  0      0
APR   0  0  0  0  0  0  0  0  0  0  0  0  0  0  0  0  0  0  0  0  0  0  0  0  0  0  1  1  1  1         4
MAY   1  1  1  1  1  1  1  1  1  1  2  2  2  2  2  2  2  2  2  2  2  3  3  3  3  3  3  3  3  3  4     63
JUN   4  4  4  4  4  4  4  4  5  5  5  5  5  5  5  6  6  6  6  6  6  6  7  7  7  7  7  7  7  8       166
JUL   8  8  8  8  9  9  9  9  9  9  9  9  9  9  9  9  9  9  9 10 10 10  9  9  9  9  9  9  9  9  9    278
AUG   9  9  9  9  9  8  8  8  8  8  8  8  8  7  7  7  7  7  7  6  6  6  6  6  6  5  5  5  5  4  4    215
SEP   4  4  4  3  3  3  3  3  3  2  2  2  2  2  2  1  1  1  1  1  1  1  1  1  1  1  0  0  0  0        53
OCT -99  0  0  0  0  0  0  0  0  0  0  0  0  0  0  0  0  0  0  0  0  0  0  0  0  0  0  0  0  0  0      1
NOV   0  0  0  0  0  0  0  0  0  0  0  0  0  0  0  0  0  0  0  0  0  0  0  0  0  0  0  0  0  0         0
DEC   0  0  0  0  0  0  0  0  0  0  0  0  0  0  0  0  0  0  0  0  0  0  0  0  0  0  0  0  0  0  0      0
                                                                                                        
-------------------------------------------------------------------------------------------------       
 Total  Precipitation (Hundreths of an Inch)                                                            
 DAY  1  2  3  4  5  6  7  8  9 10 11 12 13 14 15 16 17 18 19 20 21 22 23 24 25 26 27 28 29 30 31  MONTH
-------------------------------------------------------------------------------------------------       
JAN   2  2  2  2  2  2  2  2  2  2  2  2  2  2  3  3  3  3  3  3  3  3  2  2  2  2  2  2  2  2  2     70
FEB   2  2  2  2  2  2  2  2  2  2  2  2  2  2  2  2  2  2  2  2  2  2  2  3  3  3  3  3              61
MAR   3  3  4  4  4  4  4  4  4  5  5  5  5  5  5  5  6  6  6  6  6  6  6  6  6  7  7  7  7  7  7    165
APR   7  7  7  8  8  8  8  8  8  8  8  8  8  8  8  8  9  9  9  9  9  9  9  9  9  9  9  9  9  9       251
MAY   9  9  9  9  9  9  9  9  9  9  9  9  9 10 10 10 10 10 10 10 10 11 11 11 11 11 11 12 12 12 12    311
JUN  12 12 13 13 13 13 13 13 14 14 14 14 14 14 14 14 14 14 14 14 14 14 14 14 14 14 14 14 14 13       409
JUL  13 13 13 13 13 13 13 13 12 12 12 12 12 12 12 12 12 12 12 12 12 12 12 12 12 12 12 12 12 12 12    380
AUG  12 12 12 12 12 12 12 12 12 12 12 12 12 12 12 12 12 12 12 12 12 11 11 11 11 11 11 11 11 11 10    361
SEP  10 10 10 10 10  9  9  9  9  9  9  9  8  8  8  8  8  8  8  8  8  7  7  7  7  7  7  7  7  7       248
OCT   7  7  6  6  6  6  6  6  6  6  6  6  6  6  6  6  6  6  6  6  6  6  6  6  6  6  6  6  6  6  6    188
NOV   6  6  6  6  6  6  6  6  6  6  6  6  6  6  6  6  5  5  5  5  5  5  5  5  4  4  4  4  4  4       160
DEC   3  3  3  3  3  3  2  2  2  2  2  2  2  2  2  2  2  2  1  1  1  1  1  1  1  1  2  2  2  2  2     60
                                                                                                        
