-------------------------------------------------------------------------------------------------       
 1971-2000 Daily/Monthly Station Normals                                                                
 Provided by National Climatic Data Center/NESDIS/NOAA                                                  
-------------------------------------------------------------------------------------------------       
 Station COOP ID:                           214103                                                      
 Station Name, State, Division, Call:       ISLE 12 N                          MN 06                    
 Latitude, Longitude, Elevation, Elements:  46 18 33 -093 31 49  1285 XNP                               
-------------------------------------------------------------------------------------------------       
 Minimum Temperature (deg F [tenths deg F for monthly])                                                 
 DAY  1  2  3  4  5  6  7  8  9 10 11 12 13 14 15 16 17 18 19 20 21 22 23 24 25 26 27 28 29 30 31  MONTH
-------------------------------------------------------------------------------------------------       
JAN  -2 -2 -2 -3 -3 -3 -3 -3 -4 -4 -4 -4 -4 -4 -4 -4 -4 -4 -4 -4 -4 -4 -4 -4 -4 -4 -3 -3 -3 -3 -3    -35
FEB  -2 -2 -2 -1 -1 -1 -1  0  0  0  1  1  1  2  2  3  3  3  4  4  5  5  6  6  6  7  7  8              23
MAR   9  9 10 10 10 11 11 12 12 13 13 14 14 15 15 16 16 17 17 18 18 19 19 20 20 20 21 21 22 22 23    157
APR  23 24 24 24 25 25 26 26 27 27 28 28 28 29 29 30 30 31 31 32 32 33 33 33 34 34 35 35 36 36       296
MAY  37 37 37 38 38 39 39 40 40 40 41 41 42 42 42 43 43 43 44 44 44 45 45 46 46 46 47 47 47 47 48    425
JUN  48 48 49 49 49 50 50 50 50 51 51 51 51 52 52 52 53 53 53 53 53 54 54 54 54 55 55 55 55 56       520
JUL  56 56 56 56 57 57 57 57 57 57 58 58 58 58 58 58 58 58 58 58 58 58 58 58 59 59 58 58 58 58 58    576
AUG  58 58 58 58 58 58 58 58 57 57 57 57 57 57 57 56 56 56 56 56 55 55 55 55 54 54 54 53 53 53 52    560
SEP  52 52 51 51 51 50 50 50 49 49 49 48 48 48 47 47 47 46 46 46 45 45 45 44 44 43 43 43 42 42       471
OCT  42 41 41 40 40 40 39 39 39 38 38 37 37 37 36 36 35 35 35 34 34 34 33 33 32 32 31 31 31 30 30    358
NOV  29 29 29 28 28 27 27 26 26 25 25 24 24 23 23 22 22 21 20 20 19 19 18 17 17 16 16 15 14 14       221
DEC  13 12 12 11 11 10  9  9  8  8  7  6  6  5  5  4  4  4  3  3  2  2  1  1  1  0  0 -1 -1 -1 -2     49
                                                                                                        
-------------------------------------------------------------------------------------------------       
 Maximum Temperature (deg F [tenths deg F for monthly])                                                 
 DAY  1  2  3  4  5  6  7  8  9 10 11 12 13 14 15 16 17 18 19 20 21 22 23 24 25 26 27 28 29 30 31  MONTH
-------------------------------------------------------------------------------------------------       
JAN  17 17 17 17 17 16 16 16 16 16 16 16 16 16 16 16 16 16 17 17 17 17 17 17 18 18 18 18 19 19 19    169
FEB  20 20 20 21 21 21 22 22 22 23 23 23 24 24 25 25 25 26 26 26 27 27 27 28 28 29 29 29             244
MAR  30 30 30 31 31 32 32 32 33 33 34 34 35 35 35 36 36 37 37 38 38 39 39 40 40 41 41 42 42 43 43    361
APR  44 44 45 45 46 46 47 47 48 48 49 49 50 51 51 52 52 53 53 54 54 55 55 56 56 57 57 58 58 59       513
MAY  59 60 61 61 62 62 62 63 63 64 64 65 65 66 66 66 67 67 67 68 68 68 69 69 69 70 70 70 70 71 71    659
JUN  71 71 71 72 72 72 72 73 73 73 73 73 74 74 74 74 74 75 75 75 75 75 75 76 76 76 76 76 77 77       740
JUL  77 77 77 77 77 78 78 78 78 78 78 78 78 78 79 79 79 79 79 79 79 79 79 79 79 79 79 79 79 79 79    784
AUG  79 79 78 78 78 78 78 78 78 78 77 77 77 77 77 77 76 76 76 76 75 75 75 74 74 74 74 73 73 72 72    761
SEP  72 71 71 71 70 70 70 69 69 68 68 68 67 67 67 66 66 66 65 65 65 64 64 63 63 63 62 62 62 61       665
OCT  61 61 60 60 60 59 59 58 58 57 57 56 56 56 55 55 54 53 53 52 52 51 51 50 49 49 48 48 47 46 46    541
NOV  45 44 44 43 42 42 41 40 40 39 38 38 37 37 36 35 35 34 34 33 33 32 32 31 31 30 29 29 28 28       360
DEC  27 27 26 26 26 25 25 24 24 23 23 23 22 22 22 21 21 21 20 20 20 19 19 19 19 18 18 18 18 17 17    216
                                                                                                        
-------------------------------------------------------------------------------------------------       
 Average Temperature (deg F [tenths deg F for monthly])                                                 
 DAY  1  2  3  4  5  6  7  8  9 10 11 12 13 14 15 16 17 18 19 20 21 22 23 24 25 26 27 28 29 30 31  MONTH
-------------------------------------------------------------------------------------------------       
JAN   8  7  7  7  7  7  7  6  6  6  6  6  6  6  6  6  6  6  6  6  6  7  7  7  7  7  7  8  8  8  8     67
FEB   9  9  9 10 10 10 11 11 11 12 12 12 13 13 13 14 14 15 15 15 16 16 16 17 17 18 18 19             134
MAR  19 20 20 20 21 21 22 22 23 23 24 24 24 25 25 26 26 27 27 28 28 29 29 30 30 31 31 31 32 32 33    259
APR  33 34 34 35 35 36 36 37 37 38 38 39 39 40 40 41 41 42 42 43 43 44 44 45 45 46 46 47 47 48       405
MAY  48 49 49 49 50 50 51 51 52 52 53 53 53 54 54 54 55 55 56 56 56 57 57 57 58 58 58 58 59 59 59    542
JUN  60 60 60 60 61 61 61 61 62 62 62 62 62 63 63 63 63 64 64 64 64 64 65 65 65 65 66 66 66 66       630
JUL  66 66 67 67 67 67 67 67 68 68 68 68 68 68 68 68 68 68 68 68 69 69 69 69 69 69 69 69 69 69 68    680
AUG  68 68 68 68 68 68 68 68 68 68 67 67 67 67 67 67 66 66 66 66 65 65 65 65 64 64 64 63 63 63 62    661
SEP  62 62 61 61 61 60 60 59 59 59 58 58 58 57 57 57 56 56 56 55 55 54 54 54 53 53 53 52 52 52       568
OCT  51 51 51 50 50 50 49 49 48 48 47 47 47 46 46 45 45 44 44 43 43 42 42 42 41 40 40 39 39 38 38    450
NOV  37 37 36 36 35 34 34 33 33 32 32 31 31 30 29 29 28 28 27 27 26 25 25 24 24 23 23 22 21 21       291
DEC  20 20 19 19 18 17 17 16 16 16 15 15 14 14 13 13 12 12 12 11 11 11 10 10 10  9  9  9  8  8  8    133
                                                                                                        
-------------------------------------------------------------------------------------------------       
 Heating Degree Days                                                                                    
 DAY  1  2  3  4  5  6  7  8  9 10 11 12 13 14 15 16 17 18 19 20 21 22 23 24 25 26 27 28 29 30 31  MONTH
-------------------------------------------------------------------------------------------------       
JAN  57 58 58 58 58 58 59 59 59 59 59 59 59 59 59 59 59 59 59 59 59 59 58 58 58 58 58 58 57 57 57   1810
FEB  56 56 56 55 55 55 54 54 54 53 53 53 52 52 52 51 51 51 50 50 49 49 49 48 48 47 47 46            1446
MAR  46 46 45 45 44 44 43 43 42 42 42 41 41 40 40 39 39 38 38 37 37 36 36 35 35 34 34 33 33 33 32   1213
APR  31 31 30 30 30 29 29 28 28 27 27 26 26 25 25 24 24 23 23 22 22 21 21 20 20 20 19 19 18 18       736
MAY  17 17 16 16 16 15 15 14 14 13 13 13 12 12 12 11 11 11 10 10 10  9  9  9  8  8  8  7  7  7  7    357
JUN   6  6  6  6  5  5  5  5  5  4  4  4  4  4  4  3  3  3  3  3  3  3  3  3  2  2  2  2  2  2       112
JUL   2  2  2  2  2  2  2  2  2  2  2  2  2  2  2  2  2  2  2  2  1  1  1  1  1  1  1  1  1  1  1     51
AUG   1  1  1  1  1  1  1  1  1  1  1  2  2  2  2  2  2  2  2  2  3  3  3  3  3  3  4  4  4  4  4     67
SEP   5  5  5  5  5  6  6  6  7  7  7  7  8  8  8  9  9  9  9 10 10 10 11 11 11 12 12 13 13 13       257
OCT  14 14 14 15 15 16 16 16 17 17 18 18 18 19 19 20 20 21 21 22 22 23 23 24 24 25 25 26 26 27 27    622
NOV  28 28 29 30 30 31 31 32 32 33 33 34 35 35 36 36 37 37 38 39 39 40 40 41 41 42 42 43 44 44      1080
DEC  45 45 46 46 47 48 48 49 49 50 50 50 51 51 52 52 53 53 53 54 54 54 55 55 55 56 56 56 57 57 57   1604
                                                                                                        
-------------------------------------------------------------------------------------------------       
 Cooling Degree Days                                                                                    
 DAY  1  2  3  4  5  6  7  8  9 10 11 12 13 14 15 16 17 18 19 20 21 22 23 24 25 26 27 28 29 30 31  MONTH
-------------------------------------------------------------------------------------------------       
JAN   0  0  0  0  0  0  0  0  0  0  0  0  0  0  0  0  0  0  0  0  0  0  0  0  0  0  0  0  0  0  0      0
FEB   0  0  0  0  0  0  0  0  0  0  0  0  0  0  0  0  0  0  0  0  0  0  0  0  0  0  0  0               0
MAR   0  0  0  0  0  0  0  0  0  0  0  0  0  0  0  0  0  0  0  0  0  0  0  0  0  0  0  0  0  0  0      0
APR   0  0  0  0  0  0  0  0  0  0  0  0  0  0  0  0  0  0  0  0  0  0  0  0  0  0  0  0  0  0         0
MAY   0  0  0  0  0  0  0  0  0  1  1  1  1  1  1  1  1  1  1  1  1  1  1  1  1  1  1  1  1  1  1     22
JUN   1  1  1  1  1  1  1  1  1  1  1  1  1  2  2  2  2  2  2  2  2  2  2  2  3  3  3  3  3  3        53
JUL   3  3  4  4  4  4  4  4  4  4  5  5  5  5  5  5  5  5  5  5  5  5  5  5  5  5  5  5  5  5  5    143
AUG   5  5  4  4  4  4  4  4  4  4  4  4  4  3  3  3  3  3  3  3  3  3  3  2  2  2  2  2  2  2  2    100
SEP   1  1  1  1  1  1  1  1  1  1  1  0  0  0  0  0  0  0  0  0  0  0  0  0  0  0  0  0  0  0        11
OCT   0  0  0  0  0  0  0  0  0  0  0  0  0  0  0  0  0  0  0  0  0  0  0  0  0  0  0  0  0  0  0      0
NOV   0  0  0  0  0  0  0  0  0  0  0  0  0  0  0  0  0  0  0  0  0  0  0  0  0  0  0  0  0  0         0
DEC   0  0  0  0  0  0  0  0  0  0  0  0  0  0  0  0  0  0  0  0  0  0  0  0  0  0  0  0  0  0  0      0
                                                                                                        
-------------------------------------------------------------------------------------------------       
 Total  Precipitation (Hundreths of an Inch)                                                            
 DAY  1  2  3  4  5  6  7  8  9 10 11 12 13 14 15 16 17 18 19 20 21 22 23 24 25 26 27 28 29 30 31  MONTH
-------------------------------------------------------------------------------------------------       
JAN   2  2  2  2  2  2  2  2  2  3  3  3  3  2  2  2  2  2  2  2  2  2  2  2  2  2  2  2  2  2  2     66
FEB   2  2  2  2  2  1  1  1  1  1  1  1  1  1  2  2  2  2  2  2  2  2  2  2  2  2  2  2              47
MAR   2  3  3  3  3  3  3  3  3  3  4  4  4  4  4  4  4  4  4  4  4  4  5  5  5  5  5  5  5  5  5    122
APR   5  5  5  5  6  6  6  6  6  6  6  6  6  6  6  6  6  7  7  7  7  7  7  7  7  7  7  7  7  8       190
MAY   8  8  8  8  8  8  8  8  8  9  9  9  9  9  9  9  9 10 10 10 10 10 10 11 11 11 11 11 12 12 12    295
JUN  12 12 12 13 13 13 13 13 14 14 14 14 14 14 14 15 15 15 15 15 15 15 15 16 16 16 16 16 16 16       431
JUL  16 16 16 16 16 16 17 17 17 17 17 17 16 16 16 16 16 16 16 16 16 16 16 16 16 15 15 15 15 15 15    496
AUG  14 14 14 14 14 13 13 13 13 13 13 12 12 12 12 12 12 12 12 11 11 11 11 11 11 11 11 11 11 11 10    375
SEP  10 10 10 10 10 10 10 10 10 10 10 10 10 10 10 10  9  9  9  9  9  9  9  9  9  9  9  9  9  8       285
OCT   8  8  8  8  8  8  8  8  8  8  8  8  8  7  7  7  7  7  7  7  7  7  7  7  7  7  7  7  6  6  6    227
NOV   6  6  6  6  6  6  6  6  6  6  6  5  5  5  5  5  5  5  5  5  5  5  4  4  4  4  4  4  4  4       153
DEC   4  3  3  3  3  3  3  3  3  3  3  2  2  2  2  2  2  2  2  2  2  2  2  2  2  2  2  2  2  2  2     74
                                                                                                        
