-------------------------------------------------------------------------------------------------       
 1971-2000 Daily/Monthly Station Normals                                                                
 Provided by National Climatic Data Center/NESDIS/NOAA                                                  
-------------------------------------------------------------------------------------------------       
 Station COOP ID:                           215598                                                      
 Station Name, State, Division, Call:       MOOSE LAKE 1 SSE                   MN 06                    
 Latitude, Longitude, Elevation, Elements:  46 26 16 -092 45 28  1110 XNP                               
-------------------------------------------------------------------------------------------------       
 Minimum Temperature (deg F [tenths deg F for monthly])                                                 
 DAY  1  2  3  4  5  6  7  8  9 10 11 12 13 14 15 16 17 18 19 20 21 22 23 24 25 26 27 28 29 30 31  MONTH
-------------------------------------------------------------------------------------------------       
JAN  -2 -2 -2 -2 -3 -3 -3 -3 -3 -3 -3 -3 -3 -3 -3 -4 -3 -3 -3 -3 -3 -3 -3 -3 -3 -3 -2 -2 -2 -2 -1    -27
FEB  -1 -1  0  0  0  0  1  1  1  2  2  2  3  3  4  4  4  5  5  6  6  6  7  7  8  8  9  9              36
MAR  10 10 11 11 11 12 12 13 13 14 14 15 15 15 16 16 17 17 18 18 18 19 19 20 20 20 21 21 22 22 22    162
APR  23 23 23 24 24 25 25 25 26 26 26 27 27 28 28 28 29 29 29 30 30 30 31 31 32 32 32 33 33 34       281
MAY  34 34 35 35 35 36 36 36 37 37 37 38 38 39 39 39 39 40 40 40 41 41 41 42 42 42 43 43 43 43 44    390
JUN  44 44 44 45 45 45 46 46 46 46 47 47 47 47 48 48 48 48 49 49 49 49 50 50 50 50 51 51 51 51       477
JUL  52 52 52 52 53 53 53 53 53 54 54 54 54 54 54 55 55 55 55 55 55 55 55 55 55 55 55 55 55 55 55    541
AUG  55 55 55 55 55 55 55 55 55 55 54 54 54 54 54 54 54 53 53 53 53 52 52 52 52 51 51 51 51 50 50    533
SEP  49 49 49 48 48 48 47 47 47 46 46 46 45 45 45 44 44 44 43 43 43 42 42 42 41 41 41 40 40 40       445
OCT  39 39 38 38 38 37 37 37 36 36 36 35 35 34 34 34 33 33 33 32 32 31 31 31 30 30 29 29 29 28 28    336
NOV  27 27 26 26 26 25 25 24 24 23 23 22 22 21 21 20 20 19 19 18 18 17 17 16 15 15 14 14 13 12       203
DEC  12 11 11 10  9  9  8  8  7  7  6  6  5  5  4  4  4  3  3  2  2  2  1  1  0  0  0 -1 -1 -1 -1     44
                                                                                                        
-------------------------------------------------------------------------------------------------       
 Maximum Temperature (deg F [tenths deg F for monthly])                                                 
 DAY  1  2  3  4  5  6  7  8  9 10 11 12 13 14 15 16 17 18 19 20 21 22 23 24 25 26 27 28 29 30 31  MONTH
-------------------------------------------------------------------------------------------------       
JAN  19 19 19 19 19 19 19 19 19 19 19 19 19 19 19 19 19 19 19 20 20 20 20 20 21 21 21 21 22 22 22    197
FEB  23 23 24 24 24 25 25 25 26 26 26 27 27 27 28 28 28 29 29 29 30 30 30 31 31 31 32 32             275
MAR  32 33 33 33 34 34 35 35 35 36 36 37 37 37 38 38 39 39 40 40 41 41 42 42 43 43 44 44 45 45 46    386
APR  47 47 48 48 49 49 50 51 51 52 52 53 53 54 54 55 55 56 57 57 58 58 59 59 60 60 61 61 62 62       546
MAY  63 63 64 64 65 65 66 66 67 67 68 68 68 69 69 69 70 70 70 71 71 71 72 72 72 73 73 73 73 73 74    690
JUN  74 74 74 74 75 75 75 75 75 76 76 76 76 76 77 77 77 77 77 78 78 78 78 78 79 79 79 79 79 80       767
JUL  80 80 80 80 80 80 81 81 81 81 81 81 81 81 81 81 81 81 82 82 82 82 82 82 81 81 81 81 81 81 81    810
AUG  81 81 81 81 81 80 80 80 80 80 80 79 79 79 79 79 78 78 78 78 77 77 77 76 76 76 75 75 75 74 74    782
SEP  74 73 73 73 72 72 72 71 71 70 70 70 69 69 69 68 68 68 67 67 67 66 66 65 65 65 64 64 64 63       685
OCT  63 63 62 62 62 61 61 60 60 59 59 58 58 57 57 56 56 55 55 54 53 53 52 52 51 50 50 49 48 47 47    558
NOV  46 45 45 44 43 43 42 41 40 40 39 39 38 37 37 36 36 35 34 34 33 33 32 32 31 31 30 30 29 29       368
DEC  29 28 28 27 27 26 26 26 25 25 25 24 24 24 23 23 23 22 22 22 22 21 21 21 21 20 20 20 20 20 20    234
                                                                                                        
-------------------------------------------------------------------------------------------------       
 Average Temperature (deg F [tenths deg F for monthly])                                                 
 DAY  1  2  3  4  5  6  7  8  9 10 11 12 13 14 15 16 17 18 19 20 21 22 23 24 25 26 27 28 29 30 31  MONTH
-------------------------------------------------------------------------------------------------       
JAN   9  9  8  8  8  8  8  8  8  8  8  8  8  8  8  8  8  8  8  8  8  8  9  9  9  9  9 10 10 10 11     85
FEB  11 11 12 12 12 13 13 13 14 14 14 15 15 15 16 16 16 17 17 17 18 18 19 19 19 20 20 21             156
MAR  21 21 22 22 23 23 23 24 24 25 25 26 26 26 27 27 28 28 29 29 30 30 30 31 31 32 32 33 33 34 34    274
APR  35 35 36 36 37 37 37 38 38 39 39 40 40 41 41 42 42 43 43 43 44 44 45 45 46 46 47 47 48 48       414
MAY  48 49 49 50 50 51 51 51 52 52 52 53 53 54 54 54 55 55 55 56 56 56 56 57 57 57 58 58 58 58 59    540
JUN  59 59 59 60 60 60 60 61 61 61 61 61 62 62 62 62 63 63 63 63 63 64 64 64 64 65 65 65 65 65       622
JUL  66 66 66 66 67 67 67 67 67 67 68 68 68 68 68 68 68 68 68 68 68 68 68 68 68 68 68 68 68 68 68    676
AUG  68 68 68 68 68 68 68 68 67 67 67 67 67 67 66 66 66 66 66 65 65 65 64 64 64 64 63 63 63 62 62    658
SEP  62 61 61 61 60 60 59 59 59 58 58 58 57 57 57 56 56 56 55 55 55 54 54 54 53 53 52 52 52 51       565
OCT  51 51 50 50 50 49 49 48 48 48 47 47 46 46 45 45 45 44 44 43 43 42 42 41 41 40 39 39 38 38 37    447
NOV  37 36 36 35 34 34 33 33 32 32 31 30 30 29 29 28 28 27 27 26 26 25 24 24 23 23 22 22 21 21       286
DEC  20 20 19 19 18 18 17 17 16 16 15 15 15 14 14 14 13 13 12 12 12 11 11 11 11 10 10 10 10  9  9    139
                                                                                                        
-------------------------------------------------------------------------------------------------       
 Heating Degree Days                                                                                    
 DAY  1  2  3  4  5  6  7  8  9 10 11 12 13 14 15 16 17 18 19 20 21 22 23 24 25 26 27 28 29 30 31  MONTH
-------------------------------------------------------------------------------------------------       
JAN  56 56 57 57 57 57 57 57 57 57 57 57 57 57 57 57 57 57 57 57 57 57 57 56 56 56 56 55 55 55 55   1753
FEB  54 54 54 53 53 53 52 52 51 51 51 50 50 50 49 49 49 48 48 48 47 47 46 46 46 45 45 44            1385
MAR  44 44 43 43 42 42 42 41 41 40 40 39 39 39 38 38 37 37 36 36 35 35 35 34 34 33 33 32 32 31 31   1166
APR  30 30 29 29 28 28 28 27 27 26 26 25 25 24 24 23 23 22 22 22 21 21 20 20 19 19 19 18 18 17       710
MAY  17 16 16 16 15 15 14 14 14 13 13 13 12 12 11 11 11 10 10 10 10  9  9  9  8  8  8  8  7  7  7    353
JUN   7  7  6  6  6  6  5  5  5  5  5  5  4  4  4  4  4  4  3  3  3  3  3  3  3  3  3  2  2  2       125
JUL   2  2  2  2  2  2  2  2  2  2  2  2  2  2  2  1  1  1  1  1  1  1  1  1  1  1  1  1  1  1  1     46
AUG   1  1  1  1  1  2  2  2  2  2  2  2  2  2  2  2  3  3  3  3  3  3  3  4  4  4  4  4  5  5  5     83
SEP   5  5  6  6  6  6  7  7  7  7  8  8  8  8  9  9  9  9 10 10 10 11 11 11 12 12 12 13 13 13       268
OCT  14 14 15 15 15 16 16 16 17 17 18 18 19 19 20 20 20 21 21 22 22 23 23 24 24 25 26 26 27 27 28    628
NOV  28 29 30 30 31 31 32 32 33 33 34 35 35 36 36 37 37 38 38 39 40 40 41 41 42 42 43 43 44 44      1094
DEC  45 45 46 46 47 47 48 48 49 49 50 50 50 51 51 52 52 52 53 53 53 54 54 54 54 55 55 55 55 56 56   1585
                                                                                                        
-------------------------------------------------------------------------------------------------       
 Cooling Degree Days                                                                                    
 DAY  1  2  3  4  5  6  7  8  9 10 11 12 13 14 15 16 17 18 19 20 21 22 23 24 25 26 27 28 29 30 31  MONTH
-------------------------------------------------------------------------------------------------       
JAN   0  0  0  0  0  0  0  0  0  0  0  0  0  0  0  0  0  0  0  0  0  0  0  0  0  0  0  0  0  0  0      0
FEB   0  0  0  0  0  0  0  0  0  0  0  0  0  0  0  0  0  0  0  0  0  0  0  0  0  0  0  0               0
MAR   0  0  0  0  0  0  0  0  0  0  0  0  0  0  0  0  0  0  0  0  0  0  0  0  0  0  0  0  0  0  0      0
APR   0  0  0  0  0  0  0  0  0  0  0  0  0  0  0  0  0  0  0  0  0  0  0  0  0  0  0  0  0  0         0
MAY   0  0  0  0  0  0  0  0  0  0  0  0  0  0  0  0  0  0  0  1  1  1  1  1  1  1  1  1  1  1  1     12
JUN   1  1  1  1  1  1  1  1  1  1  1  1  1  1  1  1  1  1  1  1  2  2  2  2  2  2  2  2  2  3        41
JUL   3  3  3  3  3  3  4  4  4  4  4  4  4  4  4  4  4  4  4  4  4  4  5  5  5  5  5  5  5  4  4    125
AUG   4  4  4  4  4  4  4  4  4  4  4  4  4  4  4  4  4  3  3  3  3  3  3  3  3  3  2  2  2  2  2    105
SEP   2  2  1  1  1  1  1  1  1  1  1  0  0  0  0  0  0  0  0  0  0  0  0  0  0  0  0  0  0  0        13
OCT   0  0  0  0  0  0  0  0  0  0  0  0  0  0  0  0  0  0  0  0  0  0  0  0  0  0  0  0  0  0  0      0
NOV   0  0  0  0  0  0  0  0  0  0  0  0  0  0  0  0  0  0  0  0  0  0  0  0  0  0  0  0  0  0         0
DEC   0  0  0  0  0  0  0  0  0  0  0  0  0  0  0  0  0  0  0  0  0  0  0  0  0  0  0  0  0  0  0      0
                                                                                                        
-------------------------------------------------------------------------------------------------       
 Total  Precipitation (Hundreths of an Inch)                                                            
 DAY  1  2  3  4  5  6  7  8  9 10 11 12 13 14 15 16 17 18 19 20 21 22 23 24 25 26 27 28 29 30 31  MONTH
-------------------------------------------------------------------------------------------------       
JAN   3  3  3  3  3  3  3  3  3  3  3  3  3  3  3  4  3  3  3  3  3  3  3  3  3  3  3  3  3  3  3     94
FEB   3  3  3  2  2  2  2  2  2  2  2  2  2  2  2  2  2  2  3  3  3  3  3  3  3  3  3  3              69
MAR   3  3  4  4  4  4  4  4  4  4  4  5  5  5  5  5  5  5  5  5  5  5  5  5  5  6  6  6  6  6  6    148
APR   6  6  6  6  6  6  6  6  6  6  6  6  6  6  6  6  6  6  7  7  7  7  7  7  7  7  7  7  7  7       192
MAY   7  8  8  8  8  8  8  8  8  8  9  9  9  9  9  9 10 10 10 10 10 11 11 11 11 11 12 12 12 12 13    299
JUN  13 13 13 14 14 14 14 14 15 15 15 15 15 15 15 15 16 16 16 16 16 16 16 16 16 16 16 15 15 15       450
JUL  15 15 15 15 15 15 15 15 14 14 14 14 14 14 14 14 14 14 14 14 14 14 14 14 13 13 13 13 13 13 13    435
AUG  14 14 14 14 13 13 13 13 13 13 13 13 13 13 13 13 13 13 13 13 13 13 13 13 13 13 13 13 13 13 13    407
SEP  13 13 13 13 13 13 13 12 12 12 12 12 12 12 12 12 12 12 11 11 11 11 11 11 11 11 10 10 10 10       351
OCT  10 10  9  9  9  9  9  9  9  8  8  8  8  8  8  8  8  8  8  8  8  7  7  7  7  7  7  7  7  7  7    249
NOV   7  7  7  7  7  7  7  7  7  7  7  7  7  7  6  6  6  6  6  6  6  6  6  5  5  5  5  5  5  4       186
DEC   4  4  4  4  4  3  3  3  3  3  3  3  3  3  2  2  2  2  2  2  2  2  2  2  2  2  2  2  2  3  3     83
                                                                                                        
