-------------------------------------------------------------------------------------------------       
 1971-2000 Daily/Monthly Station Normals                                                                
 Provided by National Climatic Data Center/NESDIS/NOAA                                                  
-------------------------------------------------------------------------------------------------       
 Station COOP ID:                           217377                                                      
 Station Name, State, Division, Call:       ST PAUL                            MN 06                    
 Latitude, Longitude, Elevation, Elements:  44 57 49 -093 01 35   900 XNP                               
-------------------------------------------------------------------------------------------------       
 Minimum Temperature (deg F [tenths deg F for monthly])                                                 
 DAY  1  2  3  4  5  6  7  8  9 10 11 12 13 14 15 16 17 18 19 20 21 22 23 24 25 26 27 28 29 30 31  MONTH
-------------------------------------------------------------------------------------------------       
JAN   7  7  7  6  6  6  6  6  6  6  6  5  5  5  5  5  5  6  6  6  6  6  6  6  7  7  7  7  7  8  8     62
FEB   8  9  9  9 10 10 10 11 11 11 12 12 12 13 13 14 14 14 15 15 15 16 16 16 17 17 17 18             130
MAR  18 19 19 19 20 20 20 21 21 22 22 22 23 23 23 24 24 25 25 25 26 26 27 27 27 28 28 29 29 29 30    239
APR  30 31 31 31 32 32 33 33 33 34 34 35 35 36 36 36 37 37 38 38 39 39 39 40 40 41 41 41 42 42       362
MAY  43 43 44 44 44 45 45 46 46 46 47 47 48 48 48 49 49 49 50 50 50 51 51 51 52 52 52 53 53 53 54    485
JUN  54 54 54 55 55 55 56 56 56 56 57 57 57 57 58 58 58 58 59 59 59 59 59 60 60 60 60 60 61 61       576
JUL  61 61 62 62 62 62 62 62 63 63 63 63 63 63 63 63 63 63 63 63 63 63 63 64 63 63 63 63 63 63 63    627
AUG  63 63 63 63 63 63 63 62 62 62 62 62 62 61 61 61 61 61 60 60 60 60 59 59 59 59 58 58 58 57 57    607
SEP  57 56 56 56 55 55 55 54 54 54 53 53 53 52 52 52 51 51 50 50 50 49 49 49 48 48 48 47 47 47       517
OCT  46 46 45 45 45 44 44 43 43 43 42 42 41 41 41 40 40 39 39 39 38 38 37 37 36 36 35 35 35 34 34    401
NOV  33 33 32 32 31 31 30 30 29 29 28 28 27 27 26 26 25 25 24 24 23 23 22 22 22 21 21 20 20 19       261
DEC  18 18 17 17 17 16 16 15 15 14 14 14 13 13 12 12 12 11 11 11 10 10 10  9  9  9  8  8  8  7  7    123
                                                                                                        
-------------------------------------------------------------------------------------------------       
 Maximum Temperature (deg F [tenths deg F for monthly])                                                 
 DAY  1  2  3  4  5  6  7  8  9 10 11 12 13 14 15 16 17 18 19 20 21 22 23 24 25 26 27 28 29 30 31  MONTH
-------------------------------------------------------------------------------------------------       
JAN  23 23 22 22 22 22 22 22 22 22 22 22 22 22 22 22 22 22 23 23 23 23 23 23 24 24 24 24 24 25 25    228
FEB  25 26 26 26 27 27 27 27 28 28 28 29 29 29 30 30 31 31 31 32 32 32 33 33 33 34 34 34             297
MAR  35 35 36 36 36 37 37 38 38 39 39 40 40 40 41 41 42 42 43 43 44 45 45 46 46 47 47 48 48 49 50    417
APR  50 51 51 52 53 53 54 54 55 55 56 57 57 58 58 59 59 60 60 61 61 62 62 63 63 64 64 64 65 65       582
MAY  66 66 67 67 67 68 68 69 69 69 70 70 70 71 71 71 72 72 72 73 73 73 74 74 74 74 75 75 75 76 76    712
JUN  76 76 77 77 77 77 77 78 78 78 78 78 79 79 79 79 80 80 80 80 80 80 81 81 81 81 81 82 82 82       791
JUL  82 82 82 82 83 83 83 83 83 83 83 83 83 83 83 83 84 84 84 84 84 84 84 84 84 84 83 83 83 83 83    832
AUG  83 83 83 83 83 83 83 83 82 82 82 82 82 82 81 81 81 81 81 80 80 80 80 79 79 79 78 78 78 77 77    808
SEP  77 76 76 76 75 75 75 74 74 74 73 73 73 72 72 72 71 71 71 70 70 70 69 69 69 68 68 67 67 67       718
OCT  67 66 66 65 65 65 64 64 63 63 62 62 62 61 60 60 59 59 58 58 57 56 56 55 55 54 53 53 52 51 51    594
NOV  50 49 48 48 47 46 46 45 44 44 43 42 42 41 40 40 39 39 38 38 37 37 36 35 35 34 34 33 33 32       405
DEC  32 32 31 31 30 30 29 29 29 28 28 28 27 27 27 26 26 26 25 25 25 25 24 24 24 24 24 23 23 23 23    267
                                                                                                        
-------------------------------------------------------------------------------------------------       
 Average Temperature (deg F [tenths deg F for monthly])                                                 
 DAY  1  2  3  4  5  6  7  8  9 10 11 12 13 14 15 16 17 18 19 20 21 22 23 24 25 26 27 28 29 30 31  MONTH
-------------------------------------------------------------------------------------------------       
JAN  15 15 14 14 14 14 14 14 14 14 14 14 14 14 14 14 14 14 14 14 14 14 15 15 15 15 15 16 16 16 17    145
FEB  17 17 18 18 18 18 19 19 19 20 20 20 21 21 22 22 22 23 23 23 24 24 24 25 25 25 26 26             214
MAR  27 27 27 28 28 28 29 29 30 30 30 31 31 32 32 33 33 34 34 34 35 35 36 36 37 37 38 38 39 39 40    328
APR  40 41 41 42 42 43 43 44 44 45 45 46 46 47 47 47 48 48 49 49 50 50 51 51 52 52 53 53 53 54       472
MAY  54 55 55 56 56 56 57 57 58 58 58 59 59 59 60 60 60 61 61 62 62 62 62 63 63 63 64 64 64 64 65    599
JUN  65 65 66 66 66 66 67 67 67 67 68 68 68 68 68 69 69 69 69 69 70 70 70 70 70 71 71 71 71 71       684
JUL  72 72 72 72 72 72 73 73 73 73 73 73 73 73 73 73 73 73 73 73 74 74 74 74 74 74 73 73 73 73 73    730
AUG  73 73 73 73 73 73 73 72 72 72 72 72 72 72 71 71 71 71 71 70 70 70 70 69 69 69 68 68 68 67 67    708
SEP  67 66 66 66 65 65 65 64 64 64 63 63 63 62 62 62 61 61 61 60 60 60 59 59 59 58 58 57 57 57       618
OCT  56 56 56 55 55 54 54 54 53 53 52 52 52 51 51 50 50 49 49 48 48 47 47 46 45 45 44 44 43 43 42    498
NOV  41 41 40 40 39 38 38 37 37 36 36 35 35 34 33 33 32 32 31 31 30 30 29 29 28 28 27 27 26 26       333
DEC  25 25 24 24 23 23 23 22 22 21 21 21 20 20 20 19 19 18 18 18 18 17 17 17 16 16 16 16 15 15 15    195
                                                                                                        
-------------------------------------------------------------------------------------------------       
 Heating Degree Days                                                                                    
 DAY  1  2  3  4  5  6  7  8  9 10 11 12 13 14 15 16 17 18 19 20 21 22 23 24 25 26 27 28 29 30 31  MONTH
-------------------------------------------------------------------------------------------------       
JAN  50 50 51 51 51 51 51 51 51 51 51 51 51 51 51 51 51 51 51 51 51 51 51 50 50 50 50 49 49 49 49   1567
FEB  48 48 47 47 47 47 46 46 46 45 45 45 44 44 43 43 43 42 42 42 41 41 41 40 40 40 39 39            1221
MAR  38 38 38 37 37 37 36 36 35 35 35 34 34 33 33 32 32 32 31 31 30 30 29 29 28 28 27 27 26 26 25    999
APR  25 24 24 23 23 22 22 21 21 20 20 19 19 19 18 18 17 17 16 16 15 15 15 14 14 13 13 13 12 12       540
MAY  12 11 11 10 10 10  9  9  9  9  8  8  8  7  7  7  6  6  6  6  5  5  5  5  5  4  4  4  4  4  3    217
JUN   3  3  3  3  2  2  2  2  2  2  2  2  1  1  1  1  1  1  1  1  1  1  1  1  1  1  1  1  1  0        45
JUL -99-99-99-99-99-99-99-99-99-99-99-99-99  0  0  0  0  0  0  0  0  0  0  0  0  0  0  0  0  0  0     13
AUG   0  0  0  0  0  0  0  0  0  0  0  0  0  0  1  1  1  1  1  1  1  1  1  1  1  1  1  2  2  2  2     21
SEP   2  2  2  2  3  3  3  3  3  3  4  4  4  4  4  5  5  5  5  6  6  6  7  7  7  7  8  8  8  9       145
OCT   9  9 10 10 10 11 11 12 12 12 13 13 14 14 15 15 15 16 16 17 17 18 18 19 20 20 21 21 22 22 23    475
NOV  24 24 25 25 26 27 27 28 28 29 29 30 31 31 32 32 33 33 34 34 35 35 36 36 37 37 38 38 39 39       952
DEC  40 40 41 41 42 42 42 43 43 44 44 44 45 45 45 46 46 47 47 47 47 48 48 48 49 49 49 49 50 50 50   1411
                                                                                                        
-------------------------------------------------------------------------------------------------       
 Cooling Degree Days                                                                                    
 DAY  1  2  3  4  5  6  7  8  9 10 11 12 13 14 15 16 17 18 19 20 21 22 23 24 25 26 27 28 29 30 31  MONTH
-------------------------------------------------------------------------------------------------       
JAN   0  0  0  0  0  0  0  0  0  0  0  0  0  0  0  0  0  0  0  0  0  0  0  0  0  0  0  0  0  0  0      0
FEB   0  0  0  0  0  0  0  0  0  0  0  0  0  0  0  0  0  0  0  0  0  0  0  0  0  0  0  0               0
MAR   0  0  0  0  0  0  0  0  0  0  0  0  0  0  0  0  0  0  0  0  0  0  0  0  0  0  0  0  0  0  0      0
APR   0  0  0  0  0  0  0  0  0  0  0  0  0  0  0  0  0  0  0  0  0  0  0  0  0  1  1  1  1  1         5
MAY   1  1  1  1  1  1  1  1  1  1  1  1  2  2  2  2  2  2  2  2  2  2  2  2  2  3  3  3  3  3  3     56
JUN   3  3  3  3  4  4  4  4  4  4  4  4  4  5  5  5  5  5  5  5  5  6  6  6  6  6  6  7  7  7       145
JUL   7  7  7  7  8  8  8  8  8  8  8  8  8  8  9  9  9  9  9  9  9  9  9  9  9  9  9  9  8  8  8    258
AUG   8  8  8  8  8  8  8  8  8  7  7  7  7  7  7  7  6  6  6  6  6  6  5  5  5  5  5  5  4  4  4    199
SEP   4  4  3  3  3  3  3  2  2  2  2  2  2  2  1  1  1  1  1  1  1  1  1  1  1  1  0  0  0  0        49
OCT -99-99-99  0  0  0  0  0  0  0  0  0  0  0  0  0  0  0  0  0  0  0  0  0  0  0  0  0  0  0  0      3
NOV   0  0  0  0  0  0  0  0  0  0  0  0  0  0  0  0  0  0  0  0  0  0  0  0  0  0  0  0  0  0         0
DEC   0  0  0  0  0  0  0  0  0  0  0  0  0  0  0  0  0  0  0  0  0  0  0  0  0  0  0  0  0  0  0      0
                                                                                                        
-------------------------------------------------------------------------------------------------       
 Total  Precipitation (Hundreths of an Inch)                                                            
 DAY  1  2  3  4  5  6  7  8  9 10 11 12 13 14 15 16 17 18 19 20 21 22 23 24 25 26 27 28 29 30 31  MONTH
-------------------------------------------------------------------------------------------------       
JAN   3  3  3  3  3  3  3  3  3  4  4  4  4  4  4  4  4  4  3  3  3  3  3  3  3  3  3  3  3  3  3    102
FEB   3  3  3  3  2  2  2  2  2  2  2  2  2  2  3  3  3  3  3  3  3  3  3  3  4  4  4  4              78
MAR   4  4  5  5  5  5  5  5  5  6  6  6  6  6  6  6  7  7  7  7  7  7  7  7  7  7  7  7  7  8  8    192
APR   8  8  8  8  8  8  8  8  8  8  8  8  8  8  8  8  8  9  9  9  9  9  9  9  9  9  9  9  9 10       254
MAY  10 10 10 10 10 10 10 11 11 11 11 11 11 11 12 12 12 12 12 13 13 13 13 13 14 14 14 14 15 15 15    373
JUN  15 16 16 16 16 16 16 17 17 17 17 17 17 17 17 17 17 17 17 17 17 17 17 17 17 17 16 16 16 16       498
JUL  16 15 15 15 15 15 15 14 14 14 14 14 14 14 14 14 14 14 14 14 14 13 14 14 14 14 14 14 14 14 14    441
AUG  14 14 14 14 14 14 14 15 15 15 15 15 15 15 14 14 14 14 14 14 14 14 14 14 14 14 14 13 13 13 13    437
SEP  13 13 12 12 12 12 12 12 11 11 11 11 11 11 11 11 10 10 10 10 10 10 10 10  9  9  9  9  9  9       320
OCT   9  9  9  8  8  8  8  8  8  8  8  8  8  8  8  8  8  8  8  8  8  8  8  8  8  8  8  8  8  8  8    251
NOV   8  8  8  8  8  8  8  8  8  8  8  7  7  7  7  7  7  7  7  7  7  6  6  6  6  6  6  5  5  5       209
DEC   5  5  4  4  4  4  4  4  4  3  3  3  3  3  3  3  3  3  3  3  3  3  3  3  3  3  3  3  3  3  3    104
                                                                                                        
