-------------------------------------------------------------------------------------------------       
 1971-2000 Daily/Monthly Station Normals                                                                
 Provided by National Climatic Data Center/NESDIS/NOAA                                                  
-------------------------------------------------------------------------------------------------       
 Station COOP ID:                           210989                                                      
 Station Name, State, Division, Call:       BRIMSON 1 E                        MN 03                    
 Latitude, Longitude, Elevation, Elements:  47 17 05 -091 51 29  1515 XNP                               
-------------------------------------------------------------------------------------------------       
 Minimum Temperature (deg F [tenths deg F for monthly])                                                 
 DAY  1  2  3  4  5  6  7  8  9 10 11 12 13 14 15 16 17 18 19 20 21 22 23 24 25 26 27 28 29 30 31  MONTH
-------------------------------------------------------------------------------------------------       
JAN  -8 -8 -8 -9 -9 -9 -9 -9 -9-10-10-10-10-10-10-10-10-10-10-10-10-10-10-10-10 -9 -9 -9 -9 -9 -8    -94
FEB  -8 -8 -8 -7 -7 -7 -6 -6 -6 -5 -5 -5 -4 -4 -4 -3 -3 -2 -2 -2 -1 -1  0  0  1  1  2  2             -35
MAR   3  3  4  4  5  5  6  6  7  7  8  8  9  9 10 10 11 11 12 12 13 13 14 14 15 15 16 16 16 17 17    102
APR  18 18 19 19 19 20 20 21 21 21 22 22 23 23 24 24 24 25 25 26 26 26 27 27 28 28 28 29 29 29       237
MAY  30 30 31 31 31 32 32 32 33 33 34 34 34 35 35 35 36 36 36 37 37 37 38 38 38 39 39 40 40 40 41    353
JUN  41 41 42 42 42 42 43 43 43 44 44 44 45 45 45 45 46 46 46 46 47 47 47 47 47 48 48 48 48 48       450
JUL  49 49 49 49 49 50 50 50 50 50 50 50 50 50 50 50 50 50 50 50 51 51 50 50 50 50 50 50 50 50 50    499
AUG  50 50 50 50 49 49 49 49 49 49 49 48 48 48 48 48 48 47 47 47 47 47 46 46 46 46 46 45 45 45 45    476
SEP  44 44 44 43 43 43 43 42 42 42 41 41 41 41 40 40 40 39 39 39 38 38 38 37 37 36 36 36 35 35       399
OCT  35 34 34 33 33 33 32 32 32 31 31 30 30 30 29 29 28 28 28 27 27 26 26 26 25 25 25 24 24 23 23    288
NOV  23 22 22 21 21 20 20 20 19 19 18 18 17 17 16 16 15 15 14 13 13 12 12 11 11 10  9  9  8  7       156
DEC   7  6  5  5  4  4  3  3  2  1  1  0  0 -1 -1 -2 -2 -3 -3 -3 -4 -4 -5 -5 -5 -6 -6 -7 -7 -7 -7    -12
                                                                                                        
-------------------------------------------------------------------------------------------------       
 Maximum Temperature (deg F [tenths deg F for monthly])                                                 
 DAY  1  2  3  4  5  6  7  8  9 10 11 12 13 14 15 16 17 18 19 20 21 22 23 24 25 26 27 28 29 30 31  MONTH
-------------------------------------------------------------------------------------------------       
JAN  16 16 16 16 15 15 15 15 15 15 15 15 15 15 15 15 15 16 16 16 16 16 16 17 17 17 17 18 18 18 19    160
FEB  19 19 20 20 21 21 21 22 22 22 23 23 24 24 24 25 25 25 26 26 26 27 27 27 28 28 28 29             240
MAR  29 29 30 30 30 31 31 31 32 32 32 33 33 34 34 34 35 35 36 36 37 37 38 38 39 39 40 40 41 41 42    348
APR  42 43 43 44 44 45 45 46 46 47 47 48 49 49 50 50 51 51 52 52 53 53 54 54 55 55 56 56 57 57       498
MAY  58 58 59 59 59 60 60 61 61 62 62 62 63 63 64 64 64 65 65 66 66 66 67 67 67 68 68 68 68 69 69    638
JUN  69 70 70 70 70 71 71 71 71 72 72 72 72 72 73 73 73 73 74 74 74 74 74 75 75 75 75 75 75 76       727
JUL  76 76 76 76 76 76 77 77 77 77 77 77 77 77 77 77 77 77 77 77 78 78 78 78 78 78 77 77 77 77 77    770
AUG  77 77 77 77 77 77 77 77 76 76 76 76 76 75 75 75 75 75 74 74 74 73 73 73 73 72 72 72 71 71 70    746
SEP  70 70 69 69 68 68 68 67 67 67 66 66 65 65 65 64 64 64 63 63 63 62 62 62 61 61 60 60 60 59       646
OCT  59 59 58 58 58 57 57 56 56 55 55 55 54 54 53 53 52 52 51 50 50 49 49 48 47 47 46 45 45 44 43    521
NOV  43 42 41 41 40 39 39 38 37 37 36 36 35 34 34 33 33 32 32 31 30 30 29 29 28 28 27 27 27 26       338
DEC  26 25 25 24 24 24 23 23 22 22 22 21 21 21 20 20 20 19 19 19 18 18 18 18 17 17 17 17 17 16 16    203
                                                                                                        
-------------------------------------------------------------------------------------------------       
 Average Temperature (deg F [tenths deg F for monthly])                                                 
 DAY  1  2  3  4  5  6  7  8  9 10 11 12 13 14 15 16 17 18 19 20 21 22 23 24 25 26 27 28 29 30 31  MONTH
-------------------------------------------------------------------------------------------------       
JAN   4  4  4  3  3  3  3  3  3  3  3  3  2  2  2  2  3  3  3  3  3  3  3  3  4  4  4  4  5  5  5     33
FEB   6  6  6  6  7  7  8  8  8  9  9  9 10 10 10 11 11 11 12 12 13 13 13 14 14 15 15 15             103
MAR  16 16 17 17 18 18 18 19 19 20 20 21 21 21 22 22 23 23 24 24 25 25 26 26 27 27 28 28 29 29 29    225
APR  30 30 31 31 32 32 33 33 34 34 35 35 36 36 37 37 38 38 39 39 39 40 40 41 41 42 42 43 43 43       368
MAY  44 44 45 45 45 46 46 47 47 47 48 48 49 49 49 50 50 50 51 51 52 52 52 53 53 53 54 54 54 55 55    496
JUN  55 55 56 56 56 57 57 57 57 58 58 58 58 59 59 59 59 60 60 60 60 61 61 61 61 61 62 62 62 62       589
JUL  62 62 62 63 63 63 63 63 63 63 63 63 64 64 64 64 64 64 64 64 64 64 64 64 64 64 64 64 64 64 64    635
AUG  64 63 63 63 63 63 63 63 63 62 62 62 62 62 62 61 61 61 61 61 60 60 60 60 59 59 59 58 58 58 58    611
SEP  57 57 57 56 56 56 55 55 55 54 54 54 53 53 52 52 52 51 51 51 50 50 50 49 49 49 48 48 48 47       523
OCT  47 47 46 46 45 45 45 44 44 43 43 43 42 42 41 41 40 40 39 39 38 38 37 37 36 36 35 35 34 34 33    405
NOV  33 32 32 31 30 30 29 29 28 28 27 27 26 26 25 24 24 23 23 22 22 21 21 20 19 19 18 18 17 17       247
DEC  16 16 15 15 14 14 13 13 12 12 11 11 11 10 10  9  9  8  8  8  7  7  7  6  6  6  5  5  5  5  4     96
                                                                                                        
-------------------------------------------------------------------------------------------------       
 Heating Degree Days                                                                                    
 DAY  1  2  3  4  5  6  7  8  9 10 11 12 13 14 15 16 17 18 19 20 21 22 23 24 25 26 27 28 29 30 31  MONTH
-------------------------------------------------------------------------------------------------       
JAN  61 61 61 62 62 62 62 62 62 62 62 63 63 63 63 63 62 62 62 62 62 62 62 62 61 61 61 61 60 60 60   1914
FEB  60 59 59 59 58 58 58 57 57 56 56 56 55 55 55 54 54 54 53 53 52 52 52 51 51 50 50 50            1534
MAR  49 49 48 48 47 47 47 46 46 45 45 44 44 43 43 43 42 42 41 41 40 40 39 39 38 38 37 37 37 36 36   1317
APR  35 35 34 34 33 33 32 32 31 31 30 30 29 29 28 28 28 27 27 26 26 25 25 24 24 23 23 23 22 22       849
MAY  21 21 21 20 20 19 19 19 18 18 17 17 17 16 16 15 15 15 14 14 14 13 13 13 12 12 12 11 11 11 10    484
JUN  10 10 10  9  9  9  9  8  8  8  8  7  7  7  7  6  6  6  6  6  6  5  5  5  5  5  5  4  4  4       204
JUL   4  4  4  4  4  4  4  4  3  3  3  3  3  3  3  3  3  3  3  3  3  3  3  3  3  3  3  3  3  3  3    101
AUG   3  3  3  3  3  4  4  4  4  4  4  4  4  4  5  5  5  5  5  5  6  6  6  6  7  7  7  7  7  8  8    156
SEP   8  9  9  9  9 10 10 10 11 11 11 12 12 12 12 13 13 13 14 14 14 15 15 16 16 16 17 17 17 18       383
OCT  18 19 19 19 20 20 20 21 21 22 22 23 23 23 24 24 25 25 26 26 27 27 28 28 29 29 30 30 31 31 32    762
NOV  32 33 33 34 35 35 36 36 37 37 38 38 39 40 40 41 41 42 42 43 43 44 44 45 46 46 47 47 48 48      1210
DEC  49 49 50 50 51 51 52 52 53 53 54 54 55 55 56 56 56 57 57 57 58 58 58 59 59 59 60 60 60 61 61   1720
                                                                                                        
-------------------------------------------------------------------------------------------------       
 Cooling Degree Days                                                                                    
 DAY  1  2  3  4  5  6  7  8  9 10 11 12 13 14 15 16 17 18 19 20 21 22 23 24 25 26 27 28 29 30 31  MONTH
-------------------------------------------------------------------------------------------------       
JAN   0  0  0  0  0  0  0  0  0  0  0  0  0  0  0  0  0  0  0  0  0  0  0  0  0  0  0  0  0  0  0      0
FEB   0  0  0  0  0  0  0  0  0  0  0  0  0  0  0  0  0  0  0  0  0  0  0  0  0  0  0  0               0
MAR   0  0  0  0  0  0  0  0  0  0  0  0  0  0  0  0  0  0  0  0  0  0  0  0  0  0  0  0  0  0  0      0
APR   0  0  0  0  0  0  0  0  0  0  0  0  0  0  0  0  0  0  0  0  0  0  0  0  0  0  0  0  0  0         0
MAY   0  0  0  0  0  0  0  0  0  0  0  0  0  0  0  0  0  0  0  0  0  0  0  0  0-99-99-99-99-99-99      6
JUN   0  0  0  0  0  0  0  0  0  0  0  1  1  1  1  1  1  1  1  1  1  1  1  1  1  1  1  1  1  1        19
JUL   1  1  1  1  1  1  1  1  1  1  1  2  2  2  2  2  2  2  2  2  2  2  2  2  2  2  2  2  2  2  2     51
AUG   2  2  2  2  2  2  1  1  1  1  1  1  1  1  1  1  1  1  1  1  1  1  1  1  1  1  1  1  1  1  0     36
SEP -99  0  0  0  0  0  0  0  0  0  0  0  0  0  0  0  0  0  0  0  0  0  0  0  0  0  0  0  0  0         1
OCT   0  0  0  0  0  0  0  0  0  0  0  0  0  0  0  0  0  0  0  0  0  0  0  0  0  0  0  0  0  0  0      0
NOV   0  0  0  0  0  0  0  0  0  0  0  0  0  0  0  0  0  0  0  0  0  0  0  0  0  0  0  0  0  0         0
DEC   0  0  0  0  0  0  0  0  0  0  0  0  0  0  0  0  0  0  0  0  0  0  0  0  0  0  0  0  0  0  0      0
                                                                                                        
-------------------------------------------------------------------------------------------------       
 Total  Precipitation (Hundreths of an Inch)                                                            
 DAY  1  2  3  4  5  6  7  8  9 10 11 12 13 14 15 16 17 18 19 20 21 22 23 24 25 26 27 28 29 30 31  MONTH
-------------------------------------------------------------------------------------------------       
JAN   3  3  3  3  3  4  4  4  4  4  4  4  4  4  4  4  4  4  4  4  4  4  3  3  3  3  3  3  3  3  3    110
FEB   3  3  3  3  3  3  2  2  2  2  2  2  2  2  2  2  3  3  3  3  3  3  3  3  3  3  4  4              76
MAR   4  4  4  4  4  4  5  5  5  5  5  5  5  5  5  6  6  6  6  6  6  6  6  6  6  6  6  6  6  6  6    165
APR   6  6  6  6  6  6  6  6  6  6  6  6  6  6  6  6  6  7  7  7  7  7  7  7  7  7  7  7  7  7       193
MAY   7  7  7  7  8  8  8  8  8  8  8  8  9  9  9  9  9  9  9 10 10 10 10 10 10 11 11 11 11 11 12    282
JUN  12 12 12 12 13 13 13 13 13 13 13 14 14 14 14 14 14 14 14 14 14 14 14 14 14 15 15 15 15 15       410
JUL  15 15 14 14 14 14 14 14 14 14 14 14 14 14 14 14 14 14 14 14 14 14 14 14 14 14 14 14 14 14 13    435
AUG  13 13 13 13 13 13 13 13 13 13 13 13 13 13 13 13 13 13 13 13 13 13 13 13 13 13 13 13 13 13 13    403
SEP  13 13 13 13 13 13 13 13 13 13 13 12 12 12 12 12 12 12 12 12 12 12 11 11 11 11 11 11 10 10       361
OCT  10 10 10 10 10  9  9  9  9  9  9  9  8  8  8  8  8  8  8  8  8  8  8  8  7  7  7  7  7  7  7    258
NOV   7  7  7  7  7  7  7  7  7  7  7  7  7  6  6  6  6  6  6  6  6  6  6  5  5  5  5  5  5  5       186
DEC   4  4  4  4  4  4  4  4  3  3  3  3  3  3  3  3  3  3  3  3  3  3  3  3  3  3  3  3  3  3  3    101
                                                                                                        
