-------------------------------------------------------------------------------------------------       
 1971-2000 Daily/Monthly Station Normals                                                                
 Provided by National Climatic Data Center/NESDIS/NOAA                                                  
-------------------------------------------------------------------------------------------------       
 Station COOP ID:                           214233                                                      
 Station Name, State, Division, Call:       KELLIHER                           MN 02                    
 Latitude, Longitude, Elevation, Elements:  47 56 30 -094 27 19  1390 XNP                               
-------------------------------------------------------------------------------------------------       
 Minimum Temperature (deg F [tenths deg F for monthly])                                                 
 DAY  1  2  3  4  5  6  7  8  9 10 11 12 13 14 15 16 17 18 19 20 21 22 23 24 25 26 27 28 29 30 31  MONTH
-------------------------------------------------------------------------------------------------       
JAN  -7 -7 -7 -8 -8 -8 -8 -8 -8 -9 -9 -9 -9 -9 -9 -9 -9 -9 -9 -9 -8 -8 -8 -8 -8 -7 -7 -7 -7 -6 -6    -80
FEB  -6 -5 -5 -5 -4 -4 -3 -3 -3 -2 -2 -1 -1 -1  0  0  1  1  2  2  2  3  3  4  4  5  5  5              -3
MAR   6  6  7  7  8  8  9  9  9 10 10 11 11 12 12 13 13 14 14 15 15 16 16 17 18 18 19 19 20 20 21    130
APR  21 22 22 23 23 24 24 25 26 26 27 27 28 28 29 29 30 30 31 31 31 32 32 33 33 34 34 35 35 36       287
MAY  36 36 37 37 38 38 39 39 39 40 40 41 41 41 42 42 42 43 43 43 44 44 44 45 45 45 46 46 46 47 47    418
JUN  47 48 48 48 48 49 49 49 50 50 50 50 51 51 51 51 51 52 52 52 52 53 53 53 53 53 54 54 54 54       510
JUL  54 55 55 55 55 55 55 55 56 56 56 56 56 56 56 56 56 56 56 56 56 56 56 56 56 56 56 56 56 56 56    557
AUG  56 55 55 55 55 55 55 55 55 54 54 54 54 54 53 53 53 53 52 52 52 52 51 51 51 50 50 50 50 49 49    528
SEP  49 48 48 47 47 47 46 46 46 45 45 45 44 44 44 43 43 43 42 42 42 41 41 41 41 40 40 40 39 39       436
OCT  39 38 38 38 37 37 37 36 36 35 35 35 34 34 33 33 33 32 32 31 31 30 30 29 29 29 28 28 27 27 26    328
NOV  26 25 25 24 23 23 22 22 21 21 20 20 19 18 18 17 17 16 15 15 14 14 13 12 12 11 11 10  9  9       174
DEC   8  7  7  6  6  5  4  4  3  3  2  2  1  1  0  0 -1 -1 -2 -2 -3 -3 -4 -4 -4 -5 -5 -6 -6 -6 -7      0
                                                                                                        
-------------------------------------------------------------------------------------------------       
 Maximum Temperature (deg F [tenths deg F for monthly])                                                 
 DAY  1  2  3  4  5  6  7  8  9 10 11 12 13 14 15 16 17 18 19 20 21 22 23 24 25 26 27 28 29 30 31  MONTH
-------------------------------------------------------------------------------------------------       
JAN  14 13 13 13 13 13 13 13 13 13 13 13 13 13 13 13 13 13 13 14 14 14 14 14 15 15 15 16 16 16 17    138
FEB  17 17 18 18 18 19 19 20 20 20 21 21 21 22 22 23 23 23 24 24 24 25 25 26 26 26 27 27             220
MAR  28 28 28 29 29 30 30 31 31 31 32 32 33 33 34 34 35 35 36 36 37 38 38 39 39 40 40 41 41 42 43    346
APR  43 44 44 45 46 46 47 47 48 48 49 50 50 51 51 52 52 53 53 54 54 55 56 56 57 57 58 58 59 59       514
MAY  60 60 60 61 61 62 62 63 63 64 64 64 65 65 65 66 66 67 67 67 68 68 68 68 69 69 69 70 70 70 70    655
JUN  71 71 71 71 71 72 72 72 72 72 73 73 73 73 73 74 74 74 74 74 74 75 75 75 75 75 75 76 76 76       734
JUL  76 76 76 76 76 77 77 77 77 77 77 77 77 77 77 77 77 78 78 78 78 78 78 78 78 78 78 78 78 78 78    773
AUG  78 78 78 78 78 78 77 77 77 77 77 77 77 76 76 76 76 75 75 75 75 74 74 74 73 73 72 72 72 71 71    754
SEP  70 70 70 69 69 68 68 67 67 67 66 66 65 65 65 64 64 64 63 63 63 62 62 61 61 61 61 60 60 60       647
OCT  59 59 59 58 58 58 57 57 56 56 55 55 55 54 54 53 52 52 51 51 50 50 49 48 48 47 46 45 45 44 43    524
NOV  43 42 41 40 39 39 38 37 37 36 35 35 34 33 33 32 31 31 30 30 29 28 28 27 27 26 26 25 25 24       327
DEC  24 23 23 22 22 22 21 21 20 20 20 19 19 18 18 18 17 17 17 16 16 16 16 15 15 15 15 15 14 14 14    181
                                                                                                        
-------------------------------------------------------------------------------------------------       
 Average Temperature (deg F [tenths deg F for monthly])                                                 
 DAY  1  2  3  4  5  6  7  8  9 10 11 12 13 14 15 16 17 18 19 20 21 22 23 24 25 26 27 28 29 30 31  MONTH
-------------------------------------------------------------------------------------------------       
JAN   3  3  3  3  3  3  2  2  2  2  2  2  2  2  2  2  2  2  2  3  3  3  3  3  4  4  4  4  5  5  5     29
FEB   6  6  6  7  7  8  8  8  9  9 10 10 10 11 11 11 12 12 13 13 13 14 14 15 15 15 16 16             109
MAR  17 17 17 18 18 19 19 20 20 21 21 22 22 23 23 24 24 25 25 26 26 27 27 28 28 29 29 30 30 31 32    238
APR  32 33 33 34 35 35 36 36 37 37 38 38 39 39 40 41 41 42 42 43 43 44 44 45 45 45 46 46 47 47       401
MAY  48 48 49 49 50 50 50 51 51 52 52 52 53 53 54 54 54 55 55 55 56 56 56 57 57 57 58 58 58 58 59    537
JUN  59 59 59 60 60 60 60 61 61 61 61 62 62 62 62 62 63 63 63 63 63 64 64 64 64 64 65 65 65 65       622
JUL  65 65 65 66 66 66 66 66 66 66 66 66 67 67 67 67 67 67 67 67 67 67 67 67 67 67 67 67 67 67 67    665
AUG  67 67 67 66 66 66 66 66 66 66 65 65 65 65 65 65 64 64 64 64 63 63 63 62 62 62 61 61 61 60 60    641
SEP  59 59 59 58 58 58 57 57 56 56 56 55 55 55 54 54 54 53 53 53 52 52 51 51 51 51 50 50 50 49       542
OCT  49 49 48 48 48 47 47 46 46 46 45 45 44 44 43 43 43 42 42 41 41 40 39 39 38 38 37 37 36 35 35    426
NOV  34 33 33 32 31 31 30 30 29 28 28 27 27 26 25 25 24 23 23 22 22 21 21 20 19 19 18 18 17 17       251
DEC  16 15 15 14 14 13 13 12 12 11 11 10 10 10  9  9  8  8  8  7  7  6  6  6  5  5  5  5  4  4  4     91
                                                                                                        
-------------------------------------------------------------------------------------------------       
 Heating Degree Days                                                                                    
 DAY  1  2  3  4  5  6  7  8  9 10 11 12 13 14 15 16 17 18 19 20 21 22 23 24 25 26 27 28 29 30 31  MONTH
-------------------------------------------------------------------------------------------------       
JAN  62 62 62 62 62 63 63 63 63 63 63 63 63 63 63 63 63 63 63 62 62 62 62 62 61 61 61 61 60 60 60   1926
FEB  59 59 59 58 58 58 57 57 56 56 56 55 55 54 54 54 53 53 52 52 52 51 51 50 50 50 49 49            1517
MAR  48 48 48 47 47 46 46 45 45 44 44 43 43 43 42 42 41 40 40 39 39 38 38 37 37 36 36 35 34 34 33   1278
APR  33 32 31 31 30 30 29 29 28 28 27 27 26 26 25 24 24 23 23 23 22 22 21 21 20 20 19 19 18 18       749
MAY  18 17 17 16 16 15 15 15 14 14 14 13 13 13 12 12 12 11 11 11 10 10 10  9  9  9  9  8  8  8  8    377
JUN   7  7  7  7  6  6  6  6  6  5  5  5  5  5  5  4  4  4  4  4  4  4  4  3  3  3  3  3  3  3       141
JUL   3  3  3  2  2  2  2  2  2  2  2  2  2  2  2  2  2  2  2  2  2  2  2  2  2  2  2  2  2  2  2     65
AUG   2  2  2  2  2  2  2  2  2  3  3  3  3  3  3  3  3  4  4  4  4  4  5  5  5  5  5  6  6  6  7    112
SEP   7  7  7  8  8  8  8  9  9  9 10 10 10 10 11 11 11 12 12 12 13 13 13 14 14 14 15 15 15 16       331
OCT  16 16 17 17 17 18 18 18 19 19 20 20 21 21 22 22 22 23 23 24 25 25 26 26 27 27 28 29 29 30 30    695
NOV  31 32 32 33 34 34 35 35 36 37 37 38 38 39 40 40 41 42 42 43 43 44 44 45 46 46 47 47 48 49      1198
DEC  49 50 50 51 51 52 52 53 53 54 54 55 55 56 56 57 57 57 58 58 58 59 59 59 60 60 60 61 61 61 61   1737
                                                                                                        
-------------------------------------------------------------------------------------------------       
 Cooling Degree Days                                                                                    
 DAY  1  2  3  4  5  6  7  8  9 10 11 12 13 14 15 16 17 18 19 20 21 22 23 24 25 26 27 28 29 30 31  MONTH
-------------------------------------------------------------------------------------------------       
JAN   0  0  0  0  0  0  0  0  0  0  0  0  0  0  0  0  0  0  0  0  0  0  0  0  0  0  0  0  0  0  0      0
FEB   0  0  0  0  0  0  0  0  0  0  0  0  0  0  0  0  0  0  0  0  0  0  0  0  0  0  0  0               0
MAR   0  0  0  0  0  0  0  0  0  0  0  0  0  0  0  0  0  0  0  0  0  0  0  0  0  0  0  0  0  0  0      0
APR   0  0  0  0  0  0  0  0  0  0  0  0  0  0  0  0  0  0  0  0  0  0  0  0  0  0  0  0  0-99         1
MAY   0  0  0  0  0  0  0  1  1  1  1  1  1  1  1  1  1  1  1  1  1  1  1  1  1  1  1  1  1  1  1     24
JUN   1  1  1  1  1  1  1  2  2  2  2  2  2  2  2  2  2  2  2  2  2  2  2  2  2  3  3  3  3  3        58
JUL   3  3  3  3  3  3  3  3  3  3  3  3  3  4  4  4  4  4  4  4  4  4  4  4  4  4  4  4  4  4  4    111
AUG   4  4  4  4  4  3  3  3  3  3  3  3  3  3  3  3  3  3  3  2  2  2  2  2  2  2  2  2  2  1  1     84
SEP   1  1  1  1  1  0  0  0  0  0  0  0  0  0  0  0  0  0  0  0  0  0  0  0  0  0  0  0  0  0         5
OCT   0  0  0  0  0  0  0  0  0  0  0  0  0  0  0  0  0  0  0  0  0  0  0  0  0  0  0  0  0  0  0      0
NOV   0  0  0  0  0  0  0  0  0  0  0  0  0  0  0  0  0  0  0  0  0  0  0  0  0  0  0  0  0  0         0
DEC   0  0  0  0  0  0  0  0  0  0  0  0  0  0  0  0  0  0  0  0  0  0  0  0  0  0  0  0  0  0  0      0
                                                                                                        
-------------------------------------------------------------------------------------------------       
 Total  Precipitation (Hundreths of an Inch)                                                            
 DAY  1  2  3  4  5  6  7  8  9 10 11 12 13 14 15 16 17 18 19 20 21 22 23 24 25 26 27 28 29 30 31  MONTH
-------------------------------------------------------------------------------------------------       
JAN   2  2  2  2  2  2  2  2  3  3  3  3  3  3  3  3  3  3  2  2  2  2  2  2  2  2  2  2  2  2  2     72
FEB   2  2  2  2  2  2  2  2  2  2  1  1  2  2  2  2  2  2  2  2  2  2  2  2  2  2  2  2              54
MAR   2  3  3  3  3  3  3  3  3  3  3  3  3  3  3  3  4  4  4  4  4  4  4  4  4  4  4  4  4  4  4    107
APR   4  4  4  4  4  5  5  5  5  5  5  5  5  5  5  5  5  5  6  6  6  6  6  6  6  6  6  6  7  7       159
MAY   7  7  7  7  7  8  8  8  8  8  8  8  9  9  9  9  9  9 10 10 10 10 10 10 11 11 11 11 11 12 12    284
JUN  12 12 12 13 13 13 13 13 13 14 14 14 14 14 14 14 14 14 14 14 14 14 14 14 14 15 14 14 14 14       409
JUL  14 14 14 14 14 14 14 14 14 14 14 14 14 14 14 14 14 14 14 13 13 13 13 13 13 13 13 13 13 13 13    422
AUG  13 13 13 13 13 13 12 12 12 12 12 12 12 12 12 12 12 12 12 12 12 12 12 12 11 11 11 11 11 11 11    371
SEP  11 11 11 11 11 11 11 11 11 11 11 10 10 10 10 10 10 10 10 10 10 10 10 10 10 10 10 10 10  9       310
OCT  10  9  9  9  9  9  9  9  9  9  9  9  9  9  8  8  8  8  8  8  8  8  8  7  7  7  7  7  7  6  6    253
NOV   6  6  6  6  6  5  5  5  5  5  5  5  4  4  4  4  4  4  4  4  4  3  3  3  3  3  3  3  3  3       128
DEC   3  3  3  3  3  3  3  2  2  2  2  2  2  2  2  2  2  2  2  2  2  2  2  2  2  2  2  2  2  2  2     69
                                                                                                        
