-------------------------------------------------------------------------------------------------       
 1971-2000 Daily/Monthly Station Normals                                                                
 Provided by National Climatic Data Center/NESDIS/NOAA                                                  
-------------------------------------------------------------------------------------------------       
 Station COOP ID:                           211691                                                      
 Station Name, State, Division, Call:       COLLEGEVILLE ST JOHN               MN 05                    
 Latitude, Longitude, Elevation, Elements:  45 35 14 -094 24 17  1225 XNP                               
-------------------------------------------------------------------------------------------------       
 Minimum Temperature (deg F [tenths deg F for monthly])                                                 
 DAY  1  2  3  4  5  6  7  8  9 10 11 12 13 14 15 16 17 18 19 20 21 22 23 24 25 26 27 28 29 30 31  MONTH
-------------------------------------------------------------------------------------------------       
JAN   2  2  2  1  1  1  1  1  1  1  0  0  0  0  0  0  0  1  1  1  1  1  1  1  2  2  2  2  3  3  3     12
FEB   4  4  4  5  5  5  6  6  7  7  7  8  8  8  9  9 10 10 10 11 11 12 12 12 13 13 14 14              87
MAR  14 15 15 16 16 16 17 17 18 18 19 19 19 20 20 21 21 22 22 22 23 23 24 24 25 25 25 26 26 27 27    207
APR  28 28 29 29 30 30 30 31 31 32 32 33 33 34 34 35 35 36 36 36 37 37 38 38 39 39 40 40 41 41       344
MAY  42 42 42 43 43 44 44 45 45 45 46 46 47 47 47 48 48 48 49 49 50 50 50 50 51 51 51 52 52 52 53    475
JUN  53 53 53 54 54 54 54 55 55 55 55 56 56 56 56 57 57 57 57 58 58 58 58 58 59 59 59 59 59 60       564
JUL  60 60 60 60 60 61 61 61 61 61 61 61 61 61 62 62 62 62 62 62 62 62 62 62 62 62 62 62 62 62 62    614
AUG  62 62 62 62 62 61 61 61 61 61 61 61 61 60 60 60 60 60 59 59 59 59 58 58 58 57 57 57 57 56 56    596
SEP  55 55 55 54 54 54 53 53 53 52 52 52 51 51 50 50 50 49 49 49 48 48 48 47 47 47 46 46 46 45       503
OCT  45 44 44 44 43 43 43 42 42 41 41 40 40 40 39 39 38 38 37 37 37 36 36 35 35 34 34 33 33 32 32    386
NOV  31 31 30 29 29 28 28 27 27 26 26 25 25 24 24 23 23 22 21 21 20 20 19 19 18 18 17 17 16 15       233
DEC  15 14 14 13 13 12 12 11 11 10 10 10  9  9  8  8  7  7  7  6  6  5  5  5  4  4  4  3  3  3  3     81
                                                                                                        
-------------------------------------------------------------------------------------------------       
 Maximum Temperature (deg F [tenths deg F for monthly])                                                 
 DAY  1  2  3  4  5  6  7  8  9 10 11 12 13 14 15 16 17 18 19 20 21 22 23 24 25 26 27 28 29 30 31  MONTH
-------------------------------------------------------------------------------------------------       
JAN  21 20 20 20 20 20 20 20 20 20 20 20 20 20 20 20 20 20 20 21 21 21 21 21 21 22 22 22 23 23 23    207
FEB  23 24 24 24 25 25 25 26 26 27 27 27 28 28 28 29 29 29 30 30 30 31 31 31 32 32 33 33             281
MAR  33 34 34 34 35 35 36 36 36 37 37 38 38 39 39 40 40 41 41 42 42 43 43 44 44 45 46 46 47 47 48    400
APR  49 49 50 50 51 52 52 53 53 54 55 55 56 56 57 57 58 58 59 59 60 61 61 62 62 63 63 64 64 64       569
MAY  65 65 66 66 67 67 68 68 68 69 69 70 70 70 71 71 71 72 72 72 73 73 73 74 74 74 74 75 75 75 75    707
JUN  76 76 76 76 76 77 77 77 77 77 78 78 78 78 79 79 79 79 79 80 80 80 80 80 81 81 81 81 81 81       786
JUL  82 82 82 82 82 82 83 83 83 83 83 83 83 83 83 83 83 83 84 84 84 84 84 84 83 83 83 83 83 83 83    830
AUG  83 83 83 83 83 83 82 82 82 82 82 82 81 81 81 81 81 80 80 80 80 79 79 79 79 78 78 78 77 77 77    805
SEP  76 76 76 75 75 75 74 74 74 73 73 73 72 72 72 71 71 71 70 70 70 69 69 68 68 68 67 67 67 66       714
OCT  66 66 65 65 65 64 64 63 63 62 62 61 61 60 60 59 59 58 58 57 56 56 55 54 54 53 52 52 51 50 49    587
NOV  48 48 47 46 46 45 44 43 43 42 41 41 40 39 39 38 38 37 36 36 35 35 34 34 33 33 32 32 31 31       389
DEC  30 30 29 29 28 28 28 27 27 27 26 26 25 25 25 24 24 24 24 23 23 23 22 22 22 22 22 21 21 21 21    248
                                                                                                        
-------------------------------------------------------------------------------------------------       
 Average Temperature (deg F [tenths deg F for monthly])                                                 
 DAY  1  2  3  4  5  6  7  8  9 10 11 12 13 14 15 16 17 18 19 20 21 22 23 24 25 26 27 28 29 30 31  MONTH
-------------------------------------------------------------------------------------------------       
JAN  12 11 11 11 11 11 11 10 10 10 10 10 10 10 10 10 10 10 11 11 11 11 11 11 12 12 12 12 13 13 13    110
FEB  14 14 14 15 15 15 16 16 16 17 17 17 18 18 19 19 19 20 20 20 21 21 21 22 22 23 23 23             184
MAR  24 24 25 25 25 26 26 27 27 27 28 28 29 29 30 30 31 31 32 32 33 33 33 34 34 35 36 36 37 37 38    304
APR  38 39 39 40 40 41 41 42 42 43 44 44 45 45 46 46 47 47 48 48 49 49 49 50 50 51 51 52 52 53       457
MAY  53 54 54 55 55 55 56 56 57 57 58 58 58 59 59 59 60 60 60 61 61 61 62 62 62 63 63 63 63 64 64    591
JUN  64 64 65 65 65 65 66 66 66 66 67 67 67 67 67 68 68 68 68 69 69 69 69 69 70 70 70 70 70 71       675
JUL  71 71 71 71 71 71 72 72 72 72 72 72 72 72 72 72 72 73 73 73 73 73 73 73 73 73 73 73 73 72 72    722
AUG  73 72 72 72 72 72 72 72 72 72 71 71 71 71 71 70 70 70 70 70 69 69 69 69 68 68 68 67 67 67 66    701
SEP  66 66 65 65 65 64 64 63 63 63 62 62 62 61 61 61 60 60 60 59 59 59 58 58 58 57 57 57 56 56       609
OCT  56 55 55 54 54 54 53 53 52 52 51 51 51 50 50 49 49 48 48 47 46 46 45 45 44 44 43 42 42 41 40    487
NOV  40 39 38 38 37 37 36 35 35 34 34 33 32 32 31 31 30 29 29 28 28 27 27 26 26 25 25 24 24 23       311
DEC  23 22 22 21 21 20 20 19 19 18 18 18 17 17 17 16 16 15 15 15 14 14 14 14 13 13 13 12 12 12 12    165
                                                                                                        
-------------------------------------------------------------------------------------------------       
 Heating Degree Days                                                                                    
 DAY  1  2  3  4  5  6  7  8  9 10 11 12 13 14 15 16 17 18 19 20 21 22 23 24 25 26 27 28 29 30 31  MONTH
-------------------------------------------------------------------------------------------------       
JAN  54 54 54 54 54 54 55 55 55 55 55 55 55 55 55 55 55 55 54 54 54 54 54 54 53 53 53 53 52 52 52   1676
FEB  51 51 51 50 50 50 49 49 49 48 48 48 47 47 46 46 46 45 45 45 44 44 44 43 43 42 42 42            1305
MAR  41 41 40 40 40 39 39 38 38 38 37 37 36 36 35 35 34 34 33 33 33 32 32 31 31 30 29 29 28 28 27   1074
APR  27 26 26 25 25 24 24 23 22 22 21 21 20 20 20 19 19 18 18 17 17 16 16 15 15 14 14 14 13 13       584
MAY  12 12 12 11 11 11 10 10  9  9  9  8  8  8  7  7  7  7  6  6  6  6  5  5  5  5  4  4  4  4  4    232
JUN   4  3  3  3  3  3  3  2  2  2  2  2  2  2  2  2  1  1  1  1  1  1  1  1  1  1  1  1  1  1        54
JUL   1  1  1  1  1  1  1  1  1  1  1  1  1  1  1  1  0  0  0  0  0  0  0  0  0  0  0  0  0  0  0     16
AUG   0  0  0  0  0  0  0  0  0  0  0  0  0  1  1  1  1  1  1  1  1  1  1  1  1  2  2  2  2  2  2     24
SEP   2  2  3  3  3  3  3  3  4  4  4  4  4  5  5  5  5  6  6  6  7  7  7  7  8  8  8  9  9  9       159
OCT  10 10 10 11 11 11 12 12 13 13 14 14 15 15 15 16 16 17 17 18 19 19 20 20 21 21 22 23 23 24 25    507
NOV  25 26 27 27 28 28 29 30 30 31 31 32 33 33 34 34 35 36 36 37 37 38 38 39 39 40 40 41 41 42      1017
DEC  43 43 43 44 44 45 45 46 46 47 47 47 48 48 49 49 49 50 50 50 51 51 51 52 52 52 52 53 53 53 53   1506
                                                                                                        
-------------------------------------------------------------------------------------------------       
 Cooling Degree Days                                                                                    
 DAY  1  2  3  4  5  6  7  8  9 10 11 12 13 14 15 16 17 18 19 20 21 22 23 24 25 26 27 28 29 30 31  MONTH
-------------------------------------------------------------------------------------------------       
JAN   0  0  0  0  0  0  0  0  0  0  0  0  0  0  0  0  0  0  0  0  0  0  0  0  0  0  0  0  0  0  0      0
FEB   0  0  0  0  0  0  0  0  0  0  0  0  0  0  0  0  0  0  0  0  0  0  0  0  0  0  0  0               0
MAR   0  0  0  0  0  0  0  0  0  0  0  0  0  0  0  0  0  0  0  0  0  0  0  0  0  0  0  0  0  0  0      0
APR   0  0  0  0  0  0  0  0  0  0  0  0  0  0  0  0  0  0  0  0  0  0  0  0  0  0  1  1  1  1         4
MAY   1  1  1  1  1  1  1  1  1  1  1  1  1  1  1  2  2  2  2  2  2  2  2  2  2  2  2  2  2  3  3     49
JUN   3  3  3  3  3  3  3  3  3  4  4  4  4  4  4  4  4  5  5  5  5  5  5  5  6  6  6  6  6  6       130
JUL   6  7  7  7  7  7  7  7  8  8  8  8  8  8  8  8  8  8  8  8  8  8  8  8  8  8  8  8  8  8  8    239
AUG   8  8  7  7  7  7  7  7  7  7  7  7  6  6  6  6  6  6  6  5  5  5  5  5  4  4  4  4  4  4  3    180
SEP   3  3  3  3  2  2  2  2  2  2  1  1  1  1  1  1  1  1  1  0  0  0  0  0  0  0  0  0  0  0        33
OCT   0  0  0  0  0  0  0  0  0  0  0  0  0  0  0  0  0  0  0  0  0  0  0  0  0  0  0  0  0  0  0      0
NOV   0  0  0  0  0  0  0  0  0  0  0  0  0  0  0  0  0  0  0  0  0  0  0  0  0  0  0  0  0  0         0
DEC   0  0  0  0  0  0  0  0  0  0  0  0  0  0  0  0  0  0  0  0  0  0  0  0  0  0  0  0  0  0  0      0
                                                                                                        
-------------------------------------------------------------------------------------------------       
 Total  Precipitation (Hundreths of an Inch)                                                            
 DAY  1  2  3  4  5  6  7  8  9 10 11 12 13 14 15 16 17 18 19 20 21 22 23 24 25 26 27 28 29 30 31  MONTH
-------------------------------------------------------------------------------------------------       
JAN   2  2  3  3  3  3  3  3  3  3  3  3  3  3  3  3  3  3  3  3  3  3  3  3  3  3  3  3  3  3  3     91
FEB   3  3  2  2  2  2  2  2  2  2  2  2  2  2  2  2  3  3  3  3  3  3  3  3  3  4  4  4              73
MAR   4  4  4  5  5  5  5  5  5  5  6  6  6  6  6  6  6  6  6  6  6  6  6  6  7  7  7  7  7  7  7    180
APR   7  7  6  6  6  7  7  7  7  7  7  7  7  7  7  7  7  7  7  7  7  7  8  8  8  8  8  8  8  8       215
MAY   9  9  9  9  9  9 10 10 10 10 10 10 11 11 11 11 11 12 12 12 12 12 13 13 13 13 13 14 14 14 14    350
JUN  15 15 15 15 16 16 16 16 16 16 16 16 16 16 16 16 16 16 16 16 16 16 16 16 15 15 15 15 14 14       468
JUL  14 14 13 13 13 13 12 12 12 12 12 12 12 11 11 11 11 11 11 11 11 11 11 11 11 11 11 11 11 11 12    363
AUG  12 12 12 12 12 12 12 12 12 12 12 12 12 13 13 13 13 13 13 13 13 13 12 12 12 12 12 12 12 12 12    381
SEP  12 12 12 12 12 11 11 11 11 11 11 11 11 11 11 11 10 10 10 10 10 10 10 10 10 10 10  9  9  9       318
OCT   9  9  9  9  9  9  9  9  8  8  8  8  8  8  8  8  8  8  8  8  8  8  8  7  7  7  7  7  7  7  7    248
NOV   7  7  7  7  7  7  7  7  7  6  6  6  6  6  6  6  6  6  5  5  5  5  5  5  5  4  4  4  4  4       172
DEC   4  4  3  3  3  3  3  3  3  3  2  2  2  2  2  2  2  2  2  2  2  2  2  2  2  2  2  2  2  2  2     74
                                                                                                        
