-------------------------------------------------------------------------------------------------       
 1971-2000 Daily/Monthly Station Normals                                                                
 Provided by National Climatic Data Center/NESDIS/NOAA                                                  
-------------------------------------------------------------------------------------------------       
 Station COOP ID:                           213296                                                      
 Station Name, State, Division, Call:       GRAND PORTAGE RNG STN              MN 03                    
 Latitude, Longitude, Elevation, Elements:  47 58 16 -089 41 27   730 XNP                               
-------------------------------------------------------------------------------------------------       
 Minimum Temperature (deg F [tenths deg F for monthly])                                                 
 DAY  1  2  3  4  5  6  7  8  9 10 11 12 13 14 15 16 17 18 19 20 21 22 23 24 25 26 27 28 29 30 31  MONTH
-------------------------------------------------------------------------------------------------       
JAN  -2 -2 -2 -2 -3 -3 -3 -3 -3 -3 -3 -3 -3 -3 -4 -4 -4 -4 -4 -4 -4 -3 -3 -3 -3 -3 -3 -3 -3 -3 -3    -31
FEB  -2 -2 -2 -2 -2 -1 -1 -1 -1  0  0  0  0  1  1  1  2  2  3  3  3  4  4  5  5  6  6  7              14
MAR   7  8  8  9  9 10 10 11 11 12 12 13 13 14 14 15 15 16 16 17 17 17 18 18 19 19 19 20 20 21 21    145
APR  21 22 22 23 23 23 24 24 24 25 25 26 26 26 27 27 28 28 28 29 29 29 30 30 30 31 31 32 32 32       269
MAY  33 33 33 34 34 34 35 35 36 36 36 37 37 37 37 38 38 38 39 39 39 40 40 40 40 41 41 41 41 42 42    376
JUN  42 42 43 43 43 43 44 44 44 44 45 45 45 45 46 46 46 46 46 47 47 47 47 48 48 48 48 48 49 49       456
JUL  49 49 49 50 50 50 50 50 50 51 51 51 51 51 51 51 52 52 52 52 52 52 52 52 52 53 53 53 53 53 53    513
AUG  53 53 53 53 53 53 53 53 53 53 53 53 53 53 52 52 52 52 52 52 51 51 51 51 50 50 50 49 49 49 48    517
SEP  48 48 47 47 47 46 46 46 45 45 45 44 44 44 43 43 43 42 42 42 42 41 41 41 40 40 40 39 39 39       433
OCT  39 38 38 38 38 37 37 37 36 36 36 35 35 35 34 34 34 33 33 33 32 32 31 31 31 30 30 29 29 29 28    338
NOV  28 27 27 26 26 25 25 25 24 24 23 23 22 21 21 20 20 19 19 18 18 17 16 16 15 15 14 13 13 12       204
DEC  11 11 10  9  9  8  8  7  7  6  6  5  5  4  4  3  3  2  2  2  1  1  1  0  0  0 -1 -1 -1 -2 -2     38
                                                                                                        
-------------------------------------------------------------------------------------------------       
 Maximum Temperature (deg F [tenths deg F for monthly])                                                 
 DAY  1  2  3  4  5  6  7  8  9 10 11 12 13 14 15 16 17 18 19 20 21 22 23 24 25 26 27 28 29 30 31  MONTH
-------------------------------------------------------------------------------------------------       
JAN  19 19 19 19 19 19 19 18 18 18 18 18 18 18 18 18 18 18 18 18 19 19 19 19 19 19 19 20 20 20 20    187
FEB  20 21 21 21 21 22 22 22 23 23 23 23 24 24 24 25 25 25 25 26 26 26 27 27 27 28 28 29             242
MAR  29 29 30 30 30 31 31 31 32 32 33 33 33 34 34 34 35 35 36 36 36 37 37 38 38 38 39 39 40 40 40    345
APR  41 41 42 42 42 43 43 44 44 45 45 45 46 46 47 47 48 48 49 49 50 50 51 51 52 52 53 54 54 55       473
MAY  55 56 56 57 57 58 58 59 59 59 60 60 61 61 61 62 62 63 63 63 64 64 64 64 65 65 65 65 65 66 66    614
JUN  66 66 66 67 67 67 67 67 67 68 68 68 68 69 69 69 69 70 70 70 70 71 71 71 71 72 72 72 72 73       691
JUL  73 73 74 74 74 74 75 75 75 75 75 76 76 76 76 76 76 76 76 76 76 76 77 77 77 76 76 76 76 76 76    755
AUG  76 76 76 76 75 75 75 75 75 75 74 74 74 74 74 73 73 73 73 73 72 72 72 72 71 71 71 70 70 70 69    732
SEP  69 69 68 68 68 67 67 67 66 66 66 65 65 65 64 64 63 63 63 62 62 62 61 61 61 60 60 60 59 59       640
OCT  58 58 58 57 57 56 56 56 55 55 54 54 54 53 53 52 52 51 51 50 50 50 49 49 48 48 47 47 46 46 45    521
NOV  45 44 44 43 43 42 42 41 41 40 40 39 38 38 37 37 36 36 35 35 34 34 33 33 32 32 31 31 30 30       372
DEC  29 29 29 28 28 27 27 26 26 26 25 25 24 24 24 23 23 23 22 22 22 21 21 21 21 20 20 20 20 20 19    237
                                                                                                        
-------------------------------------------------------------------------------------------------       
 Average Temperature (deg F [tenths deg F for monthly])                                                 
 DAY  1  2  3  4  5  6  7  8  9 10 11 12 13 14 15 16 17 18 19 20 21 22 23 24 25 26 27 28 29 30 31  MONTH
-------------------------------------------------------------------------------------------------       
JAN   9  9  8  8  8  8  8  8  8  8  7  7  7  7  7  7  7  7  7  7  8  8  8  8  8  8  8  8  8  9  9     78
FEB   9  9  9 10 10 10 10 11 11 11 11 12 12 12 13 13 13 14 14 14 15 15 16 16 16 17 17 18             128
MAR  18 19 19 19 20 20 21 21 22 22 22 23 23 24 24 25 25 25 26 26 27 27 27 28 28 29 29 29 30 30 31    245
APR  31 31 32 32 33 33 33 34 34 35 35 36 36 36 37 37 38 38 39 39 39 40 40 41 41 42 42 43 43 43       371
MAY  44 44 45 45 46 46 46 47 47 48 48 48 49 49 49 50 50 50 51 51 51 52 52 52 53 53 53 53 53 54 54    495
JUN  54 54 55 55 55 55 55 56 56 56 56 57 57 57 57 57 58 58 58 58 59 59 59 59 60 60 60 60 61 61       574
JUL  61 61 62 62 62 62 62 63 63 63 63 63 63 63 64 64 64 64 64 64 64 64 64 64 64 64 64 65 65 65 65    634
AUG  65 64 64 64 64 64 64 64 64 64 64 64 63 63 63 63 63 63 62 62 62 62 61 61 61 61 60 60 60 59 59    625
SEP  59 58 58 58 57 57 57 56 56 56 55 55 54 54 54 53 53 53 52 52 52 51 51 51 51 50 50 50 49 49       537
OCT  49 48 48 48 47 47 47 46 46 45 45 45 44 44 44 43 43 42 42 42 41 41 40 40 39 39 38 38 38 37 37    430
NOV  36 36 35 35 34 34 33 33 32 32 31 31 30 30 29 29 28 28 27 26 26 25 25 24 24 23 23 22 22 21       288
DEC  20 20 19 19 18 18 17 17 16 16 15 15 15 14 14 13 13 13 12 12 12 11 11 11 10 10 10 10  9  9  9    138
                                                                                                        
-------------------------------------------------------------------------------------------------       
 Heating Degree Days                                                                                    
 DAY  1  2  3  4  5  6  7  8  9 10 11 12 13 14 15 16 17 18 19 20 21 22 23 24 25 26 27 28 29 30 31  MONTH
-------------------------------------------------------------------------------------------------       
JAN  56 56 57 57 57 57 57 57 57 58 58 58 58 58 58 58 58 58 58 58 58 57 57 57 57 57 57 57 57 56 56   1775
FEB  56 56 56 55 55 55 55 54 54 54 54 53 53 53 52 52 52 51 51 51 50 50 49 49 49 48 48 47            1462
MAR  47 46 46 46 45 45 44 44 43 43 43 42 42 41 41 40 40 40 39 39 38 38 38 37 37 36 36 36 35 35 34   1256
APR  34 34 33 33 32 32 32 31 31 30 30 29 29 29 28 28 27 27 26 26 26 25 25 24 24 23 23 23 22 22       838
MAY  21 21 20 20 20 19 19 18 18 17 17 17 16 16 16 15 15 15 14 14 14 13 13 13 13 12 12 12 12 11 11    484
JUN  11 11 10 10 10 10 10  9  9  9  9  9  8  8  8  8  8  7  7  7  7  7  6  6  6  6  6  6  5  5       238
JUL   5  5  5  4  4  4  4  4  4  4  3  3  3  3  3  3  3  3  3  3  3  3  3  3  3  2  2  2  2  2  3    101
AUG   3  3  3  3  3  3  3  3  3  3  3  3  3  4  4  4  4  4  4  4  5  5  5  5  5  6  6  6  6  7  7    130
SEP   7  7  8  8  8  9  9  9  9 10 10 10 11 11 11 12 12 12 12 13 13 13 14 14 14 15 15 15 16 16       343
OCT  16 17 17 17 18 18 18 19 19 20 20 20 21 21 21 22 22 23 23 24 24 24 25 25 26 26 27 27 27 28 28    683
NOV  29 29 30 30 31 31 32 32 33 33 34 34 35 35 36 36 37 37 38 39 39 40 40 41 41 42 42 43 44 44      1087
DEC  45 45 46 46 47 47 48 48 49 49 50 50 51 51 51 52 52 52 53 53 53 54 54 54 55 55 55 55 56 56 56   1588
                                                                                                        
-------------------------------------------------------------------------------------------------       
 Cooling Degree Days                                                                                    
 DAY  1  2  3  4  5  6  7  8  9 10 11 12 13 14 15 16 17 18 19 20 21 22 23 24 25 26 27 28 29 30 31  MONTH
-------------------------------------------------------------------------------------------------       
JAN   0  0  0  0  0  0  0  0  0  0  0  0  0  0  0  0  0  0  0  0  0  0  0  0  0  0  0  0  0  0  0      0
FEB   0  0  0  0  0  0  0  0  0  0  0  0  0  0  0  0  0  0  0  0  0  0  0  0  0  0  0  0               0
MAR   0  0  0  0  0  0  0  0  0  0  0  0  0  0  0  0  0  0  0  0  0  0  0  0  0  0  0  0  0  0  0      0
APR   0  0  0  0  0  0  0  0  0  0  0  0  0  0  0  0  0  0  0  0  0  0  0  0  0  0  0  0  0  0         0
MAY   0  0  0  0  0  0  0  0  0  0  0  0-99-99  0  0  0  0  0  0  0  0  0  0  0  0  0  0  0  0  0      2
JUN   0  0  0  0  0  0  0  0  0  0  0  0  0  0  0  0  0  0  0  0  0  0  1  1  1  1  1  1  1  1         8
JUL   1  1  1  1  1  1  1  1  1  1  1  2  2  2  2  2  2  2  2  2  2  2  2  2  2  2  2  2  2  2  2     51
AUG   2  2  2  2  2  2  2  2  2  2  2  2  2  2  2  2  2  2  2  2  1  1  1  1  1  1  1  1  1  1  1     51
SEP   1  1  0  0  0  0  0  0  0  0  0  0  0  0  0  0  0  0  0  0  0  0  0  0  0  0  0  0  0  0         2
OCT   0  0  0  0  0  0  0  0  0  0  0  0  0  0  0  0  0  0  0  0  0  0  0  0  0  0  0  0  0  0  0      0
NOV   0  0  0  0  0  0  0  0  0  0  0  0  0  0  0  0  0  0  0  0  0  0  0  0  0  0  0  0  0  0         0
DEC   0  0  0  0  0  0  0  0  0  0  0  0  0  0  0  0  0  0  0  0  0  0  0  0  0  0  0  0  0  0  0      0
                                                                                                        
-------------------------------------------------------------------------------------------------       
 Total  Precipitation (Hundreths of an Inch)                                                            
 DAY  1  2  3  4  5  6  7  8  9 10 11 12 13 14 15 16 17 18 19 20 21 22 23 24 25 26 27 28 29 30 31  MONTH
-------------------------------------------------------------------------------------------------       
JAN   5  5  5  5  5  5  5  5  5  5  5  5  4  4  4  4  4  4  4  4  4  4  4  4  4  4  4  4  3  3  3    133
FEB   3  3  3  3  3  3  3  3  3  3  3  2  2  2  2  3  3  3  3  3  3  3  3  3  3  3  3  3              80
MAR   3  4  4  4  4  4  4  4  4  4  5  5  5  5  5  5  5  5  5  5  6  6  6  6  6  6  6  6  6  6  6    155
APR   6  6  7  7  7  7  7  7  7  7  7  7  7  7  7  7  8  8  8  8  8  8  8  8  8  8  8  8  8  8       222
MAY   8  8  8  9  9  9  9  9  9  9  9  9  9  9  9  9  9  9  9  9  9 10 10 10 10 10 10 10 10 10 10    286
JUN  10 10 10 10 10 10 10 10 10 10 10 11 11 11 11 11 11 11 11 11 11 11 11 11 11 11 11 11 11 11       319
JUL  11 11 11 11 11 11 12 12 12 12 12 12 11 11 11 11 11 11 11 11 11 11 11 11 11 11 11 11 11 10 10    345
AUG  10 10 10 10 10 10 10 10 10 10  9  9  9  9 10 10 10 10 10 10 10 10 10 10 10 10 10 11 11 11 11    310
SEP  11 11 12 12 12 12 12 12 12 12 12 12 12 13 13 13 13 13 13 13 13 13 13 12 12 12 12 12 12 12       368
OCT  12 12 12 12 11 11 11 11 11 11 11 11 11 11 11 10 10 10 10 10 10 10 10 10 10 10 10  9  9  9  9    325
NOV   9  9  9  9  9  9  9  9  9  8  8  8  8  8  8  8  8  8  8  8  7  7  7  7  7  7  7  7  6  6       237
DEC   6  6  6  6  6  6  5  5  5  5  5  5  5  5  5  5  5  5  5  5  5  5  5  5  4  4  4  4  4  5  5    156
                                                                                                        
