-------------------------------------------------------------------------------------------------       
 1971-2000 Daily/Monthly Station Normals                                                                
 Provided by National Climatic Data Center/NESDIS/NOAA                                                  
-------------------------------------------------------------------------------------------------       
 Station COOP ID:                           217294                                                      
 Station Name, State, Division, Call:       ST CLOUD MUNICIPAL AP              MN 05 STC                
 Latitude, Longitude, Elevation, Elements:  45 32 33 -094 03 08  1009 XNP                               
-------------------------------------------------------------------------------------------------       
 Minimum Temperature (deg F [tenths deg F for monthly])                                                 
 DAY  1  2  3  4  5  6  7  8  9 10 11 12 13 14 15 16 17 18 19 20 21 22 23 24 25 26 27 28 29 30 31  MONTH
-------------------------------------------------------------------------------------------------       
JAN   0 -1 -1 -1 -1 -1 -2 -2 -2 -2 -2 -2 -2 -2 -2 -2 -2 -2 -2 -2 -2 -1 -1 -1 -1 -1  0  0  1  1  1    -12
FEB   1  2  2  2  3  3  3  4  4  4  5  5  6  6  6  7  7  8  8  9  9  9 10 10 11 11 12 12              64
MAR  12 13 13 14 14 15 15 15 16 16 17 17 18 18 19 19 20 20 20 21 21 22 22 23 23 24 24 24 25 25 26    191
APR  26 27 27 27 28 28 29 29 30 30 30 31 31 32 32 32 33 33 34 34 35 35 35 36 36 37 37 37 38 38       322
MAY  39 39 39 40 40 41 41 41 42 42 42 43 43 44 44 44 45 45 45 46 46 46 47 47 47 47 48 48 48 49 49    441
JUN  49 50 50 50 50 51 51 51 51 52 52 52 52 53 53 53 53 54 54 54 54 54 55 55 55 55 56 56 56 56       529
JUL  57 57 57 57 57 57 57 58 58 58 58 58 58 58 58 58 58 58 58 58 59 59 59 59 59 58 58 58 58 58 58    579
AUG  58 58 58 58 58 58 58 57 57 57 57 57 57 56 56 56 56 55 55 55 55 54 54 54 53 53 53 52 52 52 51    555
SEP  51 51 50 50 50 49 49 48 48 48 47 47 47 46 46 45 45 45 44 44 44 43 43 43 42 42 42 41 41 40       457
OCT  40 40 39 39 39 38 38 38 37 37 36 36 36 35 35 34 34 34 33 33 32 32 32 31 31 30 30 29 29 28 28    343
NOV  27 27 27 26 26 25 25 24 24 23 23 22 22 21 21 20 20 19 19 18 18 17 17 16 16 15 14 14 13 13       204
DEC  12 12 11 11 10 10  9  9  8  8  7  7  6  6  6  5  5  4  4  4  3  3  2  2  2  1  1  1  1  0  0     55
                                                                                                        
-------------------------------------------------------------------------------------------------       
 Maximum Temperature (deg F [tenths deg F for monthly])                                                 
 DAY  1  2  3  4  5  6  7  8  9 10 11 12 13 14 15 16 17 18 19 20 21 22 23 24 25 26 27 28 29 30 31  MONTH
-------------------------------------------------------------------------------------------------       
JAN  19 19 19 18 18 18 18 18 18 18 18 18 18 18 18 18 18 18 18 18 19 19 19 19 19 20 20 20 20 21 21    187
FEB  21 22 22 22 23 23 23 23 24 24 24 25 25 25 26 26 27 27 27 28 28 28 29 29 29 30 30 30             257
MAR  31 31 32 32 32 33 33 34 34 35 35 35 36 36 37 37 38 38 39 39 40 41 41 42 42 43 43 44 45 45 46    377
APR  46 47 48 48 49 50 50 51 51 52 53 53 54 54 55 55 56 56 57 57 58 59 59 60 60 61 61 62 62 63       549
MAY  63 64 64 64 65 65 66 66 67 67 67 68 68 69 69 69 70 70 70 71 71 71 72 72 72 72 73 73 73 74 74    690
JUN  74 74 75 75 75 75 76 76 76 76 76 77 77 77 77 77 78 78 78 78 79 79 79 79 79 79 80 80 80 80       773
JUL  80 81 81 81 81 81 81 81 82 82 82 82 82 82 82 82 82 82 82 82 82 82 82 82 82 82 82 82 82 82 82    817
AUG  82 82 81 81 81 81 81 81 81 81 80 80 80 80 80 79 79 79 79 78 78 78 77 77 77 76 76 76 75 75 75    789
SEP  74 74 74 73 73 72 72 72 71 71 71 70 70 69 69 69 68 68 68 67 67 67 66 66 66 65 65 65 64 64       690
OCT  64 63 63 62 62 62 61 61 60 60 59 59 58 58 57 57 56 56 55 55 54 53 53 52 51 51 50 49 49 48 47    563
NOV  46 46 45 44 44 43 42 42 41 40 40 39 38 38 37 36 36 35 35 34 34 33 33 32 32 31 31 30 30 29       372
DEC  29 28 28 27 27 26 26 26 25 25 25 24 24 23 23 23 23 22 22 22 21 21 21 21 20 20 20 20 19 19 19    232
                                                                                                        
-------------------------------------------------------------------------------------------------       
 Average Temperature (deg F [tenths deg F for monthly])                                                 
 DAY  1  2  3  4  5  6  7  8  9 10 11 12 13 14 15 16 17 18 19 20 21 22 23 24 25 26 27 28 29 30 31  MONTH
-------------------------------------------------------------------------------------------------       
JAN   9  9  9  9  9  9  8  8  8  8  8  8  8  8  8  8  8  8  8  8  9  9  9  9  9 10 10 10 10 11 11     88
FEB  11 12 12 12 13 13 13 14 14 14 15 15 15 16 16 17 17 17 18 18 19 19 19 20 20 20 21 21             161
MAR  22 22 22 23 23 24 24 24 25 25 26 26 27 27 28 28 29 29 30 30 31 31 32 32 33 33 34 34 35 35 36    284
APR  36 37 37 38 38 39 39 40 41 41 42 42 43 43 43 44 44 45 45 46 46 47 47 48 48 49 49 50 50 51       436
MAY  51 51 52 52 53 53 53 54 54 55 55 55 56 56 57 57 57 58 58 58 59 59 59 59 60 60 60 61 61 61 61    566
JUN  62 62 62 62 63 63 63 63 64 64 64 64 65 65 65 65 66 66 66 66 66 67 67 67 67 67 68 68 68 68       651
JUL  69 69 69 69 69 69 69 70 70 70 70 70 70 70 70 70 70 70 70 70 70 71 70 70 70 70 70 70 70 70 70    698
AUG  70 70 70 70 69 69 69 69 69 69 69 68 68 68 68 68 67 67 67 67 66 66 66 65 65 65 65 64 64 63 63    672
SEP  63 62 62 62 61 61 60 60 60 59 59 59 58 58 58 57 57 56 56 56 55 55 55 54 54 54 53 53 53 52       574
OCT  52 51 51 51 50 50 50 49 49 48 48 47 47 46 46 46 45 45 44 44 43 43 42 42 41 40 40 39 39 38 38    453
NOV  37 36 36 35 35 34 33 33 32 32 31 31 30 29 29 28 28 27 27 26 26 25 25 24 24 23 23 22 22 21       288
DEC  20 20 19 19 19 18 18 17 17 16 16 16 15 15 14 14 14 13 13 13 12 12 12 11 11 11 11 10 10 10 10    144
                                                                                                        
-------------------------------------------------------------------------------------------------       
 Heating Degree Days                                                                                    
 DAY  1  2  3  4  5  6  7  8  9 10 11 12 13 14 15 16 17 18 19 20 21 22 23 24 25 26 27 28 29 30 31  MONTH
-------------------------------------------------------------------------------------------------       
JAN  55 56 56 56 56 56 56 57 57 57 57 57 57 57 57 57 57 57 57 57 56 56 56 56 56 56 55 55 55 55 54   1742
FEB  54 54 53 53 53 52 52 52 51 51 51 50 50 50 49 49 49 48 48 47 47 47 46 46 45 45 45 44            1381
MAR  44 43 43 42 42 41 41 40 40 40 39 39 38 38 37 37 36 36 35 35 34 34 33 33 32 32 31 31 30 30 29   1135
APR  28 28 27 27 26 26 25 25 24 24 23 23 22 22 21 21 20 20 19 19 19 18 18 17 17 16 16 16 15 15       637
MAY  14 14 13 13 13 12 12 12 11 11 11 10 10 10  9  9  9  8  8  8  7  7  7  7  6  6  6  6  6  5  5    285
JUN   5  5  4  4  4  4  4  4  3  3  3  3  3  3  3  2  2  2  2  2  2  2  2  2  1  1  1  1  1  1        79
JUL   1  1  1  1  1  1  1  1  1  1  1  1  1  1  1  1  1  1  1  0  0  0  0  0  0  0  0  0  0  0  0     19
AUG   0  0  0  0  0  0  0  1  1  1  1  1  1  1  1  1  1  2  2  2  2  2  2  3  3  3  3  3  4  4  4     49
SEP   4  5  5  5  5  6  6  6  6  7  7  7  8  8  8  8  9  9  9 10 10 10 11 11 11 12 12 12 13 13       253
OCT  13 13 14 14 15 15 15 16 16 16 17 17 18 18 19 19 20 20 21 21 22 22 23 23 24 24 25 25 26 26 27    604
NOV  28 28 29 29 30 31 31 32 32 33 34 34 35 35 36 36 37 37 38 38 39 39 40 41 41 42 42 43 43 44      1077
DEC  44 45 45 45 46 46 47 47 48 48 48 49 49 50 50 50 51 51 52 52 52 53 53 53 53 54 54 54 55 55 55   1554
                                                                                                        
-------------------------------------------------------------------------------------------------       
 Cooling Degree Days                                                                                    
 DAY  1  2  3  4  5  6  7  8  9 10 11 12 13 14 15 16 17 18 19 20 21 22 23 24 25 26 27 28 29 30 31  MONTH
-------------------------------------------------------------------------------------------------       
JAN   0  0  0  0  0  0  0  0  0  0  0  0  0  0  0  0  0  0  0  0  0  0  0  0  0  0  0  0  0  0  0      0
FEB   0  0  0  0  0  0  0  0  0  0  0  0  0  0  0  0  0  0  0  0  0  0  0  0  0  0  0  0               0
MAR   0  0  0  0  0  0  0  0  0  0  0  0  0  0  0  0  0  0  0  0  0  0  0  0  0  0  0  0  0  0  0      0
APR   0  0  0  0  0  0  0  0  0  0  0  0  0  0  0  0  0  0  0  0  0  0  0  0  0  0  0  0-99-99         2
MAY   0  0  0  0  0  0  0  0  1  1  1  1  1  1  1  1  1  1  1  1  1  1  1  1  1  1  1  1  2  2  2     26
JUN   2  2  2  2  2  2  2  2  2  2  2  3  3  3  3  3  3  3  3  3  4  4  4  4  4  4  4  4  4  5        90
JUL   5  5  5  5  5  5  5  5  5  5  6  6  6  6  6  6  6  6  6  6  6  6  6  6  6  6  6  5  5  5  5    172
AUG   5  5  5  5  5  5  5  5  5  5  4  4  4  4  4  4  4  4  4  4  3  3  3  3  3  3  3  3  3  2  2    121
SEP   2  2  2  2  2  2  2  2  1  1  1  1  1  1  1  1  1  1  1  1  1  1  1  0  0  0  0  0  0  0        31
OCT -99  0  0  0  0  0  0  0  0  0  0  0  0  0  0  0  0  0  0  0  0  0  0  0  0  0  0  0  0  0  0      1
NOV   0  0  0  0  0  0  0  0  0  0  0  0  0  0  0  0  0  0  0  0  0  0  0  0  0  0  0  0  0  0         0
DEC   0  0  0  0  0  0  0  0  0  0  0  0  0  0  0  0  0  0  0  0  0  0  0  0  0  0  0  0  0  0  0      0
                                                                                                        
-------------------------------------------------------------------------------------------------       
 Total  Precipitation (Hundreths of an Inch)                                                            
 DAY  1  2  3  4  5  6  7  8  9 10 11 12 13 14 15 16 17 18 19 20 21 22 23 24 25 26 27 28 29 30 31  MONTH
-------------------------------------------------------------------------------------------------       
JAN   2  2  2  2  2  2  2  2  3  3  3  3  3  3  3  3  3  3  3  3  3  3  2  2  2  2  2  2  2  2  2     76
FEB   2  2  2  2  2  2  2  2  2  2  2  2  2  2  2  2  2  2  2  2  2  2  2  2  2  3  3  3              59
MAR   3  3  3  4  4  4  4  4  4  4  4  4  5  5  5  5  5  5  5  5  5  6  6  6  6  6  6  6  6  6  6    150
APR   6  6  6  7  7  7  7  7  7  7  7  7  7  7  7  7  7  7  7  7  7  7  7  7  8  8  8  8  8  8       213
MAY   8  8  8  8  8  8  8  8  8  8  8  8  9  9  9  9  9 10 10 10 10 10 11 11 11 11 12 12 12 13 13    297
JUN  13 14 14 14 15 15 15 15 15 16 16 16 16 16 16 16 16 16 16 16 15 15 15 15 15 15 14 14 14 13       451
JUL  13 13 12 12 12 12 11 11 11 11 11 10 10 10 10 10 10 10 10 10 10 10 10 10 10 10 11 11 11 11 11    334
AUG  11 12 12 12 12 12 13 13 13 13 13 13 13 13 13 13 13 13 13 13 13 13 13 13 13 13 13 13 12 12 12    393
SEP  12 12 11 11 11 11 11 11 11 10 10 10 10 10 10 10  9  9  9  9  9  9  9  9  9  9  8  8  8  8       293
OCT   8  8  8  8  8  8  8  8  8  8  7  7  7  7  7  7  7  7  7  7  7  7  7  7  7  7  7  7  6  6  6    224
NOV   6  6  6  6  6  6  6  6  6  6  6  6  6  5  5  5  5  5  5  5  5  5  4  4  4  4  4  4  4  3       154
DEC   3  3  3  3  3  3  3  2  2  2  2  2  2  2  2  2  2  2  2  2  2  2  2  2  2  2  2  2  2  2  2     69
                                                                                                        
