-------------------------------------------------------------------------------------------------       
 1971-2000 Daily/Monthly Station Normals                                                                
 Provided by National Climatic Data Center/NESDIS/NOAA                                                  
-------------------------------------------------------------------------------------------------       
 Station COOP ID:                           217460                                                      
 Station Name, State, Division, Call:       SANDY LAKE DAM LIBBY               MN 06                    
 Latitude, Longitude, Elevation, Elements:  46 47 43 -093 19 16  1234 XNP                               
-------------------------------------------------------------------------------------------------       
 Minimum Temperature (deg F [tenths deg F for monthly])                                                 
 DAY  1  2  3  4  5  6  7  8  9 10 11 12 13 14 15 16 17 18 19 20 21 22 23 24 25 26 27 28 29 30 31  MONTH
-------------------------------------------------------------------------------------------------       
JAN  -5 -5 -5 -5 -6 -6 -6 -6 -6 -6 -7 -7 -7 -7 -7 -7 -7 -7 -7 -6 -6 -6 -6 -6 -6 -5 -5 -5 -5 -4 -4    -59
FEB  -4 -3 -3 -3 -2 -2 -1 -1 -1  0  0  0  1  1  2  2  2  3  3  4  4  5  5  6  6  7  7  8              16
MAR   8  8  9  9 10 10 11 11 12 12 13 13 14 14 15 15 16 16 17 17 18 18 18 19 19 20 20 21 21 22 22    151
APR  22 23 23 24 24 25 25 26 26 27 27 28 28 29 29 29 30 31 31 31 32 32 33 33 34 34 35 35 35 36       292
MAY  36 37 37 38 38 39 39 40 40 40 41 41 42 42 42 43 43 43 44 44 45 45 45 46 46 46 47 47 47 47 48    425
JUN  48 48 49 49 49 49 50 50 50 50 51 51 51 51 52 52 52 52 52 53 53 53 53 54 54 54 54 54 55 55       516
JUL  55 55 55 55 56 56 56 56 56 56 56 56 57 57 57 57 57 57 57 57 57 57 57 57 57 57 57 57 57 57 57    565
AUG  57 57 57 57 57 57 57 57 56 56 56 56 56 56 56 55 55 55 55 54 54 54 54 53 53 53 52 52 52 52 51    549
SEP  51 50 50 50 49 49 49 48 48 47 47 47 46 46 46 45 45 45 44 44 43 43 43 42 42 41 41 41 40 40       454
OCT  40 39 39 38 38 38 37 37 36 36 36 35 35 34 34 34 33 33 32 32 31 31 31 30 30 29 29 28 28 28 27    335
NOV  27 26 26 25 25 24 24 23 23 22 22 21 21 20 20 19 18 18 17 17 16 16 15 14 14 13 13 12 11 11       191
DEC  10  9  9  8  7  7  6  6  5  5  4  3  3  2  2  1  1  0  0  0 -1 -1 -2 -2 -2 -3 -3 -3 -4 -4 -4     19
                                                                                                        
-------------------------------------------------------------------------------------------------       
 Maximum Temperature (deg F [tenths deg F for monthly])                                                 
 DAY  1  2  3  4  5  6  7  8  9 10 11 12 13 14 15 16 17 18 19 20 21 22 23 24 25 26 27 28 29 30 31  MONTH
-------------------------------------------------------------------------------------------------       
JAN  17 17 16 16 16 16 16 16 16 16 16 16 16 16 16 16 16 16 17 17 17 17 17 18 18 18 18 19 19 19 20    169
FEB  20 21 21 21 22 22 22 23 23 24 24 24 25 25 26 26 26 27 27 27 28 28 28 29 29 30 30 30             253
MAR  31 31 31 32 32 33 33 33 34 34 35 35 35 36 36 37 37 38 38 39 39 40 40 41 41 42 42 43 43 44 45    371
APR  45 46 46 47 47 48 48 49 50 50 51 51 52 52 53 53 54 54 55 55 56 56 57 58 58 59 59 60 60 61       530
MAY  61 62 62 63 63 63 64 64 65 65 66 66 67 67 67 68 68 68 69 69 70 70 70 70 71 71 71 72 72 72 73    674
JUN  73 73 73 74 74 74 74 75 75 75 75 75 76 76 76 76 76 77 77 77 77 77 78 78 78 78 78 78 78 79       760
JUL  79 79 79 79 79 80 80 80 80 80 80 80 80 80 80 80 80 80 80 80 80 80 81 81 80 80 80 80 80 80 80    799
AUG  80 80 80 80 80 80 80 79 79 79 79 79 79 78 78 78 78 78 77 77 77 76 76 76 76 75 75 75 74 74 74    776
SEP  73 73 72 72 72 71 71 71 70 70 69 69 69 68 68 67 67 67 66 66 66 65 65 65 64 64 63 63 63 62       677
OCT  62 62 61 61 60 60 60 59 59 58 58 57 57 56 56 55 55 54 54 53 53 52 51 51 50 50 49 48 48 47 46    549
NOV  46 45 44 44 43 42 42 41 40 40 39 38 38 37 37 36 35 35 34 34 33 32 32 31 31 30 30 29 29 28       365
DEC  28 27 26 26 26 25 25 24 24 23 23 22 22 22 21 21 21 20 20 20 19 19 19 18 18 18 18 17 17 17 17    214
                                                                                                        
-------------------------------------------------------------------------------------------------       
 Average Temperature (deg F [tenths deg F for monthly])                                                 
 DAY  1  2  3  4  5  6  7  8  9 10 11 12 13 14 15 16 17 18 19 20 21 22 23 24 25 26 27 28 29 30 31  MONTH
-------------------------------------------------------------------------------------------------       
JAN   6  6  5  5  5  5  5  5  5  5  5  5  4  5  5  5  5  5  5  5  5  5  6  6  6  6  7  7  7  7  8     55
FEB   8  9  9  9 10 10 11 11 11 12 12 12 13 13 14 14 14 15 15 16 16 16 17 17 18 18 19 19             135
MAR  19 20 20 21 21 22 22 22 23 23 24 24 25 25 26 26 26 27 27 28 28 29 29 30 30 31 31 32 32 33 33    261
APR  34 34 35 35 36 36 37 37 38 38 39 39 40 41 41 41 42 43 43 43 44 44 45 45 46 46 47 47 48 48       411
MAY  49 49 50 50 51 51 52 52 52 53 53 54 54 55 55 55 56 56 56 57 57 57 58 58 58 59 59 59 60 60 60    550
JUN  60 61 61 61 62 62 62 62 62 63 63 63 63 64 64 64 64 64 65 65 65 65 65 66 66 66 66 66 67 67       638
JUL  67 67 67 67 67 68 68 68 68 68 68 68 68 68 68 68 68 68 68 69 69 69 69 69 69 69 69 69 69 69 69    682
AUG  69 69 69 68 68 68 68 68 68 68 68 67 67 67 67 67 67 66 66 66 66 65 65 65 64 64 64 63 63 63 62    663
SEP  62 62 61 61 60 60 60 59 59 59 58 58 58 57 57 56 56 56 55 55 55 54 54 53 53 53 52 52 52 51       566
OCT  51 50 50 50 49 49 48 48 48 47 47 46 46 45 45 44 44 44 43 43 42 42 41 40 40 39 39 38 38 37 37    442
NOV  36 36 35 34 34 33 33 32 32 31 30 30 29 29 28 28 27 26 26 25 25 24 23 23 22 22 21 21 20 19       278
DEC  19 18 18 17 17 16 15 15 14 14 13 13 13 12 12 11 11 10 10 10  9  9  9  8  8  8  7  7  7  7  6    117
                                                                                                        
-------------------------------------------------------------------------------------------------       
 Heating Degree Days                                                                                    
 DAY  1  2  3  4  5  6  7  8  9 10 11 12 13 14 15 16 17 18 19 20 21 22 23 24 25 26 27 28 29 30 31  MONTH
-------------------------------------------------------------------------------------------------       
JAN  59 59 60 60 60 60 60 60 60 60 60 61 61 61 60 60 60 60 60 60 60 60 59 59 59 59 59 58 58 58 57   1847
FEB  57 56 56 56 55 55 54 54 54 53 53 53 52 52 51 51 51 50 50 49 49 49 48 48 47 47 47 46            1443
MAR  46 45 45 44 44 43 43 43 42 42 41 41 40 40 39 39 39 38 38 37 37 36 36 35 35 34 34 33 33 32 32   1206
APR  31 31 30 30 29 29 28 27 27 26 26 25 25 24 24 24 23 23 22 22 21 21 20 20 19 19 18 18 17 17       716
MAY  16 16 16 15 15 14 14 13 13 13 12 12 12 11 11 10 10 10 10  9  9  9  8  8  8  7  7  7  7  6  6    334
JUN   6  6  6  5  5  5  5  5  4  4  4  4  4  4  3  3  3  3  3  3  3  3  2  2  2  2  2  2  2  2       107
JUL   2  2  2  2  2  2  2  2  2  2  2  1  1  1  1  1  1  1  1  1  1  1  1  1  1  1  1  1  1  1  1     42
AUG   1  1  1  1  1  1  1  1  1  2  2  2  2  2  2  2  2  2  2  3  3  3  3  3  3  4  4  4  4  4  5     72
SEP   5  5  5  5  6  6  6  7  7  7  7  8  8  8  8  9  9  9 10 10 10 11 11 11 12 12 13 13 13 14       265
OCT  14 14 15 15 16 16 16 17 17 18 18 19 19 20 20 21 21 22 22 22 23 24 24 25 25 26 26 27 27 28 28    645
NOV  29 30 30 31 31 32 32 33 33 34 35 35 36 36 37 37 38 39 39 40 40 41 42 42 43 43 44 44 45 46      1117
DEC  46 47 47 48 49 49 50 50 51 51 52 52 52 53 53 54 54 55 55 55 56 56 56 57 57 57 58 58 58 59 59   1654
                                                                                                        
-------------------------------------------------------------------------------------------------       
 Cooling Degree Days                                                                                    
 DAY  1  2  3  4  5  6  7  8  9 10 11 12 13 14 15 16 17 18 19 20 21 22 23 24 25 26 27 28 29 30 31  MONTH
-------------------------------------------------------------------------------------------------       
JAN   0  0  0  0  0  0  0  0  0  0  0  0  0  0  0  0  0  0  0  0  0  0  0  0  0  0  0  0  0  0  0      0
FEB   0  0  0  0  0  0  0  0  0  0  0  0  0  0  0  0  0  0  0  0  0  0  0  0  0  0  0  0               0
MAR   0  0  0  0  0  0  0  0  0  0  0  0  0  0  0  0  0  0  0  0  0  0  0  0  0  0  0  0  0  0  0      0
APR   0  0  0  0  0  0  0  0  0  0  0  0  0  0  0  0  0  0  0  0  0  0  0  0  0  0  0  0  0  0         0
MAY   0  0  0  0  0  0  0  0  0  0  1  1  1  1  1  1  1  1  1  1  1  1  1  1  1  1  1  1  1  1  1     21
JUN   1  1  1  2  2  2  2  2  2  2  2  2  2  2  2  2  2  3  3  3  3  3  3  3  3  3  3  3  4  4        72
JUL   4  4  4  4  4  4  4  4  4  4  4  4  4  4  5  5  5  5  5  5  5  5  5  5  5  5  5  5  5  5  5    141
AUG   5  5  5  5  5  4  4  4  4  4  4  4  4  4  4  4  4  4  3  3  3  3  3  3  3  3  2  2  2  2  2    111
SEP   2  1  1  1  1  1  1  1  1  1  0  0  0  0  0  0  0  0  0  0  0  0  0  0  0  0  0  0  0  0        11
OCT   0  0  0  0  0  0  0  0  0  0  0  0  0  0  0  0  0  0  0  0  0  0  0  0  0  0  0  0  0  0  0      0
NOV   0  0  0  0  0  0  0  0  0  0  0  0  0  0  0  0  0  0  0  0  0  0  0  0  0  0  0  0  0  0         0
DEC   0  0  0  0  0  0  0  0  0  0  0  0  0  0  0  0  0  0  0  0  0  0  0  0  0  0  0  0  0  0  0      0
                                                                                                        
-------------------------------------------------------------------------------------------------       
 Total  Precipitation (Hundreths of an Inch)                                                            
 DAY  1  2  3  4  5  6  7  8  9 10 11 12 13 14 15 16 17 18 19 20 21 22 23 24 25 26 27 28 29 30 31  MONTH
-------------------------------------------------------------------------------------------------       
JAN   2  2  2  3  3  3  3  3  3  3  3  3  3  3  3  3  3  3  3  3  3  3  3  3  3  2  2  2  2  2  2     84
FEB   2  2  2  2  2  2  2  2  2  2  2  2  2  2  2  2  2  2  2  2  2  2  2  2  2  2  2  2              56
MAR   3  3  3  3  3  3  3  3  3  3  4  4  4  4  4  4  4  4  4  4  4  4  4  4  5  5  5  5  5  5  5    121
APR   5  5  5  5  5  5  5  5  5  5  5  5  6  6  6  6  6  6  6  6  6  6  6  7  7  7  7  7  7  7       175
MAY   7  7  8  8  8  8  8  8  8  9  9  9  9  9  9 10 10 10 10 10 11 11 11 11 12 12 12 12 12 13 13    304
JUN  13 13 14 14 14 14 14 14 15 15 15 15 15 15 15 16 16 16 16 16 16 16 16 16 16 16 16 16 16 16       455
JUL  16 16 16 16 16 16 15 15 15 15 15 15 15 15 15 15 15 15 15 15 15 15 15 14 14 14 14 14 14 14 14    463
AUG  14 14 14 14 14 14 14 13 13 13 13 13 13 13 13 13 13 13 13 13 12 12 12 12 12 12 12 12 12 12 12    399
SEP  12 11 11 11 11 11 11 11 11 11 11 10 10 10 10 10 10 10 10 10 10 10 10  9  9  9  9  9  9  9       305
OCT   9  9  9  9  9  9  9  8  8  8  8  8  8  8  8  8  8  7  7  7  7  7  7  7  7  7  6  6  6  6  6    236
NOV   6  6  6  5  5  5  5  5  5  5  5  4  4  4  4  4  4  4  4  4  3  3  3  3  3  3  3  3  3  3       124
DEC   3  3  3  3  3  3  2  2  2  2  2  2  2  2  2  2  2  2  2  2  2  2  2  2  2  2  2  2  2  3  3     70
                                                                                                        
