-------------------------------------------------------------------------------------------------       
 1971-2000 Daily/Monthly Station Normals                                                                
 Provided by National Climatic Data Center/NESDIS/NOAA                                                  
-------------------------------------------------------------------------------------------------       
 Station COOP ID:                           217405                                                      
 Station Name, State, Division, Call:       ST PETER 2 SW                      MN 08                    
 Latitude, Longitude, Elevation, Elements:  44 18 22 -093 59 25   850 XNP                               
-------------------------------------------------------------------------------------------------       
 Minimum Temperature (deg F [tenths deg F for monthly])                                                 
 DAY  1  2  3  4  5  6  7  8  9 10 11 12 13 14 15 16 17 18 19 20 21 22 23 24 25 26 27 28 29 30 31  MONTH
-------------------------------------------------------------------------------------------------       
JAN   3  3  3  3  3  2  2  2  2  2  2  2  2  2  1  1  1  2  2  2  2  2  2  2  2  2  2  3  3  3  3     22
FEB   4  4  4  4  5  5  5  5  6  6  7  7  7  8  8  8  9  9 10 10 10 11 11 12 12 13 13 14              81
MAR  14 15 15 16 16 17 17 18 18 19 19 20 20 21 21 21 22 22 23 23 24 24 24 25 25 25 26 26 27 27 27    212
APR  27 28 28 29 29 29 30 30 30 31 31 32 32 32 33 33 34 34 34 35 35 36 36 37 37 38 38 39 39 40       332
MAY  40 41 41 42 42 42 43 43 44 44 45 45 46 46 46 47 47 48 48 48 49 49 50 50 50 51 51 51 52 52 52    466
JUN  53 53 53 54 54 54 55 55 55 55 56 56 56 56 57 57 57 57 58 58 58 58 58 59 59 59 59 59 60 60       566
JUL  60 60 60 60 60 60 61 61 61 61 61 61 61 61 61 61 61 61 61 62 62 62 62 62 62 62 62 62 62 62 62    612
AUG  62 62 61 61 61 61 61 61 61 61 61 60 60 60 60 59 59 59 59 58 58 58 57 57 57 56 56 56 55 55 54    589
SEP  54 53 53 53 52 52 51 51 51 50 50 49 49 48 48 48 47 47 46 46 46 45 45 44 44 44 43 43 43 42       479
OCT  42 41 41 41 40 40 40 39 39 38 38 38 37 37 36 36 36 35 35 34 34 33 33 33 32 32 31 31 31 30 30    359
NOV  29 29 28 28 27 27 27 26 26 25 25 24 24 23 23 22 22 21 21 21 20 20 19 19 18 18 17 17 16 16       226
DEC  15 15 14 14 13 13 12 12 11 11 11 10 10  9  9  9  8  8  8  7  7  6  6  6  5  5  5  5  4  4  4     89
                                                                                                        
-------------------------------------------------------------------------------------------------       
 Maximum Temperature (deg F [tenths deg F for monthly])                                                 
 DAY  1  2  3  4  5  6  7  8  9 10 11 12 13 14 15 16 17 18 19 20 21 22 23 24 25 26 27 28 29 30 31  MONTH
-------------------------------------------------------------------------------------------------       
JAN  23 23 23 23 23 22 22 22 22 22 22 22 22 22 22 22 22 22 23 23 23 23 23 23 23 24 24 24 24 24 25    228
FEB  25 25 25 26 26 26 27 27 27 28 28 28 29 29 29 30 30 30 31 31 31 32 32 32 33 33 34 34             292
MAR  34 35 35 36 36 37 37 37 38 38 39 39 40 40 41 41 42 42 43 43 44 44 45 45 46 46 47 47 48 49 49    414
APR  50 50 51 52 52 53 53 54 54 55 55 56 56 57 58 58 59 59 60 60 61 61 61 62 62 63 63 64 64 65       576
MAY  65 66 66 66 67 67 68 68 69 69 69 70 70 70 71 71 72 72 72 73 73 73 74 74 74 75 75 75 75 76 76    710
JUN  76 77 77 77 77 78 78 78 79 79 79 79 79 80 80 80 80 81 81 81 81 81 81 82 82 82 82 82 82 83       798
JUL  83 83 83 83 83 83 83 83 83 84 84 84 84 84 84 84 84 84 84 84 84 84 84 84 84 84 84 84 83 83 83    836
AUG  83 83 83 83 83 83 83 83 82 82 82 82 82 82 82 81 81 81 81 81 80 80 80 80 79 79 79 79 79 78 78    811
SEP  78 77 77 77 77 76 76 76 75 75 75 74 74 74 74 73 73 73 72 72 72 71 71 71 70 70 70 69 69 68       733
OCT  68 68 67 67 67 66 66 65 65 64 64 63 63 62 62 61 61 60 59 59 58 57 57 56 56 55 54 53 53 52 51    606
NOV  51 50 49 48 48 47 46 45 45 44 43 43 42 42 41 40 40 39 39 38 37 37 36 36 35 35 34 34 33 33       410
DEC  32 32 32 31 31 30 30 29 29 29 28 28 28 27 27 27 26 26 26 26 25 25 25 25 24 24 24 24 24 23 23    271
                                                                                                        
-------------------------------------------------------------------------------------------------       
 Average Temperature (deg F [tenths deg F for monthly])                                                 
 DAY  1  2  3  4  5  6  7  8  9 10 11 12 13 14 15 16 17 18 19 20 21 22 23 24 25 26 27 28 29 30 31  MONTH
-------------------------------------------------------------------------------------------------       
JAN  13 13 13 13 13 12 12 12 12 12 12 12 12 12 12 12 12 12 12 12 12 12 12 13 13 13 13 13 14 14 14    125
FEB  14 15 15 15 15 16 16 16 17 17 17 18 18 18 19 19 19 20 20 21 21 21 22 22 23 23 23 24             187
MAR  24 25 25 26 26 27 27 28 28 29 29 29 30 30 31 31 32 32 33 33 34 34 35 35 35 36 36 37 37 38 38    313
APR  39 39 40 40 41 41 41 42 42 43 43 44 44 45 45 46 46 47 47 47 48 48 49 49 50 50 51 51 52 52       454
MAY  53 53 54 54 54 55 55 56 56 57 57 57 58 58 59 59 59 60 60 60 61 61 62 62 62 63 63 63 64 64 64    588
JUN  65 65 65 65 66 66 66 67 67 67 67 68 68 68 68 68 69 69 69 69 70 70 70 70 70 70 71 71 71 71       682
JUL  71 71 71 72 72 72 72 72 72 72 72 72 72 72 73 73 73 73 73 73 73 73 73 73 73 73 73 73 73 72 72    724
AUG  72 72 72 72 72 72 72 72 72 72 71 71 71 71 71 70 70 70 70 69 69 69 69 68 68 68 68 67 67 67 66    700
SEP  66 65 65 65 64 64 64 63 63 63 62 62 62 61 61 60 60 60 59 59 59 58 58 58 57 57 56 56 56 55       606
OCT  55 55 54 54 53 53 53 52 52 51 51 50 50 50 49 49 48 48 47 47 46 45 45 44 44 43 43 42 42 41 40    483
NOV  40 39 39 38 38 37 36 36 35 35 34 34 33 32 32 31 31 30 30 29 29 28 28 27 27 26 26 25 25 24       318
DEC  24 23 23 22 22 22 21 21 20 20 20 19 19 18 18 18 17 17 17 16 16 16 15 15 15 15 14 14 14 14 13    180
                                                                                                        
-------------------------------------------------------------------------------------------------       
 Heating Degree Days                                                                                    
 DAY  1  2  3  4  5  6  7  8  9 10 11 12 13 14 15 16 17 18 19 20 21 22 23 24 25 26 27 28 29 30 31  MONTH
-------------------------------------------------------------------------------------------------       
JAN  52 52 52 52 52 53 53 53 53 53 53 53 53 53 53 53 53 53 53 53 53 53 53 52 52 52 52 52 52 51 51   1628
FEB  51 51 50 50 50 49 49 49 48 48 48 47 47 47 46 46 46 45 45 44 44 44 43 43 42 42 42 41            1297
MAR  41 40 40 39 39 38 38 37 37 36 36 36 35 35 34 34 33 33 32 32 31 31 30 30 30 29 29 28 28 27 27   1045
APR  26 26 25 25 24 24 24 23 23 22 22 21 21 20 20 19 19 19 18 18 17 17 16 16 16 15 15 14 14 14       593
MAY  13 13 12 12 12 11 11 11 10 10  9  9  9  8  8  8  8  7  7  7  6  6  6  6  5  5  5  5  4  4  4    251
JUN   4  4  3  3  3  3  3  3  2  2  2  2  2  2  2  1  1  1  1  1  1  1  1  1  1  1  1  1  1  1        55
JUL   1  1  1  1  1  1  1  1  1  1  1  1  1  1  1  1  1  1  1  1  1  1  0  0  0  0  0  0  0  0  0     22
AUG -99  0  0  0  1  1  1  1  1  1  1  1  1  1  1  1  1  1  1  1  1  1  1  2  2  2  2  2  2  2  2     36
SEP   3  3  3  3  3  3  4  4  4  4  4  5  5  5  5  5  6  6  6  7  7  7  7  8  8  8  9  9  9 10       170
OCT  10 11 11 11 12 12 12 13 13 14 14 15 15 16 16 16 17 17 18 18 19 20 20 21 21 22 22 23 23 24 25    521
NOV  25 26 26 27 27 28 29 29 30 30 31 31 32 33 33 34 34 35 35 36 36 37 37 38 38 39 39 40 40 41       996
DEC  41 42 42 43 43 43 44 44 45 45 46 46 46 47 47 47 48 48 48 49 49 49 50 50 50 50 51 51 51 51 52   1458
                                                                                                        
-------------------------------------------------------------------------------------------------       
 Cooling Degree Days                                                                                    
 DAY  1  2  3  4  5  6  7  8  9 10 11 12 13 14 15 16 17 18 19 20 21 22 23 24 25 26 27 28 29 30 31  MONTH
-------------------------------------------------------------------------------------------------       
JAN   0  0  0  0  0  0  0  0  0  0  0  0  0  0  0  0  0  0  0  0  0  0  0  0  0  0  0  0  0  0  0      0
FEB   0  0  0  0  0  0  0  0  0  0  0  0  0  0  0  0  0  0  0  0  0  0  0  0  0  0  0  0               0
MAR   0  0  0  0  0  0  0  0  0  0  0  0  0  0  0  0  0  0  0  0  0  0  0  0  0  0  0  0  0  0  0      0
APR   0  0  0  0  0  0  0  0  0  0  0  0  0  0  0  0  0  0  0  0  0  0  0  0  0  0  1  1  1  1         4
MAY   1  1  1  1  1  1  1  1  1  1  1  2  2  2  2  2  2  2  2  2  2  2  3  3  3  3  3  3  3  3  3     60
JUN   3  3  4  4  4  4  4  4  4  4  4  5  5  5  5  5  5  5  5  6  6  6  6  6  6  6  6  7  7  7       151
JUL   7  7  7  8  8  8  8  8  8  8  8  8  8  8  8  8  8  9  9  9  9  9  9  8  8  8  8  8  8  8  8    251
AUG   8  8  8  8  8  8  7  7  7  7  7  7  7  7  6  6  6  6  6  6  5  5  5  5  5  5  4  4  4  4  4    190
SEP   3  3  3  3  3  2  2  2  2  2  2  1  1  1  1  1  1  1  1  1  1  0  0  0  0  0  0  0  0  0        37
OCT   0  0  0  0  0  0  0  0  0  0  0  0  0  0  0  0  0  0  0  0  0  0  0  0  0  0  0  0  0  0  0      0
NOV   0  0  0  0  0  0  0  0  0  0  0  0  0  0  0  0  0  0  0  0  0  0  0  0  0  0  0  0  0  0         0
DEC   0  0  0  0  0  0  0  0  0  0  0  0  0  0  0  0  0  0  0  0  0  0  0  0  0  0  0  0  0  0  0      0
                                                                                                        
-------------------------------------------------------------------------------------------------       
 Total  Precipitation (Hundreths of an Inch)                                                            
 DAY  1  2  3  4  5  6  7  8  9 10 11 12 13 14 15 16 17 18 19 20 21 22 23 24 25 26 27 28 29 30 31  MONTH
-------------------------------------------------------------------------------------------------       
JAN   3  3  3  3  3  3  3  3  3  3  3  3  3  3  3  3  3  3  3  3  3  3  3  3  2  2  2  2  2  2  2     86
FEB   2  2  2  2  1  1  1  1  1  1  1  1  1  1  2  2  2  2  2  2  2  2  3  3  3  3  3  4              53
MAR   4  4  4  4  5  5  5  5  5  6  6  6  6  6  6  7  7  7  7  7  7  7  7  7  7  7  7  8  8  8  8    193
APR   7  7  7  8  8  8  8  8  8  8  8  8  8  8  8  8  8  8  8  8  8  8  8  8  8  9  9  9  9  9       242
MAY   9  9  9  9 10 10 10 10 10 10 10 11 11 11 11 11 11 12 12 12 12 12 13 13 13 13 14 14 14 14 15    355
JUN  15 15 15 16 16 16 16 16 16 16 17 17 17 17 17 17 17 17 17 17 16 16 16 16 16 16 15 15 15 15       483
JUL  15 14 14 14 14 14 13 13 13 13 13 13 12 12 12 12 12 12 12 12 12 12 12 12 12 12 12 12 13 13 13    394
AUG  13 13 13 13 13 13 14 14 14 14 14 14 14 14 14 14 14 14 14 13 13 13 13 13 13 13 13 12 12 12 12    412
SEP  12 11 11 11 11 11 10 10 10 10 10  9  9  9  9  9  9  9  8  8  8  8  8  8  8  8  8  8  8  8       276
OCT   7  7  7  7  7  7  7  7  7  7  7  7  7  7  7  7  7  7  7  7  7  7  7  7  7  7  7  7  7  6  6    215
NOV   7  7  7  6  6  6  6  6  6  6  6  6  6  6  6  6  6  6  6  5  5  5  5  5  5  5  5  4  4  4       169
DEC   4  4  4  4  3  3  3  3  3  3  3  3  3  3  3  3  3  3  2  2  2  2  2  2  2  2  3  3  3  3  3     89
                                                                                                        
