-------------------------------------------------------------------------------------------------       
 1971-2000 Daily/Monthly Station Normals                                                                
 Provided by National Climatic Data Center/NESDIS/NOAA                                                  
-------------------------------------------------------------------------------------------------       
 Station COOP ID:                           480140                                                      
 Station Name, State, Division, Call:       ALTA 1 NNW                         WY 02                    
 Latitude, Longitude, Elevation, Elements:  43 46 19 -111 01 59  6430 XNP                               
-------------------------------------------------------------------------------------------------       
 Minimum Temperature (deg F [tenths deg F for monthly])                                                 
 DAY  1  2  3  4  5  6  7  8  9 10 11 12 13 14 15 16 17 18 19 20 21 22 23 24 25 26 27 28 29 30 31  MONTH
-------------------------------------------------------------------------------------------------       
JAN  10 10 10 10 10 10 10 10 10 10 10 11 11 11 11 11 11 11 11 11 11 11 11 11 11 11 12 12 12 12 12    108
FEB  12 12 12 12 12 12 12 13 13 13 13 13 13 13 13 14 14 14 14 14 15 15 15 15 15 16 16 16             136
MAR  16 16 17 17 17 17 18 18 18 18 19 19 19 19 19 20 20 20 20 21 21 21 21 21 22 22 22 22 22 23 23    196
APR  23 23 24 24 24 24 24 25 25 25 25 26 26 26 26 27 27 27 28 28 28 28 29 29 29 30 30 30 30 31       267
MAY  31 31 32 32 32 32 33 33 33 34 34 34 34 35 35 35 36 36 36 36 37 37 37 37 38 38 38 38 39 39 39    352
JUN  39 40 40 40 40 40 41 41 41 41 42 42 42 42 43 43 43 43 44 44 44 44 44 45 45 45 45 46 46 46       427
JUL  46 47 47 47 47 47 48 48 48 48 48 48 49 49 49 49 49 49 49 49 49 49 49 49 49 49 49 49 49 49 49    484
AUG  49 49 49 49 48 48 48 48 48 48 48 47 47 47 47 47 47 46 46 46 46 46 45 45 45 45 44 44 44 43 43    465
SEP  43 43 42 42 42 41 41 41 41 40 40 40 39 39 39 39 38 38 38 38 37 37 37 36 36 36 36 35 35 35       388
OCT  35 34 34 34 34 33 33 33 32 32 32 32 31 31 31 30 30 30 29 29 29 28 28 27 27 27 26 26 26 25 25    301
NOV  25 24 24 23 23 23 22 22 21 21 21 20 20 20 19 19 18 18 18 17 17 17 16 16 16 15 15 15 14 14       191
DEC  14 13 13 13 12 12 12 12 12 11 11 11 11 11 10 10 10 10 10 10 10 10 10 10 10 10 10 10 10 10 10    109
                                                                                                        
-------------------------------------------------------------------------------------------------       
 Maximum Temperature (deg F [tenths deg F for monthly])                                                 
 DAY  1  2  3  4  5  6  7  8  9 10 11 12 13 14 15 16 17 18 19 20 21 22 23 24 25 26 27 28 29 30 31  MONTH
-------------------------------------------------------------------------------------------------       
JAN  28 28 28 28 28 28 28 28 28 28 28 28 29 29 29 29 29 29 29 29 29 29 30 30 30 30 30 30 31 31 31    290
FEB  31 31 32 32 32 32 32 33 33 33 33 33 34 34 34 34 34 34 35 35 35 35 35 36 36 36 36 36             338
MAR  37 37 37 37 37 38 38 38 38 39 39 39 39 39 40 40 40 40 41 41 41 41 42 42 42 42 43 43 43 43 44    400
APR  44 44 44 45 45 45 46 46 46 47 47 47 48 48 48 48 49 49 50 50 50 51 51 51 52 52 52 53 53 54       485
MAY  54 54 55 55 56 56 56 57 57 58 58 58 59 59 59 60 60 60 61 61 61 62 62 63 63 63 64 64 64 64 65    596
JUN  65 65 66 66 66 67 67 67 68 68 68 69 69 69 70 70 70 70 71 71 72 72 72 73 73 73 74 74 74 75       698
JUL  75 75 76 76 76 76 77 77 77 77 78 78 78 78 78 79 79 79 79 79 79 79 79 80 80 80 80 80 80 80 80    782
AUG  80 80 79 79 79 79 79 79 79 79 79 79 78 78 78 78 78 77 77 77 77 76 76 76 76 75 75 75 74 74 74    774
SEP  73 73 73 72 72 71 71 71 70 70 70 69 69 68 68 68 67 67 67 66 66 65 65 65 64 64 64 63 63 63       679
OCT  62 62 61 61 61 60 60 59 59 58 58 57 57 56 56 55 55 54 54 53 53 52 52 51 50 50 49 48 48 47 47    550
NOV  46 45 45 44 43 43 42 42 41 40 40 39 39 38 38 37 37 36 36 36 35 35 34 34 34 33 33 33 33 32       381
DEC  32 32 31 31 31 31 31 30 30 30 30 30 30 29 29 29 29 29 29 29 29 28 28 28 28 28 28 28 28 28 28    294
                                                                                                        
-------------------------------------------------------------------------------------------------       
 Average Temperature (deg F [tenths deg F for monthly])                                                 
 DAY  1  2  3  4  5  6  7  8  9 10 11 12 13 14 15 16 17 18 19 20 21 22 23 24 25 26 27 28 29 30 31  MONTH
-------------------------------------------------------------------------------------------------       
JAN  19 19 19 19 19 19 19 19 19 19 19 20 20 20 20 20 20 20 20 20 20 20 20 21 21 21 21 21 21 21 21    199
FEB  21 22 22 22 22 22 22 23 23 23 23 23 23 24 24 24 24 24 24 25 25 25 25 25 26 26 26 26             237
MAR  26 27 27 27 27 28 28 28 28 28 29 29 29 29 30 30 30 30 30 31 31 31 31 32 32 32 32 33 33 33 33    298
APR  34 34 34 34 35 35 35 35 36 36 36 36 37 37 37 38 38 38 39 39 39 39 40 40 40 41 41 41 42 42       376
MAY  42 43 43 44 44 44 45 45 45 46 46 46 47 47 47 47 48 48 48 49 49 49 50 50 50 50 51 51 51 52 52    474
JUN  52 53 53 53 53 54 54 54 54 55 55 55 56 56 56 56 57 57 57 58 58 58 58 59 59 59 60 60 60 60       563
JUL  61 61 61 62 62 62 62 63 63 63 63 63 63 64 64 64 64 64 64 64 64 64 64 64 64 64 65 64 64 64 64    633
AUG  64 64 64 64 64 64 64 64 63 63 63 63 63 63 63 62 62 62 62 62 61 61 61 61 60 60 60 59 59 59 58    620
SEP  58 58 57 57 57 56 56 56 55 55 55 55 54 54 54 53 53 53 52 52 52 51 51 51 50 50 50 49 49 49       534
OCT  48 48 48 48 47 47 46 46 46 45 45 45 44 44 43 43 42 42 42 41 41 40 40 39 39 38 38 37 37 36 36    426
NOV  35 35 34 34 33 33 32 32 31 31 30 30 29 29 28 28 28 27 27 27 26 26 25 25 25 24 24 24 23 23       286
DEC  23 23 22 22 22 22 21 21 21 21 21 20 20 20 20 20 20 20 19 19 19 19 19 19 19 19 19 19 19 19 19    202
                                                                                                        
-------------------------------------------------------------------------------------------------       
 Heating Degree Days                                                                                    
 DAY  1  2  3  4  5  6  7  8  9 10 11 12 13 14 15 16 17 18 19 20 21 22 23 24 25 26 27 28 29 30 31  MONTH
-------------------------------------------------------------------------------------------------       
JAN  46 46 46 46 46 46 46 46 46 46 46 46 45 45 45 45 45 45 45 45 45 45 45 45 44 44 44 44 44 44 44   1400
FEB  44 43 43 43 43 43 43 43 42 42 42 42 42 41 41 41 41 41 41 40 40 40 40 40 39 39 39 39            1157
MAR  39 38 38 38 38 38 37 37 37 37 36 36 36 36 35 35 35 35 35 34 34 34 34 33 33 33 33 32 32 32 32   1092
APR  31 31 31 31 30 30 30 30 29 29 29 29 28 28 28 27 27 27 26 26 26 26 25 25 25 24 24 24 23 23       822
MAY  23 22 22 21 21 21 20 20 20 19 19 19 18 18 18 18 17 17 17 16 16 16 15 15 15 15 14 14 14 13 13    546
JUN  13 13 12 12 12 12 11 11 11 11 10 10 10 10  9  9  9  9  9  8  8  8  8  7  7  7  7  7  6  6       282
JUL   6  6  6  6  5  5  5  5  5  5  5  5  4  4  4  4  4  4  4  4  4  4  4  3  3  3  3  3  3  3  3    132
AUG   3  3  3  3  3  3  3  3  3  3  4  4  4  4  4  4  4  4  5  5  5  5  5  6  6  6  6  6  7  7  7    138
SEP   8  8  8  8  9  9  9 10 10 10 10 11 11 11 12 12 12 13 13 13 13 14 14 14 15 15 15 16 16 16       355
OCT  17 17 17 18 18 18 19 19 19 20 20 21 21 21 22 22 23 23 23 24 24 25 25 26 26 27 27 28 28 29 29    696
NOV  30 30 31 31 32 32 33 33 34 34 35 35 36 36 37 37 37 38 38 38 39 39 40 40 40 41 41 41 42 42      1092
DEC  42 42 43 43 43 43 44 44 44 44 44 45 45 45 45 45 45 46 46 46 46 46 46 46 46 46 46 46 46 46 46   1390
                                                                                                        
-------------------------------------------------------------------------------------------------       
 Cooling Degree Days                                                                                    
 DAY  1  2  3  4  5  6  7  8  9 10 11 12 13 14 15 16 17 18 19 20 21 22 23 24 25 26 27 28 29 30 31  MONTH
-------------------------------------------------------------------------------------------------       
JAN   0  0  0  0  0  0  0  0  0  0  0  0  0  0  0  0  0  0  0  0  0  0  0  0  0  0  0  0  0  0  0      0
FEB   0  0  0  0  0  0  0  0  0  0  0  0  0  0  0  0  0  0  0  0  0  0  0  0  0  0  0  0               0
MAR   0  0  0  0  0  0  0  0  0  0  0  0  0  0  0  0  0  0  0  0  0  0  0  0  0  0  0  0  0  0  0      0
APR   0  0  0  0  0  0  0  0  0  0  0  0  0  0  0  0  0  0  0  0  0  0  0  0  0  0  0  0  0  0         0
MAY   0  0  0  0  0  0  0  0  0  0  0  0  0  0  0  0  0  0  0  0  0  0  0  0  0  0  0  0  0  0  0      0
JUN   0  0  0  0  0  0  0  0  0  0  0  0  0  0  1  1  1  1  1  1  1  1  1  1  1  1  1  2  2  2        19
JUL   2  2  2  2  2  2  2  2  2  2  3  3  3  3  3  3  3  3  3  3  3  3  3  3  3  3  3  2  2  2  2     79
AUG   2  2  2  2  2  2  2  2  2  2  2  1  1  1  1  1  1  1  1  1  1  1  1  1  1  1  1  1  1  1  1     42
SEP   1  1  1  1  1  0  0  0  0  0  0  0  0  0  0  0  0  0  0  0  0  0  0  0  0  0  0  0  0  0         5
OCT   0  0  0  0  0  0  0  0  0  0  0  0  0  0  0  0  0  0  0  0  0  0  0  0  0  0  0  0  0  0  0      0
NOV   0  0  0  0  0  0  0  0  0  0  0  0  0  0  0  0  0  0  0  0  0  0  0  0  0  0  0  0  0  0         0
DEC   0  0  0  0  0  0  0  0  0  0  0  0  0  0  0  0  0  0  0  0  0  0  0  0  0  0  0  0  0  0  0      0
                                                                                                        
-------------------------------------------------------------------------------------------------       
 Total  Precipitation (Hundreths of an Inch)                                                            
 DAY  1  2  3  4  5  6  7  8  9 10 11 12 13 14 15 16 17 18 19 20 21 22 23 24 25 26 27 28 29 30 31  MONTH
-------------------------------------------------------------------------------------------------       
JAN   7  7  7  7  7  7  8  8  8  8  8  8  8  8  8  8  8  8  8  8  8  8  8  7  7  7  7  7  7  7  7    234
FEB   7  7  7  7  7  7  7  7  7  7  7  6  6  6  6  6  6  6  6  6  6  6  6  6  6  6  6  6             179
MAR   6  6  6  6  6  6  6  7  7  7  7  7  7  7  7  7  7  7  7  6  6  6  6  6  6  6  6  6  6  6  6    198
APR   6  6  6  6  6  6  6  6  6  6  6  6  6  6  7  7  7  7  7  7  8  8  8  8  8  9  9  9  9 10       212
MAY  10 10 10 11 11 11 11 11 12 12 12 12 12 12 12 12 12 12 12 12 12 12 12 11 11 11 11 11 10 10 10    350
JUN  10  9  9  9  9  8  8  8  8  8  7  7  7  7  7  7  6  6  6  6  6  6  6  6  6  6  6  6  6  6       212
JUL   6  6  6  6  6  6  6  6  6  6  6  6  6  6  6  6  6  6  6  6  6  6  6  6  6  5  5  5  5  5  5    180
AUG   5  5  5  5  5  5  5  5  5  5  5  5  5  5  5  5  5  4  5  5  5  5  5  5  5  5  5  5  5  5  5    154
SEP   5  5  5  5  5  5  5  5  6  6  6  6  6  6  6  6  6  6  6  6  6  6  6  6  6  6  6  6  6  6       172
OCT   6  6  6  6  6  6  6  6  6  6  6  6  7  7  7  7  7  7  7  7  7  7  7  7  7  7  7  7  7  7  7    205
NOV   7  7  7  7  7  7  7  7  7  7  7  8  7  7  7  7  7  7  7  7  7  7  7  7  7  7  7  7  7  7       211
DEC   7  7  7  7  7  7  7  6  6  6  6  6  6  6  6  6  7  7  7  7  7  7  7  7  7  7  7  7  7  7  7    208
                                                                                                        
