-------------------------------------------------------------------------------------------------       
 1971-2000 Daily/Monthly Station Normals                                                                
 Provided by National Climatic Data Center/NESDIS/NOAA                                                  
-------------------------------------------------------------------------------------------------       
 Station COOP ID:                           481905                                                      
 Station Name, State, Division, Call:       COLONY                             WY 06                    
 Latitude, Longitude, Elevation, Elements:  44 54 56 -104 11 21  3570 XNP                               
-------------------------------------------------------------------------------------------------       
 Minimum Temperature (deg F [tenths deg F for monthly])                                                 
 DAY  1  2  3  4  5  6  7  8  9 10 11 12 13 14 15 16 17 18 19 20 21 22 23 24 25 26 27 28 29 30 31  MONTH
-------------------------------------------------------------------------------------------------       
JAN  12 12 11 11 11 11 11 11 11 11 11 11 11 11 11 11 11 11 12 12 12 12 12 12 12 13 13 13 13 13 14    117
FEB  14 14 14 15 15 15 15 16 16 16 16 17 17 17 17 17 18 18 18 18 18 19 19 19 19 19 20 20             170
MAR  20 20 20 20 21 21 21 21 21 22 22 22 22 23 23 23 23 24 24 24 24 25 25 25 26 26 26 27 27 27 27    233
APR  28 28 28 29 29 30 30 30 31 31 31 32 32 32 33 33 33 34 34 34 35 35 35 36 36 36 37 37 37 38       328
MAY  38 38 39 39 39 40 40 40 41 41 41 42 42 42 42 43 43 43 44 44 44 45 45 45 46 46 46 47 47 47 48    428
JUN  48 48 48 49 49 49 50 50 50 51 51 51 51 52 52 52 52 53 53 53 53 54 54 54 54 55 55 55 55 56       519
JUL  56 56 56 56 57 57 57 57 57 57 58 58 58 58 58 58 58 59 59 59 59 59 59 59 59 59 59 59 59 59 59    580
AUG  59 59 59 59 59 59 59 59 59 58 58 58 58 58 58 57 57 57 57 56 56 56 56 55 55 55 54 54 54 53 53    569
SEP  52 52 51 51 51 50 50 49 49 49 48 48 47 47 47 46 46 46 45 45 45 44 44 44 43 43 43 42 42 42       467
OCT  41 41 41 41 40 40 40 39 39 38 38 38 37 37 37 36 36 35 35 35 34 34 33 33 32 32 32 31 31 30 30    360
NOV  29 29 28 28 27 27 26 26 26 25 25 24 24 24 23 23 22 22 22 21 21 21 20 20 20 19 19 19 18 18       232
DEC  18 17 17 17 17 16 16 16 16 15 15 15 15 15 14 14 14 14 13 13 13 13 13 13 12 12 12 12 12 12 12    143
                                                                                                        
-------------------------------------------------------------------------------------------------       
 Maximum Temperature (deg F [tenths deg F for monthly])                                                 
 DAY  1  2  3  4  5  6  7  8  9 10 11 12 13 14 15 16 17 18 19 20 21 22 23 24 25 26 27 28 29 30 31  MONTH
-------------------------------------------------------------------------------------------------       
JAN  33 33 32 32 32 32 32 32 32 32 32 32 32 32 32 33 33 33 33 33 33 33 34 34 34 34 34 35 35 35 35    330
FEB  36 36 36 36 37 37 37 37 38 38 38 38 39 39 39 39 40 40 40 40 41 41 41 41 42 42 42 42             390
MAR  43 43 43 43 44 44 44 44 45 45 45 45 46 46 46 47 47 47 48 48 48 49 49 50 50 50 51 51 52 52 52    470
APR  53 53 54 54 54 55 55 56 56 56 57 57 58 58 58 59 59 59 60 60 60 61 61 62 62 62 63 63 63 64       584
MAY  64 64 65 65 65 65 66 66 66 67 67 67 68 68 68 69 69 69 70 70 70 71 71 71 72 72 72 73 73 73 74    687
JUN  74 74 75 75 75 76 76 76 77 77 77 78 78 78 79 79 79 80 80 80 80 81 81 81 82 82 82 83 83 83       787
JUL  84 84 84 85 85 85 85 86 86 86 86 86 87 87 87 87 87 87 88 88 88 88 88 88 88 88 88 88 88 88 88    867
AUG  88 88 88 88 88 88 88 88 88 88 88 88 87 87 87 87 87 86 86 86 86 85 85 85 84 84 84 83 83 82 82    862
SEP  81 81 80 80 80 79 79 78 78 77 77 77 76 76 75 75 74 74 73 73 73 72 72 71 71 70 70 70 69 69       750
OCT  68 68 67 67 67 66 66 65 65 64 64 63 63 62 62 61 60 60 59 59 58 58 57 56 56 55 54 54 53 53 52    607
NOV  51 50 50 49 49 48 47 47 46 46 45 45 44 44 43 43 42 42 41 41 41 40 40 40 39 39 39 38 38 38       435
DEC  38 37 37 37 37 37 36 36 36 36 36 35 35 35 35 35 34 34 34 34 34 34 34 33 33 33 33 33 33 33 33    348
                                                                                                        
-------------------------------------------------------------------------------------------------       
 Average Temperature (deg F [tenths deg F for monthly])                                                 
 DAY  1  2  3  4  5  6  7  8  9 10 11 12 13 14 15 16 17 18 19 20 21 22 23 24 25 26 27 28 29 30 31  MONTH
-------------------------------------------------------------------------------------------------       
JAN  22 22 22 22 22 22 22 22 21 22 22 22 22 22 22 22 22 22 22 22 22 22 23 23 23 23 23 24 24 24 24    224
FEB  25 25 25 25 26 26 26 27 27 27 27 27 28 28 28 28 29 29 29 29 30 30 30 30 30 31 31 31             280
MAR  31 31 32 32 32 32 33 33 33 33 34 34 34 34 35 35 35 36 36 36 36 37 37 37 38 38 39 39 39 40 40    352
APR  40 41 41 41 42 42 43 43 43 44 44 44 45 45 45 46 46 47 47 47 48 48 48 49 49 49 50 50 50 51       456
MAY  51 51 52 52 52 53 53 53 54 54 54 55 55 55 55 56 56 56 57 57 57 58 58 58 59 59 59 60 60 60 61    558
JUN  61 61 62 62 62 62 63 63 63 64 64 64 65 65 65 66 66 66 66 67 67 67 68 68 68 68 69 69 69 69       653
JUL  70 70 70 70 71 71 71 71 72 72 72 72 72 72 73 73 73 73 73 73 73 73 73 73 74 74 74 74 74 74 74    724
AUG  74 74 74 74 74 74 74 73 73 73 73 73 73 73 72 72 72 72 71 71 71 71 70 70 70 69 69 68 68 68 67    716
SEP  67 66 66 66 65 65 64 64 63 63 63 62 62 61 61 61 60 60 59 59 59 58 58 58 57 57 56 56 56 55       609
OCT  55 55 54 54 53 53 53 52 52 51 51 50 50 50 49 49 48 48 47 47 46 46 45 45 44 44 43 42 42 41 41    484
NOV  40 40 39 39 38 38 37 36 36 35 35 35 34 34 33 33 32 32 32 31 31 30 30 30 29 29 29 29 28 28       334
DEC  28 27 27 27 27 27 26 26 26 26 25 25 25 25 25 24 24 24 24 24 24 23 23 23 23 23 23 23 22 22 22    246
                                                                                                        
-------------------------------------------------------------------------------------------------       
 Heating Degree Days                                                                                    
 DAY  1  2  3  4  5  6  7  8  9 10 11 12 13 14 15 16 17 18 19 20 21 22 23 24 25 26 27 28 29 30 31  MONTH
-------------------------------------------------------------------------------------------------       
JAN  43 43 43 43 43 43 43 43 44 44 43 43 43 43 43 43 43 43 43 43 43 43 42 42 42 42 42 41 41 41 41   1322
FEB  40 40 40 40 39 39 39 38 38 38 38 38 37 37 37 37 36 36 36 36 35 35 35 35 35 34 34 34            1036
MAR  34 34 33 33 33 33 32 32 32 32 31 31 31 31 30 30 30 29 29 29 29 28 28 28 27 27 27 26 26 25 25    925
APR  25 24 24 24 23 23 22 22 22 21 21 21 20 20 20 19 19 18 18 18 17 17 17 16 16 16 15 15 15 14       582
MAY  14 14 13 13 13 13 12 12 12 11 11 11 11 10 10 10  9  9  9  9  8  8  8  8  8  7  7  7  7  6  6    306
JUN   6  6  6  5  5  5  5  5  4  4  4  4  4  4  4  3  3  3  3  3  3  3  2  2  2  2  2  2  2  2       108
JUL   2  2  2  2  1  1  1  1  1  1  1  1  1  1  1  1  1  1  1  1  1  1  1  0  0  0  0  0  0  0  0     27
AUG   0  0  0  0  0  0  0  0  0  1  1  1  1  1  1  1  1  1  1  1  1  2  2  2  2  2  2  2  3  3  3     35
SEP   3  3  3  4  4  4  4  5  5  5  5  5  6  6  6  6  7  7  7  7  8  8  8  8  9  9  9 10 10 10       191
OCT  11 11 11 11 12 12 13 13 13 14 14 15 15 15 16 16 17 17 18 18 19 19 20 20 21 21 22 22 23 23 24    516
NOV  25 25 26 26 27 27 28 29 29 30 30 30 31 31 32 32 33 33 33 34 34 35 35 35 36 36 36 37 37 37       949
DEC  37 38 38 38 38 39 39 39 39 39 40 40 40 40 40 41 41 41 41 41 41 42 42 42 42 42 42 42 43 43 43   1253
                                                                                                        
-------------------------------------------------------------------------------------------------       
 Cooling Degree Days                                                                                    
 DAY  1  2  3  4  5  6  7  8  9 10 11 12 13 14 15 16 17 18 19 20 21 22 23 24 25 26 27 28 29 30 31  MONTH
-------------------------------------------------------------------------------------------------       
JAN   0  0  0  0  0  0  0  0  0  0  0  0  0  0  0  0  0  0  0  0  0  0  0  0  0  0  0  0  0  0  0      0
FEB   0  0  0  0  0  0  0  0  0  0  0  0  0  0  0  0  0  0  0  0  0  0  0  0  0  0  0  0               0
MAR   0  0  0  0  0  0  0  0  0  0  0  0  0  0  0  0  0  0  0  0  0  0  0  0  0  0  0  0  0  0  0      0
APR   0  0  0  0  0  0  0  0  0  0  0  0  0  0-99  0  0  0  0  0  0  0  0  0  0  0  0  0  0  0         1
MAY   0  0  0  0  0  0  0  0  0  0  0  0  0  0  0  1  1  1  1  1  1  1  1  1  1  1  1  1  2  2  2     19
JUN   2  2  2  2  2  3  3  3  3  3  3  3  3  4  4  4  4  4  4  5  5  5  5  5  5  6  6  6  6  6       118
JUL   6  7  7  7  7  7  7  8  8  8  8  8  8  8  8  8  8  9  9  9  9  9  9  9  9  9  9  9  9  9  9    254
AUG   9  9  9  9  9  9  9  9  9  9  9  8  8  8  8  8  8  8  8  7  7  7  7  7  6  6  6  6  6  5  5    238
SEP   5  5  4  4  4  4  3  3  3  3  3  3  2  2  2  2  2  2  1  1  1  1  1  1  1  1  1  1  1  0        67
OCT   0  0  0  0  0  0  0  0  0  0  0  0  0  0  0  0  0  0  0  0  0  0  0  0  0  0  0  0  0  0  0      0
NOV   0  0  0  0  0  0  0  0  0  0  0  0  0  0  0  0  0  0  0  0  0  0  0  0  0  0  0  0  0  0         0
DEC   0  0  0  0  0  0  0  0  0  0  0  0  0  0  0  0  0  0  0  0  0  0  0  0  0  0  0  0  0  0  0      0
                                                                                                        
-------------------------------------------------------------------------------------------------       
 Total  Precipitation (Hundreths of an Inch)                                                            
 DAY  1  2  3  4  5  6  7  8  9 10 11 12 13 14 15 16 17 18 19 20 21 22 23 24 25 26 27 28 29 30 31  MONTH
-------------------------------------------------------------------------------------------------       
JAN   2  2  2  2  1  1  1  1  1  1  1  1  1  1  1  1  1  1  1  1  1  1  1  1  1  1  1  1  1  1  1     35
FEB   1  1  1  1  1  1  1  1  1  1  1  1  1  1  1  1  2  2  2  2  2  2  2  2  2  2  2  2              40
MAR   2  2  2  2  2  2  2  2  2  2  2  2  2  2  3  3  3  3  3  3  3  3  3  3  3  3  3  3  4  4  4     82
APR   4  4  4  4  4  4  4  4  5  5  5  5  5  5  5  5  5  5  6  6  6  6  6  6  6  6  6  6  7  7       156
MAY   7  7  7  7  7  7  7  8  8  8  8  8  8  8  8  8  8  8  8  9  9  9  9  9  9  9  9  9  9  9  9    253
JUN   9  9  9  9  9 10 10 10  9  9  9  9  9  9  9  9  9  9  9  9  9  9  9  9  8  8  8  8  8  8       267
JUL   7  7  7  7  7  7  7  7  6  6  6  6  6  6  6  6  6  5  5  5  5  5  5  5  5  5  5  5  5  5  4    179
AUG   4  4  4  4  4  4  4  4  4  4  4  4  4  4  4  4  4  4  4  4  4  4  4  4  4  4  4  4  4  4  3    123
SEP   4  3  3  3  4  4  4  4  4  4  4  4  4  4  4  4  4  4  4  4  4  4  4  4  4  4  4  4  4  4       117
OCT   4  4  4  5  5  5  5  5  5  5  5  5  5  5  5  4  4  4  4  4  4  4  4  4  4  4  4  4  3  3  3    133
NOV   3  3  3  3  3  3  2  2  2  2  2  2  2  2  2  2  2  2  2  2  2  2  2  1  1  1  1  1  1  1        59
DEC   1  1  1  1  2  2  2  2  2  2  2  2  2  2  2  2  2  1  1  1  1  1  1  1  1  1  1  1  1  1  1     44
                                                                                                        
