-------------------------------------------------------------------------------------------------       
 1971-2000 Daily/Monthly Station Normals                                                                
 Provided by National Climatic Data Center/NESDIS/NOAA                                                  
-------------------------------------------------------------------------------------------------       
 Station COOP ID:                           489770                                                      
 Station Name, State, Division, Call:       WORLAND                            WY 04                    
 Latitude, Longitude, Elevation, Elements:  44 00 39 -107 58 04  4060 XNP                               
-------------------------------------------------------------------------------------------------       
 Minimum Temperature (deg F [tenths deg F for monthly])                                                 
 DAY  1  2  3  4  5  6  7  8  9 10 11 12 13 14 15 16 17 18 19 20 21 22 23 24 25 26 27 28 29 30 31  MONTH
-------------------------------------------------------------------------------------------------       
JAN   2  2  2  2  2  2  2  2  2  1  1  2  2  2  2  2  2  2  2  2  2  3  3  3  3  3  3  4  4  4  5     24
FEB   5  5  6  6  6  7  7  7  8  8  8  9  9  9 10 10 11 11 11 12 12 13 13 14 14 15 15 16              99
MAR  16 16 17 17 18 18 19 19 20 20 20 21 21 22 22 22 23 23 23 24 24 24 25 25 25 26 26 26 26 27 27    220
APR  27 27 28 28 28 28 29 29 29 30 30 30 31 31 31 31 32 32 32 33 33 33 34 34 34 35 35 36 36 36       314
MAY  37 37 37 38 38 38 39 39 40 40 40 41 41 41 42 42 42 43 43 43 44 44 44 45 45 45 46 46 46 46 47    419
JUN  47 47 48 48 48 48 49 49 49 49 50 50 50 50 51 51 51 51 52 52 52 52 52 53 53 53 53 53 53 54       506
JUL  54 54 54 54 54 54 55 55 55 55 55 55 55 55 55 55 55 55 55 56 56 56 56 56 56 56 56 56 56 55 55    551
AUG  55 55 55 55 55 55 55 55 54 54 54 54 54 53 53 53 53 52 52 52 51 51 51 50 50 49 49 49 48 48 47    523
SEP  47 46 46 45 45 44 44 44 43 43 42 42 41 41 41 40 40 40 39 39 39 38 38 38 37 37 37 36 36 36       408
OCT  36 35 35 35 34 34 34 34 33 33 33 32 32 32 31 31 30 30 30 29 29 28 28 28 27 27 26 26 25 25 24    305
NOV  24 23 23 22 22 21 21 21 20 20 19 19 18 18 17 17 16 16 16 15 15 14 14 13 13 13 12 12 11 11       172
DEC  11 10 10 10  9  9  8  8  8  7  7  7  7  6  6  6  5  5  5  5  4  4  4  4  4  3  3  3  3  3  2     60
                                                                                                        
-------------------------------------------------------------------------------------------------       
 Maximum Temperature (deg F [tenths deg F for monthly])                                                 
 DAY  1  2  3  4  5  6  7  8  9 10 11 12 13 14 15 16 17 18 19 20 21 22 23 24 25 26 27 28 29 30 31  MONTH
-------------------------------------------------------------------------------------------------       
JAN  27 27 27 27 27 27 27 26 27 27 27 27 27 27 27 27 27 27 28 28 28 28 29 29 29 29 30 30 30 31 31    279
FEB  32 32 33 33 33 34 34 35 35 36 36 37 37 37 38 38 39 39 40 40 40 41 41 42 42 43 43 43             376
MAR  44 44 45 45 46 46 46 47 47 48 48 48 49 49 50 50 50 51 51 51 52 52 52 53 53 54 54 54 55 55 55    498
APR  56 56 56 57 57 57 58 58 58 58 59 59 59 60 60 60 61 61 61 62 62 62 63 63 63 63 64 64 64 65       602
MAY  65 65 66 66 66 67 67 67 67 68 68 68 69 69 70 70 70 71 71 71 72 72 72 73 73 74 74 74 75 75 75    700
JUN  76 76 77 77 77 78 78 79 79 79 80 80 81 81 81 82 82 82 83 83 83 84 84 84 85 85 85 86 86 86       813
JUL  87 87 87 88 88 88 88 89 89 89 89 90 90 90 90 90 90 91 91 91 91 91 91 91 91 91 91 91 91 91 92    898
AUG  91 91 91 91 91 91 91 91 91 91 91 90 90 90 90 89 89 89 89 88 88 87 87 87 86 86 85 85 84 84 83    886
SEP  83 82 82 81 81 80 80 79 79 78 78 77 77 76 76 76 75 75 74 74 73 73 72 72 72 71 71 70 70 70       759
OCT  69 69 68 68 68 67 67 66 66 65 65 64 64 63 63 62 62 61 60 60 59 59 58 57 57 56 55 55 54 53 53    617
NOV  52 51 50 50 49 48 48 47 46 46 45 44 44 43 43 42 42 41 40 40 39 39 38 38 38 37 37 36 36 35       428
DEC  35 35 34 34 34 33 33 33 32 32 32 31 31 31 31 30 30 30 30 29 29 29 29 28 28 28 28 28 28 27 27    306
                                                                                                        
-------------------------------------------------------------------------------------------------       
 Average Temperature (deg F [tenths deg F for monthly])                                                 
 DAY  1  2  3  4  5  6  7  8  9 10 11 12 13 14 15 16 17 18 19 20 21 22 23 24 25 26 27 28 29 30 31  MONTH
-------------------------------------------------------------------------------------------------       
JAN  15 15 15 14 14 14 14 14 14 14 14 14 14 14 14 15 15 15 15 15 15 16 16 16 16 16 17 17 17 18 18    152
FEB  18 19 19 20 20 20 21 21 21 22 22 23 23 23 24 24 25 25 26 26 26 27 27 28 28 29 29 30             238
MAR  30 30 31 31 32 32 33 33 33 34 34 35 35 35 36 36 36 37 37 38 38 38 39 39 39 40 40 40 40 41 41    359
APR  41 42 42 42 43 43 43 43 44 44 44 45 45 45 46 46 46 47 47 47 47 48 48 48 49 49 49 50 50 51       458
MAY  51 51 52 52 52 53 53 53 54 54 54 55 55 55 56 56 56 57 57 57 58 58 58 59 59 59 60 60 60 61 61    560
JUN  62 62 62 63 63 63 63 64 64 64 65 65 65 66 66 66 67 67 67 67 68 68 68 68 69 69 69 70 70 70       660
JUL  70 71 71 71 71 71 72 72 72 72 72 72 73 73 73 73 73 73 73 73 73 73 73 73 73 73 74 74 74 73 73    725
AUG  73 73 73 73 73 73 73 73 73 72 72 72 72 72 71 71 71 71 70 70 70 69 69 69 68 68 67 67 66 66 65    705
SEP  65 64 64 63 63 62 62 61 61 61 60 60 59 59 58 58 58 57 57 56 56 56 55 55 55 54 54 53 53 53       584
OCT  52 52 52 51 51 51 50 50 50 49 49 48 48 47 47 46 46 46 45 45 44 44 43 42 42 41 41 40 40 39 38    461
NOV  38 37 37 36 35 35 34 34 33 33 32 32 31 30 30 29 29 28 28 28 27 27 26 26 25 25 24 24 24 23       300
DEC  23 22 22 22 21 21 21 20 20 20 19 19 19 19 18 18 18 17 17 17 17 17 16 16 16 16 16 15 15 15 15    183
                                                                                                        
-------------------------------------------------------------------------------------------------       
 Heating Degree Days                                                                                    
 DAY  1  2  3  4  5  6  7  8  9 10 11 12 13 14 15 16 17 18 19 20 21 22 23 24 25 26 27 28 29 30 31  MONTH
-------------------------------------------------------------------------------------------------       
JAN  50 50 50 51 51 51 51 51 51 51 51 51 51 51 51 50 50 50 50 50 50 49 49 49 49 49 48 48 48 47 47   1545
FEB  47 46 46 45 45 45 44 44 44 43 43 42 42 42 41 41 40 40 39 39 39 38 38 37 37 36 36 36            1155
MAR  35 35 34 34 33 33 32 32 32 31 31 30 30 30 29 29 29 28 28 27 27 27 26 26 26 25 25 25 25 24 24    902
APR  24 23 23 23 23 22 22 22 21 21 21 20 20 20 19 19 19 18 18 18 17 17 17 17 16 16 15 15 15 14       575
MAY  14 14 13 13 13 12 12 12 11 11 11 11 10 10 10  9  9  9  8  8  8  8  7  7  7  7  6  6  6  6  6    294
JUN   5  5  5  5  4  4  4  4  4  4  3  3  3  3  3  3  3  2  2  2  2  2  2  2  2  2  2  1  1  1        88
JUL   1  1  1  1  1  1  1  1  1  1  1  1  1  1  1  1  1  1  1  0  0  0  0  0  0  0  0  0  0  0  0     19
AUG   0  0  0  0  0  0  0  0  0  0  0  0  0  0  1  1  1  1  1  1  1  2  2  2  2  2  3  3  3  3  3     32
SEP   4  4  4  4  5  5  5  6  6  6  6  7  7  7  8  8  8  8  9  9  9 10 10 10 11 11 11 12 12 12       234
OCT  13 13 13 14 14 14 15 15 15 16 16 17 17 18 18 19 19 19 20 20 21 21 22 23 23 24 24 25 25 26 27    586
NOV  27 28 28 29 30 30 31 31 32 32 33 34 34 35 35 36 36 37 37 37 38 38 39 39 40 40 41 41 41 42      1051
DEC  42 43 43 43 44 44 44 45 45 45 46 46 46 46 47 47 47 47 48 48 48 48 49 49 49 49 49 50 50 50 50   1447
                                                                                                        
-------------------------------------------------------------------------------------------------       
 Cooling Degree Days                                                                                    
 DAY  1  2  3  4  5  6  7  8  9 10 11 12 13 14 15 16 17 18 19 20 21 22 23 24 25 26 27 28 29 30 31  MONTH
-------------------------------------------------------------------------------------------------       
JAN   0  0  0  0  0  0  0  0  0  0  0  0  0  0  0  0  0  0  0  0  0  0  0  0  0  0  0  0  0  0  0      0
FEB   0  0  0  0  0  0  0  0  0  0  0  0  0  0  0  0  0  0  0  0  0  0  0  0  0  0  0  0               0
MAR   0  0  0  0  0  0  0  0  0  0  0  0  0  0  0  0  0  0  0  0  0  0  0  0  0  0  0  0  0  0  0      0
APR   0  0  0  0  0  0  0  0  0  0  0  0  0  0  0  0  0  0  0  0  0  0  0  0  0  0  0  0  0  0         0
MAY   0  0  0  0  0  0  0  0  0  0  0  0  0  0  0  0  0  0  0  1  1  1  1  1  1  1  1  1  1  1  2     13
JUN   2  2  2  2  2  2  3  3  3  3  3  3  3  4  4  4  4  4  4  5  5  5  5  5  5  6  6  6  6  6       117
JUL   6  7  7  7  7  7  7  8  8  8  8  8  8  8  8  8  8  8  8  8  9  9  9  9  9  9  9  9  8  8  8    248
AUG   8  8  8  8  8  8  8  8  8  8  7  7  7  7  7  7  7  6  6  6  6  6  6  5  5  5  5  4  4  4  4    201
SEP   4  3  3  3  3  2  2  2  2  2  1  1  1  1  1  1  1  1  0  0  0  0  0  0  0  0  0  0  0  0        34
OCT   0  0  0  0  0  0  0  0  0  0  0  0  0  0  0  0  0  0  0  0  0  0  0  0  0  0  0  0  0  0  0      0
NOV   0  0  0  0  0  0  0  0  0  0  0  0  0  0  0  0  0  0  0  0  0  0  0  0  0  0  0  0  0  0         0
DEC   0  0  0  0  0  0  0  0  0  0  0  0  0  0  0  0  0  0  0  0  0  0  0  0  0  0  0  0  0  0  0      0
                                                                                                        
-------------------------------------------------------------------------------------------------       
 Total  Precipitation (Hundreths of an Inch)                                                            
 DAY  1  2  3  4  5  6  7  8  9 10 11 12 13 14 15 16 17 18 19 20 21 22 23 24 25 26 27 28 29 30 31  MONTH
-------------------------------------------------------------------------------------------------       
JAN   1  1  1  1  1  1  1  1  1  1  1  1  1  1  1  1  1  1  1  1  1  1  1  1  1  1  1  0  0  0  0     27
FEB   1  1  1  1  1  1  1  0  0  0  0  0  0  0  0  0  1  1  1  1  1  1  1  1  1  1  1  1              19
MAR   1  1  1  1  1  1  1  1  1  1  1  1  1  1  1  1  1  1  1  1  2  2  2  2  2  2  2  2  2  2  2     42
APR   2  2  2  2  2  2  2  2  2  2  2  3  3  3  3  3  3  3  3  3  3  3  3  4  4  4  4  4  4  4        86
MAY   4  5  5  5  5  5  5  5  5  5  5  5  5  5  6  6  6  6  6  6  6  6  5  5  5  5  5  5  5  5  5    162
JUN   5  5  5  5  5  5  4  4  4  4  4  4  4  4  4  4  4  4  4  3  3  3  3  3  3  3  3  3  3  3       115
JUL   3  3  3  3  3  3  3  3  2  2  2  2  2  2  2  2  2  2  2  2  2  2  2  2  2  2  2  2  2  2  2     70
AUG   2  2  2  2  2  2  1  1  1  1  2  2  2  2  2  2  2  2  2  2  2  2  2  2  2  2  2  2  2  2  2     58
SEP   2  2  2  3  3  3  3  3  3  3  3  3  3  3  3  3  3  3  3  3  3  3  3  3  3  3  3  3  3  3        87
OCT   3  3  3  3  3  3  3  3  3  3  3  3  3  2  2  2  2  2  2  2  2  2  2  2  2  2  2  2  2  2  2     75
NOV   2  2  2  2  2  2  2  1  1  1  1  1  1  1  1  1  1  1  1  1  1  1  1  1  1  1  1  1  1  1        37
DEC   1  1  1  1  1  1  1  1  1  1  1  1  1  0  0  0  0  0  0  1  1  1  1  1  1  1  1  1  1  1  1     25
                                                                                                        
