-------------------------------------------------------------------------------------------------       
 1971-2000 Daily/Monthly Station Normals                                                                
 Provided by National Climatic Data Center/NESDIS/NOAA                                                  
-------------------------------------------------------------------------------------------------       
 Station COOP ID:                           487533                                                      
 Station Name, State, Division, Call:       RAWLINS AP                         WY 10 RWL                
 Latitude, Longitude, Elevation, Elements:  41 48 20 -107 12 00  6736 XNP                               
-------------------------------------------------------------------------------------------------       
 Minimum Temperature (deg F [tenths deg F for monthly])                                                 
 DAY  1  2  3  4  5  6  7  8  9 10 11 12 13 14 15 16 17 18 19 20 21 22 23 24 25 26 27 28 29 30 31  MONTH
-------------------------------------------------------------------------------------------------       
JAN  12 12 12 12 12 12 12 12 12 12 12 12 12 12 12 12 13 13 13 13 13 13 13 13 13 13 13 13 13 13 13    125
FEB  13 13 13 13 13 14 14 14 14 14 14 14 15 15 15 15 15 16 16 16 16 16 17 17 17 18 18 18             151
MAR  18 19 19 19 20 20 20 20 21 21 21 21 22 22 22 22 22 23 23 23 23 24 24 24 24 24 24 25 25 25 25    221
APR  25 25 26 26 26 26 26 26 27 27 27 27 27 27 28 28 28 28 29 29 29 29 30 30 30 30 31 31 31 31       280
MAY  32 32 32 33 33 33 33 34 34 34 35 35 35 36 36 36 36 37 37 37 38 38 38 38 39 39 39 40 40 40 40    361
JUN  41 41 41 42 42 42 42 43 43 43 43 44 44 44 45 45 45 45 46 46 46 46 47 47 47 47 47 48 48 48       446
JUL  49 49 49 49 49 50 50 50 50 50 50 50 51 51 51 51 51 51 51 51 51 51 51 51 51 51 51 52 51 51 51    505
AUG  51 51 51 51 51 51 51 51 51 51 50 50 50 50 50 50 49 49 49 49 49 48 48 48 47 47 47 47 46 46 46    492
SEP  45 45 45 44 44 43 43 43 42 42 42 42 41 41 41 40 40 40 39 39 39 38 38 38 38 37 37 37 36 36       405
OCT  36 36 35 35 35 34 34 34 34 33 33 33 32 32 32 31 31 31 30 30 29 29 29 28 28 28 27 27 26 26 26    311
NOV  25 25 24 24 24 23 23 22 22 22 21 21 21 20 20 20 19 19 19 19 18 18 18 17 17 17 17 16 16 16       201
DEC  16 16 15 15 15 15 15 14 14 14 14 14 14 13 13 13 13 13 13 13 13 13 13 13 12 12 12 12 12 12 12    135
                                                                                                        
-------------------------------------------------------------------------------------------------       
 Maximum Temperature (deg F [tenths deg F for monthly])                                                 
 DAY  1  2  3  4  5  6  7  8  9 10 11 12 13 14 15 16 17 18 19 20 21 22 23 24 25 26 27 28 29 30 31  MONTH
-------------------------------------------------------------------------------------------------       
JAN  33 33 33 33 33 33 33 33 33 33 33 33 33 33 33 33 33 33 33 33 34 34 34 34 34 34 34 34 34 34 35    334
FEB  35 35 35 35 35 35 35 36 36 36 36 36 37 37 37 37 37 38 38 38 38 39 39 39 40 40 40 40             371
MAR  41 41 41 42 42 42 43 43 43 44 44 44 45 45 45 46 46 46 46 47 47 47 48 48 48 49 49 49 50 50 50    455
APR  51 51 51 51 52 52 52 53 53 53 54 54 54 55 55 55 56 56 56 57 57 57 57 58 58 58 59 59 59 60       551
MAY  60 60 61 61 61 62 62 63 63 63 64 64 64 65 65 66 66 66 67 67 68 68 68 69 69 70 70 71 71 71 72    657
JUN  72 73 73 74 74 74 75 75 76 76 76 77 77 78 78 78 79 79 79 80 80 80 81 81 81 82 82 82 82 83       779
JUL  83 83 84 84 84 84 84 85 85 85 85 85 85 86 86 86 86 86 86 86 86 86 86 86 86 86 86 86 86 86 86    853
AUG  86 86 86 86 86 86 86 86 86 85 85 85 85 85 85 84 84 84 84 83 83 83 82 82 82 81 81 81 80 80 80    838
SEP  79 79 78 78 78 77 77 76 76 76 75 75 74 74 73 73 73 72 72 71 71 71 70 70 69 69 69 68 68 68       733
OCT  67 67 66 66 65 65 65 64 64 63 63 62 62 61 61 60 60 59 59 58 58 57 56 56 55 54 54 53 52 52 51    598
NOV  50 50 49 49 48 47 47 46 46 45 45 44 43 43 43 42 42 41 41 40 40 40 39 39 39 38 38 38 38 37       429
DEC  37 37 37 36 36 36 36 36 35 35 35 35 35 35 35 34 34 34 34 34 34 34 34 34 33 33 33 33 33 33 33    346
                                                                                                        
-------------------------------------------------------------------------------------------------       
 Average Temperature (deg F [tenths deg F for monthly])                                                 
 DAY  1  2  3  4  5  6  7  8  9 10 11 12 13 14 15 16 17 18 19 20 21 22 23 24 25 26 27 28 29 30 31  MONTH
-------------------------------------------------------------------------------------------------       
JAN  23 23 23 23 23 22 22 23 23 23 23 23 23 23 23 23 23 23 23 23 23 23 23 23 23 23 23 23 23 24 24    230
FEB  24 24 24 24 24 24 25 25 25 25 25 25 26 26 26 26 26 27 27 27 27 28 28 28 28 29 29 29             261
MAR  30 30 30 31 31 31 31 32 32 32 33 33 33 33 34 34 34 34 35 35 35 35 36 36 36 36 37 37 37 37 38    338
APR  38 38 38 39 39 39 39 40 40 40 40 41 41 41 41 42 42 42 42 43 43 43 44 44 44 44 45 45 45 46       416
MAY  46 46 47 47 47 48 48 48 48 49 49 49 50 50 50 51 51 52 52 52 53 53 53 54 54 54 55 55 55 56 56    509
JUN  57 57 57 58 58 58 59 59 59 60 60 60 61 61 61 62 62 62 63 63 63 63 64 64 64 64 65 65 65 65       613
JUL  66 66 66 66 66 67 67 67 67 67 68 68 68 68 68 68 68 68 68 69 69 69 69 69 69 69 69 69 69 69 69    679
AUG  69 69 69 69 69 68 68 68 68 68 68 68 68 67 67 67 67 66 66 66 66 65 65 65 65 64 64 64 63 63 63    665
SEP  62 62 61 61 61 60 60 60 59 59 58 58 58 57 57 57 56 56 56 55 55 55 54 54 54 53 53 52 52 52       569
OCT  52 51 51 51 50 50 49 49 49 48 48 47 47 47 46 46 45 45 44 44 44 43 43 42 42 41 41 40 39 39 38    455
NOV  38 37 37 36 36 35 35 34 34 33 33 33 32 32 31 31 31 30 30 29 29 29 28 28 28 28 27 27 27 27       315
DEC  26 26 26 26 26 25 25 25 25 25 25 24 24 24 24 24 24 24 23 23 23 23 23 23 23 23 23 23 23 23 23    241
                                                                                                        
-------------------------------------------------------------------------------------------------       
 Heating Degree Days                                                                                    
 DAY  1  2  3  4  5  6  7  8  9 10 11 12 13 14 15 16 17 18 19 20 21 22 23 24 25 26 27 28 29 30 31  MONTH
-------------------------------------------------------------------------------------------------       
JAN  42 42 42 42 43 43 43 43 42 42 42 42 42 42 42 42 42 42 42 42 42 42 42 42 42 42 42 42 42 41 41   1304
FEB  41 41 41 41 41 41 40 40 40 40 40 40 40 39 39 39 39 38 38 38 38 37 37 37 37 36 36 36            1090
MAR  35 35 35 34 34 34 34 33 33 33 32 32 32 32 31 31 31 31 30 30 30 30 29 29 29 29 28 28 28 28 27    967
APR  27 27 27 26 26 26 26 26 25 25 25 24 24 24 24 23 23 23 23 22 22 22 21 21 21 21 20 20 20 19       703
MAY  19 19 18 18 18 17 17 17 16 16 16 15 15 15 14 14 14 13 13 13 13 12 12 12 11 11 11 10 10 10  9    438
JUN   9  9  8  8  8  8  7  7  7  7  6  6  6  6  5  5  5  5  4  4  4  4  4  4  3  3  3  3  3  3       164
JUL   3  2  2  2  2  2  2  2  2  1  1  1  1  1  1  1  1  1  1  1  1  1  1  1  0  0  0  0  0  0  0     34
AUG   0  0  0  0  0  0  0  1  1  1  1  1  1  1  1  1  1  2  2  2  2  2  2  3  3  3  3  3  4  4  4     49
SEP   4  5  5  5  5  6  6  6  7  7  7  7  8  8  8  9  9  9 10 10 10 10 11 11 11 12 12 12 13 13       256
OCT  13 14 14 14 15 15 16 16 16 17 17 18 18 18 19 19 20 20 21 21 22 22 22 23 23 24 25 25 26 26 27    606
NOV  27 28 28 29 29 30 30 31 31 32 32 32 33 33 34 34 34 35 35 36 36 36 37 37 37 37 38 38 38 38      1005
DEC  39 39 39 39 39 40 40 40 40 40 41 41 41 41 41 41 41 41 42 42 42 42 42 42 42 42 42 42 42 42 42   1269
                                                                                                        
-------------------------------------------------------------------------------------------------       
 Cooling Degree Days                                                                                    
 DAY  1  2  3  4  5  6  7  8  9 10 11 12 13 14 15 16 17 18 19 20 21 22 23 24 25 26 27 28 29 30 31  MONTH
-------------------------------------------------------------------------------------------------       
JAN   0  0  0  0  0  0  0  0  0  0  0  0  0  0  0  0  0  0  0  0  0  0  0  0  0  0  0  0  0  0  0      0
FEB   0  0  0  0  0  0  0  0  0  0  0  0  0  0  0  0  0  0  0  0  0  0  0  0  0  0  0  0               0
MAR   0  0  0  0  0  0  0  0  0  0  0  0  0  0  0  0  0  0  0  0  0  0  0  0  0  0  0  0  0  0  0      0
APR   0  0  0  0  0  0  0  0  0  0  0  0  0  0  0  0  0  0  0  0  0  0  0  0  0  0  0  0  0  0         0
MAY   0  0  0  0  0  0  0  0  0  0  0  0  0  0  0  0  0  0  0  0  0  0  0  0  0  0  0  0  0  0  1      1
JUN   1  1  1  1  1  1  1  1  1  1  1  1  1  1  2  2  2  2  2  2  2  2  2  2  2  3  3  3  3  3        51
JUL   3  3  4  4  4  4  4  4  4  4  4  4  4  4  4  4  4  4  4  4  4  5  5  4  4  4  4  4  4  4  4    124
AUG   4  4  4  4  4  4  4  4  4  4  3  3  3  3  3  3  3  3  3  3  3  3  2  2  2  2  2  2  2  2  2     94
SEP   2  1  1  1  1  1  1  1  1  1  1  0  0  0  0  0  0  0  0  0  0  0  0  0  0  0  0  0  0  0        12
OCT   0  0  0  0  0  0  0  0  0  0  0  0  0  0  0  0  0  0  0  0  0  0  0  0  0  0  0  0  0  0  0      0
NOV   0  0  0  0  0  0  0  0  0  0  0  0  0  0  0  0  0  0  0  0  0  0  0  0  0  0  0  0  0  0         0
DEC   0  0  0  0  0  0  0  0  0  0  0  0  0  0  0  0  0  0  0  0  0  0  0  0  0  0  0  0  0  0  0      0
                                                                                                        
-------------------------------------------------------------------------------------------------       
 Total  Precipitation (Hundreths of an Inch)                                                            
 DAY  1  2  3  4  5  6  7  8  9 10 11 12 13 14 15 16 17 18 19 20 21 22 23 24 25 26 27 28 29 30 31  MONTH
-------------------------------------------------------------------------------------------------       
JAN   1  1  1  1  1  1  2  2  2  2  2  2  2  2  2  2  2  2  2  2  2  2  2  2  2  2  2  2  2  2  2     56
FEB   2  2  2  2  2  2  2  2  2  2  2  2  2  2  2  2  2  2  2  2  2  2  2  2  1  1  1  1              52
MAR   2  2  2  2  2  2  2  2  2  2  2  2  2  2  2  2  2  2  2  2  2  2  2  2  2  2  2  2  3  3  3     65
APR   3  3  3  3  3  3  3  3  3  3  3  3  3  3  3  4  4  4  4  4  4  4  4  4  4  4  4  4  4  5       106
MAY   5  5  5  5  5  5  5  5  5  5  5  5  5  5  5  5  5  5  5  5  5  5  5  5  5  4  4  4  4  4  4    149
JUN   4  4  4  3  3  3  3  3  3  3  3  3  3  3  3  3  3  3  3  3  3  3  3  3  3  3  3  3  3  3        93
JUL   2  2  3  3  3  3  3  3  3  3  3  3  3  3  3  3  3  3  3  3  3  3  3  3  3  3  3  3  3  3  2     90
AUG   3  3  3  3  3  3  3  3  3  3  3  3  3  3  3  2  2  2  2  2  2  2  2  2  2  2  2  3  3  3  3     81
SEP   2  2  2  2  2  2  2  2  3  3  3  3  3  3  3  3  3  3  3  3  3  3  3  3  3  3  3  3  3  3        82
OCT   3  3  3  3  3  3  3  3  3  3  3  3  3  3  3  3  3  3  3  3  3  3  3  3  2  2  2  2  2  2  2     86
NOV   3  3  3  3  3  2  2  2  2  2  2  2  2  2  2  2  2  2  2  2  2  2  2  2  2  2  2  2  2  2        65
DEC   2  2  2  2  2  2  2  2  2  2  2  2  1  1  1  1  1  1  1  1  1  1  1  1  1  2  2  2  2  2  2     49
                                                                                                        
