-------------------------------------------------------------------------------------------------       
 1971-2000 Daily/Monthly Station Normals                                                                
 Provided by National Climatic Data Center/NESDIS/NOAA                                                  
-------------------------------------------------------------------------------------------------       
 Station COOP ID:                           485830                                                      
 Station Name, State, Division, Call:       LUSK 2 SW                          WY 07                    
 Latitude, Longitude, Elevation, Elements:  42 45 00 -104 29 00  5090 XNP                               
-------------------------------------------------------------------------------------------------       
 Minimum Temperature (deg F [tenths deg F for monthly])                                                 
 DAY  1  2  3  4  5  6  7  8  9 10 11 12 13 14 15 16 17 18 19 20 21 22 23 24 25 26 27 28 29 30 31  MONTH
-------------------------------------------------------------------------------------------------       
JAN   9  9  9  9  9  9  9  9 10 10 10 10 10 10 10 10 10 10 10 10 10 10 11 11 11 11 11 11 11 12 12    101
FEB  12 12 12 12 12 13 13 13 13 13 14 14 14 14 14 14 15 15 15 15 16 16 16 16 16 17 17 17             143
MAR  17 17 18 18 18 18 19 19 19 19 20 20 20 20 20 21 21 21 21 22 22 22 22 23 23 23 23 24 24 24 24    207
APR  25 25 25 25 26 26 26 26 27 27 27 27 28 28 28 29 29 29 30 30 30 30 31 31 31 32 32 32 33 33       286
MAY  33 34 34 34 35 35 35 36 36 36 36 37 37 37 38 38 38 39 39 39 40 40 40 40 41 41 41 42 42 42 43    380
JUN  43 43 44 44 44 44 45 45 45 46 46 46 46 47 47 47 47 48 48 48 48 49 49 49 49 50 50 50 50 50       469
JUL  51 51 51 51 52 52 52 52 52 52 53 53 53 53 53 53 53 53 53 53 53 53 53 54 54 54 54 54 53 53 53    527
AUG  53 53 53 53 53 53 53 53 53 52 52 52 52 52 52 51 51 51 51 50 50 50 50 49 49 49 48 48 48 47 47    509
SEP  46 46 46 45 45 44 44 44 43 43 43 42 42 41 41 41 40 40 40 39 39 38 38 38 37 37 37 36 36 36       409
OCT  35 35 35 34 34 34 33 33 33 32 32 32 31 31 31 30 30 29 29 29 28 28 27 27 27 26 26 25 25 25 24    300
NOV  24 23 23 23 22 22 21 21 21 20 20 20 19 19 19 18 18 18 17 17 17 16 16 16 15 15 15 15 14 14       186
DEC  14 13 13 13 13 13 12 12 12 12 11 11 11 11 11 11 11 10 10 10 10 10 10 10 10 10 10 10  9  9  9    110
                                                                                                        
-------------------------------------------------------------------------------------------------       
 Maximum Temperature (deg F [tenths deg F for monthly])                                                 
 DAY  1  2  3  4  5  6  7  8  9 10 11 12 13 14 15 16 17 18 19 20 21 22 23 24 25 26 27 28 29 30 31  MONTH
-------------------------------------------------------------------------------------------------       
JAN  34 34 34 33 33 33 33 33 33 33 33 33 33 33 33 33 33 33 33 34 34 34 34 34 34 34 34 35 35 35 35    336
FEB  35 36 36 36 36 36 37 37 37 37 37 38 38 38 38 39 39 39 39 40 40 40 40 40 41 41 41 41             383
MAR  42 42 42 42 43 43 43 44 44 44 44 45 45 45 45 46 46 46 46 47 47 47 48 48 48 48 49 49 49 50 50    457
APR  50 51 51 51 51 52 52 52 53 53 53 54 54 54 55 55 55 55 56 56 56 57 57 57 58 58 58 59 59 59       547
MAY  60 60 60 60 61 61 61 62 62 62 63 63 63 64 64 65 65 65 66 66 66 67 67 67 68 68 69 69 69 70 70    646
JUN  71 71 71 72 72 72 73 73 74 74 74 75 75 75 76 76 76 77 77 77 78 78 78 79 79 79 79 80 80 80       757
JUL  81 81 81 81 82 82 82 82 82 83 83 83 83 83 83 84 84 84 84 84 84 84 84 84 84 85 85 85 85 85 85    833
AUG  85 85 85 84 84 84 84 84 84 84 84 84 84 83 83 83 83 83 82 82 82 82 81 81 81 80 80 80 79 79 79    825
SEP  78 78 77 77 77 76 76 75 75 75 74 74 73 73 73 72 72 72 71 71 71 70 70 69 69 69 68 68 68 67       726
OCT  67 67 66 66 65 65 65 64 64 63 63 62 62 61 61 60 60 59 59 58 58 57 56 56 55 55 54 53 53 52 51    599
NOV  51 50 49 49 48 48 47 46 46 45 45 44 44 43 43 42 42 42 41 41 41 40 40 40 39 39 39 39 38 38       433
DEC  38 38 38 37 37 37 37 37 37 37 36 36 36 36 36 36 35 35 35 35 35 35 35 35 34 34 34 34 34 34 34    357
                                                                                                        
-------------------------------------------------------------------------------------------------       
 Average Temperature (deg F [tenths deg F for monthly])                                                 
 DAY  1  2  3  4  5  6  7  8  9 10 11 12 13 14 15 16 17 18 19 20 21 22 23 24 25 26 27 28 29 30 31  MONTH
-------------------------------------------------------------------------------------------------       
JAN  22 22 22 21 21 21 21 21 21 21 21 21 21 22 22 22 22 22 22 22 22 22 22 22 23 23 23 23 23 23 23    219
FEB  24 24 24 24 24 24 25 25 25 25 25 26 26 26 26 27 27 27 27 27 28 28 28 28 29 29 29 29             263
MAR  29 30 30 30 30 31 31 31 31 32 32 32 32 33 33 33 33 34 34 34 34 35 35 35 36 36 36 36 37 37 37    332
APR  37 38 38 38 39 39 39 39 40 40 40 41 41 41 42 42 42 42 43 43 43 44 44 44 45 45 45 45 46 46       417
MAY  46 47 47 47 48 48 48 49 49 49 50 50 50 51 51 51 51 52 52 53 53 53 54 54 54 55 55 55 56 56 56    513
JUN  57 57 57 58 58 58 59 59 59 60 60 60 61 61 61 62 62 62 63 63 63 63 64 64 64 64 65 65 65 65       613
JUL  66 66 66 66 67 67 67 67 67 67 68 68 68 68 68 68 68 69 69 69 69 69 69 69 69 69 69 69 69 69 69    680
AUG  69 69 69 69 69 69 69 68 68 68 68 68 68 68 67 67 67 67 67 66 66 66 65 65 65 64 64 64 63 63 63    667
SEP  62 62 61 61 61 60 60 60 59 59 58 58 58 57 57 57 56 56 55 55 55 54 54 54 53 53 53 52 52 52       568
OCT  51 51 51 50 50 49 49 49 48 48 47 47 47 46 46 45 45 44 44 43 43 42 42 42 41 41 40 39 39 38 38    450
NOV  37 37 36 36 35 35 34 34 33 33 33 32 32 31 31 30 30 30 29 29 29 28 28 28 27 27 27 27 26 26       310
DEC  26 26 25 25 25 25 25 24 24 24 24 24 24 23 23 23 23 23 23 23 23 22 22 22 22 22 22 22 22 22 22    234
                                                                                                        
-------------------------------------------------------------------------------------------------       
 Heating Degree Days                                                                                    
 DAY  1  2  3  4  5  6  7  8  9 10 11 12 13 14 15 16 17 18 19 20 21 22 23 24 25 26 27 28 29 30 31  MONTH
-------------------------------------------------------------------------------------------------       
JAN  43 43 44 44 44 44 44 44 44 44 44 44 44 43 43 43 43 43 43 43 43 43 43 43 43 42 42 42 42 42 42   1338
FEB  41 41 41 41 41 41 40 40 40 40 40 39 39 39 39 38 38 38 38 38 37 37 37 37 36 36 36 36            1084
MAR  36 35 35 35 35 34 34 34 34 33 33 33 33 32 32 32 32 31 31 31 31 30 30 30 29 29 29 29 28 28 28    986
APR  28 27 27 27 27 26 26 26 25 25 25 24 24 24 24 23 23 23 22 22 22 21 21 21 20 20 20 20 19 19       701
MAY  19 18 18 18 17 17 17 16 16 16 15 15 15 14 14 14 13 13 13 12 12 12 12 11 11 11 10 10 10  9  9    427
JUN   9  9  8  8  8  7  7  7  7  6  6  6  6  5  5  5  5  5  4  4  4  4  4  3  3  3  3  3  3  3       160
JUL   2  2  2  2  2  2  2  2  2  1  1  1  1  1  1  1  1  1  1  1  1  1  1  1  1  1  0  0  0  0  0     35
AUG   0  0  0  0  1  1  1  1  1  1  1  1  1  1  1  1  2  2  2  2  2  2  3  3  3  3  3  4  4  4  4     55
SEP   5  5  5  5  6  6  6  7  7  7  7  8  8  8  9  9  9 10 10 10 11 11 11 12 12 12 13 13 13 14       269
OCT  14 14 15 15 15 16 16 16 17 17 18 18 18 19 19 20 20 21 21 22 22 23 23 23 24 25 25 26 26 27 27    622
NOV  28 28 29 29 30 30 31 31 32 32 33 33 34 34 34 35 35 35 36 36 36 37 37 37 38 38 38 38 39 39      1022
DEC  39 39 40 40 40 40 40 41 41 41 41 41 41 42 42 42 42 42 42 42 43 43 43 43 43 43 43 43 43 43 44   1292
                                                                                                        
-------------------------------------------------------------------------------------------------       
 Cooling Degree Days                                                                                    
 DAY  1  2  3  4  5  6  7  8  9 10 11 12 13 14 15 16 17 18 19 20 21 22 23 24 25 26 27 28 29 30 31  MONTH
-------------------------------------------------------------------------------------------------       
JAN   0  0  0  0  0  0  0  0  0  0  0  0  0  0  0  0  0  0  0  0  0  0  0  0  0  0  0  0  0  0  0      0
FEB   0  0  0  0  0  0  0  0  0  0  0  0  0  0  0  0  0  0  0  0  0  0  0  0  0  0  0  0               0
MAR   0  0  0  0  0  0  0  0  0  0  0  0  0  0  0  0  0  0  0  0  0  0  0  0  0  0  0  0  0  0  0      0
APR   0  0  0  0  0  0  0  0  0  0  0  0  0  0  0  0  0  0  0  0  0  0  0  0  0  0  0  0  0  0         0
MAY   0  0  0  0  0  0  0  0  0  0  0  0  0  0  0  0  0  0  0  0  0  0  0  0  0  0  0  0  0  1  1      2
JUN   1  1  1  1  1  1  1  1  1  1  1  1  1  1  1  2  2  2  2  2  2  2  2  2  2  3  3  3  3  3        50
JUL   3  3  3  3  4  4  4  4  4  4  4  4  4  4  4  4  4  4  4  4  4  5  5  5  5  5  5  5  5  4  4    128
AUG   4  4  4  4  4  4  4  4  4  4  4  4  4  4  4  4  4  4  3  3  3  3  3  3  3  3  3  3  2  2  2    108
SEP   2  2  2  2  2  1  1  1  1  1  1  1  1  1  1  1  0  0  0  0  0  0  0  0  0  0  0  0  0  0        21
OCT   0  0  0  0  0  0  0  0  0  0  0  0  0  0  0  0  0  0  0  0  0  0  0  0  0  0  0  0  0  0  0      0
NOV   0  0  0  0  0  0  0  0  0  0  0  0  0  0  0  0  0  0  0  0  0  0  0  0  0  0  0  0  0  0         0
DEC   0  0  0  0  0  0  0  0  0  0  0  0  0  0  0  0  0  0  0  0  0  0  0  0  0  0  0  0  0  0  0      0
                                                                                                        
-------------------------------------------------------------------------------------------------       
 Total  Precipitation (Hundreths of an Inch)                                                            
 DAY  1  2  3  4  5  6  7  8  9 10 11 12 13 14 15 16 17 18 19 20 21 22 23 24 25 26 27 28 29 30 31  MONTH
-------------------------------------------------------------------------------------------------       
JAN   2  2  2  2  2  2  2  2  2  2  2  2  2  2  2  2  2  1  1  1  2  2  2  2  2  2  2  2  2  2  2     59
FEB   2  2  2  2  2  2  2  2  2  2  2  2  2  2  2  2  2  2  2  2  2  2  3  3  3  3  3  3              62
MAR   3  3  3  3  3  3  3  3  3  3  3  3  4  4  4  4  4  4  4  4  4  4  5  5  5  5  5  5  5  6  6    123
APR   6  6  6  6  6  6  7  7  7  7  7  7  7  7  8  8  8  8  8  8  8  8  8  8  8  9  9  9  9  9       225
MAY   9  9  9  9  9  9  9  9  9  9  9  9  9  9  9  9  9  9  9  9  9  9  9  9  9  9  8  8  8  8  8    274
JUN   8  8  8  7  7  7  7  7  7  7  7  7  7  7  7  7  7  7  7  7  7  7  7  7  7  7  7  7  7  7       213
JUL   7  7  7  7  7  7  7  7  7  7  7  7  7  7  7  7  6  6  6  6  6  6  6  6  6  5  5  5  5  5  5    196
AUG   4  4  4  4  4  4  4  3  3  3  3  3  3  3  3  3  3  3  3  3  3  3  3  3  3  3  3  3  3  3  3    100
SEP   3  3  4  4  4  4  4  4  4  4  4  4  4  4  4  4  4  4  4  5  5  5  5  5  5  5  5  5  5  5       129
OCT   5  5  5  5  5  5  5  4  4  4  4  4  4  4  4  4  4  4  4  4  4  4  4  4  4  4  4  4  3  3  3    128
NOV   3  3  3  3  3  3  3  3  3  3  3  3  3  3  3  3  3  2  2  2  2  2  2  2  2  2  2  2  2  2        77
DEC   3  3  3  2  2  2  2  2  2  2  2  2  2  2  2  2  2  2  2  2  2  2  2  2  2  2  2  2  2  2  2     65
                                                                                                        
