-------------------------------------------------------------------------------------------------       
 1971-2000 Daily/Monthly Station Normals                                                                
 Provided by National Climatic Data Center/NESDIS/NOAA                                                  
-------------------------------------------------------------------------------------------------       
 Station COOP ID:                           096323                                                      
 Station Name, State, Division, Call:       NEWINGTON                          GA 06                    
 Latitude, Longitude, Elevation, Elements:  32 35 43 -081 29 59   209 XNP                               
-------------------------------------------------------------------------------------------------       
 Minimum Temperature (deg F [tenths deg F for monthly])                                                 
 DAY  1  2  3  4  5  6  7  8  9 10 11 12 13 14 15 16 17 18 19 20 21 22 23 24 25 26 27 28 29 30 31  MONTH
-------------------------------------------------------------------------------------------------       
JAN  35 35 35 35 35 34 34 34 34 34 34 34 34 34 34 34 34 35 35 35 35 35 35 35 35 35 35 35 35 35 35    346
FEB  35 35 35 35 36 36 36 36 36 36 36 36 37 37 37 37 37 38 38 38 38 38 39 39 39 39 40 40             371
MAR  40 40 41 41 41 42 42 42 42 43 43 43 43 43 44 44 44 44 45 45 45 45 45 46 46 46 46 46 47 47 47    438
APR  47 47 47 48 48 48 48 48 49 49 49 49 50 50 50 50 51 51 51 52 52 52 52 53 53 53 54 54 55 55       505
MAY  55 56 56 57 57 57 58 58 58 59 59 59 60 60 60 61 61 61 61 62 62 62 62 63 63 63 63 64 64 64 64    603
JUN  65 65 65 65 65 66 66 66 66 66 67 67 67 67 67 67 68 68 68 68 68 68 69 69 69 69 69 69 70 70       673
JUL  70 70 70 70 70 70 71 71 71 71 71 71 71 71 71 71 71 71 71 71 71 71 71 71 71 71 71 71 71 71 71    708
AUG  71 71 71 71 71 71 71 70 70 70 70 70 70 70 70 70 70 69 69 69 69 69 69 69 69 69 68 68 68 68 68    696
SEP  68 68 67 67 67 67 67 66 66 66 66 65 65 65 64 64 64 64 63 63 63 62 62 61 61 61 60 60 59 59       640
OCT  59 58 58 57 57 56 56 56 55 55 54 54 53 53 53 52 52 52 51 51 50 50 50 49 49 49 48 48 48 47 47    525
NOV  47 47 46 46 46 45 45 45 44 44 44 44 43 43 43 43 42 42 42 42 41 41 41 40 40 40 40 40 39 39       428
DEC  39 39 38 38 38 38 37 37 37 37 37 37 36 36 36 36 36 36 36 36 35 35 35 35 35 35 35 35 35 35 35    363
                                                                                                        
-------------------------------------------------------------------------------------------------       
 Maximum Temperature (deg F [tenths deg F for monthly])                                                 
 DAY  1  2  3  4  5  6  7  8  9 10 11 12 13 14 15 16 17 18 19 20 21 22 23 24 25 26 27 28 29 30 31  MONTH
-------------------------------------------------------------------------------------------------       
JAN  59 58 58 58 58 58 58 58 58 58 58 58 58 58 58 58 58 58 58 58 59 59 59 59 59 59 59 59 60 60 60    585
FEB  60 60 60 61 61 61 61 61 62 62 62 62 62 63 63 63 63 64 64 64 64 64 65 65 65 65 65 66             628
MAR  66 66 66 66 67 67 67 67 68 68 68 68 68 69 69 69 69 70 70 70 70 71 71 71 71 72 72 72 72 72 73    692
APR  73 73 73 74 74 74 74 75 75 75 75 76 76 76 76 77 77 77 77 78 78 78 78 79 79 79 79 80 80 80       765
MAY  80 81 81 81 81 82 82 82 82 82 83 83 83 83 84 84 84 84 84 85 85 85 85 85 86 86 86 86 86 87 87    837
JUN  87 87 87 87 88 88 88 88 88 89 89 89 89 89 89 89 90 90 90 90 90 90 91 91 91 91 91 91 91 91       893
JUL  92 92 92 92 92 92 92 92 92 92 92 92 93 93 93 93 93 93 93 93 93 92 92 92 92 92 92 92 92 92 92    923
AUG  92 92 92 91 91 91 91 91 91 91 91 90 90 90 90 90 90 90 90 89 89 89 89 89 89 89 89 88 88 88 88    899
SEP  88 88 87 87 87 87 87 87 87 86 86 86 86 86 85 85 85 85 84 84 84 84 84 83 83 83 83 82 82 82       851
OCT  82 81 81 81 80 80 80 80 79 79 79 78 78 78 78 77 77 77 77 76 76 76 75 75 75 75 74 74 74 74 73    774
NOV  73 73 73 72 72 72 71 71 71 71 70 70 70 69 69 69 69 68 68 68 67 67 67 67 66 66 66 65 65 65       690
DEC  65 64 64 64 63 63 63 63 62 62 62 62 62 61 61 61 61 61 60 60 60 60 60 60 59 59 59 59 59 59 59    612
                                                                                                        
-------------------------------------------------------------------------------------------------       
 Average Temperature (deg F [tenths deg F for monthly])                                                 
 DAY  1  2  3  4  5  6  7  8  9 10 11 12 13 14 15 16 17 18 19 20 21 22 23 24 25 26 27 28 29 30 31  MONTH
-------------------------------------------------------------------------------------------------       
JAN  47 47 47 47 47 46 46 46 46 46 46 46 46 46 46 46 46 46 47 47 47 47 47 47 47 47 47 47 47 47 48    466
FEB  48 48 48 48 48 48 49 49 49 49 49 49 50 50 50 50 50 51 51 51 51 51 52 52 52 52 52 53             500
MAR  53 53 54 54 54 54 54 55 55 55 55 56 56 56 56 57 57 57 57 57 58 58 58 58 59 59 59 59 59 60 60    565
APR  60 60 60 61 61 61 61 62 62 62 62 62 63 63 63 63 64 64 64 65 65 65 65 66 66 66 67 67 67 68       635
MAY  68 68 68 69 69 69 70 70 70 71 71 71 71 72 72 72 72 73 73 73 73 74 74 74 74 75 75 75 75 75 76    720
JUN  76 76 76 76 77 77 77 77 77 77 78 78 78 78 78 78 79 79 79 79 79 79 80 80 80 80 80 80 80 81       783
JUL  81 81 81 81 81 81 81 81 81 81 82 82 82 82 82 82 82 82 82 82 82 82 82 82 82 82 82 82 82 81 81    816
AUG  81 81 81 81 81 81 81 81 81 81 80 80 80 80 80 80 80 80 80 79 79 79 79 79 79 79 79 78 78 78 78    798
SEP  78 78 77 77 77 77 77 77 76 76 76 76 76 75 75 75 75 74 74 74 73 73 73 72 72 72 71 71 71 70       746
OCT  70 70 69 69 69 68 68 68 67 67 67 66 66 66 65 65 65 64 64 64 63 63 63 62 62 62 61 61 61 60 60    650
NOV  60 60 59 59 59 59 58 58 58 57 57 57 57 56 56 56 55 55 55 55 54 54 54 54 53 53 53 52 52 52       559
DEC  52 51 51 51 51 51 50 50 50 50 49 49 49 49 49 49 48 48 48 48 48 48 48 47 47 47 47 47 47 47 47    488
                                                                                                        
-------------------------------------------------------------------------------------------------       
 Heating Degree Days                                                                                    
 DAY  1  2  3  4  5  6  7  8  9 10 11 12 13 14 15 16 17 18 19 20 21 22 23 24 25 26 27 28 29 30 31  MONTH
-------------------------------------------------------------------------------------------------       
JAN  19 19 19 19 19 19 19 19 19 19 19 20 20 19 19 19 19 19 19 19 19 19 19 19 19 19 19 18 18 18 18    587
FEB  18 18 17 17 17 17 17 17 16 16 16 16 16 15 15 15 15 15 14 14 14 14 14 13 13 13 13 12             427
MAR  12 12 12 11 11 11 11 11 10 10 10 10  9  9  9  9  9  8  8  8  8  8  7  7  7  7  7  6  6  6  6    275
APR   6  5  5  5  5  5  4  4  4  4  4  4  3  3  3  3  3  3  3  2  2  2  2  2  2  2  2  1  1  1        95
MAY   1  1  1  1  1  1  1  1  1  0  0  0  0  0  0  0  0  0  0  0  0  0  0  0  0  0  0  0  0  0  0      9
JUN   0  0  0  0  0  0  0  0  0  0  0  0  0  0  0  0  0  0  0  0  0  0  0  0  0  0  0  0  0  0         0
JUL   0  0  0  0  0  0  0  0  0  0  0  0  0  0  0  0  0  0  0  0  0  0  0  0  0  0  0  0  0  0  0      0
AUG   0  0  0  0  0  0  0  0  0  0  0  0  0  0  0  0  0  0  0  0  0  0  0  0  0  0  0  0  0  0  0      0
SEP   0  0  0  0  0  0  0  0  0  0  0  0  0  0  0  0  0  0  0  0  0  0  0  0  0  0  0  0  1  1         2
OCT   1  1  1  1  2  2  2  2  2  2  2  2  3  3  3  3  3  3  4  4  4  4  4  5  5  5  5  6  6  6  6    102
NOV   6  7  7  7  7  8  8  8  8  9  9  9  9 10 10 10 10 11 11 11 11 12 12 12 12 12 13 13 13 13       298
DEC  14 14 14 14 15 15 15 15 15 16 16 16 16 16 17 17 17 17 17 17 17 18 18 18 18 18 18 18 18 19 19    512
                                                                                                        
-------------------------------------------------------------------------------------------------       
 Cooling Degree Days                                                                                    
 DAY  1  2  3  4  5  6  7  8  9 10 11 12 13 14 15 16 17 18 19 20 21 22 23 24 25 26 27 28 29 30 31  MONTH
-------------------------------------------------------------------------------------------------       
JAN   0  0  0  0  0  0  0  0  0  0  0  0  0  0  0  0  0  0  0  0  0  0  0  0  0  0  0  0  0  0  0      0
FEB   0  0  0  0  0  0  0  0  0  0  0  0  0  0  0  0  0  0  0  0  0  0  0-99-99-99-99-99               5
MAR   0  0  0  0  0  0  0  0  0  0  0  0  0  0  0  0  0  0  0  0-99-99-99-99-99-99-99-99-99-99-99     11
APR   0  0  0  1  1  1  1  1  1  1  1  1  1  1  1  1  2  2  2  2  2  2  2  3  3  3  3  3  4  4        50
MAY   4  4  5  5  5  5  5  6  6  6  6  6  7  7  7  7  8  8  8  8  8  9  9  9  9  9 10 10 10 10 10    226
JUN  11 11 11 11 11 12 12 12 12 12 13 13 13 13 13 13 14 14 14 14 14 14 15 15 15 15 15 15 15 16       398
JUL  16 16 16 16 16 16 16 16 16 16 16 17 17 17 17 17 17 17 17 17 17 17 17 17 17 17 17 17 16 16 16    513
AUG  16 16 16 16 16 16 16 16 16 16 15 15 15 15 15 15 15 15 15 14 14 14 14 14 14 14 13 13 13 13 13    458
SEP  13 12 12 12 12 12 11 11 11 11 11 11 10 10 10 10  9  9  9  9  9  8  8  8  8  7  7  7  7  6       290
OCT   6  6  6  5  5  5  5  4  4  4  4  4  3  3  3  3  3  3  3  2  2  2  2  2  2  2  2  2  2  1  1    101
NOV   1  1  1  1  1  1  1  1  1  1  1  1  1  1  1  1  1  1  1  1  1  1  1  1  1  0  0  0  0  0        25
DEC -99-99-99-99-99-99  0  0  0  0  0  0  0  0  0  0  0  0  0  0  0  0  0  0  0  0  0  0  0  0  0      6
                                                                                                        
-------------------------------------------------------------------------------------------------       
 Total  Precipitation (Hundreths of an Inch)                                                            
 DAY  1  2  3  4  5  6  7  8  9 10 11 12 13 14 15 16 17 18 19 20 21 22 23 24 25 26 27 28 29 30 31  MONTH
-------------------------------------------------------------------------------------------------       
JAN  15 15 15 15 15 16 16 16 16 16 16 16 16 16 16 17 17 16 16 16 16 16 16 16 16 16 16 16 15 15 15    490
FEB  15 15 14 14 14 14 14 14 13 13 13 13 13 13 13 13 13 13 13 13 13 13 13 13 13 13 14 14             376
MAR  14 14 14 14 14 14 14 14 14 15 15 15 14 14 14 14 14 14 14 14 14 14 14 13 13 13 13 13 13 12 12    427
APR  12 11 11 11 11 11 10 10 10 10 10 10  9  9  9  9  9  9  9  9  9  9  9  9  9  9  9  9  9  9       289
MAY   9  9  9  9  9 10 10 10 10 10 10 10 11 11 11 11 11 12 12 12 12 12 13 13 13 13 14 14 14 15 15    354
JUN  15 16 16 16 17 17 17 17 17 18 18 18 18 18 18 18 18 18 18 19 19 19 18 18 18 18 18 18 18 18       529
JUL  18 18 17 17 17 17 17 17 17 17 17 16 16 16 16 16 16 16 16 16 16 16 16 16 16 17 17 17 17 17 17    515
AUG  17 17 17 17 17 17 18 18 18 18 18 18 18 18 18 18 18 18 18 18 18 18 18 18 18 17 17 17 17 17 17    546
SEP  17 17 17 16 16 16 16 16 16 15 15 15 15 15 14 14 14 14 13 13 13 12 12 12 12 11 11 11 10 10       418
OCT  10  9  9  9  8  8  8  8  7  7  7  7  7  6  6  6  6  6  6  6  6  6  6  6  6  6  6  6  6  7  7    214
NOV   7  7  7  7  8  8  8  8  8  8  8  8  9  9  9  9  9  9  9  9  9  9 10 10 10 10 10 10 10 10       262
DEC  10 10 10 10 10 10 10 10 11 11 11 11 11 11 11 11 12 12 12 12 12 12 13 13 13 13 13 14 14 14 14    361
                                                                                                        
