-------------------------------------------------------------------------------------------------       
 1971-2000 Daily/Monthly Station Normals                                                                
 Provided by National Climatic Data Center/NESDIS/NOAA                                                  
-------------------------------------------------------------------------------------------------       
 Station COOP ID:                           090444                                                      
 Station Name, State, Division, Call:       ATLANTA BOLTON                     GA 02                    
 Latitude, Longitude, Elevation, Elements:  33 50 18 -084 29 50   885   P                               
-------------------------------------------------------------------------------------------------       
 Total  Precipitation (Hundreths of an Inch)                                                            
 DAY  1  2  3  4  5  6  7  8  9 10 11 12 13 14 15 16 17 18 19 20 21 22 23 24 25 26 27 28 29 30 31  MONTH
-------------------------------------------------------------------------------------------------       
JAN  15 16 16 16 16 17 17 17 17 17 18 18 18 18 18 18 18 18 18 19 19 19 19 19 19 19 18 18 18 18 18    549
FEB  18 18 18 18 18 18 18 18 17 17 17 17 17 17 17 17 18 18 18 18 18 18 18 18 18 18 18 19             497
MAR  19 19 19 19 19 19 19 19 20 20 20 20 20 19 19 19 19 19 19 19 19 19 18 18 18 18 18 17 17 17 16    580
APR  16 16 16 15 15 15 14 14 14 14 14 13 13 13 13 13 13 13 13 13 13 12 12 12 12 12 12 13 13 13       404
MAY  13 13 13 13 13 13 13 13 13 13 13 13 13 13 14 14 14 14 13 13 13 13 13 13 13 13 13 13 13 13 13    407
JUN  13 13 13 13 13 12 12 12 12 12 12 13 13 13 13 13 13 13 13 13 13 13 13 14 14 14 14 14 14 15       392
JUL  15 15 15 16 16 16 16 16 16 16 16 16 16 16 16 16 16 16 16 16 16 16 16 16 16 16 16 16 16 15 15    491
AUG  15 15 14 14 14 14 14 14 14 13 13 13 13 13 13 13 13 13 13 13 13 13 13 13 13 13 13 13 13 13 13    414
SEP  13 13 13 13 13 13 13 13 13 13 13 13 13 13 13 13 13 13 13 12 12 12 12 12 12 12 11 11 11 11       375
OCT  11 11 10 10 10 10 10 10 10 10 10 10 10  9 10 10 10 10 10 10 10 10 10 10 10 10 11 11 11 11 11    316
NOV  12 12 12 12 13 13 13 13 13 13 13 13 14 14 14 14 14 14 14 14 14 14 14 14 13 13 13 13 13 13       398
DEC  13 13 13 12 12 12 12 12 12 12 12 12 12 12 12 12 12 13 13 13 13 13 13 13 14 14 14 14 15 15 15    399
                                                                                                        
