-------------------------------------------------------------------------------------------------       
 1971-2000 Daily/Monthly Station Normals                                                                
 Provided by National Climatic Data Center/NESDIS/NOAA                                                  
-------------------------------------------------------------------------------------------------       
 Station COOP ID:                           097847                                                      
 Station Name, State, Division, Call:       SAVANNAH MUNICIPAL AP              GA 09 SAV                
 Latitude, Longitude, Elevation, Elements:  32 07 08 -081 12 08    46 XNP                               
-------------------------------------------------------------------------------------------------       
 Minimum Temperature (deg F [tenths deg F for monthly])                                                 
 DAY  1  2  3  4  5  6  7  8  9 10 11 12 13 14 15 16 17 18 19 20 21 22 23 24 25 26 27 28 29 30 31  MONTH
-------------------------------------------------------------------------------------------------       
JAN  38 38 38 38 38 38 38 38 38 38 38 38 38 38 38 38 38 38 38 38 38 38 38 38 38 38 38 38 38 38 38    380
FEB  39 39 39 39 39 39 39 40 40 40 40 40 40 41 41 41 41 41 42 42 42 42 42 43 43 43 44 44             409
MAR  44 44 45 45 45 45 46 46 46 46 47 47 47 47 48 48 48 48 48 48 49 49 49 49 49 49 50 50 50 50 50    475
APR  50 50 50 51 51 51 51 51 51 52 52 52 52 52 53 53 53 53 53 54 54 54 54 55 55 55 56 56 56 57       529
MAY  57 57 58 58 58 59 59 59 59 60 60 60 61 61 61 61 62 62 62 62 63 63 63 64 64 64 64 64 65 65 65    613
JUN  65 66 66 66 66 66 67 67 67 67 67 68 68 68 68 68 68 69 69 69 69 69 69 70 70 70 70 70 70 71       681
JUL  71 71 71 71 71 71 72 72 72 72 72 72 72 72 72 72 72 72 72 72 72 72 72 72 72 72 72 72 72 72 72    718
AUG  72 72 72 72 72 72 72 72 72 72 72 72 71 71 71 71 71 71 71 71 71 71 71 71 71 71 71 71 70 70 70    713
SEP  70 70 70 70 70 70 70 69 69 69 69 69 68 68 68 68 67 67 67 67 66 66 65 65 65 64 64 63 63 63       673
OCT  62 62 61 61 60 60 59 59 59 58 58 57 57 57 56 56 56 55 55 54 54 54 53 53 53 52 52 52 52 51 51    561
NOV  51 50 50 50 50 49 49 49 49 48 48 48 48 47 47 47 47 46 46 46 45 45 45 45 44 44 44 44 43 43       469
DEC  43 43 42 42 42 42 42 41 41 41 41 41 40 40 40 40 40 40 39 39 39 39 39 39 39 39 38 38 38 38 38    401
                                                                                                        
-------------------------------------------------------------------------------------------------       
 Maximum Temperature (deg F [tenths deg F for monthly])                                                 
 DAY  1  2  3  4  5  6  7  8  9 10 11 12 13 14 15 16 17 18 19 20 21 22 23 24 25 26 27 28 29 30 31  MONTH
-------------------------------------------------------------------------------------------------       
JAN  60 60 60 60 60 60 60 60 60 60 60 60 60 60 60 60 60 60 60 60 61 61 61 61 61 61 61 61 61 61 62    604
FEB  62 62 62 62 62 62 63 63 63 63 63 63 64 64 64 64 64 65 65 65 65 66 66 66 66 67 67 67             641
MAR  67 68 68 68 68 69 69 69 69 70 70 70 70 71 71 71 71 72 72 72 72 72 73 73 73 73 74 74 74 74 74    710
APR  75 75 75 75 75 76 76 76 76 76 77 77 77 77 78 78 78 78 78 79 79 79 79 80 80 80 80 80 81 81       777
MAY  81 81 82 82 82 82 82 83 83 83 83 84 84 84 84 84 85 85 85 85 85 86 86 86 86 86 86 87 87 87 87    843
JUN  87 87 88 88 88 88 88 88 89 89 89 89 89 89 90 90 90 90 90 90 90 90 91 91 91 91 91 91 91 92       895
JUL  92 92 92 92 92 92 92 92 92 92 92 92 92 93 93 93 93 93 93 93 93 93 93 92 92 92 92 92 92 92 92    923
AUG  92 92 92 92 91 91 91 91 91 91 91 91 91 90 90 90 90 90 90 90 90 90 90 89 89 89 89 89 89 89 89    903
SEP  89 88 88 88 88 88 88 88 87 87 87 87 87 87 86 86 86 86 85 85 85 85 85 84 84 84 83 83 83 83       860
OCT  82 82 82 81 81 81 80 80 80 80 79 79 79 79 78 78 78 77 77 77 77 76 76 76 76 76 75 75 75 75 74    781
NOV  74 74 74 73 73 73 73 73 72 72 72 72 71 71 71 70 70 70 70 69 69 69 69 68 68 68 67 67 67 66       705
DEC  66 66 65 65 65 65 64 64 64 64 63 63 63 63 62 62 62 62 62 62 61 61 61 61 61 61 61 61 61 60 60    626
                                                                                                        
-------------------------------------------------------------------------------------------------       
 Average Temperature (deg F [tenths deg F for monthly])                                                 
 DAY  1  2  3  4  5  6  7  8  9 10 11 12 13 14 15 16 17 18 19 20 21 22 23 24 25 26 27 28 29 30 31  MONTH
-------------------------------------------------------------------------------------------------       
JAN  49 49 49 49 49 49 49 49 49 49 49 49 49 49 49 49 49 49 49 49 49 49 49 49 49 50 50 50 50 50 50    492
FEB  50 50 50 51 51 51 51 51 51 51 52 52 52 52 52 53 53 53 53 54 54 54 54 54 55 55 55 56             525
MAR  56 56 56 57 57 57 57 58 58 58 58 59 59 59 59 59 60 60 60 60 60 61 61 61 61 61 62 62 62 62 62    593
APR  62 63 63 63 63 63 63 64 64 64 64 64 65 65 65 65 65 66 66 66 66 67 67 67 67 68 68 68 69 69       653
MAY  69 69 70 70 70 70 71 71 71 71 72 72 72 72 73 73 73 73 74 74 74 74 75 75 75 75 75 76 76 76 76    728
JUN  76 77 77 77 77 77 77 78 78 78 78 78 78 79 79 79 79 79 79 80 80 80 80 80 80 80 81 81 81 81       788
JUL  81 81 81 82 82 82 82 82 82 82 82 82 82 82 82 82 82 83 83 83 83 83 83 82 82 82 82 82 82 82 82    821
AUG  82 82 82 82 82 82 81 81 81 81 81 81 81 81 81 81 81 81 81 80 80 80 80 80 80 80 80 80 80 80 80    808
SEP  80 79 79 79 79 79 79 79 78 78 78 78 78 77 77 77 77 76 76 76 76 75 75 75 74 74 74 73 73 73       767
OCT  72 72 71 71 71 70 70 70 69 69 69 68 68 68 67 67 67 66 66 66 65 65 65 64 64 64 64 63 63 63 63    671
NOV  62 62 62 62 61 61 61 61 60 60 60 60 59 59 59 59 58 58 58 58 57 57 57 57 56 56 56 55 55 55       587
DEC  55 54 54 54 53 53 53 53 53 52 52 52 52 51 51 51 51 51 51 50 50 50 50 50 50 50 50 50 49 49 49    514
                                                                                                        
-------------------------------------------------------------------------------------------------       
 Heating Degree Days                                                                                    
 DAY  1  2  3  4  5  6  7  8  9 10 11 12 13 14 15 16 17 18 19 20 21 22 23 24 25 26 27 28 29 30 31  MONTH
-------------------------------------------------------------------------------------------------       
JAN  15 15 15 15 16 16 16 16 16 16 16 16 16 16 16 16 16 16 16 15 15 15 15 15 15 15 15 15 15 15 15    480
FEB  15 15 14 14 14 14 14 14 14 13 13 13 13 13 13 12 12 12 12 12 11 11 11 11 10 10 10 10             350
MAR  10  9  9  9  9  8  8  8  8  8  7  7  7  7  7  6  6  6  6  6  5  5  5  5  5  5  5  4  4  4  4    202
APR   4  4  4  4  4  3  3  3  3  3  3  3  3  3  2  2  2  2  2  2  2  2  2  2  2  1  1  1  1  1        74
MAY   1  1  1  1  1  1  1  0  0  0  0  0  0  0  0  0  0  0  0  0  0  0  0  0  0  0  0  0  0  0  0      7
JUN   0  0  0  0  0  0  0  0  0  0  0  0  0  0  0  0  0  0  0  0  0  0  0  0  0  0  0  0  0  0         0
JUL   0  0  0  0  0  0  0  0  0  0  0  0  0  0  0  0  0  0  0  0  0  0  0  0  0  0  0  0  0  0  0      0
AUG   0  0  0  0  0  0  0  0  0  0  0  0  0  0  0  0  0  0  0  0  0  0  0  0  0  0  0  0  0  0  0      0
SEP   0  0  0  0  0  0  0  0  0  0  0  0  0  0  0  0  0  0  0  0  0  0  0  0  0  0  0  0-99-99         2
OCT   0  0  1  1  1  1  1  1  1  1  1  1  1  1  2  2  2  2  2  2  2  2  3  3  3  3  3  3  3  4  4     57
NOV   4  4  4  5  5  5  5  5  6  6  6  6  6  7  7  7  7  8  8  8  8  8  9  9  9  9 10 10 10 10       211
DEC  11 11 11 11 12 12 12 12 12 13 13 13 13 13 13 14 14 14 14 14 14 15 15 15 15 15 15 15 15 15 15    416
                                                                                                        
-------------------------------------------------------------------------------------------------       
 Cooling Degree Days                                                                                    
 DAY  1  2  3  4  5  6  7  8  9 10 11 12 13 14 15 16 17 18 19 20 21 22 23 24 25 26 27 28 29 30 31  MONTH
-------------------------------------------------------------------------------------------------       
JAN   0  0  0  0  0  0  0  0  0  0  0  0  0  0  0  0  0  0  0  0  0  0  0  0  0-99-99-99-99-99-99      6
FEB   0  0  0  0  0  0  0  0  0  0  0  0  0  0  0  0  0  1  1  1  1  1  1  1  1  1  1  1              11
MAR   1  1  1  1  1  1  1  1  1  1  1  1  1  1  1  1  1  1  1  1  1  1  1  2  2  2  2  2  2  2  2     39
APR   2  2  2  2  2  2  2  2  2  3  3  3  3  3  3  3  3  3  4  4  4  4  4  4  5  5  5  5  5  5        99
MAY   6  6  6  6  6  7  7  7  7  7  8  8  8  8  8  8  9  9  9  9  9 10 10 10 10 11 11 11 11 11 12    265
JUN  12 12 12 12 13 13 13 13 13 13 14 14 14 14 14 15 15 15 15 15 15 15 16 16 16 16 16 16 16 17       430
JUL  17 17 17 17 17 17 17 17 17 17 17 18 18 18 18 18 18 18 18 18 18 18 18 18 18 18 18 18 18 18 17    546
AUG  18 17 17 17 17 17 17 17 17 17 17 17 17 17 16 16 16 16 16 16 16 16 16 16 16 16 15 15 15 15 15    506
SEP  15 15 15 15 14 14 14 14 14 14 13 13 13 13 13 12 12 12 12 11 11 11 11 10 10 10  9  9  9  8       366
OCT   8  8  7  7  7  7  6  6  6  5  5  5  5  5  4  4  4  4  4  3  3  3  3  3  3  3  2  2  2  2  2    138
NOV   2  2  2  2  2  2  2  2  1  1  1  1  1  1  1  1  1  1  1  1  1  1  1  1  1  1  1  1  1  1        38
DEC   1  1  1  1  1  1  1  1  1  1  0  0  0  0  0  0  0  0  0  0  0  0  0  0  0  0  0  0  0  0  0     10
                                                                                                        
-------------------------------------------------------------------------------------------------       
 Total  Precipitation (Hundreths of an Inch)                                                            
 DAY  1  2  3  4  5  6  7  8  9 10 11 12 13 14 15 16 17 18 19 20 21 22 23 24 25 26 27 28 29 30 31  MONTH
-------------------------------------------------------------------------------------------------       
JAN  12 12 12 12 12 13 13 13 13 13 13 13 13 13 13 13 13 13 13 13 13 13 13 13 13 13 13 13 12 12 12    395
FEB  12 12 11 11 11 11 11 11 10 10 10 10 10 10 10 10 10 10 10 10 10 10 10 10 10 10 11 11             292
MAR  11 11 11 11 11 11 11 11 12 12 12 12 12 12 12 12 12 12 12 12 12 12 12 12 12 12 12 12 12 12 12    364
APR  12 12 12 12 12 12 11 11 11 11 11 11 11 11 11 11 11 11 11 11 11 11 11 11 11 11 10 10 10 10       332
MAY  10 10 10 10 10 10 10 10 10 10 11 11 11 11 11 11 11 12 12 12 12 12 13 13 13 13 14 14 14 15 15    361
JUN  15 16 16 16 17 17 17 18 18 18 18 18 19 19 19 19 19 19 19 19 19 19 20 20 20 19 19 19 19 19       549
JUL  19 19 19 19 19 19 19 19 18 19 19 19 19 19 19 19 19 19 19 19 19 20 20 20 20 20 21 21 21 21 22    604
AUG  22 22 23 23 23 23 23 23 24 24 24 24 24 24 24 24 24 24 24 24 24 24 23 23 23 23 23 22 22 22 21    720
SEP  21 21 21 20 20 20 19 19 19 18 18 18 18 17 17 17 16 16 16 16 15 15 15 15 14 14 14 13 13 13       508
OCT  13 12 12 12 12 12 11 11 11 11 11 10 10 10 10 10 10 10  9  9  9  9  9  9  9  9  9  9  8  8  8    312
NOV   8  8  8  8  8  8  8  8  8  8  8  8  8  8  8  8  8  8  8  8  8  8  8  8  8  8  8  8  8  8       240
DEC   8  8  8  8  8  8  8  8  8  8  8  8  8  9  9  9  9  9  9  9  9 10 10 10 10 10 11 11 11 11 11    281
                                                                                                        
