-------------------------------------------------------------------------------------------------       
 1971-2000 Daily/Monthly Station Normals                                                                
 Provided by National Climatic Data Center/NESDIS/NOAA                                                  
-------------------------------------------------------------------------------------------------       
 Station COOP ID:                           091619                                                      
 Station Name, State, Division, Call:       CARNESVILLE 2 NE                   GA 03                    
 Latitude, Longitude, Elevation, Elements:  34 24 45 -083 12 24   866   P                               
-------------------------------------------------------------------------------------------------       
 Total  Precipitation (Hundreths of an Inch)                                                            
 DAY  1  2  3  4  5  6  7  8  9 10 11 12 13 14 15 16 17 18 19 20 21 22 23 24 25 26 27 28 29 30 31  MONTH
-------------------------------------------------------------------------------------------------       
JAN  16 16 16 16 16 17 17 17 17 17 17 17 17 17 17 17 18 18 18 18 17 17 17 17 17 17 17 17 17 17 17    526
FEB  16 16 16 16 16 16 16 16 16 16 16 16 16 16 16 16 16 16 16 16 16 16 17 17 17 17 18 18             456
MAR  18 18 19 19 19 19 19 19 19 19 20 20 20 20 20 19 19 19 19 19 19 19 18 18 18 18 17 17 17 16 16    576
APR  15 15 15 14 14 14 13 13 13 13 12 12 12 12 12 12 12 12 12 12 12 12 12 12 12 12 12 12 12 13       380
MAY  13 13 14 14 14 14 14 14 15 15 15 15 15 15 15 15 15 15 15 15 15 15 15 15 15 15 15 15 15 15 15    455
JUN  15 15 15 14 14 14 14 14 14 14 14 14 14 14 14 14 14 14 13 13 13 13 13 13 13 13 13 13 13 13       411
JUL  13 13 13 13 13 13 13 13 13 13 13 13 13 13 13 13 13 13 13 13 13 13 13 13 13 13 13 13 13 13 13    403
AUG  13 13 13 13 13 13 13 13 13 13 13 13 13 12 12 12 12 12 12 12 12 13 13 13 13 13 13 13 13 13 13    395
SEP  13 13 13 13 13 13 13 13 13 13 13 13 13 13 13 13 13 13 13 13 13 13 13 12 12 12 12 12 12 12       383
OCT  13 13 13 12 12 12 12 12 12 12 12 12 12 12 12 12 12 12 12 12 13 13 13 13 13 13 13 13 13 13 13    386
NOV  13 13 13 13 13 13 13 13 13 13 13 13 13 13 14 14 13 13 13 13 13 13 13 13 13 13 13 13 13 13       392
DEC  13 13 13 13 13 12 12 13 13 13 13 13 13 13 13 13 13 13 13 13 13 14 14 14 14 14 14 15 15 15 15    415
                                                                                                        
