-------------------------------------------------------------------------------------------------       
 1971-2000 Daily/Monthly Station Normals                                                                
 Provided by National Climatic Data Center/NESDIS/NOAA                                                  
-------------------------------------------------------------------------------------------------       
 Station COOP ID:                           090140                                                      
 Station Name, State, Division, Call:       ALBANY 3 SE                        GA 07 ABY                
 Latitude, Longitude, Elevation, Elements:  31 32 00 -084 08 00   180 XNP                               
-------------------------------------------------------------------------------------------------       
 Minimum Temperature (deg F [tenths deg F for monthly])                                                 
 DAY  1  2  3  4  5  6  7  8  9 10 11 12 13 14 15 16 17 18 19 20 21 22 23 24 25 26 27 28 29 30 31  MONTH
-------------------------------------------------------------------------------------------------       
JAN  36 36 35 35 35 35 35 35 35 35 35 35 35 35 35 35 35 35 35 35 35 35 35 35 35 35 35 35 35 35 36    351
FEB  36 36 36 36 36 36 36 36 37 37 37 37 37 37 38 38 38 38 38 39 39 39 39 40 40 40 41 41             378
MAR  41 41 42 42 42 43 43 43 43 44 44 44 44 44 45 45 45 45 45 46 46 46 46 46 46 47 47 47 47 47 47    446
APR  47 47 47 48 48 48 48 48 48 48 49 49 49 49 49 50 50 50 50 51 51 51 52 52 52 52 53 53 54 54       499
MAY  54 55 55 55 56 56 56 57 57 57 58 58 58 59 59 59 60 60 60 60 61 61 61 62 62 62 62 63 63 63 63    591
JUN  64 64 64 64 65 65 65 65 66 66 66 66 66 67 67 67 67 67 67 68 68 68 68 68 68 69 69 69 69 69       667
JUL  69 69 69 69 70 70 70 70 70 70 70 70 70 70 70 70 70 70 70 70 70 71 71 71 71 71 71 71 71 71 71    702
AUG  71 71 71 71 71 70 70 70 70 70 70 70 70 70 70 70 70 70 70 70 70 70 70 69 69 69 69 69 69 69 69    699
SEP  69 69 69 68 68 68 68 68 67 67 67 67 66 66 66 65 65 65 64 64 64 63 63 62 62 62 61 61 60 60       651
OCT  59 58 58 57 57 56 56 55 55 55 54 54 53 53 52 52 52 51 51 51 50 50 50 49 49 49 49 48 48 48 48    525
NOV  47 47 47 47 46 46 46 46 45 45 45 45 45 44 44 44 44 43 43 43 43 43 42 42 42 42 41 41 41 41       440
DEC  41 40 40 40 40 39 39 39 39 39 38 38 38 38 38 38 37 37 37 37 37 37 36 36 36 36 36 36 36 36 36    377
                                                                                                        
-------------------------------------------------------------------------------------------------       
 Maximum Temperature (deg F [tenths deg F for monthly])                                                 
 DAY  1  2  3  4  5  6  7  8  9 10 11 12 13 14 15 16 17 18 19 20 21 22 23 24 25 26 27 28 29 30 31  MONTH
-------------------------------------------------------------------------------------------------       
JAN  60 60 60 60 60 60 60 60 59 59 59 59 59 59 59 59 60 60 60 60 60 60 60 60 60 60 61 61 61 61 61    599
FEB  61 62 62 62 62 62 63 63 63 63 63 64 64 64 64 65 65 65 65 66 66 66 66 67 67 67 68 68             644
MAR  68 68 69 69 69 69 70 70 70 70 71 71 71 71 72 72 72 72 73 73 73 73 74 74 74 74 74 75 75 75 75    718
APR  75 75 76 76 76 76 76 77 77 77 77 78 78 78 78 78 79 79 79 79 79 80 80 80 80 81 81 81 81 82       783
MAY  82 82 82 83 83 83 83 84 84 84 84 84 85 85 85 85 85 86 86 86 86 87 87 87 87 87 87 88 88 88 88    852
JUN  88 89 89 89 89 89 89 90 90 90 90 90 90 90 90 91 91 91 91 91 91 91 91 91 91 92 92 92 92 92       904
JUL  92 92 92 92 92 92 92 92 92 92 92 92 92 92 92 93 93 93 93 93 93 93 93 93 93 93 93 93 93 93 93    925
AUG  93 93 93 93 93 92 92 92 92 92 92 92 92 92 92 92 92 92 92 92 92 92 92 91 91 91 91 91 91 91 91    919
SEP  91 91 90 90 90 90 90 90 90 89 89 89 89 89 89 88 88 88 88 87 87 87 87 87 86 86 86 85 85 85       882
OCT  85 84 84 84 83 83 83 82 82 82 82 81 81 81 80 80 80 79 79 79 79 78 78 78 77 77 77 77 76 76 76    801
NOV  75 75 75 75 74 74 74 73 73 73 72 72 72 72 71 71 71 70 70 70 69 69 69 69 68 68 68 67 67 67       711
DEC  66 66 66 66 65 65 65 65 64 64 64 64 63 63 63 63 62 62 62 62 62 62 61 61 61 61 61 61 60 60 60    629
                                                                                                        
-------------------------------------------------------------------------------------------------       
 Average Temperature (deg F [tenths deg F for monthly])                                                 
 DAY  1  2  3  4  5  6  7  8  9 10 11 12 13 14 15 16 17 18 19 20 21 22 23 24 25 26 27 28 29 30 31  MONTH
-------------------------------------------------------------------------------------------------       
JAN  48 48 48 48 48 47 47 47 47 47 47 47 47 47 47 47 47 47 47 47 47 48 48 48 48 48 48 48 48 48 48    475
FEB  49 49 49 49 49 49 49 50 50 50 50 50 51 51 51 51 51 52 52 52 52 53 53 53 54 54 54 54             511
MAR  55 55 55 55 56 56 56 57 57 57 57 57 58 58 58 58 59 59 59 59 59 60 60 60 60 60 60 61 61 61 61    582
APR  61 61 62 62 62 62 62 62 63 63 63 63 63 64 64 64 64 64 65 65 65 65 66 66 66 67 67 67 67 68       641
MAY  68 68 69 69 69 70 70 70 70 71 71 71 71 72 72 72 73 73 73 73 74 74 74 74 75 75 75 75 75 76 76    722
JUN  76 76 77 77 77 77 77 77 78 78 78 78 78 79 79 79 79 79 79 79 80 80 80 80 80 80 80 80 80 81       786
JUL  80 81 81 81 81 81 81 81 81 81 81 81 81 81 81 81 81 81 82 82 82 82 82 82 82 82 82 82 82 82 82    814
AUG  82 82 82 82 82 81 81 81 81 81 81 81 81 81 81 81 81 81 81 81 81 81 81 80 80 80 80 80 80 80 80    809
SEP  80 80 80 79 79 79 79 79 79 78 78 78 78 77 77 77 77 76 76 76 76 75 75 74 74 74 73 73 73 72       767
OCT  72 71 71 71 70 70 69 69 69 68 68 67 67 67 66 66 66 65 65 65 64 64 64 64 63 63 63 62 62 62 62    663
NOV  61 61 61 61 60 60 60 60 59 59 59 59 58 58 58 57 57 57 57 56 56 56 56 55 55 55 55 54 54 54       576
DEC  54 53 53 53 52 52 52 52 52 51 51 51 51 50 50 50 50 50 50 49 49 49 49 49 49 48 48 48 48 48 48    503
                                                                                                        
-------------------------------------------------------------------------------------------------       
 Heating Degree Days                                                                                    
 DAY  1  2  3  4  5  6  7  8  9 10 11 12 13 14 15 16 17 18 19 20 21 22 23 24 25 26 27 28 29 30 31  MONTH
-------------------------------------------------------------------------------------------------       
JAN  18 18 18 18 18 18 18 18 18 18 18 18 19 18 18 18 18 18 18 18 18 18 18 18 18 18 18 18 17 17 17    556
FEB  17 17 16 16 16 16 16 16 15 15 15 15 15 14 14 14 14 13 13 13 13 13 12 12 12 12 11 11             396
MAR  11 11 10 10 10 10  9  9  9  9  9  8  8  8  8  8  7  7  7  7  7  7  6  6  6  6  6  6  6  5  5    241
APR   5  5  5  5  5  4  4  4  4  4  4  4  4  3  3  3  3  3  3  3  3  2  2  2  2  2  2  2  2  2        99
MAY   1  1  1  1  1  1  1  1  1  1  0  0  0  0  0  0  0  0  0  0  0  0  0  0  0  0  0  0  0  0  0     10
JUN   0  0  0  0  0  0  0  0  0  0  0  0  0  0  0  0  0  0  0  0  0  0  0  0  0  0  0  0  0  0         0
JUL   0  0  0  0  0  0  0  0  0  0  0  0  0  0  0  0  0  0  0  0  0  0  0  0  0  0  0  0  0  0  0      0
AUG   0  0  0  0  0  0  0  0  0  0  0  0  0  0  0  0  0  0  0  0  0  0  0  0  0  0  0  0  0  0  0      0
SEP   0  0  0  0  0  0  0  0  0  0  0  0  0  0  0  0  0  0  0  0  0  0  0  0  0  0  0  0  0  1         1
OCT   1  1  1  1  1  1  1  2  2  2  2  2  2  2  2  3  3  3  3  3  3  3  4  4  4  4  4  4  5  5  5     83
NOV   5  5  6  6  6  6  6  7  7  7  7  8  8  8  8  8  9  9  9  9 10 10 10 10 11 11 11 11 12 12       252
DEC  12 12 13 13 13 13 13 14 14 14 14 15 15 15 15 15 15 16 16 16 16 16 16 17 17 17 17 17 17 17 18    468
                                                                                                        
-------------------------------------------------------------------------------------------------       
 Cooling Degree Days                                                                                    
 DAY  1  2  3  4  5  6  7  8  9 10 11 12 13 14 15 16 17 18 19 20 21 22 23 24 25 26 27 28 29 30 31  MONTH
-------------------------------------------------------------------------------------------------       
JAN   0  0  0  0  0  0  0  0  0  0  0  0  0  0  0  0  0  0  0  0  0  0  0  0  0  0  0  0  0  0  0      0
FEB   0  0  0  0  0  0  0  0  0  0  0  0  0  0  0  0  0  0  0  0  0  0-99-99-99-99-99-99               6
MAR   0  1  1  1  1  1  1  1  1  1  1  1  1  1  1  1  1  1  1  1  1  1  1  1  1  1  1  1  1  1  1     30
APR   1  1  1  1  2  2  2  2  2  2  2  2  2  2  2  2  2  3  3  3  3  3  3  3  3  4  4  4  4  4        74
MAY   5  5  5  5  5  5  6  6  6  6  6  7  7  7  7  7  8  8  8  8  9  9  9  9  9 10 10 10 10 10 11    233
JUN  11 11 11 12 12 12 12 12 13 13 13 13 13 14 14 14 14 14 14 14 15 15 15 15 15 15 15 15 15 16       407
JUL  16 16 16 16 16 16 16 16 16 16 16 16 16 16 16 16 16 16 16 16 17 17 17 17 17 17 17 17 17 17 17    507
AUG  17 17 17 17 17 16 16 16 16 16 16 16 16 16 16 16 16 16 16 16 16 16 15 15 15 15 15 15 15 15 15    492
SEP  15 14 14 14 14 14 14 13 13 13 13 13 12 12 12 12 12 11 11 11 11 10 10 10  9  9  9  9  8  8       350
OCT   8  7  7  7  6  6  6  5  5  5  5  5  4  4  4  4  3  3  3  3  3  3  2  2  2  2  2  2  2  2  2    124
NOV   2  1  1  1  1  1  1  1  1  1  1  1  1  1  1  1  1  1  1  1  1  1  1  1  1  1  1  1  0  0        29
DEC -99-99-99-99-99-99-99-99-99-99-99-99  0  0  0  0  0  0  0  0  0  0  0  0  0  0  0  0  0  0  0     12
                                                                                                        
-------------------------------------------------------------------------------------------------       
 Total  Precipitation (Hundreths of an Inch)                                                            
 DAY  1  2  3  4  5  6  7  8  9 10 11 12 13 14 15 16 17 18 19 20 21 22 23 24 25 26 27 28 29 30 31  MONTH
-------------------------------------------------------------------------------------------------       
JAN  16 17 17 18 18 19 19 19 20 20 20 20 20 21 21 21 21 21 21 21 21 21 21 21 20 20 20 20 20 19 19    612
FEB  19 19 18 18 18 17 17 17 17 17 17 17 16 16 16 16 16 16 16 17 17 17 17 17 17 17 18 18             478
MAR  18 18 19 19 19 19 19 19 19 19 20 20 20 19 19 19 19 19 19 19 19 18 18 18 18 17 17 17 16 16 16    571
APR  15 15 14 14 14 13 13 13 12 12 12 12 12 11 11 11 11 11 11 11 11 11 10 10 10 10 11 11 11 11       354
MAY  11 11 11 11 11 11 12 12 12 12 12 12 12 12 12 12 13 13 13 13 13 13 13 13 13 13 14 14 14 14 14    386
JUN  14 14 14 14 14 15 15 15 15 15 15 15 16 16 16 16 16 17 17 17 17 17 18 18 18 18 19 19 19 19       488
JUL  20 20 20 21 21 21 21 21 21 21 21 21 21 21 21 21 21 21 21 21 21 21 20 20 20 20 19 19 19 18 18    632
AUG  18 17 17 16 16 16 15 15 15 15 14 14 14 14 14 13 13 13 13 13 13 13 13 13 13 13 13 13 13 13 13    438
SEP  13 13 13 13 14 14 14 14 14 14 14 13 13 13 13 13 13 13 13 12 12 12 12 12 11 11 11 10 10 10       377
OCT   9  9  9  9  8  8  8  8  8  7  7  7  7  7  7  7  7  7  7  7  7  8  8  8  8  8  9  9  9  9 10    246
NOV  10 11 11 11 12 12 12 12 13 13 13 13 13 13 13 13 13 14 14 14 13 13 13 13 13 13 13 13 12 12       378
DEC  12 12 12 11 11 11 11 11 11 11 11 11 11 11 11 11 11 12 12 12 12 13 13 13 13 14 14 15 15 16 16    380
                                                                                                        
