-------------------------------------------------------------------------------------------------       
 1971-2000 Daily/Monthly Station Normals                                                                
 Provided by National Climatic Data Center/NESDIS/NOAA                                                  
-------------------------------------------------------------------------------------------------       
 Station COOP ID:                           099466                                                      
 Station Name, State, Division, Call:       WINDER 1 SSE                       GA 02                    
 Latitude, Longitude, Elevation, Elements:  33 59 01 -083 43 27   960 XNP                               
-------------------------------------------------------------------------------------------------       
 Minimum Temperature (deg F [tenths deg F for monthly])                                                 
 DAY  1  2  3  4  5  6  7  8  9 10 11 12 13 14 15 16 17 18 19 20 21 22 23 24 25 26 27 28 29 30 31  MONTH
-------------------------------------------------------------------------------------------------       
JAN  31 31 31 31 31 31 31 31 31 31 31 31 31 31 31 31 30 30 30 30 30 30 30 30 30 31 31 31 31 31 31    307
FEB  31 31 31 31 31 31 31 31 31 31 31 32 32 32 32 32 32 33 33 33 33 33 34 34 34 34 35 35             323
MAR  35 35 36 36 36 37 37 37 37 38 38 38 38 38 39 39 39 39 40 40 40 40 40 41 41 41 41 41 42 42 42    388
APR  42 42 42 43 43 43 43 43 44 44 44 44 44 45 45 45 45 46 46 46 46 47 47 47 48 48 48 48 49 49       452
MAY  49 50 50 50 51 51 51 52 52 52 53 53 53 54 54 54 54 55 55 55 56 56 56 57 57 57 57 58 58 58 59    541
JUN  59 59 60 60 60 60 61 61 61 61 62 62 62 62 63 63 63 63 63 64 64 64 64 64 65 65 65 65 65 65       625
JUL  65 65 66 66 66 66 66 66 67 67 67 67 67 67 67 67 67 67 67 67 67 67 67 67 67 67 67 67 67 67 67    667
AUG  67 67 67 67 67 67 67 67 67 67 67 67 67 66 66 66 66 66 66 66 66 66 65 65 65 65 65 65 65 65 64    661
SEP  64 64 64 64 63 63 63 63 63 62 62 62 61 61 61 61 60 60 60 59 59 59 58 58 57 57 57 56 56 55       604
OCT  55 54 54 54 53 53 52 52 51 51 51 50 50 50 49 49 48 48 48 47 47 47 46 46 46 45 45 45 45 44 44    490
NOV  44 43 43 43 43 42 42 42 42 42 41 41 41 40 40 40 40 39 39 39 39 38 38 38 38 37 37 37 37 36       400
DEC  36 36 36 35 35 35 35 34 34 34 34 34 33 33 33 33 33 33 33 32 32 32 32 32 32 32 32 31 31 31 31    332
                                                                                                        
-------------------------------------------------------------------------------------------------       
 Maximum Temperature (deg F [tenths deg F for monthly])                                                 
 DAY  1  2  3  4  5  6  7  8  9 10 11 12 13 14 15 16 17 18 19 20 21 22 23 24 25 26 27 28 29 30 31  MONTH
-------------------------------------------------------------------------------------------------       
JAN  50 50 49 49 49 49 49 49 49 49 49 49 49 49 49 49 49 49 50 50 50 50 50 50 50 51 51 51 51 51 52    497
FEB  52 52 52 53 53 53 53 53 54 54 54 55 55 55 55 56 56 56 56 57 57 57 57 58 58 58 58 59             552
MAR  59 59 60 60 60 60 61 61 61 62 62 62 62 63 63 63 63 64 64 64 65 65 65 65 66 66 66 67 67 67 67    632
APR  68 68 68 69 69 69 69 70 70 70 71 71 71 71 72 72 72 72 73 73 73 73 73 74 74 74 74 75 75 75       716
MAY  75 76 76 76 76 76 77 77 77 77 77 78 78 78 78 79 79 79 79 79 80 80 80 80 81 81 81 81 82 82 82    786
JUN  82 83 83 83 83 83 84 84 84 84 84 85 85 85 85 85 86 86 86 86 86 86 86 87 87 87 87 87 87 87       851
JUL  88 88 88 88 88 88 88 88 88 88 88 88 88 88 88 88 88 88 88 88 88 88 88 88 88 88 88 88 88 88 88    880
AUG  88 88 88 88 88 88 88 88 88 88 87 87 87 87 87 87 87 87 87 86 86 86 86 86 86 85 85 85 85 85 84    867
SEP  84 84 84 84 83 83 83 83 82 82 82 82 81 81 81 81 80 80 80 80 79 79 79 78 78 78 77 77 77 76       806
OCT  76 76 75 75 75 74 74 74 73 73 73 72 72 72 71 71 71 70 70 70 69 69 69 69 68 68 68 67 67 67 66    711
NOV  66 66 66 65 65 65 64 64 64 63 63 63 63 62 62 62 61 61 61 60 60 60 59 59 59 58 58 58 57 57       617
DEC  57 56 56 56 55 55 55 54 54 54 53 53 53 53 52 52 52 52 51 51 51 51 51 51 50 50 50 50 50 50 50    525
                                                                                                        
-------------------------------------------------------------------------------------------------       
 Average Temperature (deg F [tenths deg F for monthly])                                                 
 DAY  1  2  3  4  5  6  7  8  9 10 11 12 13 14 15 16 17 18 19 20 21 22 23 24 25 26 27 28 29 30 31  MONTH
-------------------------------------------------------------------------------------------------       
JAN  40 40 40 40 40 40 40 40 40 40 40 40 40 40 40 40 40 40 40 40 40 40 40 40 40 41 41 41 41 41 41    402
FEB  41 41 42 42 42 42 42 42 43 43 43 43 43 43 44 44 44 44 45 45 45 45 46 46 46 46 47 47             438
MAR  47 47 48 48 48 48 49 49 49 50 50 50 50 51 51 51 51 52 52 52 52 53 53 53 53 53 54 54 54 54 55    510
APR  55 55 55 56 56 56 56 57 57 57 57 57 58 58 58 58 59 59 59 59 60 60 60 61 61 61 61 62 62 62       584
MAY  62 63 63 63 63 64 64 64 65 65 65 65 66 66 66 66 67 67 67 67 68 68 68 69 69 69 69 70 70 70 70    664
JUN  71 71 71 71 72 72 72 72 73 73 73 73 74 74 74 74 74 74 75 75 75 75 75 75 76 76 76 76 76 76       738
JUL  76 76 77 77 77 77 77 77 77 77 77 77 77 77 77 77 78 78 78 78 78 78 78 78 78 78 78 78 78 78 78    774
AUG  78 78 78 78 77 77 77 77 77 77 77 77 77 77 77 77 76 76 76 76 76 76 76 76 75 75 75 75 75 75 74    764
SEP  74 74 74 74 73 73 73 73 73 72 72 72 71 71 71 71 70 70 70 69 69 69 68 68 68 67 67 67 66 66       705
OCT  65 65 65 64 64 64 63 63 62 62 62 61 61 61 60 60 60 59 59 59 58 58 58 57 57 57 56 56 56 56 55    601
NOV  55 55 54 54 54 54 53 53 53 53 52 52 52 51 51 51 50 50 50 50 49 49 49 48 48 48 48 47 47 47       509
DEC  46 46 46 46 45 45 45 44 44 44 44 43 43 43 43 43 42 42 42 42 42 42 41 41 41 41 41 41 41 41 40    429
                                                                                                        
-------------------------------------------------------------------------------------------------       
 Heating Degree Days                                                                                    
 DAY  1  2  3  4  5  6  7  8  9 10 11 12 13 14 15 16 17 18 19 20 21 22 23 24 25 26 27 28 29 30 31  MONTH
-------------------------------------------------------------------------------------------------       
JAN  25 25 25 25 25 25 25 25 25 25 25 25 25 25 25 25 25 25 25 25 25 25 25 25 25 24 24 24 24 24 24    769
FEB  24 24 23 23 23 23 23 23 22 22 22 22 22 22 21 21 21 21 20 20 20 20 20 19 19 19 19 18             596
MAR  18 18 18 17 17 17 17 16 16 16 15 15 15 15 14 14 14 14 13 13 13 13 12 12 12 12 11 11 11 11 10    440
APR  10 10 10  9  9  9  9  9  8  8  8  8  7  7  7  7  7  6  6  6  6  6  5  5  5  5  5  5  4  4       210
MAY   4  4  4  3  3  3  3  3  3  3  2  2  2  2  2  2  2  2  1  1  1  1  1  1  1  1  1  1  1  1  1     62
JUN   1  1  1  1  0  0  0  0  0  0  0  0  0  0  0  0  0  0  0  0  0  0  0  0  0  0  0  0  0  0         4
JUL   0  0  0  0  0  0  0  0  0  0  0  0  0  0  0  0  0  0  0  0  0  0  0  0  0  0  0  0  0  0  0      0
AUG   0  0  0  0  0  0  0  0  0  0  0  0  0  0  0  0  0  0  0  0  0  0  0  0  0  0  0  0  0  0  0      0
SEP   0  0  0  0  0  0  0  0  0  0  0  0  0  0  0  0  0  1  1  1  1  1  1  1  2  2  2  2  2  2        19
OCT   3  3  3  3  3  4  4  4  4  5  5  5  5  6  6  6  6  6  7  7  7  7  8  8  8  9  9  9  9 10 10    189
NOV  10 10 11 11 11 12 12 12 12 13 13 13 14 14 14 14 15 15 15 16 16 16 16 17 17 17 18 18 18 18       428
DEC  19 19 19 20 20 20 20 21 21 21 21 22 22 22 22 22 23 23 23 23 23 23 24 24 24 24 24 24 24 25 25    687
                                                                                                        
-------------------------------------------------------------------------------------------------       
 Cooling Degree Days                                                                                    
 DAY  1  2  3  4  5  6  7  8  9 10 11 12 13 14 15 16 17 18 19 20 21 22 23 24 25 26 27 28 29 30 31  MONTH
-------------------------------------------------------------------------------------------------       
JAN   0  0  0  0  0  0  0  0  0  0  0  0  0  0  0  0  0  0  0  0  0  0  0  0  0  0  0  0  0  0  0      0
FEB   0  0  0  0  0  0  0  0  0  0  0  0  0  0  0  0  0  0  0  0  0  0  0  0  0  0  0  0               0
MAR   0  0  0  0  0  0  0  0  0  0  0  0-99-99-99-99-99-99  0  0  0  0  0  0  0  0  0  0  0  0  0      6
APR   0  0  0  0  0  0  0  0  0  0  0  0  0  0  0  0  0  0  1  1  1  1  1  1  1  1  1  1  1  1        12
MAY   1  1  2  2  2  2  2  2  2  2  2  3  3  3  3  3  3  4  4  4  4  4  4  5  5  5  5  5  6  6  6    105
JUN   6  6  7  7  7  7  7  8  8  8  8  8  9  9  9  9  9  9 10 10 10 10 10 10 11 11 11 11 11 11       267
JUL  11 11 11 12 12 12 12 12 12 12 12 12 12 12 12 12 12 13 13 13 13 13 13 13 13 13 13 13 13 13 13    383
AUG  13 13 13 13 13 12 12 12 12 12 12 12 12 12 12 12 12 11 11 11 11 11 11 11 10 10 10 10 10  9  9    354
SEP   9  9  9  9  8  8  8  8  7  7  7  7  7  6  6  6  6  6  5  5  5  5  5  4  4  4  4  4  3  3       184
OCT   3  3  3  3  2  2  2  2  2  2  1  1  1  1  1  1  1  1  1  1  1  0  0  0  0  0  0  0  0  0  0     35
NOV -99-99  0  0  0  0  0  0  0  0  0  0  0  0  0  0  0  0  0  0  0  0  0  0  0  0  0  0  0  0         2
DEC   0  0  0  0  0  0  0  0  0  0  0  0  0  0  0  0  0  0  0  0  0  0  0  0  0  0  0  0  0  0  0      0
                                                                                                        
-------------------------------------------------------------------------------------------------       
 Total  Precipitation (Hundreths of an Inch)                                                            
 DAY  1  2  3  4  5  6  7  8  9 10 11 12 13 14 15 16 17 18 19 20 21 22 23 24 25 26 27 28 29 30 31  MONTH
-------------------------------------------------------------------------------------------------       
JAN  15 15 16 16 16 16 17 17 17 17 17 17 18 18 18 18 18 18 18 18 18 18 18 18 18 17 17 17 17 17 17    532
FEB  17 16 16 16 16 16 16 15 15 15 15 15 15 15 15 15 15 15 15 16 16 16 16 16 16 16 17 17             439
MAR  17 17 17 18 18 18 18 18 18 18 18 18 19 19 19 18 18 18 18 18 18 18 18 18 17 17 17 17 16 16 16    548
APR  16 15 15 15 14 14 14 14 13 13 13 13 13 13 12 12 12 12 12 12 12 12 12 12 12 12 12 12 12 12       387
MAY  12 12 12 12 12 12 12 12 12 13 13 13 13 13 13 13 13 13 13 13 13 13 13 13 13 13 13 13 13 13 13    394
JUN  13 13 13 13 13 13 13 12 12 12 12 12 12 12 12 12 12 12 12 13 13 13 13 13 13 13 13 13 13 13       378
JUL  13 13 13 13 13 13 13 13 13 13 13 13 13 13 13 13 13 13 13 13 13 13 13 13 13 13 13 13 13 13 12    402
AUG  12 12 12 12 12 12 12 12 12 12 12 12 12 11 12 12 12 12 12 12 12 12 12 12 12 12 12 12 12 12 12    371
SEP  13 13 13 13 13 13 13 13 13 13 13 13 14 14 14 14 14 14 14 14 13 13 13 13 13 13 13 13 13 13       398
OCT  13 13 12 12 12 12 12 12 12 12 12 12 12 12 12 12 12 12 12 12 12 12 12 12 12 12 12 12 12 12 12    374
NOV  12 12 12 12 12 12 12 12 12 13 13 13 12 12 12 12 12 12 12 12 12 12 12 12 12 12 12 12 12 12       363
DEC  11 11 11 11 11 11 11 11 11 11 11 11 11 12 12 12 12 12 12 12 12 13 13 13 13 14 14 14 14 15 15    377
                                                                                                        
