-------------------------------------------------------------------------------------------------       
 1971-2000 Daily/Monthly Station Normals                                                                
 Provided by National Climatic Data Center/NESDIS/NOAA                                                  
-------------------------------------------------------------------------------------------------       
 Station COOP ID:                           098703                                                      
 Station Name, State, Division, Call:       TIFTON EXP STA                     GA 08                    
 Latitude, Longitude, Elevation, Elements:  31 30 00 -083 32 00   380 XNP                               
-------------------------------------------------------------------------------------------------       
 Minimum Temperature (deg F [tenths deg F for monthly])                                                 
 DAY  1  2  3  4  5  6  7  8  9 10 11 12 13 14 15 16 17 18 19 20 21 22 23 24 25 26 27 28 29 30 31  MONTH
-------------------------------------------------------------------------------------------------       
JAN  38 38 38 38 38 38 38 38 38 38 38 38 38 38 38 38 38 38 38 38 38 38 38 38 38 39 39 39 39 39 39    382
FEB  38 39 39 39 39 39 39 39 39 39 39 40 40 40 40 40 40 41 41 41 41 41 42 42 42 43 43 43             403
MAR  43 44 44 44 45 45 45 45 46 46 46 46 47 47 47 47 48 48 48 48 48 49 49 49 49 49 49 49 50 50 50    471
APR  50 50 50 50 51 51 51 51 51 51 52 52 52 52 52 53 53 53 53 54 54 54 54 55 55 55 56 56 56 57       528
MAY  57 57 57 58 58 58 59 59 59 60 60 60 61 61 61 61 62 62 62 62 63 63 63 63 64 64 64 64 65 65 65    612
JUN  65 66 66 66 66 67 67 67 67 67 67 68 68 68 68 68 69 69 69 69 69 69 69 69 70 70 70 70 70 70       681
JUL  70 70 70 71 71 71 71 71 71 71 71 71 71 71 71 71 71 71 71 71 71 71 71 71 71 71 71 71 71 71 71    709
AUG  71 71 71 71 71 71 71 71 71 71 71 70 70 70 70 70 70 70 70 70 70 70 70 70 70 70 69 69 69 69 69    702
SEP  69 69 69 69 69 68 68 68 68 68 67 67 67 67 67 66 66 66 65 65 65 64 64 64 63 63 62 62 61 61       659
OCT  60 60 60 59 59 58 58 57 57 57 56 56 56 55 55 54 54 54 53 53 53 53 52 52 52 52 51 51 51 51 50    548
NOV  50 50 50 50 49 49 49 49 49 48 48 48 48 47 47 47 47 47 46 46 46 46 45 45 45 44 44 44 44 43       470
DEC  43 43 42 42 42 42 41 41 41 41 41 40 40 40 40 40 40 39 39 39 39 39 39 39 39 39 38 38 38 38 38    400
                                                                                                        
-------------------------------------------------------------------------------------------------       
 Maximum Temperature (deg F [tenths deg F for monthly])                                                 
 DAY  1  2  3  4  5  6  7  8  9 10 11 12 13 14 15 16 17 18 19 20 21 22 23 24 25 26 27 28 29 30 31  MONTH
-------------------------------------------------------------------------------------------------       
JAN  59 59 59 59 59 59 58 58 58 58 58 58 58 58 58 58 58 59 59 59 59 59 59 59 59 59 59 59 59 60 60    587
FEB  60 60 60 60 61 61 61 61 61 61 62 62 62 62 62 63 63 63 63 63 64 64 64 64 65 65 65 65             624
MAR  66 66 66 66 67 67 67 67 68 68 68 68 69 69 69 69 69 70 70 70 70 70 71 71 71 71 71 72 72 72 72    691
APR  72 73 73 73 73 73 74 74 74 74 74 75 75 75 75 75 76 76 76 76 77 77 77 77 77 78 78 78 78 79       754
MAY  79 79 80 80 80 80 81 81 81 81 81 82 82 82 82 83 83 83 83 83 84 84 84 84 84 85 85 85 85 85 86    825
JUN  86 86 86 86 87 87 87 87 87 87 87 88 88 88 88 88 88 88 88 89 89 89 89 89 89 89 89 89 89 90       879
JUL  90 90 90 90 90 90 90 90 90 90 90 90 90 90 90 90 90 90 90 90 90 91 91 91 91 91 91 91 91 91 90    903
AUG  91 91 91 91 90 90 90 90 90 90 90 90 90 90 90 90 90 90 90 90 90 90 90 90 89 89 89 89 89 89 89    899
SEP  89 89 89 88 88 88 88 88 88 88 88 87 87 87 87 87 86 86 86 86 85 85 85 85 84 84 84 84 83 83       864
OCT  83 82 82 82 82 81 81 81 80 80 80 79 79 79 79 78 78 78 77 77 77 76 76 76 76 75 75 75 75 74 74    783
NOV  74 73 73 73 73 72 72 72 71 71 71 71 70 70 70 69 69 69 69 68 68 68 67 67 67 66 66 66 65 65       695
DEC  65 65 64 64 64 63 63 63 63 62 62 62 62 62 61 61 61 61 61 60 60 60 60 60 60 59 59 59 59 59 59    614
                                                                                                        
-------------------------------------------------------------------------------------------------       
 Average Temperature (deg F [tenths deg F for monthly])                                                 
 DAY  1  2  3  4  5  6  7  8  9 10 11 12 13 14 15 16 17 18 19 20 21 22 23 24 25 26 27 28 29 30 31  MONTH
-------------------------------------------------------------------------------------------------       
JAN  49 49 49 48 48 48 48 48 48 48 48 48 48 48 48 48 48 48 48 49 49 49 49 49 49 49 49 49 49 49 49    485
FEB  49 49 49 50 50 50 50 50 50 50 51 51 51 51 51 51 52 52 52 52 53 53 53 53 54 54 54 54             514
MAR  55 55 55 55 56 56 56 56 57 57 57 57 58 58 58 58 58 59 59 59 59 59 60 60 60 60 60 61 61 61 61    581
APR  61 61 62 62 62 62 62 62 63 63 63 63 63 64 64 64 64 64 65 65 65 65 66 66 66 67 67 67 67 68       641
MAY  68 68 69 69 69 69 70 70 70 70 71 71 71 72 72 72 72 73 73 73 73 73 74 74 74 74 75 75 75 75 75    719
JUN  76 76 76 76 76 77 77 77 77 77 77 78 78 78 78 78 78 78 79 79 79 79 79 79 79 79 80 80 80 80       780
JUL  80 80 80 80 80 80 80 80 80 80 80 80 81 81 81 81 81 81 81 81 81 81 81 81 81 81 81 81 81 81 81    806
AUG  81 81 81 81 81 81 81 81 81 80 80 80 80 80 80 80 80 80 80 80 80 80 80 80 80 79 79 79 79 79 79    801
SEP  79 79 79 79 79 78 78 78 78 78 78 77 77 77 77 76 76 76 76 75 75 75 74 74 74 74 73 73 72 72       762
OCT  72 71 71 71 70 70 69 69 69 68 68 68 67 67 67 66 66 66 65 65 65 65 64 64 64 64 63 63 63 63 62    666
NOV  62 62 62 61 61 61 61 60 60 60 60 59 59 59 58 58 58 58 57 57 57 57 56 56 56 55 55 55 55 54       583
DEC  54 54 53 53 53 53 52 52 52 52 51 51 51 51 50 50 50 50 50 50 50 49 49 49 49 49 49 49 49 49 49    507
                                                                                                        
-------------------------------------------------------------------------------------------------       
 Heating Degree Days                                                                                    
 DAY  1  2  3  4  5  6  7  8  9 10 11 12 13 14 15 16 17 18 19 20 21 22 23 24 25 26 27 28 29 30 31  MONTH
-------------------------------------------------------------------------------------------------       
JAN  17 17 17 17 17 17 17 17 17 17 18 18 18 18 18 17 17 17 17 17 17 17 17 17 17 17 17 17 17 17 16    531
FEB  16 16 16 16 16 15 15 15 15 15 15 15 14 14 14 14 14 13 13 13 13 12 12 12 12 12 11 11             389
MAR  11 11 10 10 10 10  9  9  9  9  9  8  8  8  8  7  7  7  7  7  7  6  6  6  6  6  6  5  5  5  5    237
APR   5  5  5  4  4  4  4  4  4  4  3  3  3  3  3  3  3  3  3  2  2  2  2  2  2  2  2  2  1  1        90
MAY   1  1  1  1  1  1  1  1  1  1  1  1  0  0  0  0  0  0  0  0  0  0  0  0  0  0  0  0  0  0  0     12
JUN   0  0  0  0  0  0  0  0  0  0  0  0  0  0  0  0  0  0  0  0  0  0  0  0  0  0  0  0  0  0         0
JUL   0  0  0  0  0  0  0  0  0  0  0  0  0  0  0  0  0  0  0  0  0  0  0  0  0  0  0  0  0  0  0      0
AUG   0  0  0  0  0  0  0  0  0  0  0  0  0  0  0  0  0  0  0  0  0  0  0  0  0  0  0  0  0  0  0      0
SEP   0  0  0  0  0  0  0  0  0  0  0  0  0  0  0  0  0  0  0  0  0  0  0  0  0  0  0  0  0  1         1
OCT   1  1  1  1  1  1  1  1  2  2  2  2  2  2  2  2  3  3  3  3  3  3  3  4  4  4  4  4  4  5  5     79
NOV   5  5  5  5  6  6  6  6  6  7  7  7  7  7  8  8  8  8  9  9  9  9 10 10 10 10 10 11 11 11       236
DEC  12 12 12 12 13 13 13 13 13 14 14 14 14 14 15 15 15 15 15 15 16 16 16 16 16 16 16 17 17 17 17    453
                                                                                                        
-------------------------------------------------------------------------------------------------       
 Cooling Degree Days                                                                                    
 DAY  1  2  3  4  5  6  7  8  9 10 11 12 13 14 15 16 17 18 19 20 21 22 23 24 25 26 27 28 29 30 31  MONTH
-------------------------------------------------------------------------------------------------       
JAN -99-99-99  0  0  0  0  0  0  0  0  0  0  0  0  0  0  0  0  0  0  0  0  0  0  0  0  0  0  0  0      3
FEB   0  0  0  0  0  0  0  0  0  0  0  0  0  0  0  0  0  0  0  0  0  0-99-99-99-99-99-99               6
MAR   0  0  0  0  0  0  0  0  1  1  1  1  1  1  1  1  1  1  1  1  1  1  1  1  1  1  1  1  1  1  1     23
APR   1  1  1  1  1  1  1  1  1  1  1  2  2  2  2  2  2  2  2  2  3  3  3  3  3  3  3  4  4  4        62
MAY   4  4  5  5  5  5  5  6  6  6  6  6  7  7  7  7  7  8  8  8  8  8  9  9  9  9 10 10 10 10 10    224
JUN  11 11 11 11 11 12 12 12 12 12 12 13 13 13 13 13 13 13 14 14 14 14 14 14 14 14 15 15 15 15       390
JUL  15 15 15 15 15 15 15 15 15 15 15 15 16 16 16 16 16 16 16 16 16 16 16 16 16 16 16 16 16 16 16    484
AUG  16 16 16 16 16 16 16 16 16 15 15 15 15 15 15 15 15 15 15 15 15 15 15 15 14 14 14 14 14 14 14    467
SEP  14 14 14 13 13 13 13 13 13 12 12 12 12 12 12 11 11 11 11 10 10 10 10  9  9  9  9  8  8  8       336
OCT   7  7  7  7  6  6  6  6  5  5  5  5  4  4  4  4  4  3  3  3  3  3  3  3  2  2  2  2  2  2  2    127
NOV   2  2  2  2  1  1  1  1  1  1  1  1  1  1  1  1  1  1  1  1  1  1  1  1  1  1  1  1  1  1        34
DEC   1  1  1  1  1  1  1  1  1  1  1  0  0  0  0  0  0  0  0  0  0  0  0  0  0  0  0  0  0  0  0     11
                                                                                                        
-------------------------------------------------------------------------------------------------       
 Total  Precipitation (Hundreths of an Inch)                                                            
 DAY  1  2  3  4  5  6  7  8  9 10 11 12 13 14 15 16 17 18 19 20 21 22 23 24 25 26 27 28 29 30 31  MONTH
-------------------------------------------------------------------------------------------------       
JAN  15 15 16 16 16 16 17 17 17 17 17 17 17 18 18 18 18 18 18 18 18 18 18 18 18 17 17 17 17 17 17    531
FEB  17 16 16 16 16 16 16 16 15 15 15 15 15 15 15 15 15 15 15 15 15 15 15 15 16 16 16 16             433
MAR  16 16 16 16 16 17 17 17 17 17 17 17 17 17 17 17 17 17 16 16 16 16 16 16 16 16 15 15 15 15 14    503
APR  14 14 14 14 13 13 13 13 12 12 12 12 12 12 11 11 11 11 11 11 11 11 10 10 10 10 10 10 10 10       348
MAY  10 10 10 10 10 10 10 10 10 10 10 10 10 10 10 10 10 10 10 10 10 10 10 11 11 11 11 11 11 11 12    319
JUN  12 12 12 12 13 13 13 13 13 13 13 13 14 14 14 14 14 14 14 14 14 14 14 15 15 15 15 15 15 15       411
JUL  15 15 15 15 15 15 15 15 15 15 15 15 15 15 15 15 15 15 15 15 14 14 14 14 14 14 14 14 14 14 14    454
AUG  14 14 14 14 14 14 13 13 13 13 13 13 13 13 13 13 13 13 13 13 13 13 13 13 13 13 13 13 13 13 13    409
SEP  13 13 13 13 13 13 12 12 12 12 12 12 12 12 12 12 12 11 11 11 11 11 11 11 10 10 10 10 10 10       347
OCT   9  9  9  9  9  9  8  8  8  8  8  8  8  8  8  8  8  8  8  8  8  8  8  8  8  8  8  9  9  9  9    258
NOV   9  9 10 10 10 10 10 10 10 10 11 11 11 11 11 11 11 11 11 11 11 11 11 11 11 11 11 11 11 11       318
DEC  11 11 11 11 11 11 11 11 11 11 11 11 11 11 11 11 11 12 12 12 12 12 12 13 13 13 13 14 14 14 15    368
                                                                                                        
