-------------------------------------------------------------------------------------------------       
 1971-2000 Daily/Monthly Station Normals                                                                
 Provided by National Climatic Data Center/NESDIS/NOAA                                                  
-------------------------------------------------------------------------------------------------       
 Station COOP ID:                           090603                                                      
 Station Name, State, Division, Call:       BALL GROUND                        GA 02                    
 Latitude, Longitude, Elevation, Elements:  34 19 47 -084 28 15  1270   P                               
-------------------------------------------------------------------------------------------------       
 Total  Precipitation (Hundreths of an Inch)                                                            
 DAY  1  2  3  4  5  6  7  8  9 10 11 12 13 14 15 16 17 18 19 20 21 22 23 24 25 26 27 28 29 30 31  MONTH
-------------------------------------------------------------------------------------------------       
JAN  17 18 18 18 18 18 19 19 19 19 19 19 20 20 20 20 20 20 20 20 20 20 20 20 19 19 19 19 19 19 18    593
FEB  18 18 18 18 18 18 17 17 17 17 17 17 17 17 17 17 17 17 18 18 18 18 18 18 19 19 19 19             496
MAR  20 20 20 20 21 21 21 21 21 21 21 21 21 22 21 21 21 21 21 21 21 21 21 20 20 20 20 19 19 19 18    635
APR  18 17 17 17 17 16 16 16 15 15 15 15 15 14 14 14 14 14 14 14 14 14 14 14 14 14 14 14 14 14       447
MAY  14 14 14 14 14 14 14 14 14 14 15 15 15 15 15 15 15 15 15 14 14 14 14 14 14 14 14 14 14 14 14    443
JUN  14 14 14 14 14 13 13 13 13 13 13 13 13 13 13 13 13 13 13 13 13 13 13 13 13 13 13 14 14 14       398
JUL  14 14 14 14 14 14 14 14 14 14 14 14 14 14 14 14 14 14 15 15 15 15 15 15 15 15 15 14 14 14 14    443
AUG  15 15 15 14 14 14 14 14 14 14 14 14 14 14 14 14 14 14 14 14 14 14 14 14 14 14 14 15 15 15 15    441
SEP  14 14 14 15 15 15 15 15 15 14 14 14 14 14 14 14 14 14 14 14 14 14 14 14 14 14 13 13 13 13       422
OCT  13 13 13 13 13 12 12 12 12 12 12 12 12 12 12 12 12 12 12 13 13 13 13 13 13 13 13 14 14 14 14    393
NOV  14 14 15 15 15 15 15 15 15 15 16 16 16 16 16 16 16 16 16 16 16 16 16 16 16 15 15 15 15 15       463
DEC  15 15 15 15 14 14 14 14 14 14 14 14 14 14 14 14 14 14 15 15 15 15 15 15 16 16 16 16 16 17 17    460
                                                                                                        
