-------------------------------------------------------------------------------------------------       
 1971-2000 Daily/Monthly Station Normals                                                                
 Provided by National Climatic Data Center/NESDIS/NOAA                                                  
-------------------------------------------------------------------------------------------------       
 Station COOP ID:                           092283                                                      
 Station Name, State, Division, Call:       CORNELIA                           GA 03                    
 Latitude, Longitude, Elevation, Elements:  34 31 05 -083 31 43  1470 XNP                               
-------------------------------------------------------------------------------------------------       
 Minimum Temperature (deg F [tenths deg F for monthly])                                                 
 DAY  1  2  3  4  5  6  7  8  9 10 11 12 13 14 15 16 17 18 19 20 21 22 23 24 25 26 27 28 29 30 31  MONTH
-------------------------------------------------------------------------------------------------       
JAN  28 28 28 28 28 28 28 28 28 28 28 28 28 28 28 28 28 28 28 28 28 28 28 28 28 28 28 28 28 28 28    280
FEB  28 28 29 29 29 29 29 29 29 29 29 30 30 30 30 30 31 31 31 31 31 32 32 32 32 32 33 33             303
MAR  33 34 34 34 34 35 35 35 35 36 36 36 36 36 37 37 37 37 38 38 38 38 39 39 39 39 39 40 40 40 40    369
APR  40 41 41 41 41 41 42 42 42 42 43 43 43 43 44 44 44 44 45 45 45 45 46 46 46 46 47 47 47 48       438
MAY  48 48 48 49 49 49 50 50 50 50 51 51 51 52 52 52 53 53 53 53 54 54 54 55 55 55 56 56 56 57 57    523
JUN  57 57 58 58 58 59 59 59 59 60 60 60 60 61 61 61 61 61 62 62 62 62 62 63 63 63 63 63 63 64       607
JUL  64 64 64 64 64 64 65 65 65 65 65 65 65 65 65 65 65 65 65 65 65 65 65 65 65 65 65 65 65 65 65    648
AUG  65 65 65 65 65 65 65 65 65 65 64 64 64 64 64 64 64 64 64 64 64 63 63 63 63 63 63 63 62 62 62    639
SEP  62 62 62 61 61 61 61 61 60 60 60 59 59 59 58 58 58 57 57 57 56 56 56 55 55 54 54 53 53 52       579
OCT  52 51 51 50 50 50 49 49 48 48 47 47 47 46 46 45 45 45 44 44 44 43 43 43 43 42 42 42 42 41 41    458
NOV  41 41 40 40 40 40 40 39 39 39 39 38 38 38 38 38 37 37 37 37 36 36 36 36 35 35 35 35 34 34       376
DEC  34 34 33 33 33 33 32 32 32 32 32 31 31 31 31 31 31 30 30 30 30 30 30 29 29 29 29 29 29 29 29    309
                                                                                                        
-------------------------------------------------------------------------------------------------       
 Maximum Temperature (deg F [tenths deg F for monthly])                                                 
 DAY  1  2  3  4  5  6  7  8  9 10 11 12 13 14 15 16 17 18 19 20 21 22 23 24 25 26 27 28 29 30 31  MONTH
-------------------------------------------------------------------------------------------------       
JAN  49 49 49 49 48 48 48 48 48 48 48 48 48 48 48 48 48 49 49 49 49 49 49 49 49 49 49 50 50 50 50    487
FEB  50 50 51 51 51 51 51 52 52 52 52 53 53 53 53 54 54 54 54 55 55 55 55 56 56 56 56 57             533
MAR  57 57 58 58 58 58 59 59 59 60 60 60 60 61 61 61 62 62 62 62 63 63 63 64 64 64 64 65 65 65 66    613
APR  66 66 66 67 67 67 67 68 68 68 68 69 69 69 69 70 70 70 70 71 71 71 71 71 72 72 72 72 72 73       694
MAY  73 73 73 73 74 74 74 74 74 75 75 75 75 75 76 76 76 76 77 77 77 77 78 78 78 78 78 79 79 79 80    760
JUN  80 80 80 81 81 81 81 82 82 82 82 82 83 83 83 83 83 84 84 84 84 84 84 84 85 85 85 85 85 85       829
JUL  85 86 86 86 86 86 86 86 86 86 86 86 86 86 86 86 86 87 87 87 87 87 87 87 86 86 86 86 86 86 86    862
AUG  86 86 86 86 86 86 86 86 86 85 85 85 85 85 85 85 85 85 84 84 84 84 84 84 84 84 83 83 83 83 83    847
SEP  83 82 82 82 82 82 82 81 81 81 81 80 80 80 80 80 79 79 79 78 78 78 78 77 77 77 76 76 76 75       794
OCT  75 75 74 74 74 73 73 73 72 72 72 71 71 71 70 70 70 70 69 69 69 68 68 68 67 67 67 66 66 66 66    702
NOV  65 65 65 64 64 64 63 63 63 62 62 62 61 61 61 60 60 60 59 59 59 59 58 58 58 57 57 57 56 56       606
DEC  55 55 55 55 54 54 54 53 53 53 53 52 52 52 52 51 51 51 51 50 50 50 50 50 50 49 49 49 49 49 49    516
                                                                                                        
-------------------------------------------------------------------------------------------------       
 Average Temperature (deg F [tenths deg F for monthly])                                                 
 DAY  1  2  3  4  5  6  7  8  9 10 11 12 13 14 15 16 17 18 19 20 21 22 23 24 25 26 27 28 29 30 31  MONTH
-------------------------------------------------------------------------------------------------       
JAN  39 39 39 39 38 38 38 38 38 38 38 38 38 38 38 38 38 38 38 38 38 38 38 39 39 39 39 39 39 39 39    384
FEB  39 39 40 40 40 40 40 40 41 41 41 41 41 41 42 42 42 42 43 43 43 43 44 44 44 44 45 45             418
MAR  45 45 46 46 46 47 47 47 47 48 48 48 48 49 49 49 49 50 50 50 50 51 51 51 51 52 52 52 52 53 53    491
APR  53 53 54 54 54 54 55 55 55 55 56 56 56 56 56 57 57 57 57 58 58 58 58 59 59 59 59 60 60 60       566
MAY  60 61 61 61 61 62 62 62 62 63 63 63 63 64 64 64 64 65 65 65 65 66 66 66 67 67 67 67 68 68 68    642
JUN  69 69 69 69 70 70 70 70 71 71 71 71 71 72 72 72 72 72 73 73 73 73 73 74 74 74 74 74 74 74       718
JUL  74 75 75 75 75 75 75 75 75 75 75 75 75 75 76 76 76 76 76 76 76 76 76 76 76 76 76 76 76 76 76    755
AUG  76 76 76 75 75 75 75 75 75 75 75 75 75 75 75 74 74 74 74 74 74 74 74 73 73 73 73 73 73 73 72    743
SEP  72 72 72 72 72 71 71 71 71 70 70 70 70 69 69 69 69 68 68 68 67 67 67 66 66 66 65 65 64 64       687
OCT  63 63 63 62 62 61 61 61 60 60 60 59 59 59 58 58 57 57 57 56 56 56 56 55 55 55 54 54 54 54 53    580
NOV  53 53 53 52 52 52 51 51 51 51 50 50 50 50 49 49 49 48 48 48 48 47 47 47 46 46 46 46 45 45       491
DEC  45 44 44 44 44 43 43 43 43 42 42 42 42 41 41 41 41 41 40 40 40 40 40 40 40 39 39 39 39 39 39    413
                                                                                                        
-------------------------------------------------------------------------------------------------       
 Heating Degree Days                                                                                    
 DAY  1  2  3  4  5  6  7  8  9 10 11 12 13 14 15 16 17 18 19 20 21 22 23 24 25 26 27 28 29 30 31  MONTH
-------------------------------------------------------------------------------------------------       
JAN  26 26 26 27 27 27 27 27 27 27 27 27 27 27 27 27 27 27 27 27 27 27 27 26 26 26 26 26 26 26 26    826
FEB  26 26 25 25 25 25 25 25 24 24 24 24 24 23 23 23 23 23 22 22 22 22 21 21 21 21 20 20             649
MAR  20 20 19 19 19 18 18 18 18 17 17 17 17 16 16 16 16 15 15 15 15 14 14 14 14 13 13 13 13 12 12    493
APR  12 12 11 11 11 11 10 10 10 10  9  9  9  9  9  8  8  8  8  8  7  7  7  7  7  6  6  6  6  6       258
MAY   6  6  5  5  5  5  5  5  4  4  4  4  4  4  4  3  3  3  3  3  3  3  2  2  2  2  2  2  2  2  1    108
JUN   1  1  1  1  1  1  1  1  1  0  0  0  0  0  0  0  0  0  0  0  0  0  0  0  0  0  0  0  0  0         9
JUL   0  0  0  0  0  0  0  0  0  0  0  0  0  0  0  0  0  0  0  0  0  0  0  0-99-99-99  0  0  0  0      3
AUG   0  0  0  0  0  0  0  0  0  0  0  0  0  0  0  0  0  0  0  0  0  0  0  0  0  0  0  0  0  0  0      0
SEP   0  0  0  0  0  0  0  0  0  0  0  0  0  0  0  0  1  1  1  1  1  1  2  2  2  2  3  3  3  3        26
OCT   4  4  4  4  5  5  5  6  6  6  6  7  7  7  7  8  8  8  8  9  9  9 10 10 10 10 11 11 11 11 12    238
NOV  12 12 13 13 13 13 14 14 14 14 15 15 15 16 16 16 16 17 17 17 18 18 18 18 19 19 19 20 20 20       481
DEC  20 21 21 21 22 22 22 22 22 23 23 23 23 24 24 24 24 24 25 25 25 25 25 25 26 26 26 26 26 26 26    737
                                                                                                        
-------------------------------------------------------------------------------------------------       
 Cooling Degree Days                                                                                    
 DAY  1  2  3  4  5  6  7  8  9 10 11 12 13 14 15 16 17 18 19 20 21 22 23 24 25 26 27 28 29 30 31  MONTH
-------------------------------------------------------------------------------------------------       
JAN   0  0  0  0  0  0  0  0  0  0  0  0  0  0  0  0  0  0  0  0  0  0  0  0  0  0  0  0  0  0  0      0
FEB   0  0  0  0  0  0  0  0  0  0  0  0  0  0  0  0  0  0  0  0  0  0  0  0  0  0  0  0               0
MAR   0  0  0  0  0  0  0  0  0  0  0  0  0  0  0  0  0  0  0  0  0  0  0  0  0  0  0  0  0  0  0      0
APR   0  0  0  0  0  0  0  0  0  0  0  0  0  0  0  0  0  0  0  0  0  0  0  0  1  1  1  1  1  1         6
MAY   1  1  1  1  1  1  2  2  2  2  2  2  2  2  2  3  3  3  3  3  3  3  3  4  4  4  4  4  4  4  5     81
JUN   5  5  5  5  5  6  6  6  6  6  6  7  7  7  7  7  7  8  8  8  8  8  8  8  9  9  9  9  9  9       213
JUL   9 10 10 10 10 10 10 10 10 10 10 11 11 11 11 11 11 11 11 11 11 11 11 11 11 11 11 11 11 11 11    329
AUG  11 11 11 11 11 10 10 10 10 10 10 10 10 10 10  9  9  9  9  9  9  9  8  8  8  8  8  8  8  7  7    288
SEP   7  7  7  6  6  6  6  6  6  5  5  5  5  5  4  4  4  4  4  4  4  3  3  3  3  3  3  2  2  2       134
OCT   2  2  2  2  2  1  1  1  1  1  1  1  1  1  1  1  1  0  0  0  0  0  0  0  0  0  0  0  0  0  0     22
NOV   0  0  0  0  0  0  0  0  0  0  0  0  0  0-99-99-99  0  0  0  0  0  0  0  0  0  0  0  0  0         3
DEC   0  0  0  0  0  0  0  0  0  0  0  0  0  0  0  0  0  0  0  0  0  0  0  0  0  0  0  0  0  0  0      0
                                                                                                        
-------------------------------------------------------------------------------------------------       
 Total  Precipitation (Hundreths of an Inch)                                                            
 DAY  1  2  3  4  5  6  7  8  9 10 11 12 13 14 15 16 17 18 19 20 21 22 23 24 25 26 27 28 29 30 31  MONTH
-------------------------------------------------------------------------------------------------       
JAN  18 18 19 19 19 19 20 20 20 20 20 20 20 20 21 21 21 21 21 21 21 21 21 21 21 21 21 20 20 20 20    625
FEB  20 20 20 20 20 19 19 19 19 19 19 19 19 19 19 19 19 20 20 20 20 20 20 20 20 21 21 21             551
MAR  21 21 21 22 22 22 22 22 22 22 22 22 22 22 22 22 22 21 21 21 21 21 21 20 20 20 19 19 19 18 18    650
APR  17 17 17 16 16 16 15 15 15 15 14 14 14 14 14 14 14 13 13 13 13 13 13 14 14 14 14 14 14 14       433
MAY  15 15 15 15 15 15 16 16 16 16 16 16 16 16 16 16 16 16 17 17 17 16 16 16 16 16 16 16 16 16 16    493
JUN  16 16 15 15 15 15 15 15 15 15 15 15 15 15 15 15 15 15 15 14 14 14 14 14 14 14 15 15 15 15       445
JUL  15 15 15 15 15 15 15 15 15 15 15 15 15 15 15 15 15 16 16 16 16 16 16 16 16 16 16 16 16 16 16    479
AUG  16 17 17 17 17 17 17 17 17 17 17 17 17 17 17 17 17 17 17 17 16 16 16 16 16 16 16 16 16 15 15    513
SEP  15 15 15 15 15 14 14 14 14 14 14 14 14 14 14 14 13 13 13 13 13 13 13 13 13 14 14 14 14 14       416
OCT  14 14 14 14 14 14 14 14 14 14 15 15 15 15 15 15 15 15 15 15 15 15 15 15 15 15 15 16 16 16 16    459
NOV  16 16 16 16 16 16 16 16 16 16 16 16 16 16 16 16 16 16 16 16 16 15 15 15 15 15 15 15 15 15       471
DEC  15 15 15 15 15 15 15 15 15 15 15 15 15 15 15 15 15 15 16 16 16 16 16 16 16 17 17 17 17 18 18    486
                                                                                                        
