-------------------------------------------------------------------------------------------------       
 1971-2000 Daily/Monthly Station Normals                                                                
 Provided by National Climatic Data Center/NESDIS/NOAA                                                  
-------------------------------------------------------------------------------------------------       
 Station COOP ID:                           092570                                                      
 Station Name, State, Division, Call:       DAWSON                             GA 07                    
 Latitude, Longitude, Elevation, Elements:  31 46 00 -084 27 00   355   P                               
-------------------------------------------------------------------------------------------------       
 Total  Precipitation (Hundreths of an Inch)                                                            
 DAY  1  2  3  4  5  6  7  8  9 10 11 12 13 14 15 16 17 18 19 20 21 22 23 24 25 26 27 28 29 30 31  MONTH
-------------------------------------------------------------------------------------------------       
JAN  16 17 17 17 18 18 18 18 18 19 19 19 19 19 19 19 19 19 20 20 20 20 20 20 19 19 19 19 19 19 19    581
FEB  19 19 18 18 18 18 18 18 18 18 18 18 18 18 17 17 17 17 17 17 17 18 18 18 18 18 18 18             499
MAR  18 18 18 18 18 18 18 18 18 18 18 18 18 18 18 18 18 18 17 17 17 17 17 16 16 16 16 15 15 15 15    533
APR  14 14 13 13 13 13 12 12 12 12 12 11 11 11 11 11 11 11 11 11 10 10 10 10 10 11 11 11 11 11       344
MAY  11 11 11 11 11 12 12 12 12 12 12 12 12 12 12 12 13 13 13 13 13 13 13 13 13 13 13 13 13 13 13    382
JUN  13 14 14 14 14 14 14 14 14 14 14 15 15 15 15 15 15 15 16 16 16 16 16 17 17 17 17 18 18 18       460
JUL  18 19 19 19 19 19 19 19 19 20 20 20 20 20 19 19 19 19 19 19 19 18 18 18 18 17 17 17 16 16 15    573
AUG  15 15 14 14 13 13 13 12 12 12 11 11 11 11 10 10 10 10 10 10 10  9  9  9  9  9  9  9  9  9  9    337
SEP   9  9  9 10 10 10 10 10 10 10 10 10 10 10 10 10 10 10 10  9  9  9  9  9  9  9  9  9  9  9       286
OCT   8  8  8  8  8  8  8  8  8  8  8  8  8  8  8  8  8  8  8  8  8  8  8  9  9  9  9  9 10 10 10    259
NOV  10 10 11 11 11 11 11 11 12 12 12 12 12 12 12 12 13 13 13 13 13 13 13 13 13 13 13 13 13 13       364
DEC  13 13 12 12 12 12 12 12 12 13 13 13 13 13 13 13 13 13 13 14 14 14 14 14 15 15 15 15 16 16 16    418
                                                                                                        
