-------------------------------------------------------------------------------------------------       
 1971-2000 Daily/Monthly Station Normals                                                                
 Provided by National Climatic Data Center/NESDIS/NOAA                                                  
-------------------------------------------------------------------------------------------------       
 Station COOP ID:                           099141                                                      
 Station Name, State, Division, Call:       WARRENTON                          GA 06                    
 Latitude, Longitude, Elevation, Elements:  33 24 00 -082 38 00   490 XNP                               
-------------------------------------------------------------------------------------------------       
 Minimum Temperature (deg F [tenths deg F for monthly])                                                 
 DAY  1  2  3  4  5  6  7  8  9 10 11 12 13 14 15 16 17 18 19 20 21 22 23 24 25 26 27 28 29 30 31  MONTH
-------------------------------------------------------------------------------------------------       
JAN  32 32 32 32 32 32 32 32 32 32 32 32 32 32 31 31 31 31 31 31 32 32 32 32 32 32 32 32 32 32 32    318
FEB  32 32 32 32 32 32 32 32 33 33 33 33 33 33 33 34 34 34 34 34 35 35 35 35 36 36 36 36             336
MAR  37 37 37 37 38 38 38 39 39 39 39 40 40 40 40 40 41 41 41 41 42 42 42 42 42 42 43 43 43 43 43    403
APR  44 44 44 44 44 44 45 45 45 45 45 46 46 46 46 47 47 47 47 48 48 48 49 49 49 50 50 50 51 51       468
MAY  51 52 52 52 53 53 53 54 54 54 55 55 55 56 56 56 57 57 57 57 58 58 58 59 59 59 59 60 60 60 60    561
JUN  61 61 61 62 62 62 62 62 63 63 63 63 64 64 64 64 64 65 65 65 65 65 66 66 66 66 66 66 67 67       640
JUL  67 67 67 67 67 68 68 68 68 68 68 68 68 68 68 68 68 69 69 69 69 69 69 69 69 69 69 69 69 69 69    683
AUG  69 69 69 69 68 68 68 68 68 68 68 68 68 68 68 68 68 67 67 67 67 67 67 67 67 67 66 66 66 66 66    675
SEP  66 66 65 65 65 65 65 64 64 64 64 63 63 63 63 62 62 62 61 61 60 60 60 59 59 58 58 57 57 56       619
OCT  56 55 55 55 54 54 53 53 52 52 51 51 51 50 50 50 49 49 48 48 48 48 47 47 47 46 46 46 46 45 45    499
NOV  45 45 44 44 44 44 43 43 43 43 42 42 42 42 41 41 41 40 40 40 40 39 39 39 39 38 38 38 37 37       411
DEC  37 37 36 36 36 36 35 35 35 35 35 34 34 34 34 34 33 33 33 33 33 33 33 33 32 32 32 32 32 32 32    339
                                                                                                        
-------------------------------------------------------------------------------------------------       
 Maximum Temperature (deg F [tenths deg F for monthly])                                                 
 DAY  1  2  3  4  5  6  7  8  9 10 11 12 13 14 15 16 17 18 19 20 21 22 23 24 25 26 27 28 29 30 31  MONTH
-------------------------------------------------------------------------------------------------       
JAN  53 53 53 53 53 53 53 53 53 53 53 53 53 53 53 53 53 53 53 53 53 54 54 54 54 54 54 54 54 55 55    534
FEB  55 55 55 56 56 56 56 57 57 57 57 58 58 58 58 58 59 59 59 60 60 60 60 61 61 61 61 62             582
MAR  62 62 63 63 63 63 64 64 64 65 65 65 65 66 66 66 67 67 67 67 68 68 68 68 69 69 69 69 70 70 70    662
APR  70 71 71 71 71 72 72 72 72 73 73 73 73 74 74 74 74 75 75 75 75 75 76 76 76 76 77 77 77 77       739
MAY  78 78 78 78 79 79 79 79 80 80 80 80 81 81 81 81 82 82 82 82 82 83 83 83 83 84 84 84 84 85 85    813
JUN  85 85 85 86 86 86 86 86 87 87 87 87 87 87 88 88 88 88 88 88 89 89 89 89 89 89 89 90 90 90       876
JUL  90 90 90 90 90 90 90 90 90 91 91 91 91 91 91 91 91 91 91 91 91 91 91 91 91 90 90 90 90 90 90    905
AUG  90 90 90 90 90 90 90 89 89 89 89 89 89 89 89 89 88 88 88 88 88 88 88 88 87 87 87 87 87 87 87    885
SEP  86 86 86 86 86 86 85 85 85 85 85 84 84 84 84 83 83 83 83 82 82 82 82 81 81 81 80 80 80 79       833
OCT  79 79 78 78 77 77 77 76 76 76 76 75 75 75 74 74 74 73 73 73 72 72 72 72 71 71 71 71 70 70 70    741
NOV  70 69 69 69 68 68 68 68 67 67 67 66 66 66 66 65 65 65 64 64 64 63 63 63 62 62 62 61 61 61       653
DEC  60 60 60 59 59 59 58 58 58 58 57 57 57 57 56 56 56 56 55 55 55 55 55 54 54 54 54 54 54 54 54    564
                                                                                                        
-------------------------------------------------------------------------------------------------       
 Average Temperature (deg F [tenths deg F for monthly])                                                 
 DAY  1  2  3  4  5  6  7  8  9 10 11 12 13 14 15 16 17 18 19 20 21 22 23 24 25 26 27 28 29 30 31  MONTH
-------------------------------------------------------------------------------------------------       
JAN  43 43 43 43 43 43 42 42 42 42 42 42 42 42 42 42 42 42 42 42 43 43 43 43 43 43 43 43 43 43 43    426
FEB  43 44 44 44 44 44 44 44 45 45 45 45 45 46 46 46 46 46 47 47 47 47 48 48 48 49 49 49             459
MAR  49 50 50 50 50 51 51 51 52 52 52 52 53 53 53 53 54 54 54 54 55 55 55 55 56 56 56 56 56 57 57    533
APR  57 57 57 58 58 58 58 59 59 59 59 59 60 60 60 60 61 61 61 61 62 62 62 63 63 63 63 64 64 64       604
MAY  65 65 65 65 66 66 66 67 67 67 67 68 68 68 68 69 69 69 70 70 70 70 71 71 71 71 72 72 72 72 73    687
JUN  73 73 73 74 74 74 74 74 75 75 75 75 75 76 76 76 76 76 77 77 77 77 77 77 78 78 78 78 78 78       758
JUL  78 78 79 79 79 79 79 79 79 79 79 79 79 79 80 80 80 80 80 80 80 80 80 80 80 80 80 80 79 79 79    794
AUG  79 79 79 79 79 79 79 79 79 79 79 79 78 78 78 78 78 78 78 78 78 77 77 77 77 77 77 77 77 76 76    780
SEP  76 76 76 76 75 75 75 75 75 74 74 74 74 73 73 73 72 72 72 72 71 71 71 70 70 69 69 69 68 68       726
OCT  67 67 67 66 66 65 65 65 64 64 64 63 63 62 62 62 61 61 61 61 60 60 60 59 59 59 58 58 58 58 57    620
NOV  57 57 57 56 56 56 56 55 55 55 55 54 54 54 53 53 53 53 52 52 52 51 51 51 50 50 50 50 49 49       532
DEC  49 48 48 48 47 47 47 47 46 46 46 46 46 45 45 45 45 45 44 44 44 44 44 44 43 43 43 43 43 43 43    452
                                                                                                        
-------------------------------------------------------------------------------------------------       
 Heating Degree Days                                                                                    
 DAY  1  2  3  4  5  6  7  8  9 10 11 12 13 14 15 16 17 18 19 20 21 22 23 24 25 26 27 28 29 30 31  MONTH
-------------------------------------------------------------------------------------------------       
JAN  22 22 22 22 22 23 23 23 23 23 23 23 23 23 23 23 23 23 22 22 22 22 22 22 22 22 22 22 22 22 22    695
FEB  22 21 21 21 21 21 21 21 20 20 20 20 20 19 19 19 19 19 18 18 18 18 17 17 17 17 16 16             536
MAR  16 16 15 15 15 15 14 14 14 13 13 13 13 12 12 12 12 11 11 11 11 11 10 10 10 10  9  9  9  9  8    373
APR   8  8  8  8  7  7  7  7  7  6  6  6  6  6  6  5  5  5  5  5  4  4  4  4  4  4  4  3  3  3       165
MAY   3  3  3  2  2  2  2  2  2  2  2  1  1  1  1  1  1  1  1  1  1  1  1  1  1  0  0  0  0  0  0     39
JUN -99  0  0  0  0  0  0  0  0  0  0  0  0  0  0  0  0  0  0  0  0  0  0  0  0  0  0  0  0  0         1
JUL   0  0  0  0  0  0  0  0  0  0  0  0  0  0  0  0  0  0  0  0  0  0  0  0  0  0  0  0  0  0  0      0
AUG   0  0  0  0  0  0  0  0  0  0  0  0  0  0  0  0  0  0  0  0  0  0  0  0  0  0  0  0  0  0  0      0
SEP   0  0  0  0  0  0  0  0  0  0  0  0  0  0  0  0  0  0  0  0  0  0  0  1  1  1  1  1  1  2         8
OCT   2  2  3  3  3  3  3  4  4  4  4  4  5  5  5  5  5  6  6  6  6  6  7  7  7  7  8  8  8  8  8    162
NOV   9  9  9  9  9 10 10 10 10 11 11 11 11 12 12 12 12 13 13 13 13 14 14 14 15 15 15 15 16 16       363
DEC  16 17 17 17 18 18 18 18 19 19 19 19 20 20 20 20 20 21 21 21 21 21 21 21 22 22 22 22 22 22 22    616
                                                                                                        
-------------------------------------------------------------------------------------------------       
 Cooling Degree Days                                                                                    
 DAY  1  2  3  4  5  6  7  8  9 10 11 12 13 14 15 16 17 18 19 20 21 22 23 24 25 26 27 28 29 30 31  MONTH
-------------------------------------------------------------------------------------------------       
JAN   0  0  0  0  0  0  0  0  0  0  0  0  0  0  0  0  0  0  0  0  0  0  0  0  0  0  0  0  0  0  0      0
FEB   0  0  0  0  0  0  0  0  0  0  0  0  0  0  0  0  0  0  0  0  0  0  0  0  0  0  0  0               0
MAR   0  0  0  0  0  0  0  0  0  0  0  0  0  0-99-99-99-99-99-99-99-99-99  0  0  0  0  0  0  0  0      9
APR   0  0  0  0  0  0  0  0  0  0  0  1  1  1  1  1  1  1  1  1  1  1  1  2  2  2  2  2  2  2        26
MAY   2  3  3  3  3  3  3  3  4  4  4  4  4  4  5  5  5  5  5  6  6  6  6  6  7  7  7  7  7  8  8    153
JUN   8  8  8  9  9  9  9 10 10 10 10 10 10 11 11 11 11 11 12 12 12 12 12 12 12 13 13 13 13 13       324
JUL  13 13 13 14 14 14 14 14 14 14 14 14 14 14 15 15 15 15 15 15 15 15 15 15 15 15 15 15 15 15 14    447
AUG  15 14 14 14 14 14 14 14 14 14 14 14 14 13 13 13 13 13 13 13 13 12 12 12 12 12 12 12 11 11 11    404
SEP  11 11 10 10 10 10 10  9  9  9  9  9  8  8  8  8  8  7  7  7  7  7  6  6  6  6  6  5  5  5       237
OCT   5  4  4  4  4  4  3  3  3  3  3  3  2  2  2  2  2  2  2  1  1  1  1  1  1  1  1  1  1  1  1     69
NOV   1  1  1  1  1  1  1  1  1  1  0  0  0  0  0  0  0  0  0  0  0  0  0  0  0  0  0  0  0  0        10
DEC   0  0  0  0  0  0  0  0  0  0  0  0  0  0  0  0  0  0  0  0  0  0  0  0  0  0  0  0  0  0  0      0
                                                                                                        
-------------------------------------------------------------------------------------------------       
 Total  Precipitation (Hundreths of an Inch)                                                            
 DAY  1  2  3  4  5  6  7  8  9 10 11 12 13 14 15 16 17 18 19 20 21 22 23 24 25 26 27 28 29 30 31  MONTH
-------------------------------------------------------------------------------------------------       
JAN  15 15 16 16 16 16 16 17 17 17 17 17 17 17 18 18 18 18 18 18 18 18 18 18 18 18 17 17 17 17 17    530
FEB  17 17 17 17 17 17 16 16 16 16 16 16 16 16 16 16 16 16 16 16 17 17 17 17 17 17 17 17             462
MAR  17 18 18 18 18 18 18 18 18 18 18 18 18 18 18 18 18 18 18 18 18 17 17 17 17 17 16 16 16 15 15    540
APR  15 14 14 14 14 13 13 13 13 13 12 12 12 12 12 12 11 11 11 11 11 11 11 11 11 11 11 11 11 11       362
MAY  11 11 11 11 11 11 11 11 11 11 11 11 11 12 12 12 12 12 12 12 12 12 12 12 12 12 12 12 12 12 12    359
JUN  12 12 12 12 12 12 12 12 12 12 12 13 13 13 13 13 13 13 13 13 13 13 13 13 13 13 13 13 13 13       379
JUL  13 13 13 13 13 13 13 13 13 13 13 13 13 13 13 13 13 13 13 14 14 14 14 14 14 14 14 14 14 15 15    417
AUG  15 15 15 15 15 15 15 15 16 16 16 16 16 16 16 16 16 16 16 16 16 16 16 16 16 15 15 15 15 15 15    482
SEP  15 15 15 15 14 14 14 14 14 14 14 14 13 13 13 13 13 13 13 13 13 13 12 12 12 12 12 12 12 12       398
OCT  12 12 12 12 11 11 11 11 11 11 11 11 11 11 11 11 11 11 11 11 11 11 11 11 11 11 11 11 11 11 11    345
NOV  11 11 11 11 11 11 11 11 11 11 12 12 12 12 12 12 12 12 12 12 12 12 12 12 12 12 12 11 11 11       347
DEC  12 11 11 11 11 11 12 12 12 12 12 12 12 12 12 12 12 12 13 13 13 13 13 13 14 14 14 14 14 15 15    389
                                                                                                        
