-------------------------------------------------------------------------------------------------       
 1971-2000 Daily/Monthly Station Normals                                                                
 Provided by National Climatic Data Center/NESDIS/NOAA                                                  
-------------------------------------------------------------------------------------------------       
 Station COOP ID:                           431081                                                      
 Station Name, State, Division, Call:       BURLINGTON INTL AP                 VT 02 BTV                
 Latitude, Longitude, Elevation, Elements:  44 28 05 -073 09 01   330 XNP                               
-------------------------------------------------------------------------------------------------       
 Minimum Temperature (deg F [tenths deg F for monthly])                                                 
 DAY  1  2  3  4  5  6  7  8  9 10 11 12 13 14 15 16 17 18 19 20 21 22 23 24 25 26 27 28 29 30 31  MONTH
-------------------------------------------------------------------------------------------------       
JAN  12 12 11 11 11 11 10 10 10 10 10  9  9  9  9  9  9  9  9  9  9  8  8  8  8  8  8  8  8  8  8     93
FEB   8  8  9  9  9  9  9  9  9  9 10 10 10 10 11 11 11 11 12 12 12 13 13 13 14 14 15 15             109
MAR  16 16 16 17 17 18 18 19 19 19 20 20 21 21 21 22 22 23 23 24 24 24 25 25 25 26 26 27 27 27 28    218
APR  28 29 29 29 30 30 30 31 31 31 32 32 33 33 33 34 34 35 35 35 36 36 36 37 37 38 38 38 39 39       336
MAY  40 40 40 41 41 42 42 42 43 43 44 44 44 45 45 45 46 46 46 47 47 47 48 48 48 49 49 49 50 50 50    452
JUN  51 51 51 52 52 52 53 53 53 53 54 54 54 54 55 55 55 55 56 56 56 56 57 57 57 57 58 58 58 58       547
JUL  58 59 59 59 59 59 59 59 60 60 60 60 60 60 60 60 60 60 60 60 60 60 61 61 61 60 60 60 60 60 60    598
AUG  60 60 60 60 60 60 60 59 59 59 59 59 59 59 59 58 58 58 58 58 57 57 57 57 57 56 56 56 56 55 55    581
SEP  55 54 54 54 54 53 53 53 52 52 52 51 51 51 50 50 50 49 49 48 48 48 47 47 46 46 46 45 45 44       499
OCT  44 44 43 43 42 42 42 41 41 41 40 40 40 39 39 39 38 38 38 37 37 37 37 36 36 36 36 35 35 35 35    389
NOV  35 34 34 34 34 34 33 33 33 33 32 32 32 31 31 31 30 30 29 29 29 28 28 27 27 26 26 25 25 24       303
DEC  24 23 23 22 22 21 21 20 20 20 19 19 18 18 17 17 17 16 16 15 15 15 14 14 14 13 13 13 13 12 12    173
                                                                                                        
-------------------------------------------------------------------------------------------------       
 Maximum Temperature (deg F [tenths deg F for monthly])                                                 
 DAY  1  2  3  4  5  6  7  8  9 10 11 12 13 14 15 16 17 18 19 20 21 22 23 24 25 26 27 28 29 30 31  MONTH
-------------------------------------------------------------------------------------------------       
JAN  28 28 28 28 28 27 27 27 27 27 27 27 27 27 27 27 26 26 26 26 26 26 26 26 26 26 26 26 26 26 27    267
FEB  26 27 27 27 27 27 27 27 27 28 28 28 28 28 29 29 29 30 30 30 30 31 31 31 32 32 33 33             290
MAR  33 34 34 35 35 35 36 36 37 37 37 38 38 39 39 40 40 40 41 41 42 42 43 43 43 44 44 45 45 46 46    396
APR  46 47 47 48 48 49 49 50 50 51 51 52 52 52 53 53 54 54 55 55 56 56 57 57 58 59 59 60 60 61       533
MAY  61 62 62 63 63 64 64 65 65 66 66 67 67 67 68 68 69 69 69 70 70 70 71 71 71 72 72 72 72 73 73    678
JUN  73 73 74 74 74 74 75 75 75 75 76 76 76 76 76 77 77 77 77 78 78 78 78 78 79 79 79 79 79 80       765
JUL  80 80 80 80 81 81 81 81 81 81 81 81 82 82 82 82 82 82 82 82 82 82 82 82 82 82 82 82 81 81 81    814
AUG  81 81 81 81 81 81 80 80 80 80 80 80 79 79 79 79 78 78 78 78 77 77 77 77 76 76 76 75 75 75 75    784
SEP  74 74 74 73 73 73 72 72 71 71 71 70 70 70 69 69 68 68 68 67 67 66 66 66 65 65 64 64 64 63       689
OCT  63 62 62 61 61 61 60 60 59 59 58 58 58 57 57 56 56 56 55 55 54 54 53 53 53 52 52 52 51 51 50    564
NOV  50 50 49 49 48 48 48 47 47 46 46 45 45 45 44 44 43 43 43 42 42 41 41 40 40 40 39 39 38 38       440
DEC  37 37 37 36 36 35 35 35 34 34 34 33 33 33 32 32 32 31 31 31 31 30 30 30 30 29 29 29 29 28 28    323
                                                                                                        
-------------------------------------------------------------------------------------------------       
 Average Temperature (deg F [tenths deg F for monthly])                                                 
 DAY  1  2  3  4  5  6  7  8  9 10 11 12 13 14 15 16 17 18 19 20 21 22 23 24 25 26 27 28 29 30 31  MONTH
-------------------------------------------------------------------------------------------------       
JAN  20 20 20 19 19 19 19 19 19 18 18 18 18 18 18 18 18 18 18 17 17 17 17 17 17 17 17 17 17 17 17    180
FEB  17 17 18 18 18 18 18 18 18 18 19 19 19 19 20 20 20 20 21 21 21 22 22 22 23 23 24 24             199
MAR  24 25 25 26 26 27 27 27 28 28 29 29 29 30 30 31 31 32 32 32 33 33 34 34 34 35 35 36 36 37 37    307
APR  37 38 38 39 39 39 40 40 41 41 41 42 42 43 43 44 44 45 45 45 46 46 47 47 48 48 49 49 49 50       435
MAY  50 51 51 52 52 53 53 54 54 54 55 55 56 56 56 57 57 57 58 58 59 59 59 60 60 60 60 61 61 61 62    565
JUN  62 62 62 63 63 63 64 64 64 64 65 65 65 65 66 66 66 66 67 67 67 67 67 68 68 68 68 68 69 69       656
JUL  69 69 69 70 70 70 70 70 70 71 71 71 71 71 71 71 71 71 71 71 71 71 71 71 71 71 71 71 71 71 71    706
AUG  71 71 70 70 70 70 70 70 70 70 69 69 69 69 69 68 68 68 68 68 67 67 67 67 66 66 66 66 65 65 65    682
SEP  64 64 64 63 63 63 63 62 62 62 61 61 60 60 60 59 59 59 58 58 57 57 57 56 56 56 55 55 54 54       594
OCT  53 53 53 52 52 51 51 51 50 50 49 49 49 48 48 48 47 47 46 46 46 45 45 45 44 44 44 44 43 43 43    477
NOV  42 42 42 41 41 41 40 40 40 39 39 39 38 38 38 37 37 36 36 36 35 35 34 34 33 33 32 32 32 31       371
DEC  31 30 30 29 29 28 28 28 27 27 26 26 26 25 25 24 24 24 23 23 23 23 22 22 22 21 21 21 21 20 20    248
                                                                                                        
-------------------------------------------------------------------------------------------------       
 Heating Degree Days                                                                                    
 DAY  1  2  3  4  5  6  7  8  9 10 11 12 13 14 15 16 17 18 19 20 21 22 23 24 25 26 27 28 29 30 31  MONTH
-------------------------------------------------------------------------------------------------       
JAN  45 45 45 45 46 46 46 46 46 47 47 47 47 47 47 47 47 47 48 48 48 48 48 48 48 48 48 48 48 48 48   1457
FEB  48 48 48 48 48 47 47 47 47 47 47 46 46 46 46 46 45 45 45 44 44 44 43 43 43 42 42 41            1273
MAR  41 40 40 39 39 39 38 38 37 37 36 36 36 35 35 34 34 33 33 33 32 32 31 31 30 30 30 29 29 28 28   1063
APR  28 27 27 26 26 25 25 25 24 24 23 23 23 22 22 21 21 20 20 20 19 19 18 18 17 17 16 16 15 15       642
MAY  15 14 14 13 13 12 12 12 11 11 11 10 10  9  9  9  8  8  8  8  7  7  7  6  6  6  6  6  5  5  5    283
JUN   5  5  4  4  4  4  4  3  3  3  3  3  3  3  2  2  2  2  2  2  2  2  2  2  1  1  1  1  1  1        77
JUL   1  1  1  1  1  1  1  1  1  1  1  1  1  1  1  1  1  0  0  0  0  0  0  0  0  0  0  0  0  0  0     17
AUG   0  0  0  0  0  0  0  1  1  1  1  1  1  1  1  1  1  1  1  1  2  2  2  2  2  2  2  2  3  3  3     38
SEP   3  3  3  4  4  4  4  5  5  5  5  6  6  6  6  7  7  7  8  8  8  8  9  9 10 10 10 11 11 11       203
OCT  12 12 13 13 13 14 14 15 15 15 16 16 16 17 17 17 18 18 19 19 19 20 20 20 21 21 21 21 22 22 22    538
NOV  23 23 23 24 24 24 24 25 25 26 26 26 27 27 27 28 28 29 29 29 30 30 31 31 31 32 32 33 33 34       834
DEC  34 35 35 36 36 36 37 37 38 38 38 39 39 40 40 40 41 41 41 42 42 42 43 43 43 43 44 44 44 44 45   1240
                                                                                                        
-------------------------------------------------------------------------------------------------       
 Cooling Degree Days                                                                                    
 DAY  1  2  3  4  5  6  7  8  9 10 11 12 13 14 15 16 17 18 19 20 21 22 23 24 25 26 27 28 29 30 31  MONTH
-------------------------------------------------------------------------------------------------       
JAN   0  0  0  0  0  0  0  0  0  0  0  0  0  0  0  0  0  0  0  0  0  0  0  0  0  0  0  0  0  0  0      0
FEB   0  0  0  0  0  0  0  0  0  0  0  0  0  0  0  0  0  0  0  0  0  0  0  0  0  0  0  0               0
MAR   0  0  0  0  0  0  0  0  0  0  0  0  0  0  0  0  0  0  0  0  0  0  0  0  0  0  0  0  0  0  0      0
APR   0  0  0  0  0  0  0  0  0  0  0  0  0  0  0  0  0  0  0  0  0  0  0  0  0  0  0-99-99-99         3
MAY   0  0  0  0  0  0  0  0  0  0  1  1  1  1  1  1  1  1  1  1  1  1  1  1  1  1  1  1  1  2  2     23
JUN   2  2  2  2  2  2  2  2  2  2  3  3  3  3  3  3  3  3  4  4  4  4  4  4  4  4  5  5  5  5        96
JUL   5  5  5  6  6  6  6  6  6  6  6  6  6  6  6  7  7  7  7  7  7  7  7  7  6  6  6  6  6  6  6    192
AUG   6  6  6  6  6  6  5  5  5  5  5  5  5  5  5  5  4  4  4  4  4  4  4  4  3  3  3  3  3  3  3    139
SEP   3  2  2  2  2  2  2  2  2  2  1  1  1  1  1  1  1  1  1  1  1  1  1  1  0  0  0  0  0  0        35
OCT -99  0  0  0  0  0  0  0  0  0  0  0  0  0  0  0  0  0  0  0  0  0  0  0  0  0  0  0  0  0  0      1
NOV   0  0  0  0  0  0  0  0  0  0  0  0  0  0  0  0  0  0  0  0  0  0  0  0  0  0  0  0  0  0         0
DEC   0  0  0  0  0  0  0  0  0  0  0  0  0  0  0  0  0  0  0  0  0  0  0  0  0  0  0  0  0  0  0      0
                                                                                                        
-------------------------------------------------------------------------------------------------       
 Total  Precipitation (Hundreths of an Inch)                                                            
 DAY  1  2  3  4  5  6  7  8  9 10 11 12 13 14 15 16 17 18 19 20 21 22 23 24 25 26 27 28 29 30 31  MONTH
-------------------------------------------------------------------------------------------------       
JAN   7  7  7  7  7  7  7  7  7  7  7  8  8  8  8  8  7  7  7  7  7  7  7  7  7  7  7  7  7  7  7    222
FEB   6  6  6  6  6  6  6  6  6  6  6  6  6  6  6  5  6  6  6  6  6  6  6  6  6  6  6  6             167
MAR   6  6  6  7  7  7  7  7  7  7  7  7  7  7  7  7  8  8  8  8  8  8  8  8  8  8  8  8  9  9  9    232
APR   9  9  9  9  9  9  9  9  9  9  9  9 10 10 10 10 10 10 10 10 10 10 10 10 10 10 10 10 10 10       288
MAY  10 10 10 10 10 10 10 10 10 11 11 11 11 11 11 11 11 11 11 11 11 11 11 11 11 11 11 11 11 11 11    332
JUN  11 11 11 11 11 11 11 11 11 11 11 11 11 11 11 11 11 12 12 12 12 12 12 12 12 12 12 12 12 12       343
JUL  12 12 12 12 12 12 13 13 13 13 13 13 13 13 13 13 13 13 13 13 13 13 13 13 13 13 13 13 13 13 13    397
AUG  13 13 13 13 13 13 13 13 13 13 12 12 13 13 13 13 13 13 13 13 13 13 13 13 13 13 13 13 13 13 13    401
SEP  13 13 13 13 13 13 13 13 13 13 13 13 13 13 13 13 13 13 13 13 13 13 13 12 12 12 12 12 12 12       383
OCT  11 11 11 11 10 10 10 10 10 10 10 10 10 10 10 10 10 10 10  9  9 10 10 10 10 10 10 10 10 10 10    312
NOV  10 10 10 10 10 11 11 11 11 11 11 11 11 11 11 11 10 10 10 10 10 10 10 10 10  9  9  9  9  9       306
DEC   9  8  8  8  8  8  8  7  7  7  7  7  7  7  7  7  7  7  7  7  7  6  6  6  7  7  7  7  7  7  7    222
                                                                                                        
