-------------------------------------------------------------------------------------------------       
 1971-2000 Daily/Monthly Station Normals                                                                
 Provided by National Climatic Data Center/NESDIS/NOAA                                                  
-------------------------------------------------------------------------------------------------       
 Station COOP ID:                           432769                                                      
 Station Name, State, Division, Call:       ENOSBURG FALLS                     VT 01                    
 Latitude, Longitude, Elevation, Elements:  44 51 53 -072 48 32   420 XNP                               
-------------------------------------------------------------------------------------------------       
 Minimum Temperature (deg F [tenths deg F for monthly])                                                 
 DAY  1  2  3  4  5  6  7  8  9 10 11 12 13 14 15 16 17 18 19 20 21 22 23 24 25 26 27 28 29 30 31  MONTH
-------------------------------------------------------------------------------------------------       
JAN   8  7  7  7  7  7  6  6  6  6  6  5  5  5  5  5  5  5  5  5  5  5  4  4  4  4  4  4  4  4  4     53
FEB   4  4  5  5  5  5  5  5  5  6  6  6  6  6  7  7  7  8  8  8  9  9  9 10 10 11 11 12              71
MAR  12 13 13 14 14 15 15 15 16 16 17 17 18 18 19 19 19 20 20 21 21 22 22 22 23 23 24 24 24 25 25    189
APR  26 26 26 27 27 27 28 28 29 29 29 30 30 31 31 31 32 32 33 33 33 34 34 35 35 35 36 36 36 37       312
MAY  37 38 38 38 39 39 40 40 40 41 41 41 42 42 42 43 43 44 44 44 45 45 45 46 46 46 46 47 47 47 48    427
JUN  48 48 49 49 49 49 50 50 50 50 51 51 51 52 52 52 52 52 53 53 53 53 54 54 54 54 54 54 55 55       517
JUL  55 55 55 55 55 56 56 56 56 56 56 56 56 56 57 57 57 57 57 57 57 57 57 57 57 57 57 57 57 57 57    564
AUG  57 57 56 56 56 56 56 56 56 56 56 55 55 55 55 55 55 55 54 54 54 54 54 53 53 53 53 52 52 52 52    546
SEP  51 51 51 51 50 50 50 49 49 49 48 48 48 48 47 47 47 46 46 46 45 45 44 44 44 43 43 43 42 42       469
OCT  41 41 41 40 40 40 39 39 39 38 38 38 37 37 37 36 36 36 36 35 35 35 34 34 34 34 33 33 33 33 33    366
NOV  32 32 32 32 31 31 31 31 30 30 30 29 29 29 28 28 28 27 27 26 26 25 25 24 24 23 23 22 22 21       276
DEC  21 20 19 19 18 18 17 17 16 16 15 15 14 14 14 13 13 12 12 12 11 11 10 10 10  9  9  9  8  8  8    135
                                                                                                        
-------------------------------------------------------------------------------------------------       
 Maximum Temperature (deg F [tenths deg F for monthly])                                                 
 DAY  1  2  3  4  5  6  7  8  9 10 11 12 13 14 15 16 17 18 19 20 21 22 23 24 25 26 27 28 29 30 31  MONTH
-------------------------------------------------------------------------------------------------       
JAN  29 29 29 28 28 28 28 28 28 28 28 28 28 28 28 28 28 28 28 28 28 28 28 28 28 28 28 28 28 28 29    281
FEB  29 29 29 29 29 29 29 30 30 30 30 30 31 31 31 31 32 32 32 33 33 33 34 34 34 35 35 35             314
MAR  36 36 37 37 37 38 38 38 39 39 40 40 41 41 41 42 42 43 43 43 44 44 45 45 45 46 46 47 47 48 48    418
APR  49 49 49 50 50 51 51 52 52 53 53 54 54 54 55 55 56 56 57 57 58 58 59 59 60 60 61 62 62 63       553
MAY  63 64 64 65 65 66 66 67 67 67 68 68 69 69 69 70 70 70 71 71 71 72 72 72 72 73 73 73 73 74 74    693
JUN  74 74 74 74 75 75 75 75 75 76 76 76 76 76 76 77 77 77 77 77 77 78 78 78 78 78 79 79 79 79       765
JUL  79 79 79 80 80 80 80 80 80 80 80 80 81 81 81 81 81 81 81 81 81 81 81 81 81 81 81 81 81 81 81    805
AUG  81 80 80 80 80 80 80 80 80 80 79 79 79 79 79 78 78 78 78 78 77 77 77 77 76 76 76 75 75 75 74    781
SEP  74 74 73 73 73 72 72 72 71 71 71 71 70 70 70 69 69 69 68 68 68 67 67 67 66 66 66 65 65 65       694
OCT  64 64 64 63 63 63 62 62 62 61 61 60 60 60 59 59 59 58 58 57 57 56 56 56 55 55 54 54 53 53 52    587
NOV  52 51 51 50 50 49 49 49 48 48 47 47 46 46 45 45 44 44 43 43 43 42 42 41 41 40 40 39 39 39       451
DEC  38 38 37 37 36 36 36 35 35 35 34 34 33 33 33 33 32 32 32 31 31 31 31 30 30 30 30 30 29 29 29    329
                                                                                                        
-------------------------------------------------------------------------------------------------       
 Average Temperature (deg F [tenths deg F for monthly])                                                 
 DAY  1  2  3  4  5  6  7  8  9 10 11 12 13 14 15 16 17 18 19 20 21 22 23 24 25 26 27 28 29 30 31  MONTH
-------------------------------------------------------------------------------------------------       
JAN  18 18 18 18 18 18 17 17 17 17 17 17 17 17 17 16 16 16 16 16 16 16 16 16 16 16 16 16 16 16 17    167
FEB  16 17 17 17 17 17 17 17 18 18 18 18 18 19 19 19 20 20 20 20 21 21 22 22 22 23 23 24             193
MAR  24 24 25 25 26 26 27 27 27 28 28 29 29 30 30 30 31 31 32 32 33 33 33 34 34 35 35 35 36 36 37    304
APR  37 38 38 38 39 39 40 40 40 41 41 42 42 43 43 43 44 44 45 45 46 46 47 47 47 48 48 49 49 50       433
MAY  50 51 51 52 52 52 53 53 54 54 54 55 55 56 56 56 57 57 57 58 58 58 59 59 59 59 60 60 60 60 61    560
JUN  61 61 61 62 62 62 62 63 63 63 63 63 64 64 64 64 65 65 65 65 65 65 66 66 66 66 66 67 67 67       641
JUL  67 67 67 68 68 68 68 68 68 68 68 68 69 69 69 69 69 69 69 69 69 69 69 69 69 69 69 69 69 69 69    685
AUG  69 69 68 68 68 68 68 68 68 68 68 67 67 67 67 67 67 66 66 66 66 65 65 65 65 64 64 64 64 63 63    664
SEP  63 63 62 62 62 61 61 61 60 60 60 59 59 59 58 58 58 58 57 57 56 56 56 55 55 55 54 54 54 53       582
OCT  53 53 52 52 52 51 51 50 50 50 49 49 49 48 48 48 47 47 47 46 46 46 45 45 45 44 44 44 43 43 42    477
NOV  42 42 42 41 41 40 40 40 39 39 38 38 38 37 37 36 36 36 35 35 34 34 33 33 32 32 31 31 30 30       364
DEC  29 29 28 28 27 27 26 26 26 25 25 24 24 24 23 23 22 22 22 21 21 21 21 20 20 20 19 19 19 19 19    232
                                                                                                        
-------------------------------------------------------------------------------------------------       
 Heating Degree Days                                                                                    
 DAY  1  2  3  4  5  6  7  8  9 10 11 12 13 14 15 16 17 18 19 20 21 22 23 24 25 26 27 28 29 30 31  MONTH
-------------------------------------------------------------------------------------------------       
JAN  47 47 47 47 47 47 48 48 48 48 48 48 48 48 48 49 49 49 49 49 49 49 49 49 49 49 49 49 49 49 48   1497
FEB  48 48 48 48 48 48 48 48 47 47 47 47 47 46 46 46 46 45 45 45 44 44 44 43 43 42 42 42            1282
MAR  41 41 40 40 39 39 38 38 38 37 37 36 36 35 35 35 34 34 33 33 33 32 32 31 31 30 30 30 29 29 28   1074
APR  28 28 27 27 26 26 25 25 25 24 24 23 23 22 22 22 21 21 20 20 19 19 18 18 18 17 17 16 16 15       652
MAY  15 14 14 14 13 13 12 12 12 11 11 10 10 10  9  9  9  8  8  8  7  7  7  7  6  6  6  6  5  5  5    289
JUN   5  5  4  4  4  4  4  4  3  3  3  3  3  3  2  2  2  2  2  2  2  2  2  2  1  1  1  1  1  1        78
JUL   1  1  1  1  1  1  1  1  1  1  1  1  1  1  1  1  1  1  0  0  0  0  0  0  0  0  0  0  0  0  0     18
AUG   0  0  0  0  0  0  0  1  1  1  1  1  1  1  1  1  1  1  1  2  2  2  2  2  2  2  3  3  3  3  3     41
SEP   3  4  4  4  4  4  5  5  5  5  6  6  6  6  7  7  7  8  8  8  9  9  9  9 10 10 11 11 11 12       213
OCT  12 12 13 13 13 14 14 15 15 15 16 16 16 17 17 17 18 18 18 19 19 19 20 20 21 21 21 22 22 22 23    538
NOV  23 23 24 24 24 25 25 25 26 26 27 27 27 28 28 29 29 30 30 30 31 31 32 32 33 33 34 34 35 35       860
DEC  36 36 37 37 38 38 39 39 39 40 40 41 41 41 42 42 43 43 43 44 44 44 44 45 45 45 46 46 46 46 46   1296
                                                                                                        
-------------------------------------------------------------------------------------------------       
 Cooling Degree Days                                                                                    
 DAY  1  2  3  4  5  6  7  8  9 10 11 12 13 14 15 16 17 18 19 20 21 22 23 24 25 26 27 28 29 30 31  MONTH
-------------------------------------------------------------------------------------------------       
JAN   0  0  0  0  0  0  0  0  0  0  0  0  0  0  0  0  0  0  0  0  0  0  0  0  0  0  0  0  0  0  0      0
FEB   0  0  0  0  0  0  0  0  0  0  0  0  0  0  0  0  0  0  0  0  0  0  0  0  0  0  0  0               0
MAR   0  0  0  0  0  0  0  0  0  0  0  0  0  0  0  0  0  0  0  0  0  0  0  0  0  0  0  0  0  0  0      0
APR   0  0  0  0  0  0  0  0  0  0  0  0  0  0  0  0  0  0  0  0  0  0  0  0  0  0  0  0  0  0         0
MAY   0  0  0  0  0  0  0  0  0  0  0  0  0  0  0  0  0  0  0  0  0  0  1  1  1  1  1  1  1  1  1      9
JUN   1  1  1  1  1  1  1  1  1  1  1  1  1  1  2  2  2  2  2  2  2  2  2  2  3  3  3  3  3  3        52
JUL   3  3  4  4  4  4  4  4  4  4  4  4  4  4  4  4  4  4  5  5  5  4  4  4  4  4  4  4  4  4  4    125
AUG   4  4  4  4  4  4  3  3  3  3  3  3  3  3  3  3  3  2  2  2  2  2  2  2  2  2  2  2  1  1  1     82
SEP   1  1  1  1  1  1  1  0  0  0  0  0  0  0  0  0  0  0  0  0  0  0  0  0  0  0  0  0  0  0         7
OCT   0  0  0  0  0  0  0  0  0  0  0  0  0  0  0  0  0  0  0  0  0  0  0  0  0  0  0  0  0  0  0      0
NOV   0  0  0  0  0  0  0  0  0  0  0  0  0  0  0  0  0  0  0  0  0  0  0  0  0  0  0  0  0  0         0
DEC   0  0  0  0  0  0  0  0  0  0  0  0  0  0  0  0  0  0  0  0  0  0  0  0  0  0  0  0  0  0  0      0
                                                                                                        
-------------------------------------------------------------------------------------------------       
 Total  Precipitation (Hundreths of an Inch)                                                            
 DAY  1  2  3  4  5  6  7  8  9 10 11 12 13 14 15 16 17 18 19 20 21 22 23 24 25 26 27 28 29 30 31  MONTH
-------------------------------------------------------------------------------------------------       
JAN   9  9  9  9  9  9  9  9  9  9  9  9  9  9  9  9  9  9  9  9  9  9  9  9  9  9  9  8  8  8  8    275
FEB   8  8  8  8  8  8  8  7  7  7  7  7  7  7  7  7  7  7  8  8  8  8  8  8  8  8  8  8             213
MAR   8  8  9  9  9  9  9  9  9  9  9  9 10 10 10 10 10 10 10 10 10 10 10 10 10 10 10 10 10 10 10    296
APR  10 10 10 10 10 10 10 11 11 11 11 11 11 11 11 11 11 11 11 11 11 11 11 11 11 12 12 12 12 12       328
MAY  12 12 12 12 12 12 12 12 12 12 12 12 13 13 13 13 13 13 13 13 13 13 13 13 13 13 13 13 13 13 13    391
JUN  13 13 13 13 13 13 12 13 13 13 13 13 13 13 13 13 13 13 13 13 13 13 13 13 13 13 13 13 13 13       389
JUL  14 14 14 14 14 14 14 14 14 14 14 14 14 14 14 14 14 15 15 15 15 15 15 15 15 15 15 15 15 15 15    448
AUG  15 15 15 15 15 15 15 15 15 15 15 16 16 16 16 16 16 16 16 16 16 16 15 15 15 15 15 15 15 15 15    476
SEP  15 15 15 15 15 15 15 15 15 15 15 15 15 15 14 14 14 14 14 14 14 14 14 14 14 13 13 13 13 13       429
OCT  13 13 13 13 12 12 12 12 12 12 12 12 12 12 12 12 12 12 12 12 12 12 12 13 13 13 13 13 13 13 13    384
NOV  13 14 14 14 14 14 14 14 14 14 14 14 14 14 14 14 14 14 14 14 14 14 14 13 13 13 13 13 13 12       411
DEC  12 12 12 11 11 11 11 11 11 10 10 10 10 10 10 10 10  9  9  9  9  9  9  9  9  9  9  9  9  9  9    308
                                                                                                        
