-------------------------------------------------------------------------------------------------       
 1971-2000 Daily/Monthly Station Normals                                                                
 Provided by National Climatic Data Center/NESDIS/NOAA                                                  
-------------------------------------------------------------------------------------------------       
 Station COOP ID:                           430277                                                      
 Station Name, State, Division, Call:       BALL MOUNTAIN LAKE                 VT 03                    
 Latitude, Longitude, Elevation, Elements:  43 07 00 -072 48 00  1130 XNP                               
-------------------------------------------------------------------------------------------------       
 Minimum Temperature (deg F [tenths deg F for monthly])                                                 
 DAY  1  2  3  4  5  6  7  8  9 10 11 12 13 14 15 16 17 18 19 20 21 22 23 24 25 26 27 28 29 30 31  MONTH
-------------------------------------------------------------------------------------------------       
JAN   7  7  6  6  6  6  6  6  5  5  5  5  5  5  5  4  4  4  4  4  4  4  4  4  4  4  4  4  4  4  4     48
FEB   4  4  4  4  4  4  4  4  4  4  5  5  5  5  5  6  6  6  6  7  7  7  8  8  8  9  9 10              58
MAR  10 10 11 11 12 12 13 13 13 14 14 15 15 15 16 16 17 17 18 18 18 19 19 20 20 20 21 21 22 22 23    163
APR  23 23 24 24 25 25 25 26 26 27 27 27 28 28 29 29 29 30 30 30 31 31 32 32 32 33 33 34 34 34       287
MAY  35 35 35 36 36 36 37 37 38 38 38 39 39 39 40 40 40 41 41 41 42 42 42 43 43 43 44 44 44 44 45    399
JUN  45 45 46 46 46 46 47 47 47 47 48 48 48 48 49 49 49 49 50 50 50 50 50 51 51 51 51 51 51 52       486
JUL  52 52 52 52 52 52 52 52 52 53 53 53 53 53 53 53 53 53 53 53 53 53 53 53 53 53 53 53 53 53 53    527
AUG  53 52 52 52 52 52 52 52 52 52 51 51 51 51 51 51 50 50 50 50 50 49 49 49 49 48 48 48 48 47 47    503
SEP  47 46 46 46 45 45 45 45 44 44 43 43 43 42 42 42 41 41 40 40 40 39 39 38 38 38 37 37 36 36       416
OCT  35 35 34 34 33 33 33 32 32 32 31 31 30 30 30 30 29 29 29 29 28 28 28 28 28 27 27 27 27 27 27    301
NOV  27 26 26 26 26 26 26 26 25 25 25 25 24 24 24 24 23 23 23 22 22 22 21 21 21 20 20 19 19 18       233
DEC  18 17 17 16 16 16 15 15 14 14 14 13 13 12 12 12 11 11 11 10 10 10  9  9  9  9  8  8  8  8  7    120
                                                                                                        
-------------------------------------------------------------------------------------------------       
 Maximum Temperature (deg F [tenths deg F for monthly])                                                 
 DAY  1  2  3  4  5  6  7  8  9 10 11 12 13 14 15 16 17 18 19 20 21 22 23 24 25 26 27 28 29 30 31  MONTH
-------------------------------------------------------------------------------------------------       
JAN  28 28 28 28 28 27 27 27 27 27 27 27 27 27 27 27 27 27 27 27 27 27 27 27 27 27 27 28 28 28 28    273
FEB  28 28 28 29 29 29 29 29 29 30 30 30 30 30 31 31 31 31 32 32 32 32 33 33 33 33 34 34             307
MAR  34 35 35 35 36 36 36 37 37 37 37 38 38 38 39 39 40 40 40 41 41 41 42 42 42 43 43 43 44 44 45    393
APR  45 45 46 46 47 47 47 48 48 49 49 50 50 50 51 51 52 52 53 53 54 54 55 55 56 56 57 57 58 58       513
MAY  59 59 60 60 61 61 62 62 62 63 63 64 64 65 65 65 66 66 66 67 67 67 68 68 68 68 69 69 69 69 70    649
JUN  70 70 70 70 71 71 71 71 72 72 72 72 72 73 73 73 73 73 74 74 74 74 74 75 75 75 75 76 76 76       729
JUL  76 77 77 77 77 77 77 77 78 78 78 78 78 78 78 78 78 78 78 78 78 78 78 78 78 78 78 78 78 78 78    777
AUG  78 77 77 77 77 77 77 77 76 76 76 76 76 76 75 75 75 75 75 74 74 74 74 73 73 73 73 73 72 72 72    750
SEP  71 71 71 71 70 70 70 69 69 69 69 68 68 68 67 67 67 66 66 66 65 65 65 64 64 63 63 63 62 62       670
OCT  62 61 61 60 60 60 59 59 59 58 58 57 57 56 56 56 55 55 54 54 54 53 53 52 52 52 51 51 50 50 49    556
NOV  49 49 48 48 47 47 46 46 46 45 45 44 44 43 43 43 42 42 41 41 41 40 40 39 39 39 38 38 37 37       429
DEC  37 36 36 35 35 35 34 34 34 33 33 33 32 32 32 31 31 31 31 30 30 30 30 30 29 29 29 29 29 28 28    318
                                                                                                        
-------------------------------------------------------------------------------------------------       
 Average Temperature (deg F [tenths deg F for monthly])                                                 
 DAY  1  2  3  4  5  6  7  8  9 10 11 12 13 14 15 16 17 18 19 20 21 22 23 24 25 26 27 28 29 30 31  MONTH
-------------------------------------------------------------------------------------------------       
JAN  17 17 17 17 17 17 17 16 16 16 16 16 16 16 16 16 16 16 16 16 15 15 15 15 16 16 16 16 16 16 16    161
FEB  16 16 16 16 16 16 17 17 17 17 17 17 18 18 18 18 19 19 19 19 20 20 20 21 21 21 21 22             183
MAR  22 23 23 23 24 24 24 25 25 25 26 26 27 27 27 28 28 29 29 29 30 30 30 31 31 32 32 32 33 33 34    278
APR  34 34 35 35 36 36 36 37 37 38 38 39 39 39 40 40 41 41 41 42 42 43 43 44 44 44 45 45 46 46       400
MAY  47 47 47 48 48 49 49 50 50 50 51 51 52 52 52 53 53 53 54 54 54 55 55 55 56 56 56 56 57 57 57    524
JUN  58 58 58 58 58 59 59 59 59 60 60 60 60 61 61 61 61 61 62 62 62 62 62 63 63 63 63 63 64 64       608
JUL  64 64 64 64 65 65 65 65 65 65 65 65 65 65 65 66 66 66 66 66 66 66 66 66 66 65 65 65 65 65 65    652
AUG  65 65 65 65 65 65 64 64 64 64 64 64 64 63 63 63 63 63 62 62 62 62 61 61 61 61 60 60 60 60 59    627
SEP  59 59 59 58 58 58 57 57 57 56 56 56 55 55 55 54 54 54 53 53 52 52 52 51 51 50 50 50 49 49       543
OCT  48 48 48 47 47 46 46 46 45 45 45 44 44 43 43 43 42 42 42 41 41 41 40 40 40 40 39 39 39 38 38    429
NOV  38 38 37 37 37 36 36 36 35 35 35 35 34 34 33 33 33 32 32 32 31 31 31 30 30 29 29 28 28 28       331
DEC  27 27 26 26 25 25 25 24 24 24 23 23 23 22 22 22 21 21 21 20 20 20 20 19 19 19 19 18 18 18 18    219
                                                                                                        
-------------------------------------------------------------------------------------------------       
 Heating Degree Days                                                                                    
 DAY  1  2  3  4  5  6  7  8  9 10 11 12 13 14 15 16 17 18 19 20 21 22 23 24 25 26 27 28 29 30 31  MONTH
-------------------------------------------------------------------------------------------------       
JAN  47 48 48 48 48 48 48 49 49 49 49 49 49 49 49 49 49 49 49 50 50 50 50 50 50 50 49 49 49 49 49   1518
FEB  49 49 49 49 49 49 48 48 48 48 48 48 47 47 47 47 46 46 46 46 45 45 45 45 44 44 44 43            1309
MAR  43 42 42 42 41 41 41 40 40 40 39 39 38 38 38 37 37 37 36 36 35 35 35 34 34 33 33 33 32 32 31   1154
APR  31 31 30 30 29 29 29 28 28 27 27 26 26 26 25 25 24 24 24 23 23 22 22 21 21 21 20 20 19 19       750
MAY  18 18 17 17 17 16 16 15 15 15 14 14 14 13 13 12 12 12 11 11 11 11 10 10 10  9  9  9  9  8  8    394
JUN   8  7  7  7  7  7  6  6  6  6  6  5  5  5  5  5  4  4  4  4  4  4  3  3  3  3  3  3  3  3       146
JUL   3  2  2  2  2  2  2  2  2  2  2  2  2  2  2  2  1  1  1  1  1  1  1  1  1  1  1  2  2  2  2     52
AUG   2  2  2  2  2  2  2  2  2  2  2  3  3  3  3  3  3  3  4  4  4  4  4  4  5  5  5  5  5  6  6    104
SEP   6  7  7  7  7  8  8  8  8  9  9  9 10 10 10 11 11 11 12 12 12 13 13 14 14 14 15 15 16 16       322
OCT  17 17 17 18 18 19 19 19 20 20 21 21 21 22 22 22 23 23 23 24 24 24 25 25 25 26 26 26 26 27 27    687
NOV  27 28 28 28 28 29 29 29 30 30 30 30 31 31 32 32 32 33 33 33 34 34 34 35 35 36 36 36 37 37       957
DEC  38 38 39 39 40 40 40 41 41 41 42 42 42 43 43 43 44 44 44 45 45 45 45 46 46 46 46 47 47 47 47   1336
                                                                                                        
-------------------------------------------------------------------------------------------------       
 Cooling Degree Days                                                                                    
 DAY  1  2  3  4  5  6  7  8  9 10 11 12 13 14 15 16 17 18 19 20 21 22 23 24 25 26 27 28 29 30 31  MONTH
-------------------------------------------------------------------------------------------------       
JAN   0  0  0  0  0  0  0  0  0  0  0  0  0  0  0  0  0  0  0  0  0  0  0  0  0  0  0  0  0  0  0      0
FEB   0  0  0  0  0  0  0  0  0  0  0  0  0  0  0  0  0  0  0  0  0  0  0  0  0  0  0  0               0
MAR   0  0  0  0  0  0  0  0  0  0  0  0  0  0  0  0  0  0  0  0  0  0  0  0  0  0  0  0  0  0  0      0
APR   0  0  0  0  0  0  0  0  0  0  0  0  0  0  0  0  0  0  0  0  0  0  0  0  0  0  0  0  0  0         0
MAY   0  0  0  0  0  0  0  0  0  0  0  0  0  0  0  0  0  0  0  0  0  0  0  0  0  0  0  0-99-99-99      3
JUN   0  0  0  0  0  0  0  0  0  0  0  0  1  1  1  1  1  1  1  1  1  1  1  1  1  1  1  1  1  1        18
JUL   1  1  1  1  1  2  2  2  2  2  2  2  2  2  2  2  2  2  2  2  2  2  2  2  2  2  2  2  2  2  2     57
AUG   2  2  2  2  1  1  1  1  1  1  1  1  1  1  1  1  1  1  1  1  1  1  1  1  1  1  1  1  0  0  0     32
SEP -99  0  0  0  0  0  0  0  0  0  0  0  0  0  0  0  0  0  0  0  0  0  0  0  0  0  0  0  0  0         1
OCT   0  0  0  0  0  0  0  0  0  0  0  0  0  0  0  0  0  0  0  0  0  0  0  0  0  0  0  0  0  0  0      0
NOV   0  0  0  0  0  0  0  0  0  0  0  0  0  0  0  0  0  0  0  0  0  0  0  0  0  0  0  0  0  0         0
DEC   0  0  0  0  0  0  0  0  0  0  0  0  0  0  0  0  0  0  0  0  0  0  0  0  0  0  0  0  0  0  0      0
                                                                                                        
-------------------------------------------------------------------------------------------------       
 Total  Precipitation (Hundreths of an Inch)                                                            
 DAY  1  2  3  4  5  6  7  8  9 10 11 12 13 14 15 16 17 18 19 20 21 22 23 24 25 26 27 28 29 30 31  MONTH
-------------------------------------------------------------------------------------------------       
JAN  14 14 14 14 14 14 14 14 14 14 14 14 14 14 14 14 14 13 13 13 13 13 13 13 13 13 13 13 12 12 12    417
FEB  12 12 12 12 12 12 12 11 11 11 11 11 11 11 11 11 11 11 12 12 12 12 12 12 12 12 12 13             326
MAR  13 13 13 13 13 13 14 14 14 14 14 14 14 14 14 14 14 15 15 15 15 15 15 15 15 15 15 15 15 15 15    442
APR  15 14 14 14 14 14 14 14 14 14 14 14 14 14 14 14 14 14 14 14 14 14 14 14 14 14 14 14 14 14       421
MAY  14 14 14 13 13 13 13 13 13 13 13 14 14 14 14 14 14 14 14 14 14 14 14 14 14 14 14 14 14 14 14    426
JUN  14 14 14 14 14 14 14 14 14 14 14 14 14 14 14 14 14 14 14 13 13 13 13 13 13 13 13 13 13 13       409
JUL  13 13 13 13 13 13 13 13 13 12 12 12 12 12 12 12 13 13 13 13 13 13 13 13 13 13 13 13 13 13 13    396
AUG  13 14 14 14 14 14 14 14 14 14 14 14 14 14 14 14 14 14 14 14 14 14 14 14 14 14 14 13 13 13 13    429
SEP  13 13 13 13 13 13 13 12 12 12 12 12 12 12 12 12 12 12 12 12 12 12 12 12 12 12 12 13 13 13       370
OCT  13 13 13 13 13 13 13 13 13 13 14 14 14 14 14 14 14 14 14 14 14 14 14 14 14 14 14 14 14 14 14    424
NOV  14 14 14 14 14 15 15 15 15 15 15 15 15 15 15 15 15 14 14 14 14 14 14 14 14 14 14 14 14 14       432
DEC  14 14 14 14 14 14 14 14 14 14 14 14 14 14 14 14 14 13 13 13 13 14 14 14 14 14 14 14 14 14 14    430
                                                                                                        
