-------------------------------------------------------------------------------------------------       
 1971-2000 Daily/Monthly Station Normals                                                                
 Provided by National Climatic Data Center/NESDIS/NOAA                                                  
-------------------------------------------------------------------------------------------------       
 Station COOP ID:                           438815                                                      
 Station Name, State, Division, Call:       WATERBURY 2 SSE                    VT 01                    
 Latitude, Longitude, Elevation, Elements:  44 19 00 -072 45 00   760 XNP                               
-------------------------------------------------------------------------------------------------       
 Minimum Temperature (deg F [tenths deg F for monthly])                                                 
 DAY  1  2  3  4  5  6  7  8  9 10 11 12 13 14 15 16 17 18 19 20 21 22 23 24 25 26 27 28 29 30 31  MONTH
-------------------------------------------------------------------------------------------------       
JAN   9  9  8  8  8  8  8  8  7  7  7  7  7  7  7  7  7  7  6  6  6  6  6  6  6  6  6  6  6  6  6     69
FEB   6  6  6  7  7  7  7  7  7  7  8  8  8  8  8  9  9  9 10 10 10 11 11 11 12 12 12 13              88
MAR  13 14 14 15 15 15 16 16 17 17 18 18 18 19 19 20 20 20 21 21 22 22 22 23 23 24 24 24 25 25 25    195
APR  26 26 27 27 27 28 28 28 29 29 30 30 30 31 31 31 32 32 33 33 33 34 34 35 35 35 36 36 36 37       313
MAY  37 38 38 38 39 39 39 40 40 41 41 41 42 42 42 43 43 43 44 44 44 45 45 45 46 46 46 46 47 47 47    425
JUN  48 48 48 49 49 49 49 50 50 50 50 51 51 51 51 52 52 52 52 52 53 53 53 53 53 54 54 54 54 54       513
JUL  55 55 55 55 55 55 55 56 56 56 56 56 56 56 56 56 56 56 56 56 56 57 57 57 57 56 56 56 56 56 56    559
AUG  56 56 56 56 56 56 56 56 55 55 55 55 55 55 55 54 54 54 54 54 54 53 53 53 53 52 52 52 52 52 51    542
SEP  51 51 50 50 50 49 49 49 49 48 48 48 47 47 47 46 46 46 45 45 45 44 44 43 43 43 42 42 41 41       463
OCT  41 40 40 39 39 39 38 38 38 37 37 37 36 36 36 35 35 35 34 34 34 34 33 33 33 33 32 32 32 32 32    356
NOV  31 31 31 31 31 30 30 30 29 29 29 29 28 28 28 27 27 26 26 26 25 25 24 24 23 23 22 22 21 21       269
DEC  20 20 19 19 18 18 17 17 16 16 16 15 15 14 14 14 13 13 12 12 12 11 11 11 11 10 10 10  9  9  9    139
                                                                                                        
-------------------------------------------------------------------------------------------------       
 Maximum Temperature (deg F [tenths deg F for monthly])                                                 
 DAY  1  2  3  4  5  6  7  8  9 10 11 12 13 14 15 16 17 18 19 20 21 22 23 24 25 26 27 28 29 30 31  MONTH
-------------------------------------------------------------------------------------------------       
JAN  27 26 26 26 26 26 26 26 26 26 26 26 25 25 25 25 25 25 25 25 25 25 26 26 26 26 26 26 26 26 26    257
FEB  26 26 27 27 27 27 27 28 28 28 28 28 29 29 29 29 30 30 30 30 31 31 31 32 32 32 33 33             292
MAR  33 34 34 34 35 35 36 36 36 37 37 37 38 38 39 39 39 40 40 40 41 41 42 42 42 43 43 44 44 45 45    390
APR  45 46 46 47 47 48 48 48 49 49 50 50 51 51 52 52 53 53 54 54 54 55 55 56 56 57 58 58 59 59       520
MAY  60 60 61 61 62 62 62 63 63 64 64 65 65 65 66 66 67 67 67 68 68 68 69 69 69 70 70 70 70 71 71    659
JUN  71 71 72 72 72 72 72 73 73 73 73 73 74 74 74 74 74 75 75 75 75 75 76 76 76 76 76 77 77 77       741
JUL  77 77 77 78 78 78 78 78 78 78 78 79 79 79 79 79 79 79 79 79 79 79 79 79 79 79 79 79 79 79 78    785
AUG  79 78 78 78 78 78 78 78 77 77 77 77 77 77 76 76 76 76 75 75 75 75 74 74 74 74 73 73 73 72 72    758
SEP  72 71 71 71 70 70 70 69 69 69 68 68 68 67 67 66 66 66 65 65 65 64 64 64 63 63 62 62 62 61       666
OCT  61 60 60 60 59 59 58 58 58 57 57 56 56 56 55 55 54 54 53 53 53 52 52 51 51 51 50 50 49 49 49    547
NOV  48 48 47 47 46 46 46 45 45 44 44 43 43 43 42 42 41 41 41 40 40 39 39 38 38 38 37 37 36 36       420
DEC  35 35 35 34 34 34 33 33 32 32 32 31 31 31 30 30 30 30 29 29 29 29 28 28 28 28 27 27 27 27 27    305
                                                                                                        
-------------------------------------------------------------------------------------------------       
 Average Temperature (deg F [tenths deg F for monthly])                                                 
 DAY  1  2  3  4  5  6  7  8  9 10 11 12 13 14 15 16 17 18 19 20 21 22 23 24 25 26 27 28 29 30 31  MONTH
-------------------------------------------------------------------------------------------------       
JAN  18 17 17 17 17 17 17 17 16 16 16 16 16 16 16 16 16 16 16 16 16 16 16 16 16 16 16 16 16 16 16    163
FEB  16 16 17 17 17 17 17 17 17 18 18 18 18 19 19 19 19 20 20 20 20 21 21 21 22 22 23 23             190
MAR  23 24 24 25 25 25 26 26 27 27 27 28 28 29 29 29 30 30 30 31 31 32 32 32 33 33 34 34 34 35 35    293
APR  36 36 36 37 37 38 38 38 39 39 40 40 41 41 41 42 42 43 43 44 44 44 45 45 46 46 47 47 48 48       417
MAY  48 49 49 50 50 51 51 51 52 52 53 53 53 54 54 54 55 55 56 56 56 56 57 57 57 58 58 58 59 59 59    542
JUN  59 60 60 60 60 61 61 61 61 62 62 62 62 62 63 63 63 63 64 64 64 64 64 65 65 65 65 65 65 66       627
JUL  66 66 66 66 66 67 67 67 67 67 67 67 67 67 67 67 68 68 68 68 68 68 68 68 68 68 68 67 67 67 67    672
AUG  67 67 67 67 67 67 67 67 66 66 66 66 66 66 65 65 65 65 65 64 64 64 64 64 63 63 63 63 62 62 62    650
SEP  61 61 61 60 60 60 59 59 59 59 58 58 58 57 57 56 56 56 55 55 55 54 54 54 53 53 52 52 52 51       565
OCT  51 50 50 50 49 49 48 48 48 47 47 47 46 46 45 45 45 44 44 44 43 43 43 42 42 42 41 41 41 40 40    452
NOV  40 39 39 39 39 38 38 38 37 37 36 36 36 35 35 35 34 34 33 33 32 32 32 31 31 30 30 29 29 28       345
DEC  28 27 27 27 26 26 25 25 24 24 24 23 23 23 22 22 21 21 21 21 20 20 20 19 19 19 19 18 18 18 18    222
                                                                                                        
-------------------------------------------------------------------------------------------------       
 Heating Degree Days                                                                                    
 DAY  1  2  3  4  5  6  7  8  9 10 11 12 13 14 15 16 17 18 19 20 21 22 23 24 25 26 27 28 29 30 31  MONTH
-------------------------------------------------------------------------------------------------       
JAN  47 48 48 48 48 48 48 49 49 49 49 49 49 49 49 49 49 49 49 49 49 49 49 49 49 49 49 49 49 49 49   1511
FEB  49 49 48 48 48 48 48 48 48 47 47 47 47 47 46 46 46 45 45 45 45 44 44 44 43 43 42 42            1289
MAR  42 41 41 40 40 40 39 39 38 38 38 37 37 37 36 36 35 35 35 34 34 33 33 33 32 32 31 31 31 30 30   1108
APR  29 29 29 28 28 27 27 27 26 26 25 25 24 24 24 23 23 22 22 22 21 21 20 20 19 19 18 18 18 17       701
MAY  17 16 16 15 15 14 14 14 13 13 13 12 12 11 11 11 10 10 10  9  9  9  8  8  8  8  7  7  7  7  6    340
JUN   6  6  6  5  5  5  5  5  4  4  4  4  4  4  3  3  3  3  3  3  3  2  2  2  2  2  2  2  2  2       106
JUL   1  1  1  1  1  1  1  1  1  1  1  1  1  1  1  1  1  1  1  1  1  1  0  0  0  0  1  1  1  1  1     27
AUG   1  1  1  1  1  1  1  1  1  1  1  1  1  2  2  2  2  2  2  2  2  3  3  3  3  3  4  4  4  4  4     64
SEP   4  5  5  5  5  6  6  6  6  7  7  7  8  8  8  9  9  9 10 10 10 11 11 11 12 12 13 13 13 14       260
OCT  14 15 15 15 16 16 17 17 17 18 18 19 19 19 20 20 20 21 21 21 22 22 23 23 23 23 24 24 24 25 25    616
NOV  25 26 26 26 26 27 27 28 28 28 29 29 29 30 30 30 31 31 32 32 33 33 33 34 34 35 35 36 36 37       916
DEC  37 38 38 38 39 39 40 40 41 41 41 42 42 43 43 43 44 44 44 44 45 45 45 46 46 46 46 47 47 47 47   1328
                                                                                                        
-------------------------------------------------------------------------------------------------       
 Cooling Degree Days                                                                                    
 DAY  1  2  3  4  5  6  7  8  9 10 11 12 13 14 15 16 17 18 19 20 21 22 23 24 25 26 27 28 29 30 31  MONTH
-------------------------------------------------------------------------------------------------       
JAN   0  0  0  0  0  0  0  0  0  0  0  0  0  0  0  0  0  0  0  0  0  0  0  0  0  0  0  0  0  0  0      0
FEB   0  0  0  0  0  0  0  0  0  0  0  0  0  0  0  0  0  0  0  0  0  0  0  0  0  0  0  0               0
MAR   0  0  0  0  0  0  0  0  0  0  0  0  0  0  0  0  0  0  0  0  0  0  0  0  0  0  0  0  0  0  0      0
APR   0  0  0  0  0  0  0  0  0  0  0  0  0  0  0  0  0  0  0  0  0  0  0  0  0  0  0  0  0  0         0
MAY   0  0  0  0  0  0  0  0  0  0  0  0  0  0  0  0  0  0  0  0  0  0  0  0  0  0-99-99-99-99-99      5
JUN   0  0  1  1  1  1  1  1  1  1  1  1  1  1  1  1  1  1  1  1  1  2  2  2  2  2  2  2  2  2        37
JUL   3  3  3  3  3  3  3  3  3  3  3  3  3  3  3  3  3  3  3  4  4  3  3  3  3  3  3  3  3  3  3     95
AUG   3  3  3  3  3  3  3  3  3  2  2  2  2  2  2  2  2  2  2  2  2  2  2  1  1  1  1  1  1  1  1     63
SEP   1  1  1  0  0  0  0  0  0  0  0  0  0  0  0  0  0  0  0  0  0  0  0  0  0  0  0  0  0  0         3
OCT   0  0  0  0  0  0  0  0  0  0  0  0  0  0  0  0  0  0  0  0  0  0  0  0  0  0  0  0  0  0  0      0
NOV   0  0  0  0  0  0  0  0  0  0  0  0  0  0  0  0  0  0  0  0  0  0  0  0  0  0  0  0  0  0         0
DEC   0  0  0  0  0  0  0  0  0  0  0  0  0  0  0  0  0  0  0  0  0  0  0  0  0  0  0  0  0  0  0      0
                                                                                                        
-------------------------------------------------------------------------------------------------       
 Total  Precipitation (Hundreths of an Inch)                                                            
 DAY  1  2  3  4  5  6  7  8  9 10 11 12 13 14 15 16 17 18 19 20 21 22 23 24 25 26 27 28 29 30 31  MONTH
-------------------------------------------------------------------------------------------------       
JAN  10 10 10 10 10 10 10 10 10 10 10 10 10 10 10 10 10 10 10 10 10 10 10 10  9  9  9  9  9  9  9    303
FEB   9  9  9  9  9  9  8  8  8  8  8  8  8  8  8  8  8  8  8  8  8  8  9  9  9  9  9  9             236
MAR   9  9  9  9  9  9  9 10 10 10 10 10 10 10 10 10 10 10 10 10 10 10 10 10 10 10 11 11 11 11 11    308
APR  10 10 10 11 11 11 11 11 11 11 11 11 11 11 11 11 11 11 11 11 11 11 11 11 11 11 11 11 11 11       327
MAY  11 11 11 11 11 12 12 12 12 12 12 12 12 12 12 12 12 12 12 12 12 12 12 12 13 13 13 13 13 13 13    374
JUN  13 13 13 13 13 13 13 13 13 13 13 13 13 13 14 14 14 14 14 14 14 14 14 14 14 14 14 13 13 13       403
JUL  14 13 13 13 13 13 13 13 13 13 13 13 14 14 14 14 14 14 14 14 14 14 14 14 14 14 14 15 15 15 15    427
AUG  15 15 15 15 15 15 15 15 16 16 16 16 16 16 16 16 16 16 16 16 16 16 16 16 15 15 15 15 15 15 15    481
SEP  15 15 15 15 15 14 14 14 14 14 14 14 14 14 14 13 13 13 13 13 13 13 13 13 13 13 12 12 12 12       406
OCT  12 12 12 12 12 12 12 12 12 12 12 12 12 11 11 11 11 12 12 12 12 12 12 12 12 12 12 12 12 12 12    368
NOV  12 12 12 12 13 13 13 13 13 13 13 13 13 13 13 13 13 13 12 12 12 12 12 12 12 12 12 12 12 11       373
DEC  11 11 11 11 11 11 11 10 10 10 10 10 10 10 10 10 10 10 10 10 10 10 10 10 10 10 10 10 10 10 10    317
                                                                                                        
