-------------------------------------------------------------------------------------------------       
 1971-2000 Daily/Monthly Station Normals                                                                
 Provided by National Climatic Data Center/NESDIS/NOAA                                                  
-------------------------------------------------------------------------------------------------       
 Station COOP ID:                           914855                                                      
 Station Name, State, Division, Call:       SAIPAN INTL AP                     PI 03                    
 Latitude, Longitude, Elevation, Elements:  15 07 08  145 43 46   215   P                               
-------------------------------------------------------------------------------------------------       
 Total  Precipitation (Hundreths of an Inch)                                                            
 DAY  1  2  3  4  5  6  7  8  9 10 11 12 13 14 15 16 17 18 19 20 21 22 23 24 25 26 27 28 29 30 31  MONTH
-------------------------------------------------------------------------------------------------       
JAN  13 13 13 13 13 13 13 13 13 13 13 13 13 12 12 12 12 12 12 12 12 12 11 11 11 11 11 11 11 10 10    374
FEB  10 10 10 10  9  9  9  9  9  9  9  8  8  8  8  8  8  8  7  7  7  7  7  7  7  6  6  6             226
MAR   6  6  6  6  6  6  6  6  6  5  5  5  5  5  5  5  5  5  5  5  5  6  6  6  6  6  6  6  6  6  6    174
APR   6  6  6  7  7  7  7  7  7  7  7  7  8  8  8  8  8  8  8  8  8  8  8  9  9  9  9  9  9  9       232
MAY   9  9  9  9  9  9  9  9  9 10 10 10 10 10 10 10 10 10 10  9  9  9  9  9  9  9  9  9  9  9  9    289
JUN   9  9  9  9  9  9  9  9  9  9  9  9 10 10 10 10 11 11 11 12 12 13 13 14 14 15 15 16 16 17       338
JUL  18 18 19 20 20 21 21 22 22 23 23 24 24 25 25 26 26 27 27 27 28 28 28 29 29 29 30 30 30 30 31    780
AUG  31 31 31 31 32 32 32 32 32 32 33 33 33 33 33 33 33 33 34 34 34 34 34 34 34 34 34 34 34 34 35   1023
SEP  35 35 35 35 35 35 35 35 35 35 35 35 35 36 36 36 36 36 36 36 37 37 37 37 37 38 38 38 38 38      1082
OCT  39 39 39 39 39 39 39 39 39 39 39 39 39 38 38 38 38 37 37 37 36 36 35 35 34 33 33 32 32 31 30   1137
NOV  29 28 28 27 26 26 25 24 24 23 23 22 21 21 20 20 20 19 19 18 18 18 17 17 17 17 16 16 16 16       631
DEC  16 16 15 15 15 15 15 15 15 15 14 14 14 14 14 14 14 14 14 14 14 14 14 13 13 13 13 13 13 13 13    438
                                                                                                        
