-------------------------------------------------------------------------------------------------       
 1971-2000 Daily/Monthly Station Normals                                                                
 Provided by National Climatic Data Center/NESDIS/NOAA                                                  
-------------------------------------------------------------------------------------------------       
 Station COOP ID:                           914590                                                      
 Station Name, State, Division, Call:       NUKUORO                            PI 04                    
 Latitude, Longitude, Elevation, Elements:   3 51 00  155 00 59     8   P                               
-------------------------------------------------------------------------------------------------       
 Total  Precipitation (Hundreths of an Inch)                                                            
 DAY  1  2  3  4  5  6  7  8  9 10 11 12 13 14 15 16 17 18 19 20 21 22 23 24 25 26 27 28 29 30 31  MONTH
-------------------------------------------------------------------------------------------------       
JAN  38 38 38 38 38 38 38 38 39 39 39 39 39 39 39 40 40 40 40 40 41 41 41 41 42 42 42 43 43 43 44   1240
FEB  44 44 45 45 45 45 46 46 46 46 46 46 46 46 46 46 46 46 45 45 45 45 44 44 44 43 43 42            1260
MAR  42 41 41 40 40 40 40 40 39 39 39 39 40 40 40 40 40 41 41 42 42 43 43 44 45 45 46 47 48 49 50   1306
APR  51 52 53 54 55 55 56 57 57 58 58 59 59 59 59 59 60 60 60 59 59 59 59 58 58 58 57 57 56 55      1716
MAY  54 54 53 52 52 51 50 50 49 49 48 47 47 47 46 46 45 45 45 44 44 44 43 43 43 43 43 42 42 42 42   1445
JUN  42 42 42 42 42 42 42 42 42 42 42 42 42 42 42 42 41 41 41 41 41 41 41 41 41 41 42 42 42 42      1250
JUL  41 41 41 41 42 42 42 42 42 42 42 42 42 42 42 42 42 42 42 42 42 42 42 42 42 42 42 42 42 42 42   1298
AUG  42 42 42 42 42 42 42 42 42 42 41 41 41 41 41 41 41 40 40 40 40 39 39 39 39 38 38 38 38 37 37   1249
SEP  36 36 36 36 35 35 35 34 34 34 34 34 34 33 33 33 33 33 33 33 33 33 33 33 33 33 33 33 33 33      1014
OCT  33 33 33 34 34 34 34 34 34 34 34 34 34 34 34 34 34 34 34 35 35 35 35 35 35 35 35 35 35 35 35   1063
NOV  35 35 34 34 34 34 34 34 35 35 35 35 35 35 35 35 35 35 35 35 35 35 35 35 36 36 36 36 36 36      1050
DEC  36 37 37 37 37 37 37 37 37 37 37 38 38 38 38 38 38 38 38 38 38 38 38 38 38 38 38 38 38 38 38   1166
                                                                                                        
