-------------------------------------------------------------------------------------------------       
 1971-2000 Daily/Monthly Station Normals                                                                
 Provided by National Climatic Data Center/NESDIS/NOAA                                                  
-------------------------------------------------------------------------------------------------       
 Station COOP ID:                           052965                                                      
 Station Name, State, Division, Call:       FLORISSANT FOSSIL BED              CO 01                    
 Latitude, Longitude, Elevation, Elements:  38 54 46 -105 17 17  8440 XNP                               
-------------------------------------------------------------------------------------------------       
 Minimum Temperature (deg F [tenths deg F for monthly])                                                 
 DAY  1  2  3  4  5  6  7  8  9 10 11 12 13 14 15 16 17 18 19 20 21 22 23 24 25 26 27 28 29 30 31  MONTH
-------------------------------------------------------------------------------------------------       
JAN   2  2  2  2  2  2  2  2  2  2  3  3  3  3  3  3  3  3  3  3  3  3  3  3  4  4  4  4  4  4  4     29
FEB   4  4  4  4  4  5  5  5  5  5  5  5  6  6  6  6  6  7  7  7  7  8  8  8  9  9  9 10              62
MAR  10 10 11 11 11 11 12 12 12 13 13 13 13 14 14 14 15 15 15 15 16 16 16 16 16 17 17 17 17 17 18    141
APR  18 18 18 18 18 19 19 19 19 19 20 20 20 20 21 21 21 21 22 22 22 22 22 23 23 23 24 24 24 24       208
MAY  25 25 25 26 26 26 26 27 27 27 27 28 28 28 28 29 29 29 29 30 30 30 30 31 31 31 31 32 32 32 32    286
JUN  32 33 33 33 33 34 34 34 34 35 35 35 35 35 36 36 36 36 36 37 37 37 37 38 38 38 38 38 39 39       357
JUL  39 39 39 40 40 40 40 40 40 40 41 41 41 41 41 41 41 41 41 41 41 41 41 42 42 42 42 42 42 42 41    408
AUG  42 41 41 41 41 41 41 41 41 41 41 41 41 40 40 40 40 40 40 39 39 39 39 39 39 38 38 38 38 37 37    398
SEP  37 36 36 36 36 35 35 35 34 34 34 34 33 33 33 32 32 32 31 31 31 30 30 30 29 29 28 28 28 27       323
OCT  27 26 26 26 25 25 25 24 24 24 23 23 23 22 22 22 21 21 21 20 20 20 19 19 19 18 18 18 18 17 17    217
NOV  17 17 16 16 16 16 15 15 15 14 14 14 13 13 13 12 12 12 11 11 11 10 10 10  9  9  8  8  8  7       124
DEC   7  6  6  6  5  5  5  4  4  4  4  3  3  3  3  3  3  2  2  2  2  2  2  2  2  2  2  2  2  2  2     33
                                                                                                        
-------------------------------------------------------------------------------------------------       
 Maximum Temperature (deg F [tenths deg F for monthly])                                                 
 DAY  1  2  3  4  5  6  7  8  9 10 11 12 13 14 15 16 17 18 19 20 21 22 23 24 25 26 27 28 29 30 31  MONTH
-------------------------------------------------------------------------------------------------       
JAN  38 38 38 38 38 38 38 38 38 38 38 38 38 38 38 38 38 38 39 39 39 39 39 39 39 39 39 39 39 40 40    385
FEB  40 40 40 40 40 40 41 41 41 41 41 41 41 42 42 42 42 42 42 42 42 43 43 43 43 43 43 43             416
MAR  43 44 44 44 44 44 44 44 45 45 45 45 45 45 46 46 46 46 46 47 47 47 47 48 48 48 48 48 49 49 49    460
APR  49 50 50 50 50 51 51 51 51 52 52 52 53 53 53 53 54 54 54 55 55 55 55 56 56 56 57 57 57 57       533
MAY  58 58 58 59 59 59 60 60 60 61 61 61 62 62 62 63 63 63 64 64 64 65 65 66 66 66 67 67 68 68 68    628
JUN  69 69 69 70 70 71 71 71 72 72 72 73 73 73 73 74 74 74 74 75 75 75 75 75 76 76 76 76 76 77       732
JUL  77 77 77 77 77 77 77 77 77 77 78 78 78 78 78 78 78 78 78 78 78 78 78 78 78 78 77 77 77 77 77    775
AUG  77 77 77 77 77 77 76 76 76 76 76 76 76 76 75 75 75 75 75 75 74 74 74 74 74 74 73 73 73 73 72    751
SEP  72 72 72 72 71 71 71 71 70 70 70 70 70 69 69 69 69 68 68 68 68 67 67 67 67 66 66 66 66 65       689
OCT  65 65 65 64 64 64 63 63 63 62 62 62 61 61 60 60 60 59 59 58 58 57 57 56 56 55 55 54 54 53 53    596
NOV  52 52 51 51 50 50 49 49 48 48 47 47 47 46 46 45 45 45 44 44 44 43 43 43 42 42 42 42 42 41       460
DEC  41 41 41 40 40 40 40 40 40 40 39 39 39 39 39 39 39 39 38 38 38 38 38 38 38 38 38 38 38 38 38    390
                                                                                                        
-------------------------------------------------------------------------------------------------       
 Average Temperature (deg F [tenths deg F for monthly])                                                 
 DAY  1  2  3  4  5  6  7  8  9 10 11 12 13 14 15 16 17 18 19 20 21 22 23 24 25 26 27 28 29 30 31  MONTH
-------------------------------------------------------------------------------------------------       
JAN  20 20 20 20 20 20 20 20 20 20 20 20 20 21 21 21 21 21 21 21 21 21 21 21 21 21 21 22 22 22 22    207
FEB  22 22 22 22 22 22 23 23 23 23 23 23 24 24 24 24 24 24 25 25 25 25 25 26 26 26 26 26             239
MAR  27 27 27 27 28 28 28 28 29 29 29 29 29 30 30 30 30 31 31 31 31 31 32 32 32 32 33 33 33 33 33    301
APR  34 34 34 34 34 35 35 35 35 36 36 36 36 37 37 37 37 38 38 38 38 39 39 39 40 40 40 40 41 41       371
MAY  41 42 42 42 42 43 43 43 44 44 44 44 45 45 45 46 46 46 47 47 47 48 48 48 48 49 49 49 50 50 50    457
JUN  51 51 51 52 52 52 52 53 53 53 54 54 54 54 55 55 55 55 55 56 56 56 56 57 57 57 57 57 57 58       545
JUL  58 58 58 58 58 59 59 59 59 59 59 59 59 59 59 59 59 60 60 60 60 60 60 60 60 60 60 60 59 59 59    592
AUG  59 59 59 59 59 59 59 59 59 59 58 58 58 58 58 58 58 57 57 57 57 57 57 56 56 56 56 55 55 55 55    575
SEP  55 54 54 54 54 53 53 53 52 52 52 52 51 51 51 51 50 50 50 49 49 49 48 48 48 48 47 47 47 46       506
OCT  46 46 45 45 45 44 44 44 43 43 43 42 42 42 41 41 40 40 40 39 39 39 38 38 37 37 37 36 36 35 35    407
NOV  35 34 34 33 33 33 32 32 31 31 31 30 30 30 29 29 29 28 28 27 27 27 26 26 26 26 25 25 25 24       292
DEC  24 24 23 23 23 23 22 22 22 22 22 21 21 21 21 21 21 21 20 20 20 20 20 20 20 20 20 20 20 20 20    212
                                                                                                        
-------------------------------------------------------------------------------------------------       
 Heating Degree Days                                                                                    
 DAY  1  2  3  4  5  6  7  8  9 10 11 12 13 14 15 16 17 18 19 20 21 22 23 24 25 26 27 28 29 30 31  MONTH
-------------------------------------------------------------------------------------------------       
JAN  45 45 45 45 45 45 45 45 45 45 45 45 45 44 44 44 44 44 44 44 44 44 44 44 44 44 44 43 43 43 43   1373
FEB  43 43 43 43 43 42 42 42 42 42 42 42 42 41 41 41 41 41 40 40 40 40 40 39 39 39 39 39            1151
MAR  38 38 38 38 37 37 37 37 37 36 36 36 36 35 35 35 35 34 34 34 34 34 33 33 33 33 33 32 32 32 32   1084
APR  31 31 31 31 31 30 30 30 30 29 29 29 29 28 28 28 28 27 27 27 27 26 26 26 26 25 25 25 24 24       838
MAY  24 24 23 23 23 22 22 22 21 21 21 21 20 20 20 19 19 19 18 18 18 17 17 17 17 16 16 16 15 15 15    599
JUN  14 14 14 13 13 13 13 12 12 12 12 11 11 11 10 10 10 10 10  9  9  9  9  8  8  8  8  8  8  7       316
JUL   7  7  7  7  7  6  6  6  6  6  6  6  6  6  6  6  6  6  6  5  5  5  5  5  5  5  6  6  6  6  6    184
AUG   6  6  6  6  6  6  6  6  6  7  7  7  7  7  7  7  8  8  8  8  8  8  9  9  9  9  9 10 10 10 10    236
SEP  11 11 11 11 11 12 12 12 12 13 13 13 14 14 14 14 15 15 15 16 16 16 16 17 17 17 18 18 18 19       431
OCT  19 19 20 20 20 21 21 21 22 22 22 23 23 24 24 24 25 25 25 26 26 27 27 27 28 28 28 29 29 30 30    755
NOV  30 31 31 32 32 32 33 33 34 34 34 35 35 35 36 36 37 37 37 38 38 38 39 39 39 40 40 40 40 41      1076
DEC  41 41 42 42 42 42 43 43 43 43 44 44 44 44 44 44 44 45 45 45 45 45 45 45 45 45 45 45 45 45 45   1360
                                                                                                        
-------------------------------------------------------------------------------------------------       
 Cooling Degree Days                                                                                    
 DAY  1  2  3  4  5  6  7  8  9 10 11 12 13 14 15 16 17 18 19 20 21 22 23 24 25 26 27 28 29 30 31  MONTH
-------------------------------------------------------------------------------------------------       
JAN   0  0  0  0  0  0  0  0  0  0  0  0  0  0  0  0  0  0  0  0  0  0  0  0  0  0  0  0  0  0  0      0
FEB   0  0  0  0  0  0  0  0  0  0  0  0  0  0  0  0  0  0  0  0  0  0  0  0  0  0  0  0               0
MAR   0  0  0  0  0  0  0  0  0  0  0  0  0  0  0  0  0  0  0  0  0  0  0  0  0  0  0  0  0  0  0      0
APR   0  0  0  0  0  0  0  0  0  0  0  0  0  0  0  0  0  0  0  0  0  0  0  0  0  0  0  0  0  0         0
MAY   0  0  0  0  0  0  0  0  0  0  0  0  0  0  0  0  0  0  0  0  0  0  0  0  0  0  0  0  0  0  0      0
JUN   0  0  0  0  0  0  0  0  0  0  0  0  0  0  0  0  0  0  0  0  0  0  0  0  0  0  0  0  0  0         0
JUL   0  0  0  0  0  0  0  0  0  0  0  0  0  0  0  0  0  0  0  1  1  0  0  0  0  0  0  0  0  0  0      2
AUG -99  0  0  0  0  0  0  0  0  0  0  0  0  0  0  0  0  0  0  0  0  0  0  0  0  0  0  0  0  0  0      1
SEP   0  0  0  0  0  0  0  0  0  0  0  0  0  0  0  0  0  0  0  0  0  0  0  0  0  0  0  0  0  0         0
OCT   0  0  0  0  0  0  0  0  0  0  0  0  0  0  0  0  0  0  0  0  0  0  0  0  0  0  0  0  0  0  0      0
NOV   0  0  0  0  0  0  0  0  0  0  0  0  0  0  0  0  0  0  0  0  0  0  0  0  0  0  0  0  0  0         0
DEC   0  0  0  0  0  0  0  0  0  0  0  0  0  0  0  0  0  0  0  0  0  0  0  0  0  0  0  0  0  0  0      0
                                                                                                        
-------------------------------------------------------------------------------------------------       
 Total  Precipitation (Hundreths of an Inch)                                                            
 DAY  1  2  3  4  5  6  7  8  9 10 11 12 13 14 15 16 17 18 19 20 21 22 23 24 25 26 27 28 29 30 31  MONTH
-------------------------------------------------------------------------------------------------       
JAN   0  0  1  1  1  1  1  1  1  1  1  1  1  1  1  1  1  1  1  1  1  1  1  1  1  1  1  1  1  1  1     29
FEB   1  1  1  1  1  1  1  1  1  1  1  1  1  1  1  1  1  1  1  1  1  1  1  1  1  1  2  2              30
MAR   2  2  2  2  2  2  2  2  2  2  2  2  3  3  3  3  3  3  3  3  3  3  3  3  3  3  3  3  3  3  3     81
APR   3  3  3  3  3  3  3  3  3  3  3  3  3  3  3  3  4  4  4  4  4  4  4  4  4  4  4  4  5  5       106
MAY   5  5  5  5  5  5  5  5  5  5  5  5  5  6  6  6  6  6  6  5  5  5  5  5  5  5  5  5  5  5  5    161
JUN   5  5  5  4  4  4  4  4  4  4  4  4  4  4  4  4  4  5  5  5  5  5  5  5  5  6  6  6  6  6       141
JUL   6  7  7  7  7  7  8  8  8  8  8  9  9  9  9  9  9  9  9 10 10 10 10 10 10 10 10 10 10 10 10    273
AUG  10 10 11 11 11 11 11 11 11 10 10 10 10 10 10 10 10 10 10 10 10  9  9  9  9  9  8  8  8  8  8    302
SEP   7  7  7  7  7  6  6  6  6  6  5  5  5  5  5  5  4  4  4  4  4  4  4  4  4  4  3  3  3  3       147
OCT   3  3  3  3  3  3  3  3  3  3  3  3  3  3  3  3  3  3  3  3  3  3  2  2  2  2  2  2  2  2  2     84
NOV   3  2  2  2  2  2  2  2  2  2  2  2  2  2  2  2  2  2  2  2  2  2  2  2  2  2  2  2  2  2        61
DEC   1  1  1  1  1  1  1  1  1  1  1  1  1  1  1  1  1  1  1  1  1  0  0  0  0  1  1  1  1  1  1     27
                                                                                                        
