-------------------------------------------------------------------------------------------------       
 1971-2000 Daily/Monthly Station Normals                                                                
 Provided by National Climatic Data Center/NESDIS/NOAA                                                  
-------------------------------------------------------------------------------------------------       
 Station COOP ID:                           053489                                                      
 Station Name, State, Division, Call:       GRAND JUNCTION 6 ESE               CO 02                    
 Latitude, Longitude, Elevation, Elements:  39 02 32 -108 27 57  4760 XNP                               
-------------------------------------------------------------------------------------------------       
 Minimum Temperature (deg F [tenths deg F for monthly])                                                 
 DAY  1  2  3  4  5  6  7  8  9 10 11 12 13 14 15 16 17 18 19 20 21 22 23 24 25 26 27 28 29 30 31  MONTH
-------------------------------------------------------------------------------------------------       
JAN  17 16 16 16 16 16 16 16 16 16 16 16 16 16 16 16 16 17 17 17 17 17 17 17 18 18 18 18 19 19 19    168
FEB  19 20 20 20 21 21 21 22 22 22 22 23 23 23 24 24 24 25 25 25 26 26 26 27 27 27 28 28             236
MAR  28 29 29 29 30 30 30 31 31 31 31 32 32 32 32 33 33 33 33 34 34 34 34 35 35 35 35 35 36 36 36    325
APR  36 36 36 37 37 37 37 37 38 38 38 38 38 39 39 39 39 40 40 40 40 41 41 41 42 42 42 42 43 43       392
MAY  43 44 44 44 45 45 45 46 46 46 46 47 47 47 48 48 48 49 49 49 50 50 50 50 51 51 51 52 52 52 53    480
JUN  53 53 54 54 54 54 55 55 55 56 56 56 57 57 57 57 58 58 58 58 59 59 59 59 60 60 60 60 61 61       571
JUL  61 61 61 62 62 62 62 62 63 63 63 63 63 63 63 63 63 64 64 64 64 64 64 64 64 64 64 64 64 64 64    631
AUG  64 64 63 63 63 63 63 63 63 63 62 62 62 62 62 62 61 61 61 61 61 60 60 60 60 59 59 59 58 58 58    613
SEP  57 57 57 57 56 56 56 55 55 54 54 54 53 53 53 52 52 52 51 51 50 50 50 49 49 49 48 48 47 47       524
OCT  47 46 46 45 45 45 44 44 43 43 43 42 42 41 41 41 40 40 39 39 38 38 38 37 37 36 36 36 35 35 34    405
NOV  34 34 33 33 32 32 32 31 31 30 30 30 29 29 29 28 28 28 27 27 26 26 26 25 25 25 24 24 24 23       285
DEC  23 23 22 22 22 22 21 21 21 21 20 20 20 20 19 19 19 19 18 18 18 18 18 18 17 17 17 17 17 17 17    194
                                                                                                        
-------------------------------------------------------------------------------------------------       
 Maximum Temperature (deg F [tenths deg F for monthly])                                                 
 DAY  1  2  3  4  5  6  7  8  9 10 11 12 13 14 15 16 17 18 19 20 21 22 23 24 25 26 27 28 29 30 31  MONTH
-------------------------------------------------------------------------------------------------       
JAN  37 37 37 37 37 37 37 37 37 37 37 37 37 37 37 37 37 38 38 38 38 38 38 39 39 39 40 40 40 40 41    379
FEB  41 41 42 42 42 43 43 43 44 44 45 45 45 46 46 46 47 47 48 48 48 49 49 49 50 50 50 51             459
MAR  51 52 52 52 53 53 53 54 54 54 55 55 55 56 56 56 57 57 57 58 58 58 58 59 59 59 60 60 60 60 61    562
APR  61 61 61 61 62 62 62 62 63 63 63 64 64 64 64 65 65 65 65 66 66 66 67 67 67 68 68 68 69 69       646
MAY  69 69 70 70 70 71 71 71 72 72 73 73 73 74 74 74 75 75 76 76 76 77 77 78 78 79 79 79 80 80 81    746
JUN  81 82 82 82 83 83 84 84 84 85 85 86 86 86 87 87 87 88 88 88 88 89 89 89 89 90 90 90 90 90       864
JUL  91 91 91 91 91 91 92 92 92 92 92 92 92 92 92 92 92 92 92 92 93 93 93 92 92 92 92 92 92 92 92    919
AUG  92 92 92 92 92 91 91 91 91 91 91 91 90 90 90 90 90 89 89 89 89 88 88 88 88 87 87 87 87 86 86    895
SEP  86 85 85 85 84 84 84 83 83 83 82 82 82 81 81 81 80 80 79 79 79 78 78 77 77 77 76 76 76 75       806
OCT  75 74 74 73 73 73 72 72 71 71 70 70 69 69 68 68 67 67 66 66 65 65 64 63 63 62 62 61 61 60 59    675
NOV  59 58 58 57 56 56 55 55 54 54 53 53 52 52 51 51 50 50 49 49 49 48 48 47 47 46 46 46 45 45       513
DEC  45 44 44 44 43 43 43 42 42 42 41 41 41 41 40 40 40 40 40 39 39 39 39 39 38 38 38 38 38 38 37    405
                                                                                                        
-------------------------------------------------------------------------------------------------       
 Average Temperature (deg F [tenths deg F for monthly])                                                 
 DAY  1  2  3  4  5  6  7  8  9 10 11 12 13 14 15 16 17 18 19 20 21 22 23 24 25 26 27 28 29 30 31  MONTH
-------------------------------------------------------------------------------------------------       
JAN  27 27 27 27 27 27 26 26 26 26 26 26 27 27 27 27 27 27 27 27 27 28 28 28 28 29 29 29 29 30 30    274
FEB  30 31 31 31 32 32 32 32 33 33 34 34 34 35 35 35 36 36 36 37 37 37 38 38 38 39 39 39             348
MAR  40 40 41 41 41 42 42 42 42 43 43 43 44 44 44 45 45 45 45 46 46 46 46 47 47 47 47 48 48 48 48    444
APR  48 49 49 49 49 49 50 50 50 50 51 51 51 51 52 52 52 52 53 53 53 54 54 54 54 55 55 55 56 56       519
MAY  56 57 57 57 57 58 58 58 59 59 59 60 60 61 61 61 62 62 62 63 63 63 64 64 64 65 65 66 66 66 67    613
JUN  67 67 68 68 69 69 69 70 70 70 71 71 71 72 72 72 72 73 73 73 74 74 74 74 75 75 75 75 75 76       718
JUL  76 76 76 76 77 77 77 77 77 77 77 78 78 78 78 78 78 78 78 78 78 78 78 78 78 78 78 78 78 78 78    775
AUG  78 78 78 77 77 77 77 77 77 77 77 76 76 76 76 76 76 75 75 75 75 74 74 74 74 73 73 73 72 72 72    754
SEP  72 71 71 71 70 70 70 69 69 69 68 68 67 67 67 66 66 66 65 65 65 64 64 63 63 63 62 62 61 61       665
OCT  61 60 60 59 59 59 58 58 57 57 56 56 56 55 55 54 54 53 53 52 52 51 51 50 50 49 49 48 48 47 47    540
NOV  46 46 45 45 44 44 43 43 43 42 42 41 41 40 40 40 39 39 38 38 37 37 37 36 36 36 35 35 35 34       399
DEC  34 34 33 33 33 32 32 32 31 31 31 31 30 30 30 30 30 29 29 29 29 29 28 28 28 28 28 27 27 27 27    300
                                                                                                        
-------------------------------------------------------------------------------------------------       
 Heating Degree Days                                                                                    
 DAY  1  2  3  4  5  6  7  8  9 10 11 12 13 14 15 16 17 18 19 20 21 22 23 24 25 26 27 28 29 30 31  MONTH
-------------------------------------------------------------------------------------------------       
JAN  38 38 38 38 38 39 39 39 39 39 39 39 38 38 38 38 38 38 38 38 38 37 37 37 37 37 36 36 36 35 35   1168
FEB  35 34 34 34 34 33 33 33 32 32 31 31 31 30 30 30 29 29 29 28 28 28 27 27 27 26 26 26             847
MAR  25 25 25 24 24 24 23 23 23 22 22 22 21 21 21 20 20 20 20 19 19 19 19 18 18 18 18 18 17 17 17    642
APR  17 17 16 16 16 16 16 15 15 15 15 14 14 14 14 13 13 13 13 12 12 12 11 11 11 11 10 10 10  9       401
MAY   9  9  8  8  8  8  7  7  7  7  6  6  6  6  5  5  5  5  4  4  4  4  4  3  3  3  3  3  3  2  2    164
JUN   2  2  2  2  2  1  1  1  1  1  1  1  1  1  1  1  0  0  0  0  0  0  0  0  0  0  0  0  0  0        21
JUL   0  0  0  0  0  0  0  0  0  0  0  0  0  0  0  0  0  0  0  0  0  0  0  0  0  0  0  0  0  0  0      0
AUG   0  0  0  0  0  0  0  0  0  0  0  0  0  0  0  0  0  0  0  0  0  0  0  0  0  0  0  0  0  0-99      1
SEP   0  0  0  0  0  0  0  1  1  1  1  1  1  1  1  2  2  2  2  2  3  3  3  3  4  4  4  4  5  5        56
OCT   5  6  6  6  7  7  7  8  8  9  9  9 10 10 11 11 11 12 12 13 13 14 14 15 15 16 16 16 17 17 18    348
NOV  19 19 20 20 21 21 22 22 22 23 23 24 24 25 25 26 26 26 27 27 28 28 28 29 29 29 30 30 30 31       754
DEC  31 31 32 32 32 33 33 33 34 34 34 34 35 35 35 35 36 36 36 36 36 37 37 37 37 37 37 38 38 38 38   1087
                                                                                                        
-------------------------------------------------------------------------------------------------       
 Cooling Degree Days                                                                                    
 DAY  1  2  3  4  5  6  7  8  9 10 11 12 13 14 15 16 17 18 19 20 21 22 23 24 25 26 27 28 29 30 31  MONTH
-------------------------------------------------------------------------------------------------       
JAN   0  0  0  0  0  0  0  0  0  0  0  0  0  0  0  0  0  0  0  0  0  0  0  0  0  0  0  0  0  0  0      0
FEB   0  0  0  0  0  0  0  0  0  0  0  0  0  0  0  0  0  0  0  0  0  0  0  0  0  0  0  0               0
MAR   0  0  0  0  0  0  0  0  0  0  0  0  0  0  0  0  0  0  0  0  0  0  0  0  0  0  0  0  0  0  0      0
APR   0  0  0  0  0  0  0  0  0  0  0  0  0  0  0  0  0  0  0  0  0  0  0-99-99-99-99-99-99-99         7
MAY   0  0  0  0  0  0  1  1  1  1  1  1  1  1  1  1  1  2  2  2  2  2  2  3  3  3  3  3  3  4  4     49
JUN   4  4  5  5  5  5  6  6  6  6  6  7  7  7  7  8  8  8  8  8  9  9  9  9 10 10 10 10 10 11       223
JUL  11 11 11 11 12 12 12 12 12 12 13 13 13 13 13 13 13 13 13 13 13 13 13 13 13 13 13 13 13 13 13    389
AUG  13 13 13 12 12 12 12 12 12 12 12 11 11 11 11 11 11 10 10 10 10  9  9  9  9  8  8  8  8  7  7    323
SEP   7  6  6  6  6  5  5  5  4  4  4  4  4  3  3  3  3  3  2  2  2  2  2  2  2  1  1  1  1  1       100
OCT   1  1  1  1  1  1  1  0  0  0  0  0  0  0  0  0  0  0  0  0  0  0  0  0  0  0  0  0  0  0  0      7
NOV   0  0  0  0  0  0  0  0  0  0  0  0  0  0  0  0  0  0  0  0  0  0  0  0  0  0  0  0  0  0         0
DEC   0  0  0  0  0  0  0  0  0  0  0  0  0  0  0  0  0  0  0  0  0  0  0  0  0  0  0  0  0  0  0      0
                                                                                                        
-------------------------------------------------------------------------------------------------       
 Total  Precipitation (Hundreths of an Inch)                                                            
 DAY  1  2  3  4  5  6  7  8  9 10 11 12 13 14 15 16 17 18 19 20 21 22 23 24 25 26 27 28 29 30 31  MONTH
-------------------------------------------------------------------------------------------------       
JAN   2  2  2  2  2  2  2  2  2  2  2  2  2  2  2  2  2  2  2  2  2  2  1  1  1  1  1  1  1  1  1     53
FEB   2  2  1  1  1  1  1  1  1  1  1  2  2  2  2  2  2  2  2  2  2  2  2  2  2  2  2  2              47
MAR   3  3  3  3  3  3  3  3  3  3  3  3  3  3  3  3  3  3  3  3  3  3  3  3  3  3  3  3  3  3  3     93
APR   3  3  3  3  3  3  3  3  3  2  2  2  2  2  3  3  3  3  3  3  3  3  3  3  3  3  3  3  3  3        85
MAY   3  3  3  4  4  4  4  4  4  4  4  4  4  4  4  4  4  4  4  4  3  3  3  3  3  3  3  3  3  3  2    109
JUN   3  2  2  2  2  2  2  2  2  2  2  2  1  1  1  1  1  1  1  1  1  1  1  1  1  2  2  2  2  2        48
JUL   2  2  2  2  2  2  2  2  2  2  2  2  2  3  3  3  3  3  3  3  3  3  3  3  3  3  3  3  3  3  2     79
AUG   3  3  3  3  3  3  3  3  2  2  2  2  2  2  2  2  2  2  2  2  2  2  2  2  2  2  2  3  3  3  3     74
SEP   2  2  2  2  2  3  3  3  3  3  3  3  3  3  3  3  3  3  3  3  3  3  3  3  3  3  3  3  3  3        85
OCT   3  3  3  3  3  3  3  3  3  3  3  4  4  4  4  4  3  3  3  3  3  3  3  3  3  3  3  3  3  3  3     98
NOV   3  3  3  3  3  3  3  3  3  3  3  3  3  3  3  3  3  3  3  3  2  2  2  2  2  2  2  2  2  2        80
DEC   2  2  2  2  2  2  2  2  2  2  2  2  2  2  2  2  2  2  2  2  1  1  1  1  1  1  1  2  2  2  2     55
                                                                                                        
