-------------------------------------------------------------------------------------------------       
 1971-2000 Daily/Monthly Station Normals                                                                
 Provided by National Climatic Data Center/NESDIS/NOAA                                                  
-------------------------------------------------------------------------------------------------       
 Station COOP ID:                           051660                                                      
 Station Name, State, Division, Call:       CLIMAX                             CO 01                    
 Latitude, Longitude, Elevation, Elements:  39 22 35 -106 11 58 11320 XNP                               
-------------------------------------------------------------------------------------------------       
 Minimum Temperature (deg F [tenths deg F for monthly])                                                 
 DAY  1  2  3  4  5  6  7  8  9 10 11 12 13 14 15 16 17 18 19 20 21 22 23 24 25 26 27 28 29 30 31  MONTH
-------------------------------------------------------------------------------------------------       
JAN   1  1  1  1  1  1  1  1  1  1  1  1  0  0  0  0  0  0  0  0  0  0  0  0  1  1  1  1  1  1  1      6
FEB   1  1  1  1  1  1  1  1  1  1  2  2  2  2  2  2  2  2  3  3  3  3  3  3  3  4  4  4              21
MAR   4  4  5  5  5  5  5  5  6  6  6  6  6  7  7  7  7  7  7  8  8  8  8  8  8  8  9  9  9  9  9     68
APR   9 10 10 10 10 10 10 11 11 11 11 12 12 12 12 13 13 13 14 14 14 14 15 15 15 16 16 17 17 17       128
MAY  18 18 18 19 19 20 20 20 21 21 22 22 22 23 23 23 24 24 24 25 25 25 26 26 27 27 27 28 28 28 29    233
JUN  29 29 30 30 30 30 31 31 31 32 32 32 32 33 33 33 34 34 34 34 35 35 35 35 35 36 36 36 36 37       330
JUL  37 37 37 37 38 38 38 38 38 38 39 39 39 39 39 39 39 39 39 39 39 39 39 40 40 40 40 40 40 39 39    387
AUG  39 39 39 39 39 39 39 39 39 39 39 39 39 38 38 38 38 38 38 37 37 37 37 37 36 36 36 36 35 35 35    377
SEP  35 34 34 34 34 33 33 33 32 32 32 32 31 31 31 31 30 30 30 29 29 29 29 28 28 28 28 27 27 27       307
OCT  26 26 26 26 25 25 25 24 24 24 23 23 23 22 22 21 21 21 20 20 19 19 18 18 17 17 17 16 16 15 15    211
NOV  14 14 13 13 12 12 11 11 10 10  9  9  9  8  8  8  7  7  7  6  6  6  6  6  5  5  5  5  4  4        83
DEC   4  4  4  4  4  3  3  3  3  3  3  3  3  3  2  2  2  2  2  2  2  2  2  2  1  1  1  1  1  1  1     24
                                                                                                        
-------------------------------------------------------------------------------------------------       
 Maximum Temperature (deg F [tenths deg F for monthly])                                                 
 DAY  1  2  3  4  5  6  7  8  9 10 11 12 13 14 15 16 17 18 19 20 21 22 23 24 25 26 27 28 29 30 31  MONTH
-------------------------------------------------------------------------------------------------       
JAN  25 25 24 24 24 24 24 24 24 24 24 24 24 24 24 25 25 25 25 25 25 25 25 25 25 25 25 26 26 26 26    247
FEB  26 26 26 27 27 27 27 27 27 28 28 28 28 28 28 29 29 29 29 29 29 30 30 30 30 30 30 30             283
MAR  31 31 31 31 31 31 32 32 32 32 32 32 33 33 33 33 33 33 33 34 34 34 34 34 34 35 35 35 35 35 35    330
APR  36 36 36 36 36 36 37 37 37 37 37 38 38 38 38 38 39 39 39 39 40 40 40 40 41 41 41 41 42 42       385
MAY  42 43 43 43 43 44 44 44 45 45 45 46 46 46 47 47 47 48 48 48 49 49 50 50 50 51 51 52 52 52 53    472
JUN  53 54 54 54 55 55 56 56 56 57 57 57 58 58 58 59 59 59 60 60 60 61 61 61 62 62 62 62 63 63       584
JUL  63 63 64 64 64 64 64 65 65 65 65 65 65 65 65 65 65 65 65 65 65 65 65 65 65 65 65 65 65 65 65    647
AUG  65 64 64 64 64 64 64 64 64 63 63 63 63 63 63 62 62 62 62 62 62 62 61 61 61 61 61 60 60 60 60    624
SEP  60 59 59 59 59 59 58 58 58 58 58 57 57 57 57 56 56 56 55 55 55 55 54 54 54 53 53 53 52 52       562
OCT  52 51 51 51 50 50 49 49 49 48 48 47 47 47 46 46 45 45 45 44 44 43 43 42 42 41 41 40 40 39 39    456
NOV  38 38 37 37 36 36 35 35 34 34 34 33 33 33 32 32 31 31 31 31 30 30 30 29 29 29 29 29 28 28       324
DEC  28 28 28 27 27 27 27 27 27 27 26 26 26 26 26 26 26 26 26 25 25 25 25 25 25 25 25 25 25 25 24    260
                                                                                                        
-------------------------------------------------------------------------------------------------       
 Average Temperature (deg F [tenths deg F for monthly])                                                 
 DAY  1  2  3  4  5  6  7  8  9 10 11 12 13 14 15 16 17 18 19 20 21 22 23 24 25 26 27 28 29 30 31  MONTH
-------------------------------------------------------------------------------------------------       
JAN  13 13 13 13 13 13 13 12 12 12 12 12 12 12 12 12 13 13 13 13 13 13 13 13 13 13 13 13 13 13 13    127
FEB  13 14 14 14 14 14 14 14 14 15 15 15 15 15 15 15 15 16 16 16 16 16 16 17 17 17 17 17             152
MAR  17 18 18 18 18 18 18 19 19 19 19 19 19 20 20 20 20 20 20 21 21 21 21 21 21 22 22 22 22 22 22    199
APR  22 23 23 23 23 23 24 24 24 24 24 25 25 25 25 26 26 26 26 27 27 27 28 28 28 28 29 29 29 30       257
MAY  30 30 31 31 31 32 32 32 33 33 34 34 34 35 35 35 36 36 36 37 37 37 38 38 38 39 39 40 40 40 41    353
JUN  41 41 42 42 43 43 43 44 44 44 45 45 45 45 46 46 46 47 47 47 47 48 48 48 48 49 49 49 49 50       457
JUL  50 50 50 51 51 51 51 51 51 52 52 52 52 52 52 52 52 52 52 52 52 52 52 53 53 52 52 52 52 52 52    517
AUG  52 52 52 52 52 52 51 51 51 51 51 51 51 51 50 50 50 50 50 50 49 49 49 49 49 49 48 48 48 48 47    501
SEP  47 47 47 47 46 46 46 46 45 45 45 45 44 44 44 43 43 43 43 42 42 42 41 41 41 41 40 40 40 39       435
OCT  39 39 38 38 38 37 37 37 36 36 36 35 35 34 34 34 33 33 32 32 32 31 31 30 30 29 29 28 28 27 27    334
NOV  26 26 25 25 24 24 23 23 22 22 22 21 21 20 20 20 19 19 19 19 18 18 18 18 17 17 17 17 16 16       204
DEC  16 16 16 16 15 15 15 15 15 15 15 15 14 14 14 14 14 14 14 14 14 13 13 13 13 13 13 13 13 13 13    142
                                                                                                        
-------------------------------------------------------------------------------------------------       
 Heating Degree Days                                                                                    
 DAY  1  2  3  4  5  6  7  8  9 10 11 12 13 14 15 16 17 18 19 20 21 22 23 24 25 26 27 28 29 30 31  MONTH
-------------------------------------------------------------------------------------------------       
JAN  52 52 52 52 52 52 53 53 53 53 53 53 53 53 53 53 53 52 52 52 52 52 52 52 52 52 52 52 52 52 52   1623
FEB  52 52 51 51 51 51 51 51 51 51 50 50 50 50 50 50 50 49 49 49 49 49 48 48 48 48 48 47            1394
MAR  47 47 47 47 46 46 46 46 46 46 45 45 45 45 45 45 44 44 44 44 44 44 43 43 43 43 43 43 43 42 42   1383
APR  42 42 42 42 42 42 41 41 41 41 41 40 40 40 40 40 39 39 39 39 38 38 38 37 37 37 36 36 36 35      1181
MAY  35 35 34 34 34 33 33 33 32 32 32 31 31 30 30 30 29 29 29 28 28 28 27 27 27 26 26 25 25 25 24    922
JUN  24 24 23 23 22 22 22 21 21 21 21 20 20 20 19 19 19 18 18 18 18 17 17 17 17 16 16 16 16 15       580
JUL  15 15 15 14 14 14 14 14 14 13 13 13 13 13 13 13 13 13 13 13 13 12 12 12 13 13 13 13 13 13 13    412
AUG  13 13 13 13 13 13 14 14 14 14 14 14 14 15 15 15 15 15 15 15 16 16 16 16 16 17 17 17 17 17 18    464
SEP  18 18 18 19 19 19 19 19 20 20 20 20 21 21 21 22 22 22 22 23 23 23 24 24 24 24 25 25 25 26       646
OCT  26 26 27 27 27 28 28 28 29 29 29 30 30 31 31 31 32 32 33 33 34 34 35 35 35 36 36 37 37 38 38    982
NOV  39 39 40 40 41 41 42 42 43 43 43 44 44 45 45 45 46 46 46 47 47 47 47 48 48 48 48 48 49 49      1340
DEC  49 49 49 49 50 50 50 50 50 50 50 50 51 51 51 51 51 51 51 51 51 52 52 52 52 52 52 52 52 52 52   1575
                                                                                                        
-------------------------------------------------------------------------------------------------       
 Cooling Degree Days                                                                                    
 DAY  1  2  3  4  5  6  7  8  9 10 11 12 13 14 15 16 17 18 19 20 21 22 23 24 25 26 27 28 29 30 31  MONTH
-------------------------------------------------------------------------------------------------       
JAN   0  0  0  0  0  0  0  0  0  0  0  0  0  0  0  0  0  0  0  0  0  0  0  0  0  0  0  0  0  0  0      0
FEB   0  0  0  0  0  0  0  0  0  0  0  0  0  0  0  0  0  0  0  0  0  0  0  0  0  0  0  0               0
MAR   0  0  0  0  0  0  0  0  0  0  0  0  0  0  0  0  0  0  0  0  0  0  0  0  0  0  0  0  0  0  0      0
APR   0  0  0  0  0  0  0  0  0  0  0  0  0  0  0  0  0  0  0  0  0  0  0  0  0  0  0  0  0  0         0
MAY   0  0  0  0  0  0  0  0  0  0  0  0  0  0  0  0  0  0  0  0  0  0  0  0  0  0  0  0  0  0  0      0
JUN   0  0  0  0  0  0  0  0  0  0  0  0  0  0  0  0  0  0  0  0  0  0  0  0  0  0  0  0  0  0         0
JUL   0  0  0  0  0  0  0  0  0  0  0  0  0  0  0  0  0  0  0  0  0  0  0  0  0  0  0  0  0  0  0      0
AUG   0  0  0  0  0  0  0  0  0  0  0  0  0  0  0  0  0  0  0  0  0  0  0  0  0  0  0  0  0  0  0      0
SEP   0  0  0  0  0  0  0  0  0  0  0  0  0  0  0  0  0  0  0  0  0  0  0  0  0  0  0  0  0  0         0
OCT   0  0  0  0  0  0  0  0  0  0  0  0  0  0  0  0  0  0  0  0  0  0  0  0  0  0  0  0  0  0  0      0
NOV   0  0  0  0  0  0  0  0  0  0  0  0  0  0  0  0  0  0  0  0  0  0  0  0  0  0  0  0  0  0         0
DEC   0  0  0  0  0  0  0  0  0  0  0  0  0  0  0  0  0  0  0  0  0  0  0  0  0  0  0  0  0  0  0      0
                                                                                                        
-------------------------------------------------------------------------------------------------       
 Total  Precipitation (Hundreths of an Inch)                                                            
 DAY  1  2  3  4  5  6  7  8  9 10 11 12 13 14 15 16 17 18 19 20 21 22 23 24 25 26 27 28 29 30 31  MONTH
-------------------------------------------------------------------------------------------------       
JAN   6  6  6  6  6  6  6  6  7  7  7  7  7  7  7  7  7  7  7  7  7  7  7  7  7  7  6  6  6  6  6    204
FEB   7  6  6  6  6  6  6  6  6  6  6  6  6  6  6  6  6  6  6  6  6  6  7  7  7  7  7  7             175
MAR   7  7  7  7  7  7  7  7  7  7  7  7  7  8  8  8  8  8  8  8  8  8  8  8  8  8  8  8  8  8  8    235
APR   8  8  8  8  8  8  8  8  8  8  8  8  8  8  8  8  8  8  8  8  8  8  8  8  8  8  8  8  7  7       238
MAY   8  8  8  8  8  8  8  8  8  7  7  7  7  7  7  7  7  7  7  7  6  6  6  6  6  6  5  5  5  5  5    210
JUN   5  4  4  4  4  4  4  4  3  3  3  3  3  3  3  3  3  3  3  4  4  4  4  4  4  4  4  5  5  5       113
JUL   5  5  6  6  6  6  6  7  7  7  7  7  7  7  7  8  8  8  8  8  8  8  8  8  8  8  8  8  8  8  8    224
AUG   8  8  8  8  7  7  7  7  7  7  7  7  7  7  7  7  7  7  7  6  6  6  6  6  6  6  6  6  6  6  6    209
SEP   6  6  6  6  5  5  5  5  5  5  5  5  5  5  5  5  5  5  5  5  5  5  5  5  5  4  4  4  4  4       149
OCT   4  4  4  4  4  4  4  4  4  4  4  4  4  4  4  4  5  5  5  5  5  5  5  5  5  5  5  5  6  6  6    142
NOV   6  6  6  6  6  6  6  6  6  6  6  7  7  7  7  7  7  7  7  7  7  7  7  7  7  7  7  6  6  6       196
DEC   6  6  6  6  6  6  6  6  6  6  6  6  6  6  6  6  5  5  6  6  6  6  6  6  6  6  6  6  6  6  6    184
                                                                                                        
