-------------------------------------------------------------------------------------------------       
 1971-2000 Daily/Monthly Station Normals                                                                
 Provided by National Climatic Data Center/NESDIS/NOAA                                                  
-------------------------------------------------------------------------------------------------       
 Station COOP ID:                           052184                                                      
 Station Name, State, Division, Call:       DEL NORTE 2 E                      CO 05                    
 Latitude, Longitude, Elevation, Elements:  37 40 26 -106 19 27  7870 XNP                               
-------------------------------------------------------------------------------------------------       
 Minimum Temperature (deg F [tenths deg F for monthly])                                                 
 DAY  1  2  3  4  5  6  7  8  9 10 11 12 13 14 15 16 17 18 19 20 21 22 23 24 25 26 27 28 29 30 31  MONTH
-------------------------------------------------------------------------------------------------       
JAN   4  4  4  4  4  4  4  4  4  4  4  4  4  4  4  4  4  5  5  5  5  5  5  5  6  6  6  6  6  6  7     47
FEB   7  7  7  8  8  8  8  9  9  9  9 10 10 10 11 11 11 12 12 12 12 13 13 13 14 14 15 15             106
MAR  15 16 16 16 17 17 17 18 18 18 18 19 19 19 19 20 20 20 20 21 21 21 21 21 22 22 22 22 22 22 22    194
APR  22 23 23 23 23 23 23 24 24 24 24 24 25 25 25 25 25 26 26 26 27 27 27 28 28 28 29 29 29 30       255
MAY  30 30 31 31 32 32 32 33 33 33 34 34 34 34 35 35 35 36 36 36 37 37 37 37 38 38 38 38 38 39 39    349
JUN  39 39 40 40 40 40 40 41 41 41 41 41 42 42 42 42 43 43 43 43 44 44 44 44 44 45 45 45 45 46       423
JUL  46 46 46 46 47 47 47 47 47 48 48 48 48 48 48 48 48 48 49 49 49 49 49 49 49 49 49 49 49 49 49    480
AUG  49 49 49 49 49 49 49 48 48 48 48 48 48 48 48 47 47 47 47 47 46 46 46 46 45 45 45 44 44 44 44    470
SEP  43 43 43 42 42 42 41 41 41 40 40 40 39 39 39 39 38 38 38 37 37 37 37 36 36 36 35 35 35 35       388
OCT  34 34 34 33 33 33 33 32 32 32 31 31 31 30 30 29 29 29 28 28 27 27 27 26 26 25 25 25 24 24 23    292
NOV  23 22 22 21 21 20 20 19 19 19 18 18 17 17 17 16 16 15 15 15 14 14 13 13 13 12 12 12 11 11       165
DEC  10 10 10  9  9  9  9  8  8  8  8  7  7  7  7  6  6  6  6  6  5  5  5  5  5  5  5  5  4  4  4     67
                                                                                                        
-------------------------------------------------------------------------------------------------       
 Maximum Temperature (deg F [tenths deg F for monthly])                                                 
 DAY  1  2  3  4  5  6  7  8  9 10 11 12 13 14 15 16 17 18 19 20 21 22 23 24 25 26 27 28 29 30 31  MONTH
-------------------------------------------------------------------------------------------------       
JAN  34 33 33 33 33 33 33 33 33 33 33 33 33 34 34 34 34 34 34 34 34 34 35 35 35 35 35 35 36 36 36    340
FEB  36 36 37 37 37 37 38 38 38 38 39 39 39 39 40 40 40 41 41 41 42 42 42 43 43 43 44 44             398
MAR  44 45 45 45 46 46 46 47 47 47 47 48 48 48 49 49 49 49 50 50 50 51 51 51 51 52 52 52 52 53 53    488
APR  53 53 53 54 54 54 54 55 55 55 55 56 56 56 56 57 57 57 58 58 58 58 59 59 59 60 60 60 61 61       567
MAY  61 61 62 62 62 63 63 63 64 64 64 65 65 65 66 66 66 67 67 67 68 68 68 69 69 69 70 70 70 71 71    660
JUN  71 72 72 72 72 73 73 73 74 74 74 74 74 75 75 75 75 75 76 76 76 76 76 76 77 77 77 77 77 77       747
JUL  77 77 77 77 77 77 77 77 78 78 78 78 78 78 78 78 78 78 78 78 78 78 78 78 78 78 78 77 77 77 77    776
AUG  77 77 77 77 77 77 77 77 77 77 77 76 76 76 76 76 76 76 75 75 75 75 75 75 75 74 74 74 74 74 73    757
SEP  73 73 73 73 72 72 72 72 71 71 71 71 71 70 70 70 70 69 69 69 69 69 68 68 68 68 67 67 67 67       700
OCT  67 66 66 66 65 65 65 65 64 64 64 63 63 62 62 62 61 61 60 60 59 59 58 58 57 57 56 56 55 54 54    611
NOV  53 53 52 51 51 50 50 49 49 48 48 47 47 46 46 45 45 44 44 43 43 43 42 42 41 41 41 40 40 40       458
DEC  39 39 39 38 38 38 38 37 37 37 37 36 36 36 36 35 35 35 35 35 35 34 34 34 34 34 34 34 34 34 33    358
                                                                                                        
-------------------------------------------------------------------------------------------------       
 Average Temperature (deg F [tenths deg F for monthly])                                                 
 DAY  1  2  3  4  5  6  7  8  9 10 11 12 13 14 15 16 17 18 19 20 21 22 23 24 25 26 27 28 29 30 31  MONTH
-------------------------------------------------------------------------------------------------       
JAN  19 19 19 19 19 19 18 18 19 19 19 19 19 19 19 19 19 19 19 19 19 20 20 20 20 20 20 21 21 21 21    194
FEB  22 22 22 22 22 23 23 23 24 24 24 24 25 25 25 26 26 26 26 27 27 27 28 28 28 29 29 29             252
MAR  30 30 30 31 31 31 32 32 32 33 33 33 34 34 34 34 35 35 35 35 36 36 36 36 36 37 37 37 37 37 38    341
APR  38 38 38 38 38 39 39 39 39 40 40 40 40 40 41 41 41 42 42 42 42 43 43 43 44 44 44 45 45 45       411
MAY  46 46 46 47 47 47 48 48 48 49 49 49 50 50 50 51 51 51 52 52 52 52 53 53 53 54 54 54 54 55 55    505
JUN  55 55 56 56 56 57 57 57 57 57 58 58 58 58 59 59 59 59 59 60 60 60 60 60 60 61 61 61 61 61       585
JUL  62 62 62 62 62 62 62 62 63 63 63 63 63 63 63 63 63 63 63 63 63 63 63 63 64 63 63 63 63 63 63    628
AUG  63 63 63 63 63 63 63 63 63 62 62 62 62 62 62 62 62 61 61 61 61 61 60 60 60 60 60 59 59 59 58    614
SEP  58 58 58 57 57 57 57 56 56 56 56 55 55 55 55 54 54 54 53 53 53 53 52 52 52 52 51 51 51 51       544
OCT  50 50 50 50 49 49 49 48 48 48 47 47 47 46 46 46 45 45 44 44 43 43 43 42 42 41 41 40 40 39 39    452
NOV  38 38 37 36 36 35 35 34 34 34 33 33 32 32 31 31 30 30 29 29 29 28 28 27 27 27 26 26 26 25       312
DEC  25 25 24 24 24 23 23 23 23 22 22 22 22 21 21 21 21 21 20 20 20 20 20 20 19 19 19 19 19 19 19    213
                                                                                                        
-------------------------------------------------------------------------------------------------       
 Heating Degree Days                                                                                    
 DAY  1  2  3  4  5  6  7  8  9 10 11 12 13 14 15 16 17 18 19 20 21 22 23 24 25 26 27 28 29 30 31  MONTH
-------------------------------------------------------------------------------------------------       
JAN  46 46 46 46 46 47 47 47 46 46 46 46 46 46 46 46 46 46 46 46 46 45 45 45 45 45 45 44 44 44 44   1415
FEB  43 43 43 43 43 42 42 42 41 41 41 41 40 40 40 40 39 39 39 38 38 38 37 37 37 36 36 36            1115
MAR  35 35 35 34 34 34 33 33 33 32 32 32 31 31 31 31 30 30 30 30 29 29 29 29 29 28 28 28 28 28 27    958
APR  27 27 27 27 27 26 26 26 26 26 25 25 25 25 24 24 24 23 23 23 23 22 22 22 21 21 21 20 20 20       718
MAY  19 19 19 18 18 18 17 17 17 16 16 16 15 15 15 14 14 14 14 13 13 13 12 12 12 12 11 11 11 10 10    451
JUN  10 10  9  9  9  9  8  8  8  8  7  7  7  7  7  6  6  6  6  6  5  5  5  5  5  5  5  4  4  4       200
JUL   4  4  4  4  4  3  3  3  3  3  3  3  3  3  3  3  3  3  3  2  2  2  2  2  2  2  2  2  2  3  3     88
AUG   3  3  3  3  3  3  3  3  3  3  3  3  3  4  4  4  4  4  4  4  5  5  5  5  5  6  6  6  6  7  7    130
SEP   7  7  8  8  8  8  9  9  9  9  9 10 10 10 10 11 11 11 11 12 12 12 13 13 13 13 14 14 14 14       319
OCT  15 15 15 15 16 16 16 17 17 17 18 18 18 19 19 19 20 20 21 21 22 22 22 23 23 24 24 25 25 26 27    615
NOV  27 28 28 29 29 30 30 31 31 32 32 32 33 33 34 34 35 35 36 36 36 37 37 38 38 38 39 39 39 40      1016
DEC  40 40 41 41 41 42 42 42 42 43 43 43 43 44 44 44 44 45 45 45 45 45 45 45 46 46 46 46 46 46 46   1356
                                                                                                        
-------------------------------------------------------------------------------------------------       
 Cooling Degree Days                                                                                    
 DAY  1  2  3  4  5  6  7  8  9 10 11 12 13 14 15 16 17 18 19 20 21 22 23 24 25 26 27 28 29 30 31  MONTH
-------------------------------------------------------------------------------------------------       
JAN   0  0  0  0  0  0  0  0  0  0  0  0  0  0  0  0  0  0  0  0  0  0  0  0  0  0  0  0  0  0  0      0
FEB   0  0  0  0  0  0  0  0  0  0  0  0  0  0  0  0  0  0  0  0  0  0  0  0  0  0  0  0               0
MAR   0  0  0  0  0  0  0  0  0  0  0  0  0  0  0  0  0  0  0  0  0  0  0  0  0  0  0  0  0  0  0      0
APR   0  0  0  0  0  0  0  0  0  0  0  0  0  0  0  0  0  0  0  0  0  0  0  0  0  0  0  0  0  0         0
MAY   0  0  0  0  0  0  0  0  0  0  0  0  0  0  0  0  0  0  0  0  0  0  0  0  0  0  0  0  0  0  0      0
JUN   0  0  0  0  0  0  0  0  0  0  0  0  0  0  0  0  0  0  0  0  0  0  0  0  0-99-99-99-99-99         5
JUL   0  0  0  0  0  0  0  0  0  0  0  1  1  1  1  1  1  1  1  1  1  1  1  1  1  1  1  1  1  1  1     20
AUG   1  1  1  1  1  1  1  1  1  1  1  1  1  1  1  1  0  0  0  0  0  0  0  0  0  0  0  0  0  0  0     16
SEP   0  0  0  0  0  0  0  0  0  0  0  0  0  0  0  0  0  0  0  0  0  0  0  0  0  0  0  0  0  0         0
OCT   0  0  0  0  0  0  0  0  0  0  0  0  0  0  0  0  0  0  0  0  0  0  0  0  0  0  0  0  0  0  0      0
NOV   0  0  0  0  0  0  0  0  0  0  0  0  0  0  0  0  0  0  0  0  0  0  0  0  0  0  0  0  0  0         0
DEC   0  0  0  0  0  0  0  0  0  0  0  0  0  0  0  0  0  0  0  0  0  0  0  0  0  0  0  0  0  0  0      0
                                                                                                        
-------------------------------------------------------------------------------------------------       
 Total  Precipitation (Hundreths of an Inch)                                                            
 DAY  1  2  3  4  5  6  7  8  9 10 11 12 13 14 15 16 17 18 19 20 21 22 23 24 25 26 27 28 29 30 31  MONTH
-------------------------------------------------------------------------------------------------       
JAN   1  1  1  1  1  1  1  1  1  1  1  1  1  1  1  1  1  1  1  1  1  1  1  1  1  1  1  1  1  1  1     31
FEB   1  1  1  1  1  1  1  1  1  1  1  1  1  1  1  1  1  1  1  1  1  1  2  2  2  2  2  2              34
MAR   2  2  2  2  2  2  2  2  2  3  3  3  3  3  3  3  3  3  3  3  3  3  3  3  3  3  3  3  3  3  2     83
APR   3  3  3  3  3  2  2  2  2  2  2  2  2  2  2  2  2  2  2  2  2  2  2  2  3  3  3  3  3  3        71
MAY   2  3  3  3  3  3  3  3  3  3  3  3  3  3  3  3  3  3  3  3  3  3  3  3  3  3  3  3  2  2  2     89
JUN   3  3  3  2  2  2  2  2  2  2  2  2  2  2  2  2  2  3  3  3  3  3  3  3  3  3  3  3  3  4        77
JUL   4  4  4  4  4  4  4  4  5  5  5  5  5  5  5  5  5  5  5  6  6  6  6  6  6  6  6  6  6  6  6    159
AUG   6  6  6  6  7  7  7  7  7  7  7  7  7  7  7  6  6  6  6  6  6  6  6  6  6  6  6  6  5  5  5    194
SEP   5  5  5  5  5  5  4  4  4  4  4  4  4  4  4  4  4  3  3  3  3  3  3  3  3  3  3  3  3  3       113
OCT   3  3  3  3  3  3  3  3  3  3  3  3  3  3  3  3  3  3  3  3  3  2  2  2  2  2  2  2  2  2  2     83
NOV   3  3  3  3  3  2  2  2  2  2  2  2  2  2  2  2  2  2  2  2  2  2  2  2  2  2  2  2  2  2        65
DEC   2  2  2  2  2  2  2  2  2  2  2  2  2  2  2  2  1  1  1  1  1  1  1  1  1  1  1  1  1  1  1     47
                                                                                                        
