-------------------------------------------------------------------------------------------------       
 1971-2000 Daily/Monthly Station Normals                                                                
 Provided by National Climatic Data Center/NESDIS/NOAA                                                  
-------------------------------------------------------------------------------------------------       
 Station COOP ID:                           057370                                                      
 Station Name, State, Division, Call:       SALIDA                             CO 01                    
 Latitude, Longitude, Elevation, Elements:  38 31 59 -106 00 55  7160 XNP                               
-------------------------------------------------------------------------------------------------       
 Minimum Temperature (deg F [tenths deg F for monthly])                                                 
 DAY  1  2  3  4  5  6  7  8  9 10 11 12 13 14 15 16 17 18 19 20 21 22 23 24 25 26 27 28 29 30 31  MONTH
-------------------------------------------------------------------------------------------------       
JAN  11 11 11 11 11 11 11 12 12 12 12 12 12 12 12 12 12 12 12 12 12 12 12 12 12 12 12 13 13 13 13    119
FEB  13 13 13 13 13 13 14 14 14 14 14 14 14 15 15 15 15 15 16 16 16 16 16 17 17 17 17 18             149
MAR  18 18 19 19 19 19 20 20 20 20 20 21 21 21 21 22 22 22 22 22 23 23 23 23 23 23 23 24 24 24 24    214
APR  24 24 25 25 25 25 25 25 25 26 26 26 26 27 27 27 27 27 28 28 28 28 29 29 29 30 30 30 31 31       271
MAY  31 32 32 32 32 33 33 33 34 34 34 35 35 35 35 36 36 36 37 37 37 37 38 38 38 38 39 39 39 39 40    356
JUN  40 40 40 41 41 41 41 41 42 42 42 42 43 43 43 43 43 44 44 44 44 45 45 45 45 45 46 46 46 46       431
JUL  47 47 47 47 47 48 48 48 48 48 48 49 49 49 49 49 49 49 49 49 49 49 49 49 49 49 49 49 49 49 49    485
AUG  49 49 49 49 49 49 49 49 48 48 48 48 48 48 48 48 47 47 47 47 47 47 46 46 46 46 45 45 45 45 44    473
SEP  44 44 44 43 43 43 42 42 42 42 41 41 41 40 40 40 39 39 38 38 38 37 37 37 36 36 35 35 34 34       395
OCT  34 33 33 32 32 32 31 31 30 30 30 29 29 29 28 28 28 27 27 27 26 26 26 25 25 25 25 24 24 24 24    282
NOV  24 23 23 23 23 22 22 22 22 22 21 21 21 20 20 20 20 19 19 19 19 18 18 18 18 17 17 17 16 16       200
DEC  16 15 15 15 15 14 14 14 14 14 13 13 13 13 13 12 12 12 12 12 12 12 12 12 12 11 11 11 11 11 11    128
                                                                                                        
-------------------------------------------------------------------------------------------------       
 Maximum Temperature (deg F [tenths deg F for monthly])                                                 
 DAY  1  2  3  4  5  6  7  8  9 10 11 12 13 14 15 16 17 18 19 20 21 22 23 24 25 26 27 28 29 30 31  MONTH
-------------------------------------------------------------------------------------------------       
JAN  41 41 41 41 41 41 41 41 41 41 41 41 41 41 41 41 41 42 42 42 42 42 42 42 42 42 43 43 43 43 43    416
FEB  43 43 43 44 44 44 44 44 44 45 45 45 45 45 45 46 46 46 46 46 47 47 47 47 47 47 48 48             454
MAR  48 48 48 49 49 49 49 49 50 50 50 50 50 51 51 51 51 51 51 52 52 52 52 52 53 53 53 53 53 54 54    509
APR  54 54 54 54 55 55 55 55 56 56 56 56 57 57 57 57 58 58 58 59 59 59 60 60 60 60 61 61 62 62       575
MAY  62 63 63 63 64 64 65 65 65 66 66 66 67 67 67 68 68 69 69 69 70 70 71 71 71 72 72 72 73 73 74    679
JUN  74 74 75 75 75 76 76 76 77 77 77 78 78 78 78 79 79 79 80 80 80 80 81 81 81 81 81 82 82 82       784
JUL  82 82 82 83 83 83 83 83 83 83 83 83 83 84 84 84 84 84 84 84 84 84 84 84 84 83 83 83 83 83 83    833
AUG  83 83 83 83 83 82 82 82 82 82 82 82 82 81 81 81 81 81 81 80 80 80 80 80 79 79 79 79 79 78 78    809
SEP  78 78 78 77 77 77 77 76 76 76 76 75 75 75 75 74 74 74 73 73 73 73 72 72 72 71 71 71 70 70       743
OCT  70 69 69 68 68 68 67 67 67 66 66 65 65 64 64 64 63 63 62 62 61 61 60 60 59 59 58 58 57 56 56    633
NOV  55 55 54 54 53 53 52 52 51 51 51 50 50 49 49 48 48 48 47 47 47 46 46 46 45 45 45 45 44 44       490
DEC  44 44 44 43 43 43 43 43 43 42 42 42 42 42 42 42 41 41 41 41 41 41 41 41 41 41 41 41 41 41 41    419
                                                                                                        
-------------------------------------------------------------------------------------------------       
 Average Temperature (deg F [tenths deg F for monthly])                                                 
 DAY  1  2  3  4  5  6  7  8  9 10 11 12 13 14 15 16 17 18 19 20 21 22 23 24 25 26 27 28 29 30 31  MONTH
-------------------------------------------------------------------------------------------------       
JAN  26 26 26 26 26 26 26 26 26 26 26 27 27 27 27 27 27 27 27 27 27 27 27 27 27 27 28 28 28 28 28    268
FEB  28 28 28 28 29 29 29 29 29 29 29 30 30 30 30 30 31 31 31 31 31 32 32 32 32 32 33 33             302
MAR  33 33 34 34 34 34 34 35 35 35 35 36 36 36 36 36 36 37 37 37 37 37 38 38 38 38 38 38 39 39 39    362
APR  39 39 39 40 40 40 40 40 41 41 41 41 42 42 42 42 42 43 43 43 44 44 44 44 45 45 45 46 46 46       423
MAY  47 47 47 48 48 48 49 49 50 50 50 51 51 51 51 52 52 53 53 53 53 54 54 54 55 55 55 56 56 56 57    518
JUN  57 57 58 58 58 58 59 59 59 59 60 60 60 61 61 61 61 62 62 62 62 62 63 63 63 63 64 64 64 64       608
JUL  64 65 65 65 65 65 65 66 66 66 66 66 66 66 66 66 66 66 66 66 67 67 67 67 67 66 66 66 66 66 66    659
AUG  66 66 66 66 66 66 66 65 65 65 65 65 65 65 64 64 64 64 64 64 63 63 63 63 63 62 62 62 62 62 61    641
SEP  61 61 61 60 60 60 60 59 59 59 58 58 58 58 57 57 57 56 56 56 55 55 55 54 54 53 53 53 52 52       569
OCT  52 51 51 50 50 50 49 49 49 48 48 47 47 47 46 46 45 45 45 44 44 43 43 43 42 42 42 41 41 40 40    458
NOV  40 39 39 38 38 38 37 37 37 36 36 35 35 35 34 34 34 34 33 33 33 32 32 32 31 31 31 31 30 30       345
DEC  30 30 29 29 29 29 29 28 28 28 28 28 28 27 27 27 27 27 27 27 27 26 26 26 26 26 26 26 26 26 26    274
                                                                                                        
-------------------------------------------------------------------------------------------------       
 Heating Degree Days                                                                                    
 DAY  1  2  3  4  5  6  7  8  9 10 11 12 13 14 15 16 17 18 19 20 21 22 23 24 25 26 27 28 29 30 31  MONTH
-------------------------------------------------------------------------------------------------       
JAN  39 39 39 39 39 39 39 39 39 39 39 39 38 38 38 38 38 38 38 38 38 38 38 38 38 38 37 37 37 37 37   1185
FEB  37 37 37 37 36 36 36 36 36 36 36 35 35 35 35 35 35 34 34 34 34 34 33 33 33 33 32 32             976
MAR  32 32 32 31 31 31 31 30 30 30 30 30 29 29 29 29 29 28 28 28 28 28 27 27 27 27 27 27 26 26 26    895
APR  26 26 26 25 25 25 25 25 24 24 24 24 24 23 23 23 22 22 22 22 21 21 21 20 20 20 20 19 19 19       680
MAY  18 18 18 17 17 16 16 16 15 15 15 14 14 14 14 13 13 13 12 12 12 11 11 11 10 10 10  9  9  9  9    411
JUN   8  8  8  7  7  7  7  6  6  6  6  5  5  5  5  5  4  4  4  4  4  3  3  3  3  3  3  3  2  2       146
JUL   2  2  2  2  2  1  1  1  1  1  1  1  1  1  1  1  1  1  1  1  1  1  1  1  1  0  0  1  1  1  1     34
AUG   1  1  1  1  1  1  1  1  1  1  1  1  1  2  2  2  2  2  2  2  2  3  3  3  3  3  3  4  4  4  4     63
SEP   4  5  5  5  5  5  6  6  6  7  7  7  7  8  8  8  8  9  9  9 10 10 10 11 11 12 12 12 13 13       248
OCT  13 14 14 15 15 15 16 16 17 17 17 18 18 18 19 19 20 20 20 21 21 22 22 22 23 23 24 24 24 25 25    597
NOV  26 26 26 27 27 27 28 28 28 29 29 30 30 30 30 31 31 31 32 32 32 33 33 33 34 34 34 34 35 35       915
DEC  35 35 36 36 36 36 36 37 37 37 37 37 38 38 38 38 38 38 38 38 38 39 39 39 39 39 39 39 39 39 39   1167
                                                                                                        
-------------------------------------------------------------------------------------------------       
 Cooling Degree Days                                                                                    
 DAY  1  2  3  4  5  6  7  8  9 10 11 12 13 14 15 16 17 18 19 20 21 22 23 24 25 26 27 28 29 30 31  MONTH
-------------------------------------------------------------------------------------------------       
JAN   0  0  0  0  0  0  0  0  0  0  0  0  0  0  0  0  0  0  0  0  0  0  0  0  0  0  0  0  0  0  0      0
FEB   0  0  0  0  0  0  0  0  0  0  0  0  0  0  0  0  0  0  0  0  0  0  0  0  0  0  0  0               0
MAR   0  0  0  0  0  0  0  0  0  0  0  0  0  0  0  0  0  0  0  0  0  0  0  0  0  0  0  0  0  0  0      0
APR   0  0  0  0  0  0  0  0  0  0  0  0  0  0  0  0  0  0  0  0  0  0  0  0  0  0  0  0  0  0         0
MAY   0  0  0  0  0  0  0  0  0  0  0  0  0  0  0  0  0  0  0  0  0  0  0  0  0  0  0  0  0  0  0      0
JUN   0  0  0  0  0  0  0  0  0  0  0  0  0  1  1  1  1  1  1  1  1  1  1  1  1  1  1  1  1  2        18
JUL   2  2  2  2  2  2  2  2  2  2  2  2  2  2  2  2  2  2  2  2  2  2  2  2  2  2  2  2  2  2  2     62
AUG   2  2  2  2  2  2  1  1  1  1  1  1  1  1  1  1  1  1  1  1  1  1  1  1  1  1  1  1  1  0  0     35
SEP -99-99-99-99  0  0  0  0  0  0  0  0  0  0  0  0  0  0  0  0  0  0  0  0  0  0  0  0  0  0         4
OCT   0  0  0  0  0  0  0  0  0  0  0  0  0  0  0  0  0  0  0  0  0  0  0  0  0  0  0  0  0  0  0      0
NOV   0  0  0  0  0  0  0  0  0  0  0  0  0  0  0  0  0  0  0  0  0  0  0  0  0  0  0  0  0  0         0
DEC   0  0  0  0  0  0  0  0  0  0  0  0  0  0  0  0  0  0  0  0  0  0  0  0  0  0  0  0  0  0  0      0
                                                                                                        
-------------------------------------------------------------------------------------------------       
 Total  Precipitation (Hundreths of an Inch)                                                            
 DAY  1  2  3  4  5  6  7  8  9 10 11 12 13 14 15 16 17 18 19 20 21 22 23 24 25 26 27 28 29 30 31  MONTH
-------------------------------------------------------------------------------------------------       
JAN   1  1  1  1  1  1  1  1  1  1  1  1  1  1  0  0  0  0  0  0  0  0  0  0  0  0  0  0  0  0  0     14
FEB   0  0  0  0  0  0  1  1  1  1  1  1  1  1  1  1  1  1  1  1  1  1  1  1  1  1  1  1              22
MAR   1  2  2  2  2  2  2  2  2  2  2  2  2  2  2  2  2  2  2  2  2  2  2  2  2  2  2  2  2  2  2     61
APR   2  2  2  2  2  2  2  2  2  2  2  2  2  2  2  2  2  2  2  3  3  3  3  3  3  3  3  3  3  3        71
MAY   3  3  3  3  3  3  3  3  3  3  4  4  4  4  4  4  4  4  4  4  4  3  3  3  3  3  3  3  3  3  3    104
JUN   3  3  3  3  3  3  3  3  3  3  2  2  2  2  2  2  2  2  2  2  3  3  3  3  3  3  3  3  3  3        80
JUL   3  3  3  3  3  3  3  4  4  4  4  4  4  4  4  4  4  4  4  4  4  4  5  5  5  5  5  5  5  5  5    126
AUG   5  5  5  5  5  5  5  5  6  6  6  5  5  5  5  5  5  5  5  5  5  5  5  5  5  5  5  5  4  4  4    155
SEP   4  4  4  3  3  3  3  3  3  3  3  3  3  3  3  3  3  3  2  2  2  2  2  2  2  3  3  3  3  3        86
OCT   3  3  3  3  3  3  3  3  3  3  3  3  3  3  3  3  3  3  3  3  3  3  3  2  2  2  2  2  2  2  2     85
NOV   2  2  2  1  1  1  1  1  1  1  1  1  1  1  1  1  1  1  1  1  1  1  1  1  1  1  1  1  1  1        33
DEC   1  1  1  1  1  1  1  1  1  1  1  1  1  1  1  1  1  1  1  1  1  1  1  1  1  1  1  1  0  0  0     28
                                                                                                        
