-------------------------------------------------------------------------------------------------       
 1971-2000 Daily/Monthly Station Normals                                                                
 Provided by National Climatic Data Center/NESDIS/NOAA                                                  
-------------------------------------------------------------------------------------------------       
 Station COOP ID:                           502177                                                      
 Station Name, State, Division, Call:       CORDOVA AP                         AK 02 CDV                
 Latitude, Longitude, Elevation, Elements:  60 29 20 -145 27 04    38 XNP                               
-------------------------------------------------------------------------------------------------       
 Minimum Temperature (deg F [tenths deg F for monthly])                                                 
 DAY  1  2  3  4  5  6  7  8  9 10 11 12 13 14 15 16 17 18 19 20 21 22 23 24 25 26 27 28 29 30 31  MONTH
-------------------------------------------------------------------------------------------------       
JAN  19 18 18 18 18 18 18 18 18 18 18 17 17 17 17 17 17 17 17 17 17 17 17 17 18 18 18 18 18 18 18    176
FEB  18 18 18 19 19 19 19 19 19 19 19 19 19 20 20 20 20 20 20 20 20 20 20 21 21 21 21 21             196
MAR  21 21 21 21 21 22 22 22 22 22 22 22 22 23 23 23 23 23 23 24 24 24 24 24 25 25 25 25 25 26 26    231
APR  26 26 27 27 27 27 28 28 28 28 29 29 29 29 30 30 30 30 31 31 31 31 32 32 32 32 32 33 33 33       297
MAY  33 34 34 34 34 35 35 35 35 35 36 36 36 36 37 37 37 37 38 38 38 38 38 39 39 39 39 39 40 40 40    368
JUN  40 41 41 41 41 41 42 42 42 42 42 43 43 43 43 43 44 44 44 44 44 44 45 45 45 45 45 45 46 46       432
JUL  46 46 46 46 46 46 47 47 47 47 47 47 47 47 47 47 47 47 48 48 48 48 48 48 48 48 48 48 48 48 47    472
AUG  48 47 47 47 47 47 47 47 47 47 47 47 47 46 46 46 46 46 46 46 45 45 45 45 45 45 44 44 44 44 43    459
SEP  43 43 43 43 42 42 42 42 41 41 41 41 41 40 40 40 40 39 39 39 39 39 38 38 38 38 37 37 37 37       400
OCT  37 36 36 36 36 36 35 35 35 34 34 34 34 33 33 33 32 32 32 31 31 31 30 30 30 29 29 29 28 28 28    325
NOV  27 27 26 26 26 25 25 25 24 24 24 24 23 23 23 23 23 22 22 22 22 22 22 22 22 21 21 21 21 21       233
DEC  21 21 21 21 21 21 21 21 21 21 21 21 21 20 20 20 20 20 20 20 20 20 20 20 19 19 19 19 19 19 19    202
                                                                                                        
-------------------------------------------------------------------------------------------------       
 Maximum Temperature (deg F [tenths deg F for monthly])                                                 
 DAY  1  2  3  4  5  6  7  8  9 10 11 12 13 14 15 16 17 18 19 20 21 22 23 24 25 26 27 28 29 30 31  MONTH
-------------------------------------------------------------------------------------------------       
JAN  32 32 32 32 32 31 31 31 31 31 31 31 31 31 31 31 31 31 31 32 32 32 32 32 32 32 32 32 32 33 33    316
FEB  33 33 33 33 33 34 34 34 34 34 34 35 35 35 35 35 35 35 35 36 36 36 36 36 36 36 36 37             348
MAR  37 37 37 37 37 37 37 38 38 38 38 38 38 38 39 39 39 39 39 40 40 40 40 40 41 41 41 41 42 42 42    390
APR  42 42 43 43 43 43 44 44 44 44 45 45 45 45 45 46 46 46 46 47 47 47 47 48 48 48 48 49 49 49       456
MAY  49 50 50 50 50 51 51 51 51 52 52 52 52 52 53 53 53 53 53 54 54 54 54 55 55 55 55 55 56 56 56    528
JUN  56 56 57 57 57 57 57 57 58 58 58 58 58 58 59 59 59 59 59 59 59 60 60 60 60 60 60 60 60 60       585
JUL  61 61 61 61 61 61 61 61 61 61 62 62 62 62 62 62 62 62 62 62 62 62 62 62 62 62 62 63 63 63 63    618
AUG  63 63 63 63 63 63 63 63 62 62 62 62 62 62 62 62 62 62 62 62 62 61 61 61 61 61 61 60 60 60 60    618
SEP  60 59 59 59 59 59 58 58 58 58 57 57 57 57 56 56 56 56 55 55 55 54 54 54 54 53 53 53 52 52       561
OCT  52 51 51 51 50 50 50 49 49 49 48 48 47 47 47 46 46 46 45 45 45 44 44 44 43 43 42 42 42 41 41    464
NOV  41 40 40 40 39 39 39 38 38 38 37 37 37 37 37 36 36 36 36 36 35 35 35 35 35 35 35 34 34 34       368
DEC  34 34 34 34 34 34 34 34 34 34 34 33 33 33 33 33 33 33 33 33 33 33 33 32 32 32 32 32 32 32 32    331
                                                                                                        
-------------------------------------------------------------------------------------------------       
 Average Temperature (deg F [tenths deg F for monthly])                                                 
 DAY  1  2  3  4  5  6  7  8  9 10 11 12 13 14 15 16 17 18 19 20 21 22 23 24 25 26 27 28 29 30 31  MONTH
-------------------------------------------------------------------------------------------------       
JAN  25 25 25 25 25 25 25 25 25 24 24 24 24 24 24 24 24 24 24 24 24 25 25 25 25 25 25 25 25 25 25    246
FEB  25 26 26 26 26 26 26 26 27 27 27 27 27 27 27 27 28 28 28 28 28 28 28 28 28 29 29 29             272
MAR  29 29 29 29 29 29 30 30 30 30 30 30 30 31 31 31 31 31 31 32 32 32 32 32 33 33 33 33 34 34 34    311
APR  34 34 35 35 35 35 36 36 36 36 37 37 37 37 38 38 38 38 39 39 39 39 40 40 40 40 40 41 41 41       377
MAY  41 42 42 42 42 43 43 43 43 43 44 44 44 44 45 45 45 45 46 46 46 46 46 47 47 47 47 47 48 48 48    448
JUN  48 49 49 49 49 49 49 50 50 50 50 50 51 51 51 51 51 51 52 52 52 52 52 52 52 53 53 53 53 53       509
JUL  53 53 54 54 54 54 54 54 54 54 54 54 54 55 55 55 55 55 55 55 55 55 55 55 55 55 55 55 55 55 55    545
AUG  55 55 55 55 55 55 55 55 55 55 55 55 54 54 54 54 54 54 54 54 53 53 53 53 53 53 53 52 52 52 52    539
SEP  52 51 51 51 51 50 50 50 50 49 49 49 49 49 48 48 48 48 47 47 47 47 46 46 46 45 45 45 45 44       481
OCT  44 44 44 43 43 43 42 42 42 42 41 41 41 40 40 40 39 39 39 38 38 38 37 37 37 36 36 35 35 35 34    395
NOV  34 34 33 33 32 32 32 32 31 31 31 30 30 30 30 30 29 29 29 29 29 29 28 28 28 28 28 28 28 28       301
DEC  28 28 28 28 28 28 27 27 27 27 27 27 27 27 27 27 27 27 27 26 26 26 26 26 26 26 26 26 25 25 25    267
                                                                                                        
-------------------------------------------------------------------------------------------------       
 Heating Degree Days                                                                                    
 DAY  1  2  3  4  5  6  7  8  9 10 11 12 13 14 15 16 17 18 19 20 21 22 23 24 25 26 27 28 29 30 31  MONTH
-------------------------------------------------------------------------------------------------       
JAN  40 40 40 40 40 40 40 40 41 41 41 41 41 41 41 41 41 41 41 41 41 40 40 40 40 40 40 40 40 40 40   1253
FEB  40 39 39 39 39 39 39 39 38 38 38 38 38 38 38 38 37 37 37 37 37 37 37 37 37 36 36 36            1058
MAR  36 36 36 36 36 36 36 35 35 35 35 35 35 35 34 34 34 34 34 33 33 33 33 33 32 32 32 32 32 31 31   1054
APR  31 31 30 30 30 30 29 29 29 29 28 28 28 28 27 27 27 27 27 26 26 26 26 25 25 25 25 24 24 24       821
MAY  24 23 23 23 23 22 22 22 22 22 21 21 21 21 20 20 20 20 20 19 19 19 19 18 18 18 18 18 17 17 17    627
JUN  17 17 16 16 16 16 16 15 15 15 15 15 15 14 14 14 14 14 13 13 13 13 13 13 13 12 12 12 12 12       425
JUL  12 12 12 11 11 11 11 11 11 11 11 11 11 10 10 10 10 10 10 10 10 10 10 10 10 10 10 10 10 10 10    326
AUG  10 10 10 10 10 10 10 10 10 10 10 11 11 11 11 11 11 11 11 11 12 12 12 12 12 12 13 13 13 13 13    346
SEP  14 14 14 14 14 15 15 15 15 16 16 16 16 16 17 17 17 17 18 18 18 18 19 19 19 20 20 20 20 21       508
OCT  21 21 21 22 22 22 23 23 23 24 24 24 24 25 25 25 26 26 26 27 27 27 28 28 29 29 29 30 30 30 31    792
NOV  31 31 32 32 33 33 33 33 34 34 34 35 35 35 35 35 36 36 36 36 36 37 37 37 37 37 37 37 37 37      1048
DEC  37 37 37 37 37 38 38 38 38 38 38 38 38 38 38 38 38 38 39 39 39 39 39 39 39 39 39 39 40 40 40   1189
                                                                                                        
-------------------------------------------------------------------------------------------------       
 Cooling Degree Days                                                                                    
 DAY  1  2  3  4  5  6  7  8  9 10 11 12 13 14 15 16 17 18 19 20 21 22 23 24 25 26 27 28 29 30 31  MONTH
-------------------------------------------------------------------------------------------------       
JAN   0  0  0  0  0  0  0  0  0  0  0  0  0  0  0  0  0  0  0  0  0  0  0  0  0  0  0  0  0  0  0      0
FEB   0  0  0  0  0  0  0  0  0  0  0  0  0  0  0  0  0  0  0  0  0  0  0  0  0  0  0  0               0
MAR   0  0  0  0  0  0  0  0  0  0  0  0  0  0  0  0  0  0  0  0  0  0  0  0  0  0  0  0  0  0  0      0
APR   0  0  0  0  0  0  0  0  0  0  0  0  0  0  0  0  0  0  0  0  0  0  0  0  0  0  0  0  0  0         0
MAY   0  0  0  0  0  0  0  0  0  0  0  0  0  0  0  0  0  0  0  0  0  0  0  0  0  0  0  0  0  0  0      0
JUN   0  0  0  0  0  0  0  0  0  0  0  0  0  0  0  0  0  0  0  0  0  0  0  0  0  0  0  0  0  0         0
JUL   0  0  0  0  0  0  0  0  0  0  0  0  0  0  0  0  0  0  0  0  0  0  0  0  0  0  0  0  0  0  0      0
AUG   0  0  0  0  0  0  0  0  0  0  0  0  0  0  0  0  0  0  0  0  0  0  0  0  0  0  0  0  0  0  0      0
SEP   0  0  0  0  0  0  0  0  0  0  0  0  0  0  0  0  0  0  0  0  0  0  0  0  0  0  0  0  0  0         0
OCT   0  0  0  0  0  0  0  0  0  0  0  0  0  0  0  0  0  0  0  0  0  0  0  0  0  0  0  0  0  0  0      0
NOV   0  0  0  0  0  0  0  0  0  0  0  0  0  0  0  0  0  0  0  0  0  0  0  0  0  0  0  0  0  0         0
DEC   0  0  0  0  0  0  0  0  0  0  0  0  0  0  0  0  0  0  0  0  0  0  0  0  0  0  0  0  0  0  0      0
                                                                                                        
-------------------------------------------------------------------------------------------------       
 Total  Precipitation (Hundreths of an Inch)                                                            
 DAY  1  2  3  4  5  6  7  8  9 10 11 12 13 14 15 16 17 18 19 20 21 22 23 24 25 26 27 28 29 30 31  MONTH
-------------------------------------------------------------------------------------------------       
JAN  28 27 27 26 26 25 25 24 24 24 23 23 23 22 22 22 22 22 22 21 21 21 21 21 21 21 22 22 22 22 22    714
FEB  22 23 23 23 23 23 23 23 24 24 24 24 24 24 24 24 24 24 24 23 23 23 23 23 23 22 22 22             651
MAR  22 22 21 21 21 21 21 20 20 20 20 20 20 20 19 19 19 19 19 19 19 19 19 19 19 18 18 18 18 18 18    606
APR  18 18 18 18 18 18 19 19 19 19 19 19 19 19 19 19 19 19 19 19 19 19 19 19 19 19 19 20 20 20       567
MAY  20 20 20 20 20 20 20 20 20 20 20 20 20 21 21 21 21 20 20 20 20 20 20 20 20 20 20 20 20 20 20    624
JUN  20 19 19 19 19 19 19 19 19 19 19 19 18 18 18 18 18 18 18 18 18 18 18 18 17 17 17 17 17 17       547
JUL  17 17 17 17 17 17 17 17 17 17 17 17 17 17 17 17 17 18 18 18 18 19 19 19 19 20 20 20 21 21 22    561
AUG  22 23 23 23 24 24 25 25 26 26 27 28 28 29 29 30 30 31 32 32 33 34 35 35 36 37 37 38 39 40 41    942
SEP  41 42 43 44 44 45 46 46 47 47 48 48 48 49 49 49 49 50 50 50 50 50 50 50 50 49 49 49 49 49      1430
OCT  48 48 48 47 47 46 46 45 45 45 44 44 43 42 42 41 41 40 40 39 38 38 37 36 35 35 34 33 32 32 31   1262
NOV  30 29 29 28 27 27 26 26 25 25 24 24 24 24 24 23 23 23 23 24 24 24 24 24 25 25 26 26 27 27       760
DEC  28 28 29 30 30 30 31 31 32 32 32 32 32 33 33 33 33 33 33 32 32 32 32 31 31 31 30 30 29 29 28    962
                                                                                                        
