-------------------------------------------------------------------------------------------------       
 1971-2000 Daily/Monthly Station Normals                                                                
 Provided by National Climatic Data Center/NESDIS/NOAA                                                  
-------------------------------------------------------------------------------------------------       
 Station COOP ID:                           509686                                                      
 Station Name, State, Division, Call:       VALDEZ                             AK 02 VDZ                
 Latitude, Longitude, Elevation, Elements:  61 08 00 -146 21 00    23 XNP                               
-------------------------------------------------------------------------------------------------       
 Minimum Temperature (deg F [tenths deg F for monthly])                                                 
 DAY  1  2  3  4  5  6  7  8  9 10 11 12 13 14 15 16 17 18 19 20 21 22 23 24 25 26 27 28 29 30 31  MONTH
-------------------------------------------------------------------------------------------------       
JAN  18 18 18 18 18 17 17 17 17 17 17 17 17 17 17 17 17 17 17 17 17 17 17 17 17 17 17 17 17 17 18    172
FEB  18 18 18 18 18 19 19 19 19 19 19 19 19 20 20 20 20 20 20 20 20 21 21 21 21 21 21 21             196
MAR  21 22 22 22 22 22 22 22 22 23 23 23 23 23 23 24 24 24 24 24 25 25 25 25 25 26 26 26 26 27 27    238
APR  27 27 28 28 28 28 29 29 29 29 30 30 30 31 31 31 31 32 32 32 32 33 33 33 33 34 34 34 34 35       309
MAY  35 35 35 36 36 36 36 37 37 37 37 38 38 38 38 39 39 39 39 40 40 40 40 41 41 41 41 42 42 42 42    386
JUN  42 43 43 43 43 43 44 44 44 44 44 45 45 45 45 45 45 46 46 46 46 46 46 46 46 47 47 47 47 47       450
JUL  47 48 48 48 48 48 48 48 48 48 48 48 48 48 48 48 48 48 48 48 49 48 48 48 48 48 48 48 48 48 48    480
AUG  48 48 48 48 48 48 48 47 47 47 47 47 47 47 47 47 46 46 46 46 46 46 46 45 45 45 45 45 44 44 44    464
SEP  44 44 44 43 43 43 43 42 42 42 42 42 41 41 41 41 41 40 40 40 40 40 39 39 39 39 38 38 38 38       409
OCT  38 37 37 37 37 36 36 36 36 35 35 35 35 34 34 34 33 33 33 32 32 32 31 31 31 30 30 29 29 29 28    334
NOV  28 27 27 27 26 26 26 25 25 25 25 24 24 24 24 23 23 23 23 23 22 22 22 22 22 22 22 22 22 21       239
DEC  21 21 21 21 21 21 21 21 21 21 21 21 21 21 21 20 20 20 20 20 20 20 20 19 19 19 19 19 19 19 18    202
                                                                                                        
-------------------------------------------------------------------------------------------------       
 Maximum Temperature (deg F [tenths deg F for monthly])                                                 
 DAY  1  2  3  4  5  6  7  8  9 10 11 12 13 14 15 16 17 18 19 20 21 22 23 24 25 26 27 28 29 30 31  MONTH
-------------------------------------------------------------------------------------------------       
JAN  27 27 27 27 27 27 27 27 26 26 26 26 26 26 26 26 26 26 26 26 26 27 27 27 27 27 27 27 27 27 28    266
FEB  28 28 28 28 28 29 29 29 29 29 29 30 30 30 30 30 30 31 31 31 31 31 31 32 32 32 32 32             300
MAR  33 33 33 33 33 33 34 34 34 34 34 35 35 35 35 36 36 36 36 37 37 37 37 38 38 38 39 39 39 39 40    358
APR  40 40 41 41 41 42 42 42 42 43 43 43 44 44 44 45 45 45 45 46 46 46 47 47 47 48 48 48 48 49       444
MAY  49 49 50 50 50 50 51 51 51 51 52 52 52 52 53 53 53 54 54 54 54 54 55 55 55 55 56 56 56 56 57    529
JUN  57 57 57 57 58 58 58 58 58 59 59 59 59 59 60 60 60 60 60 60 60 61 61 61 61 61 61 61 61 61       594
JUL  61 62 62 62 62 62 62 62 62 62 62 62 62 62 62 62 62 62 62 63 63 63 63 63 63 63 63 63 63 62 62    623
AUG  63 63 62 62 62 62 62 62 62 62 62 62 62 61 61 61 61 61 61 61 60 60 60 60 59 59 59 59 58 58 58    608
SEP  58 57 57 57 56 56 56 56 55 55 55 54 54 54 54 53 53 53 52 52 52 51 51 51 50 50 50 49 49 49       533
OCT  48 48 48 47 47 47 46 46 46 45 45 45 44 44 44 43 43 42 42 42 41 41 40 40 40 39 39 38 38 38 37    430
NOV  37 36 36 36 35 35 35 34 34 34 33 33 33 33 32 32 32 32 32 31 31 31 31 31 31 31 30 30 30 30       327
DEC  30 30 30 30 30 30 30 30 30 30 30 30 30 29 29 29 29 29 29 29 29 29 28 28 28 28 28 28 28 28 27    291
                                                                                                        
-------------------------------------------------------------------------------------------------       
 Average Temperature (deg F [tenths deg F for monthly])                                                 
 DAY  1  2  3  4  5  6  7  8  9 10 11 12 13 14 15 16 17 18 19 20 21 22 23 24 25 26 27 28 29 30 31  MONTH
-------------------------------------------------------------------------------------------------       
JAN  23 23 22 22 22 22 22 22 22 22 22 22 22 21 21 21 21 21 21 22 22 22 22 22 22 22 22 22 22 22 23    219
FEB  23 23 23 23 23 24 24 24 24 24 24 24 25 25 25 25 25 25 25 26 26 26 26 26 26 26 27 27             248
MAR  27 27 27 27 28 28 28 28 28 28 29 29 29 29 29 30 30 30 30 31 31 31 31 31 32 32 32 33 33 33 33    298
APR  34 34 34 34 35 35 35 36 36 36 36 37 37 37 38 38 38 38 39 39 39 40 40 40 40 41 41 41 41 42       377
MAY  42 42 43 43 43 43 44 44 44 44 45 45 45 45 46 46 46 46 47 47 47 47 48 48 48 48 48 49 49 49 49    458
JUN  50 50 50 50 50 51 51 51 51 51 52 52 52 52 52 52 53 53 53 53 53 53 53 54 54 54 54 54 54 54       522
JUL  54 55 55 55 55 55 55 55 55 55 55 55 55 55 55 55 55 55 55 56 56 56 56 56 56 55 55 55 55 55 55    552
AUG  55 55 55 55 55 55 55 55 55 55 55 54 54 54 54 54 54 54 53 53 53 53 53 53 52 52 52 52 51 51 51    536
SEP  51 50 50 50 50 50 49 49 49 49 48 48 48 48 47 47 47 46 46 46 46 45 45 45 45 44 44 44 44 43       471
OCT  43 43 42 42 42 42 41 41 41 40 40 40 39 39 39 38 38 38 37 37 37 36 36 35 35 35 34 34 34 33 33    382
NOV  32 32 32 31 31 30 30 30 30 29 29 29 28 28 28 28 28 27 27 27 27 27 27 26 26 26 26 26 26 26       283
DEC  26 26 26 26 26 26 26 26 25 25 25 25 25 25 25 25 25 25 25 24 24 24 24 24 24 24 23 23 23 23 23    247
                                                                                                        
-------------------------------------------------------------------------------------------------       
 Heating Degree Days                                                                                    
 DAY  1  2  3  4  5  6  7  8  9 10 11 12 13 14 15 16 17 18 19 20 21 22 23 24 25 26 27 28 29 30 31  MONTH
-------------------------------------------------------------------------------------------------       
JAN  42 42 43 43 43 43 43 43 43 43 43 43 43 44 44 44 44 44 44 43 43 43 43 43 43 43 43 43 43 43 42   1336
FEB  42 42 42 42 42 41 41 41 41 41 41 41 40 40 40 40 40 40 40 39 39 39 39 39 39 39 38 38            1126
MAR  38 38 38 38 37 37 37 37 37 37 36 36 36 36 36 35 35 35 35 34 34 34 34 34 33 33 33 32 32 32 32   1091
APR  31 31 31 31 30 30 30 29 29 29 29 28 28 28 28 27 27 27 26 26 26 26 25 25 25 24 24 24 24 23       821
MAY  23 23 23 22 22 22 21 21 21 21 20 20 20 20 19 19 19 19 18 18 18 18 17 17 17 17 17 16 16 16 16    596
JUN  15 15 15 15 15 14 14 14 14 14 13 13 13 13 13 13 12 12 12 12 12 12 11 11 11 11 11 11 11 11       383
JUL  11 10 10 10 10 10 10 10 10 10 10 10 10 10 10 10 10 10 10 10  9  9  9  9  9 10 10 10 10 10 10    306
AUG  10 10 10 10 10 10 10 10 10 10 11 11 11 11 11 11 11 11 12 12 12 12 12 12 13 13 13 13 13 14 14    353
SEP  14 14 15 15 15 15 16 16 16 16 17 17 17 17 18 18 18 19 19 19 19 20 20 20 20 21 21 21 22 22       537
OCT  22 22 23 23 23 24 24 24 24 25 25 25 26 26 26 27 27 27 28 28 28 29 29 30 30 30 31 31 31 32 32    832
NOV  33 33 33 34 34 35 35 35 35 36 36 36 37 37 37 37 37 38 38 38 38 38 38 39 39 39 39 39 39 39      1101
DEC  39 39 39 39 39 39 39 40 40 40 40 40 40 40 40 40 40 40 41 41 41 41 41 41 41 41 42 42 42 42 42   1251
                                                                                                        
-------------------------------------------------------------------------------------------------       
 Cooling Degree Days                                                                                    
 DAY  1  2  3  4  5  6  7  8  9 10 11 12 13 14 15 16 17 18 19 20 21 22 23 24 25 26 27 28 29 30 31  MONTH
-------------------------------------------------------------------------------------------------       
JAN   0  0  0  0  0  0  0  0  0  0  0  0  0  0  0  0  0  0  0  0  0  0  0  0  0  0  0  0  0  0  0      0
FEB   0  0  0  0  0  0  0  0  0  0  0  0  0  0  0  0  0  0  0  0  0  0  0  0  0  0  0  0               0
MAR   0  0  0  0  0  0  0  0  0  0  0  0  0  0  0  0  0  0  0  0  0  0  0  0  0  0  0  0  0  0  0      0
APR   0  0  0  0  0  0  0  0  0  0  0  0  0  0  0  0  0  0  0  0  0  0  0  0  0  0  0  0  0  0         0
MAY   0  0  0  0  0  0  0  0  0  0  0  0  0  0  0  0  0  0  0  0  0  0  0  0  0  0  0  0  0  0  0      0
JUN   0  0  0  0  0  0  0  0  0  0  0  0  0  0  0  0  0  0  0  0  0  0  0  0  0  0  0  0  0  0         0
JUL   0  0  0  0  0  0  0  0  0  0  0  0  0  0  0  0  0  0  0  0  0  0  0  0  0  0  0  0  0  0  0      0
AUG   0  0  0  0  0  0  0  0  0  0  0  0  0  0  0  0  0  0  0  0  0  0  0  0  0  0  0  0  0  0  0      0
SEP   0  0  0  0  0  0  0  0  0  0  0  0  0  0  0  0  0  0  0  0  0  0  0  0  0  0  0  0  0  0         0
OCT   0  0  0  0  0  0  0  0  0  0  0  0  0  0  0  0  0  0  0  0  0  0  0  0  0  0  0  0  0  0  0      0
NOV   0  0  0  0  0  0  0  0  0  0  0  0  0  0  0  0  0  0  0  0  0  0  0  0  0  0  0  0  0  0         0
DEC   0  0  0  0  0  0  0  0  0  0  0  0  0  0  0  0  0  0  0  0  0  0  0  0  0  0  0  0  0  0  0      0
                                                                                                        
-------------------------------------------------------------------------------------------------       
 Total  Precipitation (Hundreths of an Inch)                                                            
 DAY  1  2  3  4  5  6  7  8  9 10 11 12 13 14 15 16 17 18 19 20 21 22 23 24 25 26 27 28 29 30 31  MONTH
-------------------------------------------------------------------------------------------------       
JAN  23 22 22 21 21 21 21 20 20 20 19 19 19 19 19 19 19 18 18 18 18 18 18 18 18 19 19 19 19 19 19    602
FEB  19 20 20 20 20 20 20 20 20 20 21 21 20 20 20 20 20 20 20 20 20 20 19 19 19 19 18 18             553
MAR  18 17 17 17 16 16 16 16 16 15 15 15 15 14 14 14 14 14 14 13 13 13 13 13 13 13 13 13 13 13 13    449
APR  13 13 13 12 12 12 12 12 12 12 12 12 12 12 12 12 12 12 12 12 12 12 11 11 11 11 11 11 11 11       355
MAY  11 11 10 10 10 10 10 10 10 10 10 10 10 10 10 10 10 10 10 10 10 10 10 10  9  9  9  9 10 10 10    308
JUN  10 10 10 10 10 10 10 10 10 10 10 10 10 10 10 10 10 10 10 10 10 10 10 10 10 10 10 10 10 11       301
JUL  10 10 11 11 11 11 11 11 11 11 11 11 12 12 12 12 12 12 13 13 13 13 13 14 14 14 14 15 15 15 16    384
AUG  16 16 16 17 17 17 18 18 18 19 19 20 20 20 21 21 22 22 22 23 23 24 24 25 25 25 26 26 27 27 28    662
SEP  28 29 29 30 30 30 31 31 31 32 32 32 33 33 33 33 33 33 33 33 33 33 33 33 33 33 33 33 33 33       959
OCT  32 32 32 32 32 31 31 31 30 30 30 30 29 29 29 28 28 27 27 27 26 26 25 25 24 24 23 23 22 22 21    858
NOV  21 20 20 19 19 19 18 18 18 18 17 17 17 17 17 17 17 17 17 17 18 18 18 18 19 19 20 20 20 21       551
DEC  21 22 22 23 23 24 24 24 25 25 25 25 25 26 26 26 26 26 26 26 26 25 25 25 25 25 24 24 24 23 23    759
                                                                                                        
