-------------------------------------------------------------------------------------------------       
 1971-2000 Daily/Monthly Station Normals                                                                
 Provided by National Climatic Data Center/NESDIS/NOAA                                                  
-------------------------------------------------------------------------------------------------       
 Station COOP ID:                           509385                                                      
 Station Name, State, Division, Call:       TONSINA                            AK 04                    
 Latitude, Longitude, Elevation, Elements:  61 39 17 -145 10 23  1575 XNP                               
-------------------------------------------------------------------------------------------------       
 Minimum Temperature (deg F [tenths deg F for monthly])                                                 
 DAY  1  2  3  4  5  6  7  8  9 10 11 12 13 14 15 16 17 18 19 20 21 22 23 24 25 26 27 28 29 30 31  MONTH
-------------------------------------------------------------------------------------------------       
JAN -12-12-12-12-13-13-13-13-13-13-13-13-13-13-13-13-13-13-13-13-13-13-13-13-13-13-12-12-12-12-12   -127
FEB -11-11-11-11-10-10-10-10-10 -9 -9 -9 -9 -9 -8 -8 -8 -8 -8 -7 -7 -7 -7 -7 -6 -6 -6 -6             -85
MAR  -6 -5 -5 -5 -5 -4 -4 -4 -3 -3 -3 -2 -2 -1 -1 -1  0  0  1  1  2  3  3  4  4  5  6  6  7  7  8      1
APR   9 10 10 11 12 12 13 13 14 15 15 16 16 17 18 18 19 19 20 20 21 21 21 22 22 23 23 24 24 24       174
MAY  25 25 25 26 26 26 27 27 27 28 28 28 29 29 29 30 30 30 31 31 31 32 32 32 33 33 33 33 34 34 34    296
JUN  35 35 35 35 36 36 36 36 37 37 37 38 38 38 38 38 39 39 39 39 40 40 40 40 40 41 41 41 41 41       382
JUL  42 42 42 42 42 42 42 42 43 43 43 43 43 43 43 43 43 43 43 43 43 43 43 43 42 42 42 42 42 42 42    425
AUG  41 41 41 41 41 41 40 40 40 40 39 39 39 39 39 38 38 38 38 37 37 37 36 36 36 36 35 35 35 34 34    381
SEP  34 34 33 33 33 32 32 32 31 31 31 30 30 30 30 29 29 29 28 28 28 27 27 27 26 26 26 26 25 25       294
OCT  25 24 24 24 23 23 22 22 21 21 21 20 20 19 18 18 17 17 16 15 15 14 13 13 12 11 11 10  9  8  7    172
NOV   7  6  5  4  4  3  2  2  1  0  0 -1 -1 -2 -2 -3 -3 -4 -4 -5 -5 -5 -5 -6 -6 -6 -6 -7 -7 -7       -17
DEC  -7 -7 -7 -7 -7 -8 -8 -8 -8 -8 -8 -8 -9 -9 -9 -9 -9 -9 -9-10-10-10-10-10-11-11-11-11-11-11-12    -91
                                                                                                        
-------------------------------------------------------------------------------------------------       
 Maximum Temperature (deg F [tenths deg F for monthly])                                                 
 DAY  1  2  3  4  5  6  7  8  9 10 11 12 13 14 15 16 17 18 19 20 21 22 23 24 25 26 27 28 29 30 31  MONTH
-------------------------------------------------------------------------------------------------       
JAN   3  3  3  3  3  2  2  2  2  2  2  2  2  2  2  3  3  3  3  3  3  4  4  4  5  5  5  6  6  6  7     34
FEB   7  8  8  9  9 10 10 11 11 12 12 13 13 14 14 15 15 16 16 17 17 18 18 19 19 20 20 21             140
MAR  21 22 22 23 23 24 24 25 26 26 27 27 28 28 29 29 30 30 30 31 31 32 32 33 33 34 34 35 35 36 36    289
APR  37 37 38 38 39 39 39 40 40 41 41 42 42 43 43 43 44 44 45 45 46 46 47 47 47 48 48 49 49 49       432
MAY  50 50 51 51 51 52 52 53 53 53 54 54 55 55 55 56 56 57 57 57 58 58 58 59 59 60 60 60 61 61 61    557
JUN  62 62 62 63 63 63 64 64 64 65 65 65 66 66 66 66 66 67 67 67 67 68 68 68 68 68 68 68 69 69       658
JUL  69 69 69 69 69 69 69 69 69 69 70 70 70 70 70 70 70 70 70 69 69 69 69 69 69 69 69 69 69 69 69    693
AUG  68 68 68 68 68 68 68 67 67 67 67 67 66 66 66 66 65 65 65 65 64 64 64 63 63 63 62 62 62 61 61    653
SEP  60 60 60 59 59 58 58 57 57 57 56 56 55 55 54 54 53 53 52 52 51 51 50 49 49 48 48 47 47 46       537
OCT  45 45 44 44 43 42 42 41 40 40 39 38 38 37 36 35 35 34 33 33 32 31 30 29 29 28 27 26 26 25 24    352
NOV  23 22 22 21 20 19 19 18 17 17 16 16 15 14 14 14 13 13 12 12 11 11 11 10 10 10 10 10  9  9       146
DEC   9  9  9  9  8  8  8  8  8  8  8  7  7  7  7  7  6  6  6  6  6  5  5  5  5  5  4  4  4  4  3     65
                                                                                                        
-------------------------------------------------------------------------------------------------       
 Average Temperature (deg F [tenths deg F for monthly])                                                 
 DAY  1  2  3  4  5  6  7  8  9 10 11 12 13 14 15 16 17 18 19 20 21 22 23 24 25 26 27 28 29 30 31  MONTH
-------------------------------------------------------------------------------------------------       
JAN  -4 -5 -5 -5 -5 -5 -5 -5 -5 -6 -6 -6 -6 -6 -5 -5 -5 -5 -5 -5 -5 -5 -5 -4 -4 -4 -4 -3 -3 -3 -2    -47
FEB  -2 -2 -1 -1 -1  0  0  0  1  1  2  2  2  3  3  3  4  4  4  5  5  5  6  6  7  7  7  8              28
MAR   8  8  9  9  9 10 10 11 11 11 12 12 13 13 14 14 15 15 16 16 17 17 18 18 19 19 20 20 21 22 22    145
APR  23 23 24 24 25 26 26 27 27 28 28 29 29 30 30 31 31 32 32 33 33 34 34 34 35 35 36 36 37 37       303
MAY  37 38 38 38 39 39 40 40 40 41 41 41 42 42 42 43 43 43 44 44 44 45 45 46 46 46 47 47 47 48 48    427
JUN  48 48 49 49 49 50 50 50 51 51 51 51 52 52 52 52 53 53 53 53 53 54 54 54 54 54 55 55 55 55       520
JUL  55 56 56 56 56 56 56 56 56 56 56 56 56 56 56 56 56 56 56 56 56 56 56 56 56 56 56 56 56 55 55    559
AUG  55 55 55 54 54 54 54 54 54 53 53 53 53 52 52 52 52 51 51 51 51 50 50 50 49 49 49 49 48 48 48    517
SEP  47 47 47 46 46 45 45 45 44 44 44 43 43 42 42 42 41 41 40 40 39 39 39 38 38 37 37 36 36 35       416
OCT  35 34 34 34 33 32 32 31 31 30 30 29 29 28 27 27 26 25 25 24 23 23 22 21 20 20 19 18 17 17 16    262
NOV  15 14 13 13 12 11 11 10  9  9  8  7  7  6  6  5  5  5  4  4  3  3  3  2  2  2  2  2  1  1        65
DEC   1  1  1  1  1  0  0  0  0  0  0 -1 -1 -1 -1 -1 -1 -2 -2 -2 -2 -2 -2 -3 -3 -3 -3 -3 -4 -4 -4    -13
                                                                                                        
-------------------------------------------------------------------------------------------------       
 Heating Degree Days                                                                                    
 DAY  1  2  3  4  5  6  7  8  9 10 11 12 13 14 15 16 17 18 19 20 21 22 23 24 25 26 27 28 29 30 31  MONTH
-------------------------------------------------------------------------------------------------       
JAN  69 70 70 70 70 70 70 70 70 71 71 71 71 71 70 70 70 70 70 70 70 70 70 69 69 69 69 68 68 68 67   2161
FEB  67 67 66 66 66 65 65 65 64 64 63 63 63 62 62 62 61 61 61 60 60 60 59 59 59 58 58 57            1743
MAR  57 57 56 56 56 55 55 54 54 54 53 53 52 52 51 51 50 50 49 49 48 48 47 47 46 46 45 45 44 43 43   1566
APR  42 42 41 40 40 39 39 38 38 37 37 36 36 35 35 34 34 33 33 32 32 31 31 31 30 30 29 29 28 28      1040
MAY  28 27 27 27 26 26 25 25 25 24 24 24 23 23 23 22 22 22 21 21 21 20 20 20 19 19 18 18 18 18 17    693
JUN  17 17 16 16 16 15 15 15 14 14 14 14 13 13 13 13 12 12 12 12 12 11 11 11 11 11 10 10 10 10       390
JUL  10  9  9  9  9  9  9  9  9  9  9  9  9  9  9  9  9  9  9  9  9  9  9  9  9  9  9  9  9  9 10    281
AUG  10 10 10 10 11 11 11 11 11 12 12 12 12 13 13 13 13 14 14 14 14 15 15 15 16 16 16 16 17 17 18    412
SEP  18 18 19 19 19 20 20 20 21 21 22 22 22 23 23 23 24 24 25 25 26 26 26 27 27 28 28 29 29 30       704
OCT  30 31 31 31 32 33 33 34 34 35 35 36 36 37 38 38 39 40 40 41 42 42 43 44 45 45 46 47 48 48 49   1203
NOV  50 51 52 52 53 54 55 55 56 56 57 58 58 59 59 60 60 61 61 61 62 62 62 63 63 63 63 63 64 64      1757
DEC  64 64 64 64 65 65 65 65 65 65 65 66 66 66 66 66 66 67 67 67 67 67 67 68 68 68 68 69 69 69 69   2057
                                                                                                        
-------------------------------------------------------------------------------------------------       
 Cooling Degree Days                                                                                    
 DAY  1  2  3  4  5  6  7  8  9 10 11 12 13 14 15 16 17 18 19 20 21 22 23 24 25 26 27 28 29 30 31  MONTH
-------------------------------------------------------------------------------------------------       
JAN   0  0  0  0  0  0  0  0  0  0  0  0  0  0  0  0  0  0  0  0  0  0  0  0  0  0  0  0  0  0  0      0
FEB   0  0  0  0  0  0  0  0  0  0  0  0  0  0  0  0  0  0  0  0  0  0  0  0  0  0  0  0               0
MAR   0  0  0  0  0  0  0  0  0  0  0  0  0  0  0  0  0  0  0  0  0  0  0  0  0  0  0  0  0  0  0      0
APR   0  0  0  0  0  0  0  0  0  0  0  0  0  0  0  0  0  0  0  0  0  0  0  0  0  0  0  0  0  0         0
MAY   0  0  0  0  0  0  0  0  0  0  0  0  0  0  0  0  0  0  0  0  0  0  0  0  0  0  0  0  0  0  0      0
JUN   0  0  0  0  0  0  0  0  0  0  0  0  0  0  0  0  0  0  0  0  0  0  0  0  0  0  0  0  0  0         0
JUL   0  0  0  0  0  0  0  0  0  0  0  0  0  0  0  0  0  0  0  0  0  0  0  0  0  0  0  0  0  0  0      0
AUG   0  0  0  0  0  0  0  0  0  0  0  0  0  0  0  0  0  0  0  0  0  0  0  0  0  0  0  0  0  0  0      0
SEP   0  0  0  0  0  0  0  0  0  0  0  0  0  0  0  0  0  0  0  0  0  0  0  0  0  0  0  0  0  0         0
OCT   0  0  0  0  0  0  0  0  0  0  0  0  0  0  0  0  0  0  0  0  0  0  0  0  0  0  0  0  0  0  0      0
NOV   0  0  0  0  0  0  0  0  0  0  0  0  0  0  0  0  0  0  0  0  0  0  0  0  0  0  0  0  0  0         0
DEC   0  0  0  0  0  0  0  0  0  0  0  0  0  0  0  0  0  0  0  0  0  0  0  0  0  0  0  0  0  0  0      0
                                                                                                        
-------------------------------------------------------------------------------------------------       
 Total  Precipitation (Hundreths of an Inch)                                                            
 DAY  1  2  3  4  5  6  7  8  9 10 11 12 13 14 15 16 17 18 19 20 21 22 23 24 25 26 27 28 29 30 31  MONTH
-------------------------------------------------------------------------------------------------       
JAN   3  3  3  3  3  3  3  3  3  3  3  3  3  3  3  2  2  2  2  2  2  2  3  3  3  3  3  3  3  3  3     86
FEB   3  3  3  3  3  3  3  3  3  3  3  3  3  3  3  3  3  3  3  3  3  3  3  3  3  3  3  3              84
MAR   2  2  2  2  2  2  2  2  2  2  2  2  2  2  1  1  1  1  1  1  1  1  1  1  1  1  1  1  1  1  1     45
APR   1  1  1  1  1  1  1  1  1  1  1  1  1  1  1  1  1  1  1  1  1  1  1  0  0  1  1  1  1  1        28
MAY   1  1  1  1  1  1  1  1  1  1  1  1  1  1  1  1  1  2  2  2  2  2  2  2  2  2  2  2  2  3  3     47
JUN   3  3  3  3  3  3  3  3  4  4  4  4  4  4  4  4  4  4  5  5  5  5  5  5  5  5  5  5  5  5       124
JUL   5  5  5  5  5  6  6  6  6  6  6  6  6  6  6  6  6  6  6  6  6  6  6  6  6  5  5  5  5  5  5    175
AUG   5  5  5  5  5  5  5  5  5  5  5  5  5  5  5  5  5  4  4  4  4  4  4  4  4  4  4  4  5  5  5    144
SEP   4  4  4  4  4  5  5  5  5  5  5  5  5  5  5  5  5  5  5  5  5  5  5  5  5  4  4  4  4  4       140
OCT   5  5  5  5  5  5  4  4  4  4  4  4  4  4  4  4  4  4  4  4  4  4  4  4  4  4  4  4  4  4  4    130
NOV   4  4  4  4  4  4  4  4  3  3  3  4  4  4  4  4  4  4  4  4  4  4  4  4  4  4  4  4  4  4       117
DEC   4  4  4  4  4  4  4  4  5  5  5  4  4  4  4  4  4  4  4  4  4  4  4  4  4  4  4  4  4  4  4    127
                                                                                                        
