-------------------------------------------------------------------------------------------------       
 1971-2000 Daily/Monthly Station Normals                                                                
 Provided by National Climatic Data Center/NESDIS/NOAA                                                  
-------------------------------------------------------------------------------------------------       
 Station COOP ID:                           508547                                                      
 Station Name, State, Division, Call:       SLANA                              AK 04 5SZ                
 Latitude, Longitude, Elevation, Elements:  62 42 32 -143 58 51  2192 XNP                               
-------------------------------------------------------------------------------------------------       
 Minimum Temperature (deg F [tenths deg F for monthly])                                                 
 DAY  1  2  3  4  5  6  7  8  9 10 11 12 13 14 15 16 17 18 19 20 21 22 23 24 25 26 27 28 29 30 31  MONTH
-------------------------------------------------------------------------------------------------       
JAN -14-14-14-14-14-14-15-15-15-15-15-15-15-15-15-15-15-15-15-15-14-14-14-14-14-14-13-13-13-13-13   -143
FEB -12-12-12-12-11-11-11-11-10-10-10-10 -9 -9 -9 -9 -9 -8 -8 -8 -8 -7 -7 -7 -7 -6 -6 -6             -91
MAR  -6 -5 -5 -5 -5 -4 -4 -4 -3 -3 -2 -2 -2 -1 -1  0  0  1  1  2  2  3  3  4  4  5  5  6  7  7  8      2
APR   9  9 10 11 11 12 12 13 14 14 15 15 16 16 17 17 18 18 19 19 20 20 21 21 22 22 23 23 23 24       168
MAY  24 25 25 25 26 26 27 27 27 28 28 28 29 29 29 30 30 31 31 31 32 32 32 33 33 33 33 34 34 34 35    297
JUN  35 35 36 36 36 36 37 37 37 37 38 38 38 39 39 39 39 40 40 40 40 40 41 41 41 41 42 42 42 42       388
JUL  42 42 43 43 43 43 43 43 43 43 44 44 44 44 44 44 44 44 44 44 44 44 43 43 43 43 43 43 43 43 42    433
AUG  42 42 42 42 41 41 41 41 40 40 40 40 40 39 39 39 39 38 38 38 37 37 37 37 36 36 36 35 35 35 34    386
SEP  34 34 33 33 33 32 32 32 31 31 31 30 30 29 29 29 28 28 27 27 27 26 26 25 25 25 24 24 23 23       287
OCT  22 22 21 21 20 20 19 19 18 18 17 17 16 15 15 14 14 13 12 12 11 10 10  9  8  7  7  6  5  4  3    137
NOV   3  2  1  1  0 -1 -2 -2 -3 -3 -4 -5 -5 -6 -6 -6 -7 -7 -8 -8 -8 -9 -9 -9 -9 -9-10-10-10-10       -53
DEC -10-10-10-10-10-11-11-11-11-11-11-11-11-11-11-12-12-12-12-12-12-12-13-13-13-13-13-13-13-14-14   -117
                                                                                                        
-------------------------------------------------------------------------------------------------       
 Maximum Temperature (deg F [tenths deg F for monthly])                                                 
 DAY  1  2  3  4  5  6  7  8  9 10 11 12 13 14 15 16 17 18 19 20 21 22 23 24 25 26 27 28 29 30 31  MONTH
-------------------------------------------------------------------------------------------------       
JAN   5  5  5  5  5  5  5  5  5  4  5  5  5  5  5  5  5  5  5  6  6  6  6  6  7  7  7  8  8  8  9     57
FEB   9 10 10 11 11 11 12 12 13 13 14 14 14 15 15 16 16 17 17 17 18 18 19 19 20 20 21 21             151
MAR  22 22 22 23 23 24 24 25 25 26 26 27 27 28 28 28 29 29 30 30 31 31 32 32 33 33 34 34 35 35 35    285
APR  36 36 37 37 38 38 39 39 40 40 41 41 42 42 43 43 43 44 44 45 45 46 46 47 47 48 48 48 49 49       427
MAY  50 50 51 51 52 52 52 53 53 54 54 55 55 55 56 56 57 57 57 58 58 58 59 59 59 60 60 61 61 61 62    560
JUN  62 62 62 63 63 63 64 64 64 64 65 65 65 65 66 66 66 66 67 67 67 67 67 67 68 68 68 68 68 68       655
JUL  68 69 69 69 69 69 69 69 69 69 69 69 69 69 69 69 69 69 69 69 69 69 69 69 69 69 68 68 68 68 68    688
AUG  68 68 67 67 67 67 67 66 66 66 66 65 65 65 65 64 64 64 64 63 63 63 62 62 62 61 61 60 60 60 59    641
SEP  59 59 58 58 57 57 56 56 55 55 55 54 54 53 53 52 52 51 51 50 49 49 48 48 47 47 46 45 45 44       521
OCT  44 43 42 42 41 40 40 39 38 38 37 37 36 35 34 34 33 32 32 31 30 30 29 28 27 27 26 25 25 24 23    336
NOV  22 22 21 20 20 19 18 18 17 17 16 16 15 15 14 14 13 13 12 12 12 12 11 11 11 11 10 10 10 10       147
DEC  10 10 10  9  9  9  9  9  9  9  9  8  8  8  8  8  8  8  7  7  7  7  7  7  7  6  6  6  6  6  5     78
                                                                                                        
-------------------------------------------------------------------------------------------------       
 Average Temperature (deg F [tenths deg F for monthly])                                                 
 DAY  1  2  3  4  5  6  7  8  9 10 11 12 13 14 15 16 17 18 19 20 21 22 23 24 25 26 27 28 29 30 31  MONTH
-------------------------------------------------------------------------------------------------       
JAN  -4 -4 -5 -5 -5 -5 -5 -5 -5 -5 -5 -5 -5 -5 -5 -5 -5 -5 -5 -4 -4 -4 -4 -4 -4 -3 -3 -3 -3 -2 -2    -43
FEB  -2 -1 -1 -1  0  0  0  1  1  1  2  2  2  3  3  4  4  4  5  5  5  6  6  6  7  7  7  8              30
MAR   8  8  9  9  9 10 10 11 11 11 12 12 13 13 14 14 15 15 16 16 16 17 17 18 19 19 20 20 21 21 22    144
APR  22 23 23 24 24 25 26 26 27 27 28 28 29 29 30 30 31 31 32 32 33 33 34 34 34 35 35 36 36 37       298
MAY  37 38 38 38 39 39 40 40 40 41 41 42 42 42 43 43 43 44 44 44 45 45 46 46 46 47 47 47 47 48 48    429
JUN  48 49 49 49 50 50 50 50 51 51 51 52 52 52 52 53 53 53 53 53 54 54 54 54 54 55 55 55 55 55       522
JUL  55 56 56 56 56 56 56 56 56 56 56 56 57 57 57 57 57 57 56 56 56 56 56 56 56 56 56 56 56 55 55    561
AUG  55 55 55 54 54 54 54 54 53 53 53 53 52 52 52 52 51 51 51 50 50 50 50 49 49 49 48 48 48 47 47    514
SEP  47 46 46 45 45 45 44 44 43 43 43 42 42 41 41 40 40 39 39 38 38 38 37 37 36 36 35 35 34 33       404
OCT  33 32 32 31 31 30 30 29 28 28 27 27 26 25 25 24 23 23 22 21 21 20 19 19 18 17 16 16 15 14 13    237
NOV  13 12 11 10 10  9  8  8  7  7  6  6  5  5  4  4  3  3  2  2  2  1  1  1  1  1  0  0  0  0        47
DEC   0  0  0  0 -1 -1 -1 -1 -1 -1 -1 -1 -2 -2 -2 -2 -2 -2 -2 -2 -3 -3 -3 -3 -3 -3 -4 -4 -4 -4 -4    -20
                                                                                                        
-------------------------------------------------------------------------------------------------       
 Heating Degree Days                                                                                    
 DAY  1  2  3  4  5  6  7  8  9 10 11 12 13 14 15 16 17 18 19 20 21 22 23 24 25 26 27 28 29 30 31  MONTH
-------------------------------------------------------------------------------------------------       
JAN  69 70 70 70 70 70 70 70 70 70 70 70 70 70 70 70 70 70 70 70 69 69 69 69 69 68 68 68 68 67 67   2150
FEB  67 66 66 66 65 65 65 64 64 64 63 63 63 62 62 62 61 61 60 60 60 59 59 59 58 58 58 57            1737
MAR  57 57 56 56 56 55 55 54 54 54 53 53 52 52 51 51 50 50 49 49 49 48 48 47 47 46 45 45 44 44 43   1570
APR  43 42 42 41 41 40 40 39 38 38 37 37 36 36 35 35 34 34 33 33 32 32 32 31 31 30 30 29 29 28      1058
MAY  28 28 27 27 26 26 25 25 25 24 24 23 23 23 22 22 22 21 21 21 20 20 19 19 19 18 18 18 18 17 17    686
JUN  17 16 16 16 15 15 15 15 14 14 14 14 13 13 13 13 12 12 12 12 11 11 11 11 11 11 10 10 10 10       387
JUL  10  9  9  9  9  9  9  9  9  9  9  9  9  8  8  8  8  9  9  9  9  9  9  9  9  9  9  9  9 10 10    278
AUG  10 10 10 11 11 11 11 12 12 12 12 12 13 13 13 13 14 14 14 15 15 15 15 16 16 16 17 17 17 18 18    423
SEP  19 19 19 20 20 20 21 21 22 22 22 23 23 24 24 25 25 26 26 26 27 27 28 28 29 29 30 30 31 32       738
OCT  32 33 33 34 34 35 35 36 37 37 38 38 39 40 40 41 42 42 43 44 44 45 46 47 47 48 49 50 50 51 52   1282
NOV  53 53 54 55 55 56 57 57 58 58 59 60 60 61 61 61 62 62 63 63 63 64 64 64 64 64 65 65 65 65      1811
DEC  65 65 65 65 66 66 66 66 66 66 66 66 67 67 67 67 67 67 67 67 68 68 68 68 68 68 69 69 69 69 69   2077
                                                                                                        
-------------------------------------------------------------------------------------------------       
 Cooling Degree Days                                                                                    
 DAY  1  2  3  4  5  6  7  8  9 10 11 12 13 14 15 16 17 18 19 20 21 22 23 24 25 26 27 28 29 30 31  MONTH
-------------------------------------------------------------------------------------------------       
JAN   0  0  0  0  0  0  0  0  0  0  0  0  0  0  0  0  0  0  0  0  0  0  0  0  0  0  0  0  0  0  0      0
FEB   0  0  0  0  0  0  0  0  0  0  0  0  0  0  0  0  0  0  0  0  0  0  0  0  0  0  0  0               0
MAR   0  0  0  0  0  0  0  0  0  0  0  0  0  0  0  0  0  0  0  0  0  0  0  0  0  0  0  0  0  0  0      0
APR   0  0  0  0  0  0  0  0  0  0  0  0  0  0  0  0  0  0  0  0  0  0  0  0  0  0  0  0  0  0         0
MAY   0  0  0  0  0  0  0  0  0  0  0  0  0  0  0  0  0  0  0  0  0  0  0  0  0  0  0  0  0  0  0      0
JUN   0  0  0  0  0  0  0  0  0  0  0  0  0  0  0  0  0  0  0  0  0  0  0  0  0  0  0  0  0  0         0
JUL   0  0  0  0  0  0  0  0  0  0  0  0  0  0  0  0  0  0  0  0  0  0  0  0  0  0  0  0  0  0  0      0
AUG   0  0  0  0  0  0  0  0  0  0  0  0  0  0  0  0  0  0  0  0  0  0  0  0  0  0  0  0  0  0  0      0
SEP   0  0  0  0  0  0  0  0  0  0  0  0  0  0  0  0  0  0  0  0  0  0  0  0  0  0  0  0  0  0         0
OCT   0  0  0  0  0  0  0  0  0  0  0  0  0  0  0  0  0  0  0  0  0  0  0  0  0  0  0  0  0  0  0      0
NOV   0  0  0  0  0  0  0  0  0  0  0  0  0  0  0  0  0  0  0  0  0  0  0  0  0  0  0  0  0  0         0
DEC   0  0  0  0  0  0  0  0  0  0  0  0  0  0  0  0  0  0  0  0  0  0  0  0  0  0  0  0  0  0  0      0
                                                                                                        
-------------------------------------------------------------------------------------------------       
 Total  Precipitation (Hundreths of an Inch)                                                            
 DAY  1  2  3  4  5  6  7  8  9 10 11 12 13 14 15 16 17 18 19 20 21 22 23 24 25 26 27 28 29 30 31  MONTH
-------------------------------------------------------------------------------------------------       
JAN   2  2  2  2  2  2  2  2  2  2  2  2  2  2  1  1  1  1  1  1  1  1  1  1  1  1  1  2  2  2  2     49
FEB   1  2  2  2  2  2  2  2  2  2  2  2  2  2  2  2  2  2  2  2  2  2  2  2  2  2  2  2              55
MAR   2  2  2  2  2  2  2  2  2  2  2  2  2  2  2  2  2  2  2  2  2  1  1  1  1  1  1  1  1  1  1     52
APR   1  1  1  1  1  1  1  1  1  1  1  1  1  1  1  1  1  1  1  1  1  1  1  1  1  1  1  2  2  2        33
MAY   1  1  2  2  2  2  2  2  2  2  2  2  2  2  3  3  3  3  3  3  3  3  3  4  4  4  4  4  4  4  5     86
JUN   5  5  5  5  5  6  6  6  6  6  6  6  7  7  7  7  7  7  7  7  8  8  8  8  8  8  8  8  9  9       205
JUL   9  9  9  9  9  9  9  9  9  9  9  9  9 10 10 10  9  9  9  9  9  9  9  9  9  9  9  9  9  9  9    282
AUG   9  8  8  8  8  8  8  8  8  8  8  8  7  7  7  7  7  7  7  7  7  7  7  7  7  7  7  7  7  7  7    230
SEP   7  7  7  7  7  7  7  7  7  7  7  7  7  7  7  7  7  7  6  6  6  6  6  6  6  6  6  5  5  5       195
OCT   5  5  5  4  4  4  4  4  4  4  4  3  3  3  3  3  3  3  3  3  3  3  3  3  3  3  3  3  3  2  2    105
NOV   2  2  2  2  2  2  3  3  3  3  3  3  3  3  3  3  3  3  3  3  3  3  3  3  3  3  3  3  3  3        84
DEC   3  3  3  3  3  3  3  3  3  3  3  3  3  3  3  3  3  3  3  3  3  3  3  3  3  3  3  3  3  3  2     92
                                                                                                        
