-------------------------------------------------------------------------------------------------       
 1971-2000 Daily/Monthly Station Normals                                                                
 Provided by National Climatic Data Center/NESDIS/NOAA                                                  
-------------------------------------------------------------------------------------------------       
 Station COOP ID:                           402360                                                      
 Station Name, State, Division, Call:       DAYTON 2 SE                        TN 01                    
 Latitude, Longitude, Elevation, Elements:  35 28 18 -084 59 41   865 XNP                               
-------------------------------------------------------------------------------------------------       
 Minimum Temperature (deg F [tenths deg F for monthly])                                                 
 DAY  1  2  3  4  5  6  7  8  9 10 11 12 13 14 15 16 17 18 19 20 21 22 23 24 25 26 27 28 29 30 31  MONTH
-------------------------------------------------------------------------------------------------       
JAN  27 27 27 27 27 27 27 27 26 26 26 26 26 26 26 26 26 26 26 26 26 26 26 26 26 27 27 27 27 27 27    265
FEB  27 27 27 27 28 28 28 28 28 28 28 29 29 29 29 29 30 30 30 30 30 31 31 31 32 32 32 32             293
MAR  33 33 33 34 34 34 34 35 35 35 35 36 36 36 37 37 37 37 38 38 38 38 39 39 39 39 39 40 40 40 40    367
APR  41 41 41 41 42 42 42 42 43 43 43 43 44 44 44 44 45 45 45 45 46 46 46 47 47 47 48 48 48 49       444
MAY  49 49 50 50 50 50 51 51 51 52 52 52 53 53 53 54 54 54 54 55 55 55 56 56 56 57 57 57 57 58 58    535
JUN  58 59 59 59 59 60 60 60 60 61 61 61 61 62 62 62 62 63 63 63 63 63 63 64 64 64 64 64 65 65       618
JUL  65 65 65 65 66 66 66 66 66 66 66 66 66 66 66 66 66 66 66 67 67 67 67 67 67 67 67 66 66 66 66    661
AUG  66 66 66 66 66 66 66 66 66 66 66 66 65 65 65 65 65 65 65 65 65 64 64 64 64 64 64 64 64 63 63    650
SEP  63 63 63 63 62 62 62 62 62 61 61 61 60 60 60 59 59 59 58 58 58 57 57 56 56 55 55 54 54 53       591
OCT  53 52 52 51 50 50 50 49 49 48 48 47 47 46 46 46 45 45 45 44 44 43 43 43 43 42 42 42 42 41 41    461
NOV  41 41 40 40 40 40 39 39 39 39 39 38 38 38 38 37 37 37 36 36 36 36 35 35 35 35 34 34 34 33       373
DEC  33 33 33 32 32 32 31 31 31 31 30 30 30 30 30 29 29 29 29 29 28 28 28 28 28 28 28 27 27 27 27    296
                                                                                                        
-------------------------------------------------------------------------------------------------       
 Maximum Temperature (deg F [tenths deg F for monthly])                                                 
 DAY  1  2  3  4  5  6  7  8  9 10 11 12 13 14 15 16 17 18 19 20 21 22 23 24 25 26 27 28 29 30 31  MONTH
-------------------------------------------------------------------------------------------------       
JAN  46 46 46 46 46 45 45 45 45 45 45 45 45 45 45 45 46 46 46 46 46 46 46 46 47 47 47 47 47 47 48    459
FEB  48 48 48 49 49 49 49 50 50 50 51 51 51 51 52 52 52 53 53 53 53 54 54 54 55 55 55 56             516
MAR  56 56 57 57 57 58 58 58 59 59 59 59 60 60 60 61 61 61 62 62 62 63 63 63 64 64 64 65 65 66 66    608
APR  66 66 67 67 67 68 68 68 69 69 69 70 70 70 70 71 71 71 71 72 72 72 72 73 73 73 73 73 74 74       703
MAY  74 74 74 75 75 75 75 75 76 76 76 76 76 77 77 77 77 78 78 78 78 79 79 79 79 80 80 80 81 81 81    773
JUN  81 82 82 82 83 83 83 83 84 84 84 84 84 85 85 85 85 85 86 86 86 86 86 86 86 87 87 87 87 87       847
JUL  87 87 87 87 87 87 87 87 87 88 88 88 88 88 88 88 88 88 88 88 88 88 88 88 88 88 88 88 88 88 88    877
AUG  88 88 88 88 88 88 88 88 88 88 88 87 87 87 87 87 87 87 87 87 87 86 86 86 86 86 86 85 85 85 85    869
SEP  85 85 84 84 84 84 83 83 83 83 82 82 82 82 81 81 81 80 80 80 80 79 79 79 78 78 78 77 77 76       810
OCT  76 76 75 75 75 74 74 73 73 73 72 72 72 71 71 70 70 70 69 69 68 68 68 67 67 67 66 66 65 65 65    704
NOV  64 64 64 63 63 62 62 62 61 61 60 60 60 59 59 59 58 58 57 57 57 56 56 56 55 55 55 54 54 53       588
DEC  53 53 52 52 52 52 51 51 51 50 50 50 49 49 49 49 48 48 48 48 48 47 47 47 47 47 47 46 46 46 46    490
                                                                                                        
-------------------------------------------------------------------------------------------------       
 Average Temperature (deg F [tenths deg F for monthly])                                                 
 DAY  1  2  3  4  5  6  7  8  9 10 11 12 13 14 15 16 17 18 19 20 21 22 23 24 25 26 27 28 29 30 31  MONTH
-------------------------------------------------------------------------------------------------       
JAN  36 36 36 36 36 36 36 36 36 36 36 36 36 36 36 36 36 36 36 36 36 36 36 36 36 37 37 37 37 37 37    362
FEB  38 38 38 38 38 38 39 39 39 39 40 40 40 40 40 41 41 41 41 42 42 42 43 43 43 43 44 44             405
MAR  44 45 45 45 46 46 46 46 47 47 47 48 48 48 49 49 49 49 50 50 50 51 51 51 51 52 52 52 53 53 53    488
APR  53 54 54 54 55 55 55 55 56 56 56 57 57 57 57 58 58 58 58 59 59 59 59 60 60 60 60 61 61 61       574
MAY  61 62 62 62 62 63 63 63 63 64 64 64 65 65 65 65 66 66 66 66 67 67 67 68 68 68 68 69 69 69 70    654
JUN  70 70 70 71 71 71 72 72 72 72 73 73 73 73 73 74 74 74 74 74 75 75 75 75 75 75 75 76 76 76       733
JUL  76 76 76 76 77 77 77 77 77 77 77 77 77 77 77 77 77 77 77 77 77 77 77 77 78 77 77 77 77 77 77    769
AUG  77 77 77 77 77 77 77 77 77 77 77 77 76 76 76 76 76 76 76 76 76 75 75 75 75 75 75 75 75 74 74    760
SEP  74 74 74 73 73 73 73 73 72 72 72 71 71 71 71 70 70 70 69 69 69 68 68 67 67 67 66 66 65 65       701
OCT  64 64 63 63 63 62 62 61 61 60 60 60 59 59 58 58 58 57 57 57 56 56 56 55 55 55 54 54 54 53 53    583
NOV  53 52 52 52 51 51 51 51 50 50 50 49 49 49 48 48 48 47 47 47 46 46 46 45 45 45 44 44 44 43       481
DEC  43 43 42 42 42 42 41 41 41 40 40 40 40 39 39 39 39 39 38 38 38 38 38 37 37 37 37 37 37 37 37    393
                                                                                                        
-------------------------------------------------------------------------------------------------       
 Heating Degree Days                                                                                    
 DAY  1  2  3  4  5  6  7  8  9 10 11 12 13 14 15 16 17 18 19 20 21 22 23 24 25 26 27 28 29 30 31  MONTH
-------------------------------------------------------------------------------------------------       
JAN  29 29 29 29 29 29 29 29 29 29 29 29 29 29 29 29 29 29 29 29 29 29 29 29 29 28 28 28 28 28 28    893
FEB  27 27 27 27 27 27 26 26 26 26 26 25 25 25 25 24 24 24 24 23 23 23 23 22 22 22 21 21             688
MAR  21 20 20 20 20 19 19 19 18 18 18 17 17 17 17 16 16 16 15 15 15 15 14 14 14 13 13 13 12 12 12    505
APR  12 11 11 11 10 10 10 10  9  9  9  9  8  8  8  8  7  7  7  7  7  6  6  6  6  6  6  5  5  5       239
MAY   5  5  4  4  4  4  4  4  4  3  3  3  3  3  3  3  3  2  2  2  2  2  2  2  2  2  1  1  1  1  1     85
JUN   1  1  1  1  0  0  0  0  0  0  0  0  0  0  0  0  0  0  0  0  0  0  0  0  0  0  0  0  0  0         4
JUL   0  0  0  0  0  0  0  0  0  0  0  0  0  0  0  0  0  0  0  0  0  0  0  0  0  0  0  0  0  0  0      0
AUG   0  0  0  0  0  0  0  0  0  0  0  0  0  0  0  0  0  0  0  0  0  0  0  0  0  0  0  0  0  0  0      0
SEP   0  0  0  0  0  0  0  0  0  0  0  0  0  0  0  0  1  1  1  1  1  1  1  2  2  2  2  3  3  3        24
OCT   3  4  4  4  5  5  5  5  6  6  6  6  7  7  7  8  8  8  8  9  9  9 10 10 10 11 11 11 12 12 12    238
NOV  12 13 13 13 14 14 14 15 15 15 16 16 16 17 17 17 17 18 18 18 19 19 19 20 20 20 21 21 21 22       510
DEC  22 22 23 23 23 23 24 24 24 25 25 25 25 26 26 26 26 26 27 27 27 27 27 28 28 28 28 28 28 28 28    797
                                                                                                        
-------------------------------------------------------------------------------------------------       
 Cooling Degree Days                                                                                    
 DAY  1  2  3  4  5  6  7  8  9 10 11 12 13 14 15 16 17 18 19 20 21 22 23 24 25 26 27 28 29 30 31  MONTH
-------------------------------------------------------------------------------------------------       
JAN   0  0  0  0  0  0  0  0  0  0  0  0  0  0  0  0  0  0  0  0  0  0  0  0  0  0  0  0  0  0  0      0
FEB   0  0  0  0  0  0  0  0  0  0  0  0  0  0  0  0  0  0  0  0  0  0  0  0  0  0  0  0               0
MAR   0  0  0  0  0  0  0  0  0  0-99  0  0  0  0  0  0  0  0  0  0  0  0  0  0  0  0  0  0  0  0      1
APR   0  0  0  0  0  0  0  0  0  0  0  0  0  0  0  0  0  0  0  0  1  1  1  1  1  1  1  1  1  1        10
MAY   1  1  1  1  2  2  2  2  2  2  2  2  3  3  3  3  3  3  3  4  4  4  4  4  4  5  5  5  5  5  6     96
JUN   6  6  6  6  7  7  7  7  7  7  8  8  8  8  8  9  9  9  9  9  9  9 10 10 10 10 10 10 10 11       250
JUL  11 11 11 11 11 11 12 12 12 12 12 12 12 12 12 12 12 12 12 12 12 12 12 13 13 13 13 12 12 12 12    370
AUG  12 12 12 12 12 12 12 12 12 12 12 12 11 11 11 11 11 11 11 11 11 10 10 10 10 10 10  9  9  9  9    339
SEP   9  8  8  8  8  8  7  7  7  7  7  7  6  6  6  6  6  5  5  5  5  5  4  4  4  4  4  3  3  3       175
OCT   3  3  2  2  2  2  2  2  2  1  1  1  1  1  1  1  1  1  0  0  0  0  0  0  0  0  0  0  0  0  0     29
NOV   0  0  0  0  0  0  0  0  0  0  0  0  0  0  0  0  0  0  0-99  0  0  0  0  0  0  0  0  0  0         1
DEC   0  0  0  0  0  0  0  0  0  0  0  0  0  0  0  0  0  0  0  0  0  0  0  0  0  0  0  0  0  0  0      0
                                                                                                        
-------------------------------------------------------------------------------------------------       
 Total  Precipitation (Hundreths of an Inch)                                                            
 DAY  1  2  3  4  5  6  7  8  9 10 11 12 13 14 15 16 17 18 19 20 21 22 23 24 25 26 27 28 29 30 31  MONTH
-------------------------------------------------------------------------------------------------       
JAN  18 18 18 18 18 18 18 18 18 18 18 18 18 18 18 18 18 18 18 18 18 18 18 18 17 17 17 17 17 17 17    551
FEB  17 17 17 16 16 16 16 16 16 16 16 16 16 17 17 17 17 17 17 17 18 18 18 18 18 19 19 19             477
MAR  20 20 20 20 20 21 21 21 21 21 21 21 21 21 21 21 21 21 21 21 21 21 20 20 20 20 20 19 19 19 18    632
APR  18 17 17 17 16 16 16 16 15 15 15 15 15 15 15 14 14 14 14 14 15 15 15 15 15 15 15 15 16 16       460
MAY  16 16 17 17 17 17 17 17 18 18 18 18 18 18 18 18 18 18 18 18 18 18 17 17 17 17 17 16 16 16 16    535
JUN  16 15 15 15 15 14 14 14 14 14 14 13 13 13 13 13 13 13 13 13 13 13 13 13 13 13 13 14 14 14       410
JUL  14 14 14 15 15 15 15 15 15 15 15 15 15 15 15 15 15 15 15 15 15 15 15 15 15 15 15 14 14 14 14    458
AUG  14 13 13 13 13 13 13 13 13 13 13 13 13 12 13 13 13 13 13 13 13 13 13 13 13 14 14 14 14 14 15    410
SEP  15 15 15 16 16 16 16 16 16 16 16 16 16 16 16 16 16 16 16 16 16 15 15 15 15 14 14 14 14 13       462
OCT  13 12 12 12 12 11 11 11 11 11 10 10 10 10 10 10 10 10 10 11 11 11 11 11 11 12 12 12 13 13 13    347
NOV  14 14 14 15 15 15 16 16 16 17 17 17 17 18 18 18 18 18 18 18 19 19 19 19 19 19 19 19 19 19       519
DEC  19 19 19 19 18 18 18 18 18 18 18 18 18 18 18 18 18 18 18 18 18 18 18 18 18 18 18 18 18 18 18    562
                                                                                                        
