-------------------------------------------------------------------------------------------------       
 1971-2000 Daily/Monthly Station Normals                                                                
 Provided by National Climatic Data Center/NESDIS/NOAA                                                  
-------------------------------------------------------------------------------------------------       
 Station COOP ID:                           406803                                                      
 Station Name, State, Division, Call:       OLD HICKORY DAM                    TN 03                    
 Latitude, Longitude, Elevation, Elements:  36 18 00 -086 39 00   460   P                               
-------------------------------------------------------------------------------------------------       
 Total  Precipitation (Hundreths of an Inch)                                                            
 DAY  1  2  3  4  5  6  7  8  9 10 11 12 13 14 15 16 17 18 19 20 21 22 23 24 25 26 27 28 29 30 31  MONTH
-------------------------------------------------------------------------------------------------       
JAN  14 14 14 14 13 13 13 13 13 13 12 12 12 12 12 12 12 12 12 12 12 12 12 12 12 12 12 12 12 12 12    386
FEB  12 12 12 13 13 13 13 13 13 13 13 13 14 14 14 14 14 14 14 14 15 15 15 15 15 15 16 16             387
MAR  16 16 16 16 16 16 16 17 17 17 17 17 17 17 17 16 16 16 16 16 16 16 16 15 15 15 15 15 14 14 14    493
APR  13 13 13 13 12 12 12 12 12 12 12 12 12 12 11 12 12 12 12 12 12 12 12 12 13 13 13 13 14 14       371
MAY  14 15 15 15 15 16 16 16 16 17 17 17 17 17 17 17 17 17 17 17 17 17 17 17 17 17 17 17 17 17 16    511
JUN  16 16 16 16 16 15 15 15 15 15 15 15 14 14 14 14 14 14 14 14 14 14 14 13 13 13 13 13 13 13       430
JUL  13 13 13 13 13 13 13 13 13 12 12 12 12 12 12 12 12 12 12 11 11 11 11 11 11 11 11 10 10 10 10    365
AUG  10 10  9  9  9  9  9  9  9  9  9  9  9  9  9  9  9  9  9  9  9  9  9 10 10 10 10 10 11 11 11    292
SEP  11 12 12 12 12 12 12 13 13 13 13 13 13 13 13 13 13 13 13 13 13 13 13 13 12 12 12 12 12 11       375
OCT  11 11 11 10 10 10 10 10 10 10 10  9  9  9  9  9  9  9  9 10 10 10 10 10 10 10 10 11 11 11 11    309
NOV  12 12 12 12 12 13 13 13 13 14 14 14 14 14 15 15 15 15 15 15 16 16 16 16 16 16 16 17 17 17       435
DEC  17 17 17 17 17 17 17 17 17 17 17 17 17 17 17 17 17 17 17 17 17 16 16 16 16 16 16 15 15 15 15    513
                                                                                                        
