-------------------------------------------------------------------------------------------------       
 1971-2000 Daily/Monthly Station Normals                                                                
 Provided by National Climatic Data Center/NESDIS/NOAA                                                  
-------------------------------------------------------------------------------------------------       
 Station COOP ID:                           402934                                                      
 Station Name, State, Division, Call:       ERWIN 1 W                          TN 01                    
 Latitude, Longitude, Elevation, Elements:  36 08 32 -082 25 34  1720 XNP                               
-------------------------------------------------------------------------------------------------       
 Minimum Temperature (deg F [tenths deg F for monthly])                                                 
 DAY  1  2  3  4  5  6  7  8  9 10 11 12 13 14 15 16 17 18 19 20 21 22 23 24 25 26 27 28 29 30 31  MONTH
-------------------------------------------------------------------------------------------------       
JAN  25 25 25 25 25 25 25 25 25 25 25 25 25 25 25 25 24 24 24 25 25 25 25 25 25 25 25 25 25 25 25    249
FEB  25 25 25 26 26 26 26 26 26 26 26 27 27 27 27 27 28 28 28 28 28 29 29 29 29 30 30 30             273
MAR  31 31 31 31 32 32 32 33 33 33 33 34 34 34 34 35 35 35 35 36 36 36 36 36 37 37 37 37 37 38 38    345
APR  38 38 38 39 39 39 39 39 40 40 40 40 41 41 41 41 42 42 42 42 43 43 43 43 44 44 44 44 45 45       413
MAY  45 46 46 46 47 47 47 47 48 48 48 49 49 49 49 50 50 50 51 51 51 52 52 52 53 53 53 53 54 54 54    498
JUN  55 55 55 56 56 56 56 57 57 57 58 58 58 58 58 59 59 59 59 60 60 60 60 60 61 61 61 61 61 61       584
JUL  61 62 62 62 62 62 62 62 62 62 62 63 63 63 63 63 63 63 63 63 63 63 63 63 63 63 63 63 63 63 63    626
AUG  63 63 63 63 63 63 63 62 62 62 62 62 62 62 62 62 62 62 61 61 61 61 61 61 61 60 60 60 60 60 60    616
SEP  60 59 59 59 59 59 58 58 58 58 57 57 57 56 56 56 55 55 55 54 54 53 53 52 52 52 51 51 50 50       554
OCT  49 49 48 48 47 47 46 46 45 45 44 44 44 43 43 43 42 42 41 41 41 40 40 40 40 39 39 39 39 38 38    429
NOV  38 38 38 37 37 37 37 36 36 36 36 36 35 35 35 35 34 34 34 34 33 33 33 33 33 32 32 32 31 31       347
DEC  31 31 30 30 30 30 29 29 29 29 29 28 28 28 28 28 28 27 27 27 27 27 27 26 26 26 26 26 26 26 26    279
                                                                                                        
-------------------------------------------------------------------------------------------------       
 Maximum Temperature (deg F [tenths deg F for monthly])                                                 
 DAY  1  2  3  4  5  6  7  8  9 10 11 12 13 14 15 16 17 18 19 20 21 22 23 24 25 26 27 28 29 30 31  MONTH
-------------------------------------------------------------------------------------------------       
JAN  47 46 46 46 46 46 46 46 46 46 46 46 45 45 45 46 46 46 46 46 46 46 46 46 46 46 47 47 47 47 47    461
FEB  48 48 48 48 49 49 49 49 50 50 50 50 51 51 51 51 52 52 52 52 53 53 53 54 54 54 55 55             511
MAR  55 55 56 56 56 57 57 57 58 58 58 58 59 59 59 60 60 60 61 61 61 61 62 62 62 63 63 63 63 64 64    596
APR  64 65 65 65 65 66 66 66 66 67 67 67 67 68 68 68 68 69 69 69 69 70 70 70 70 71 71 71 71 72       680
MAY  72 72 72 73 73 73 73 73 74 74 74 74 75 75 75 75 76 76 76 76 77 77 77 78 78 78 78 79 79 79 79    755
JUN  80 80 80 81 81 81 81 81 82 82 82 82 83 83 83 83 83 83 84 84 84 84 84 84 84 85 85 85 85 85       828
JUL  85 85 85 85 85 85 86 86 86 86 86 86 86 86 86 86 86 86 86 86 86 86 86 86 86 86 86 86 86 86 86    858
AUG  86 86 86 86 86 86 86 86 86 86 86 85 85 85 85 85 85 85 85 85 85 85 84 84 84 84 84 84 84 83 83    850
SEP  83 83 83 83 82 82 82 82 82 81 81 81 81 80 80 80 80 79 79 79 78 78 78 77 77 77 76 76 76 75       797
OCT  75 75 74 74 73 73 73 72 72 72 71 71 71 70 70 70 69 69 68 68 68 67 67 67 66 66 66 66 65 65 65    696
NOV  64 64 64 63 63 63 62 62 62 61 61 61 60 60 60 59 59 59 59 58 58 58 57 57 57 56 56 55 55 55       596
DEC  54 54 54 53 53 53 53 52 52 52 51 51 51 51 50 50 50 49 49 49 49 49 48 48 48 48 47 47 47 47 47    502
                                                                                                        
-------------------------------------------------------------------------------------------------       
 Average Temperature (deg F [tenths deg F for monthly])                                                 
 DAY  1  2  3  4  5  6  7  8  9 10 11 12 13 14 15 16 17 18 19 20 21 22 23 24 25 26 27 28 29 30 31  MONTH
-------------------------------------------------------------------------------------------------       
JAN  36 36 36 36 36 36 36 35 35 35 35 35 35 35 35 35 35 35 35 35 35 35 35 36 36 36 36 36 36 36 36    355
FEB  36 37 37 37 37 37 37 38 38 38 38 39 39 39 39 39 40 40 40 40 41 41 41 41 42 42 42 43             392
MAR  43 43 44 44 44 44 45 45 45 46 46 46 46 47 47 47 47 48 48 48 48 49 49 49 50 50 50 50 50 51 51    471
APR  51 51 52 52 52 52 53 53 53 53 54 54 54 54 55 55 55 55 55 56 56 56 57 57 57 57 58 58 58 58       547
MAY  59 59 59 59 60 60 60 60 61 61 61 62 62 62 62 63 63 63 64 64 64 64 65 65 65 65 66 66 66 67 67    627
JUN  67 68 68 68 68 69 69 69 69 70 70 70 70 71 71 71 71 71 71 72 72 72 72 72 72 73 73 73 73 73       706
JUL  73 73 73 74 74 74 74 74 74 74 74 74 74 74 74 74 74 74 74 74 75 75 75 75 75 75 75 75 75 74 74    742
AUG  74 74 74 74 74 74 74 74 74 74 74 74 74 74 74 74 73 73 73 73 73 73 73 73 72 72 72 72 72 72 72    733
SEP  71 71 71 71 71 70 70 70 70 70 69 69 69 68 68 68 68 67 67 66 66 66 65 65 65 64 64 63 63 63       676
OCT  62 62 61 61 60 60 59 59 59 58 58 58 57 57 56 56 56 55 55 55 54 54 54 53 53 53 53 52 52 52 51    563
NOV  51 51 51 50 50 50 50 49 49 49 48 48 48 48 47 47 47 47 46 46 46 45 45 45 45 44 44 44 43 43       472
DEC  43 42 42 42 42 41 41 41 41 40 40 40 40 39 39 39 39 38 38 38 38 38 37 37 37 37 37 37 37 36 36    391
                                                                                                        
-------------------------------------------------------------------------------------------------       
 Heating Degree Days                                                                                    
 DAY  1  2  3  4  5  6  7  8  9 10 11 12 13 14 15 16 17 18 19 20 21 22 23 24 25 26 27 28 29 30 31  MONTH
-------------------------------------------------------------------------------------------------       
JAN  29 29 29 29 29 29 30 30 30 30 30 30 30 30 30 30 30 30 30 30 30 30 29 29 29 29 29 29 29 29 29    915
FEB  29 28 28 28 28 28 28 27 27 27 27 26 26 26 26 26 25 25 25 25 24 24 24 24 23 23 23 22             722
MAR  22 22 22 21 21 21 20 20 20 20 19 19 19 18 18 18 18 17 17 17 17 16 16 16 15 15 15 15 14 14 14    556
APR  14 13 13 13 13 13 12 12 12 12 11 11 11 11 11 10 10 10 10  9  9  9  9  9  8  8  8  8  8  7       314
MAY   7  7  7  7  7  6  6  6  6  6  5  5  5  5  5  5  4  4  4  4  4  3  3  3  3  3  3  2  2  2  2    141
JUN   2  1  1  1  1  1  1  1  1  0  0  0  0  0  0  0  0  0  0  0  0  0  0  0  0  0  0  0  0  0        10
JUL   0  0  0  0  0  0  0  0  0  0  0  0  0  0  0  0  0  0  0  0  0  0  0  0  0  0  0  0  0  0  0      0
AUG -99  0  0  0  0  0  0  0  0  0  0  0  0  0  0  0  0  0  0  0  0  0  0  0  0  0  0  0  0  0  0      1
SEP   0  0  0  0  0  0  0  0  0  0  0  0  1  1  1  1  1  1  2  2  2  2  2  3  3  3  4  4  4  5        42
OCT   5  5  6  6  6  7  7  7  7  8  8  8  9  9  9 10 10 10 11 11 11 11 12 12 12 12 13 13 13 13 14    295
NOV  14 14 14 15 15 15 16 16 16 16 17 17 17 17 18 18 18 19 19 19 19 20 20 20 21 21 21 21 22 22       537
DEC  22 23 23 23 23 24 24 24 25 25 25 25 25 26 26 26 26 27 27 27 27 27 28 28 28 28 28 28 29 29 29    805
                                                                                                        
-------------------------------------------------------------------------------------------------       
 Cooling Degree Days                                                                                    
 DAY  1  2  3  4  5  6  7  8  9 10 11 12 13 14 15 16 17 18 19 20 21 22 23 24 25 26 27 28 29 30 31  MONTH
-------------------------------------------------------------------------------------------------       
JAN   0  0  0  0  0  0  0  0  0  0  0  0  0  0  0  0  0  0  0  0  0  0  0  0  0  0  0  0  0  0  0      0
FEB   0  0  0  0  0  0  0  0  0  0  0  0  0  0  0  0  0  0  0  0  0  0  0  0  0  0  0  0               0
MAR   0  0  0  0  0  0  0  0  0  0  0  0  0  0  0  0  0  0  0  0  0  0  0  0  0  0  0  0  0  0  0      0
APR   0  0  0  0  0  0  0  0  0  0  0  0  0  0  0  0  0  0  0  0  0  0  0  0  0  0  0  1  1  1         3
MAY   1  1  1  1  1  1  1  1  1  2  2  2  2  2  2  2  2  2  2  3  3  3  3  3  3  3  3  4  4  4  4     69
JUN   4  4  4  4  5  5  5  5  5  5  5  5  6  6  6  6  6  6  6  7  7  7  7  7  7  7  7  8  8  8       178
JUL   8  8  8  8  8  9  9  9  9  9  9  9  9  9  9  9  9  9  9 10 10 10 10 10 10 10 10 10 10 10 10    286
AUG  10 10  9  9  9  9  9  9  9  9  9  9  9  9  9  8  8  8  8  8  8  8  8  8  7  7  7  7  7  7  6    257
SEP   6  6  6  6  6  5  5  5  5  5  5  4  4  4  4  4  4  4  3  3  3  3  3  3  3  3  2  2  2  2       120
OCT   2  2  2  2  2  1  1  1  1  1  1  1  1  1  1  1  1  1  1  0  0  0  0  0  0  0  0  0  0  0  0     24
NOV -99  0  0  0  0  0  0  0  0  0  0  0  0  0  0  0  0  0  0  0  0  0  0  0  0  0  0  0  0  0         1
DEC   0  0  0  0  0  0  0  0  0  0  0  0  0  0  0  0  0  0  0  0  0  0  0  0  0  0  0  0  0  0  0      0
                                                                                                        
-------------------------------------------------------------------------------------------------       
 Total  Precipitation (Hundreths of an Inch)                                                            
 DAY  1  2  3  4  5  6  7  8  9 10 11 12 13 14 15 16 17 18 19 20 21 22 23 24 25 26 27 28 29 30 31  MONTH
-------------------------------------------------------------------------------------------------       
JAN  10 10 11 11 11 11 11 11 11 11 11 11 11 11 11 11 11 11 11 11 11 11 11 11 11 11 11 11 11 11 11    339
FEB  11 11 12 12 12 12 12 12 12 12 12 12 12 12 12 12 12 12 12 12 12 13 13 13 13 13 13 13             341
MAR  13 13 13 13 13 13 13 14 14 14 14 14 14 14 13 13 13 13 13 13 13 13 13 13 13 13 13 13 12 12 12    407
APR  12 12 12 12 12 11 11 11 11 11 11 11 12 12 12 12 12 12 12 12 13 13 13 13 14 14 14 14 15 15       371
MAY  15 16 16 16 17 17 17 17 18 18 18 18 18 18 18 18 19 19 19 19 18 18 18 18 18 18 18 18 18 17 17    547
JUN  17 17 16 16 16 16 16 16 16 15 15 15 15 15 15 15 15 16 16 16 16 16 16 16 17 17 17 17 17 18       481
JUL  18 18 19 19 19 19 19 19 20 20 20 20 20 20 20 20 20 19 19 19 19 19 19 18 18 18 18 17 17 16 16    582
AUG  16 15 15 14 14 14 13 13 13 12 12 12 12 12 11 11 11 11 11 11 11 11 11 11 11 11 11 11 11 11 11    374
SEP  11 12 12 12 12 12 12 12 12 12 12 12 12 12 12 12 12 12 11 11 11 11 11 11 10 10 10 10  9  9       339
OCT   9  9  8  8  8  8  8  7  7  7  7  7  7  7  6  6  6  6  6  6  6  6  6  6  7  7  7  7  7  7  7    216
NOV   7  8  8  8  8  8  8  8  9  9  9  9  9  9  9  9  9 10 10 10 10 10 10 10 10 10 10 10 10 10       274
DEC  10 10 10 10 10 10 10 10 10 10 10 10 10 10 10 10 10 10 10 10 10 10 10 10 10 10 10 10 11 11 11    313
                                                                                                        
