-------------------------------------------------------------------------------------------------       
 1971-2000 Daily/Monthly Station Normals                                                                
 Provided by National Climatic Data Center/NESDIS/NOAA                                                  
-------------------------------------------------------------------------------------------------       
 Station COOP ID:                           401808                                                      
 Station Name, State, Division, Call:       CLEVELAND FILTER PLANT             TN 01                    
 Latitude, Longitude, Elevation, Elements:  35 13 13 -084 47 53   800 XNP                               
-------------------------------------------------------------------------------------------------       
 Minimum Temperature (deg F [tenths deg F for monthly])                                                 
 DAY  1  2  3  4  5  6  7  8  9 10 11 12 13 14 15 16 17 18 19 20 21 22 23 24 25 26 27 28 29 30 31  MONTH
-------------------------------------------------------------------------------------------------       
JAN  28 28 28 28 28 28 28 28 28 28 28 28 27 27 27 27 27 27 27 27 27 28 28 28 28 28 28 28 28 28 28    277
FEB  28 28 28 29 29 29 29 29 29 29 30 30 30 30 30 30 31 31 31 31 32 32 32 32 33 33 33 33             304
MAR  34 34 34 35 35 35 35 36 36 36 36 37 37 37 37 38 38 38 38 38 39 39 39 39 39 40 40 40 40 40 41    374
APR  41 41 41 41 42 42 42 42 43 43 43 43 43 44 44 44 44 45 45 45 45 46 46 46 47 47 47 48 48 48       442
MAY  48 49 49 49 50 50 50 51 51 51 52 52 52 53 53 53 54 54 54 54 55 55 55 56 56 56 57 57 57 58 58    532
JUN  58 58 59 59 59 60 60 60 60 61 61 61 62 62 62 62 62 63 63 63 63 64 64 64 64 64 64 65 65 65       619
JUL  65 65 65 65 66 66 66 66 66 66 66 66 66 66 66 67 67 67 67 67 67 67 67 67 67 67 67 67 67 67 67    664
AUG  67 67 67 66 66 66 66 66 66 66 66 66 66 66 65 65 65 65 65 65 65 65 64 64 64 64 64 64 64 63 63    652
SEP  63 63 63 62 62 62 62 61 61 61 60 60 60 60 59 59 58 58 58 57 57 56 56 56 55 55 54 54 53 53       586
OCT  52 52 51 50 50 49 49 49 48 48 47 47 46 46 46 45 45 44 44 44 43 43 43 42 42 42 41 41 41 41 40    455
NOV  40 40 40 39 39 39 39 38 38 38 38 37 37 37 37 36 36 36 36 35 35 35 35 35 34 34 34 34 34 33       366
DEC  33 33 33 33 32 32 32 32 32 31 31 31 31 31 31 30 30 30 30 30 30 29 29 29 29 29 29 29 29 28 28    305
                                                                                                        
-------------------------------------------------------------------------------------------------       
 Maximum Temperature (deg F [tenths deg F for monthly])                                                 
 DAY  1  2  3  4  5  6  7  8  9 10 11 12 13 14 15 16 17 18 19 20 21 22 23 24 25 26 27 28 29 30 31  MONTH
-------------------------------------------------------------------------------------------------       
JAN  48 48 48 48 48 48 48 48 48 48 47 47 47 48 48 48 48 48 48 48 48 48 48 48 49 49 49 49 49 50 50    482
FEB  50 50 51 51 51 51 52 52 52 52 53 53 53 53 54 54 54 55 55 55 55 56 56 56 56 57 57 57             536
MAR  58 58 58 58 59 59 59 60 60 60 61 61 61 61 62 62 62 63 63 63 64 64 64 65 65 65 65 66 66 66 67    621
APR  67 67 68 68 68 69 69 69 69 70 70 70 70 71 71 71 72 72 72 72 73 73 73 73 73 74 74 74 74 74       710
MAY  75 75 75 75 75 76 76 76 76 77 77 77 77 77 78 78 78 78 79 79 79 79 80 80 80 80 81 81 81 81 82    780
JUN  82 82 83 83 83 83 84 84 84 84 84 85 85 85 85 85 86 86 86 86 86 86 87 87 87 87 87 87 87 87       851
JUL  87 88 88 88 88 88 88 88 88 88 88 88 88 88 89 89 89 89 89 89 89 89 89 89 89 89 89 89 89 89 89    885
AUG  89 89 89 89 89 89 89 89 88 88 88 88 88 88 88 88 88 88 87 87 87 87 87 87 87 86 86 86 86 86 85    876
SEP  85 85 85 85 84 84 84 84 83 83 83 83 82 82 82 81 81 81 81 80 80 80 79 79 79 79 78 78 78 77       815
OCT  77 77 76 76 76 75 75 74 74 74 73 73 73 72 72 72 71 71 71 70 70 69 69 69 68 68 68 67 67 67 66    716
NOV  66 65 65 65 64 64 64 63 63 62 62 62 61 61 61 60 60 60 59 59 59 58 58 58 57 57 57 56 56 56       606
DEC  55 55 55 54 54 54 53 53 53 53 52 52 52 52 51 51 51 51 50 50 50 50 50 50 49 49 49 49 49 49 48    514
                                                                                                        
-------------------------------------------------------------------------------------------------       
 Average Temperature (deg F [tenths deg F for monthly])                                                 
 DAY  1  2  3  4  5  6  7  8  9 10 11 12 13 14 15 16 17 18 19 20 21 22 23 24 25 26 27 28 29 30 31  MONTH
-------------------------------------------------------------------------------------------------       
JAN  38 38 38 38 38 38 38 38 38 38 38 38 37 37 37 38 38 38 38 38 38 38 38 38 38 38 38 38 39 39 39    380
FEB  39 39 40 40 40 40 40 40 41 41 41 41 42 42 42 42 42 43 43 43 43 44 44 44 45 45 45 45             420
MAR  46 46 46 47 47 47 47 48 48 48 49 49 49 49 50 50 50 50 51 51 51 51 52 52 52 52 53 53 53 53 54    498
APR  54 54 54 55 55 55 55 56 56 56 56 57 57 57 57 58 58 58 59 59 59 59 60 60 60 60 61 61 61 61       576
MAY  62 62 62 62 63 63 63 63 64 64 64 64 65 65 65 66 66 66 66 67 67 67 68 68 68 68 69 69 69 69 70    656
JUN  70 70 71 71 71 71 72 72 72 72 73 73 73 73 74 74 74 74 74 75 75 75 75 75 76 76 76 76 76 76       735
JUL  76 76 77 77 77 77 77 77 77 77 77 77 77 77 78 78 78 78 78 78 78 78 78 78 78 78 78 78 78 78 78    775
AUG  78 78 78 78 78 77 77 77 77 77 77 77 77 77 77 77 76 76 76 76 76 76 76 76 75 75 75 75 75 74 74    764
SEP  74 74 74 73 73 73 73 73 72 72 72 71 71 71 71 70 70 70 69 69 69 68 68 67 67 67 66 66 65 65       701
OCT  64 64 64 63 63 62 62 62 61 61 60 60 60 59 59 58 58 58 57 57 57 56 56 56 55 55 55 54 54 54 53    586
NOV  53 53 52 52 52 51 51 51 50 50 50 50 49 49 49 48 48 48 48 47 47 47 46 46 46 46 45 45 45 44       486
DEC  44 44 44 43 43 43 43 43 42 42 42 42 41 41 41 41 41 40 40 40 40 40 40 39 39 39 39 39 39 39 38    410
                                                                                                        
-------------------------------------------------------------------------------------------------       
 Heating Degree Days                                                                                    
 DAY  1  2  3  4  5  6  7  8  9 10 11 12 13 14 15 16 17 18 19 20 21 22 23 24 25 26 27 28 29 30 31  MONTH
-------------------------------------------------------------------------------------------------       
JAN  27 27 27 27 27 27 27 27 27 27 28 28 28 28 28 28 27 27 27 27 27 27 27 27 27 27 27 27 26 26 26    840
FEB  26 26 25 25 25 25 25 25 24 24 24 24 23 23 23 23 23 22 22 22 22 21 21 21 20 20 20 20             644
MAR  19 19 19 19 18 18 18 17 17 17 17 16 16 16 16 15 15 15 15 14 14 14 13 13 13 13 12 12 12 12 11    475
APR  11 11 11 10 10 10 10  9  9  9  9  9  8  8  8  8  7  7  7  7  7  6  6  6  6  6  6  5  5  5       236
MAY   5  5  5  4  4  4  4  4  4  4  3  3  3  3  3  3  3  3  2  2  2  2  2  2  2  2  2  1  1  1  1     89
JUN   1  1  1  0  0  0  0  0  0  0  0  0  0  0  0  0  0  0  0  0  0  0  0  0  0  0  0  0  0  0         3
JUL   0  0  0  0  0  0  0  0  0  0  0  0  0  0  0  0  0  0  0  0  0  0  0  0  0  0  0  0  0  0  0      0
AUG   0  0  0  0  0  0  0  0  0  0  0  0  0  0  0  0  0  0  0  0  0  0  0  0  0  0  0  0  0  0  0      0
SEP   0  0  0  0  0  0  0  0  0  0  0  0  0  0  0  0  0  1  1  1  1  1  1  2  2  2  2  3  3  3        23
OCT   3  4  4  4  4  5  5  5  5  6  6  6  7  7  7  7  8  8  8  9  9  9  9 10 10 10 11 11 11 12 12    232
NOV  12 12 13 13 13 14 14 14 15 15 15 16 16 16 16 17 17 17 18 18 18 18 19 19 19 19 20 20 20 21       494
DEC  21 21 21 22 22 22 22 23 23 23 23 23 24 24 24 24 24 25 25 25 25 25 25 26 26 26 26 26 26 27 27    746
                                                                                                        
-------------------------------------------------------------------------------------------------       
 Cooling Degree Days                                                                                    
 DAY  1  2  3  4  5  6  7  8  9 10 11 12 13 14 15 16 17 18 19 20 21 22 23 24 25 26 27 28 29 30 31  MONTH
-------------------------------------------------------------------------------------------------       
JAN   0  0  0  0  0  0  0  0  0  0  0  0  0  0  0  0  0  0  0  0  0  0  0  0  0  0  0  0  0  0  0      0
FEB   0  0  0  0  0  0  0  0  0  0  0  0  0  0  0  0  0  0  0  0  0  0  0  0  0  0  0  0               0
MAR   0  0  0  0  0  0  0  0  0  0  0  0-99-99  0  0  0  0  0  0  0  0  0  0  0  0  0  0  0  0  0      2
APR   0  0  0  0  0  0  0  0  0  0  0  0  0  0  0  0  0  1  1  1  1  1  1  1  1  1  1  1  1  2        14
MAY   2  2  2  2  2  2  2  2  2  3  3  3  3  3  3  3  4  4  4  4  4  4  4  5  5  5  5  5  5  6  6    109
JUN   6  6  6  7  7  7  7  7  8  8  8  8  8  8  9  9  9  9  9  9 10 10 10 10 10 10 10 11 11 11       258
JUL  11 11 11 11 12 12 12 12 12 12 12 12 12 13 13 13 13 13 13 13 13 13 13 13 13 13 13 13 13 13 13    386
AUG  13 13 13 13 13 13 13 12 12 12 12 12 12 12 12 12 12 11 11 11 11 11 11 10 10 10 10 10  9  9  9    354
SEP   9  9  8  8  8  8  8  7  7  7  7  6  6  6  6  6  5  5  5  5  5  5  4  4  4  4  4  3  3  3       175
OCT   3  3  3  2  2  2  2  2  2  2  1  1  1  1  1  1  1  1  1  1  0  0  0  0  0  0  0  0  0  0  0     33
NOV -99-99  0  0  0  0  0  0  0  0  0  0  0  0  0  0  0  0  0  0  0  0  0  0  0  0  0  0  0  0         2
DEC   0  0  0  0  0  0  0  0  0  0  0  0  0  0  0  0  0  0  0  0  0  0  0  0  0  0  0  0  0  0  0      0
                                                                                                        
-------------------------------------------------------------------------------------------------       
 Total  Precipitation (Hundreths of an Inch)                                                            
 DAY  1  2  3  4  5  6  7  8  9 10 11 12 13 14 15 16 17 18 19 20 21 22 23 24 25 26 27 28 29 30 31  MONTH
-------------------------------------------------------------------------------------------------       
JAN  17 17 17 17 17 17 17 17 17 18 18 18 18 18 18 18 18 18 18 18 17 17 17 17 17 17 17 17 17 17 16    537
FEB  16 16 16 16 16 16 16 16 16 16 16 16 16 16 16 16 16 16 16 16 17 17 17 17 18 18 18 18             460
MAR  19 19 19 20 20 20 20 20 20 21 21 21 21 21 21 21 21 21 21 21 20 20 20 20 20 19 19 19 18 18 18    619
APR  17 17 17 16 16 16 16 15 15 15 15 15 14 14 14 14 14 14 14 14 14 14 14 14 14 14 14 14 14 14       442
MAY  15 15 15 15 15 16 16 16 16 16 16 16 16 16 16 16 16 16 16 17 17 17 16 16 16 16 16 16 16 16 16    494
JUN  16 16 15 15 15 15 15 15 15 15 15 15 15 15 15 15 15 15 15 15 15 15 15 15 14 15 15 15 15 15       451
JUL  15 15 15 15 15 15 15 15 15 15 14 14 14 14 14 14 14 14 14 14 13 13 13 13 13 13 13 12 12 12 12    429
AUG  12 11 11 11 11 11 11 11 10 10 10 10 10 10 10 10 10 11 11 11 11 11 11 11 12 12 12 12 13 13 13    343
SEP  14 14 14 14 15 15 15 15 15 15 16 16 16 16 16 16 16 16 15 15 15 15 15 15 14 14 14 14 13 13       446
OCT  13 12 12 12 11 11 11 11 11 10 10 10 10 10 10 10 10 10 10 10 10 10 11 11 11 11 12 12 12 12 13    339
NOV  13 14 14 14 15 15 15 15 16 16 16 16 17 17 17 17 17 17 17 17 17 17 17 17 17 17 17 17 17 17       485
DEC  17 16 16 16 16 16 16 16 16 16 16 16 16 16 16 16 16 16 16 16 16 16 16 16 16 16 16 16 16 16 16    497
                                                                                                        
