-------------------------------------------------------------------------------------------------       
 1971-2000 Daily/Monthly Station Normals                                                                
 Provided by National Climatic Data Center/NESDIS/NOAA                                                  
-------------------------------------------------------------------------------------------------       
 Station COOP ID:                           404987                                                      
 Station Name, State, Division, Call:       LAFAYETTE                          TN 03                    
 Latitude, Longitude, Elevation, Elements:  36 31 09 -086 01 49   975 XNP                               
-------------------------------------------------------------------------------------------------       
 Minimum Temperature (deg F [tenths deg F for monthly])                                                 
 DAY  1  2  3  4  5  6  7  8  9 10 11 12 13 14 15 16 17 18 19 20 21 22 23 24 25 26 27 28 29 30 31  MONTH
-------------------------------------------------------------------------------------------------       
JAN  29 29 29 29 28 28 28 28 28 28 28 28 28 28 28 28 28 28 28 28 28 28 28 29 29 29 29 29 29 29 29    284
FEB  29 30 30 30 30 30 31 31 31 31 31 32 32 32 32 32 33 33 33 33 34 34 34 34 35 35 35 35             322
MAR  36 36 36 37 37 37 37 38 38 38 39 39 39 39 40 40 40 40 41 41 41 41 42 42 42 42 43 43 43 43 44    398
APR  44 44 44 44 45 45 45 45 46 46 46 46 46 47 47 47 47 48 48 48 49 49 49 49 50 50 50 50 51 51       472
MAY  51 51 52 52 52 53 53 53 53 54 54 54 55 55 55 55 56 56 56 56 57 57 57 58 58 58 59 59 59 59 60    554
JUN  60 60 61 61 61 61 62 62 62 62 63 63 63 63 64 64 64 64 64 65 65 65 65 65 66 66 66 66 66 66       635
JUL  66 67 67 67 67 67 67 67 67 67 67 68 68 68 68 68 68 68 68 68 68 68 68 68 68 68 68 68 67 67 67    675
AUG  67 67 67 67 67 67 67 67 67 67 66 66 66 66 66 66 66 65 65 65 65 65 65 65 64 64 64 64 64 64 63    656
SEP  63 63 63 63 62 62 62 62 61 61 61 61 60 60 60 59 59 59 58 58 58 57 57 57 56 56 55 55 54 54       592
OCT  53 53 53 52 52 51 51 50 50 50 49 49 49 48 48 47 47 47 46 46 46 46 45 45 45 45 44 44 44 44 43    478
NOV  43 43 43 42 42 42 42 42 41 41 41 41 40 40 40 40 39 39 39 39 38 38 38 37 37 37 36 36 36 36       396
DEC  35 35 35 34 34 34 34 33 33 33 32 32 32 32 32 31 31 31 31 31 30 30 30 30 30 30 29 29 29 29 29    316
                                                                                                        
-------------------------------------------------------------------------------------------------       
 Maximum Temperature (deg F [tenths deg F for monthly])                                                 
 DAY  1  2  3  4  5  6  7  8  9 10 11 12 13 14 15 16 17 18 19 20 21 22 23 24 25 26 27 28 29 30 31  MONTH
-------------------------------------------------------------------------------------------------       
JAN  47 47 47 47 46 46 46 46 46 46 46 46 46 46 46 46 46 46 46 46 47 47 47 47 47 47 47 48 48 48 48    466
FEB  48 49 49 49 50 50 50 50 51 51 51 51 52 52 52 53 53 53 54 54 54 55 55 55 56 56 56 57             524
MAR  57 57 58 58 58 59 59 59 60 60 60 61 61 62 62 62 63 63 63 64 64 64 65 65 65 66 66 66 67 67 67    622
APR  68 68 68 68 69 69 69 70 70 70 71 71 71 71 72 72 72 72 73 73 73 73 74 74 74 74 74 75 75 75       716
MAY  75 76 76 76 76 76 77 77 77 77 77 78 78 78 78 79 79 79 79 80 80 80 80 81 81 81 81 82 82 82 82    787
JUN  83 83 83 83 84 84 84 84 84 85 85 85 85 86 86 86 86 86 86 87 87 87 87 87 87 87 88 88 88 88       856
JUL  88 88 88 88 89 89 89 89 89 89 89 89 89 89 89 89 89 89 89 89 89 89 89 90 90 90 90 90 90 90 89    891
AUG  90 89 89 89 89 89 89 89 89 89 89 89 89 89 89 88 88 88 88 88 88 88 88 87 87 87 87 87 87 86 86    882
SEP  86 86 85 85 85 85 84 84 84 84 84 83 83 83 82 82 82 82 81 81 81 81 80 80 80 79 79 79 78 78       822
OCT  78 77 77 77 76 76 76 75 75 75 74 74 73 73 73 72 72 72 71 71 70 70 70 69 69 69 68 68 67 67 67    723
NOV  66 66 65 65 65 64 64 63 63 63 62 62 62 61 61 60 60 60 59 59 58 58 58 57 57 57 56 56 56 55       606
DEC  55 54 54 54 53 53 53 53 52 52 52 51 51 51 51 50 50 50 50 49 49 49 49 48 48 48 48 48 47 47 47    505
                                                                                                        
-------------------------------------------------------------------------------------------------       
 Average Temperature (deg F [tenths deg F for monthly])                                                 
 DAY  1  2  3  4  5  6  7  8  9 10 11 12 13 14 15 16 17 18 19 20 21 22 23 24 25 26 27 28 29 30 31  MONTH
-------------------------------------------------------------------------------------------------       
JAN  38 38 38 38 37 37 37 37 37 37 37 37 37 37 37 37 37 37 37 37 37 37 38 38 38 38 38 38 38 39 39    375
FEB  39 39 39 40 40 40 40 41 41 41 41 41 42 42 42 43 43 43 43 44 44 44 45 45 45 45 46 46             423
MAR  46 47 47 47 48 48 48 49 49 49 50 50 50 50 51 51 51 52 52 52 53 53 53 53 54 54 54 55 55 55 55    510
APR  56 56 56 56 57 57 57 57 58 58 58 58 59 59 59 60 60 60 60 61 61 61 61 62 62 62 62 63 63 63       594
MAY  63 64 64 64 64 65 65 65 65 65 66 66 66 67 67 67 67 68 68 68 68 69 69 69 69 70 70 70 70 71 71    671
JUN  71 72 72 72 72 73 73 73 73 74 74 74 74 75 75 75 75 75 75 76 76 76 76 76 76 77 77 77 77 77       746
JUL  77 77 77 78 78 78 78 78 78 78 78 78 78 78 78 78 79 79 79 79 79 79 79 79 79 79 79 79 78 78 78    783
AUG  78 78 78 78 78 78 78 78 78 78 78 78 77 77 77 77 77 77 77 77 76 76 76 76 76 76 76 75 75 75 75    769
SEP  75 74 74 74 74 73 73 73 73 72 72 72 72 71 71 71 71 70 70 70 69 69 69 68 68 67 67 67 66 66       707
OCT  66 65 65 64 64 64 63 63 62 62 62 61 61 61 60 60 60 59 59 59 58 58 58 57 57 57 56 56 56 55 55    601
NOV  55 54 54 54 53 53 53 53 52 52 52 51 51 51 50 50 50 49 49 49 48 48 48 47 47 47 46 46 46 45       501
DEC  45 45 44 44 44 44 43 43 43 42 42 42 42 41 41 41 41 40 40 40 40 40 39 39 39 39 39 38 38 38 38    411
                                                                                                        
-------------------------------------------------------------------------------------------------       
 Heating Degree Days                                                                                    
 DAY  1  2  3  4  5  6  7  8  9 10 11 12 13 14 15 16 17 18 19 20 21 22 23 24 25 26 27 28 29 30 31  MONTH
-------------------------------------------------------------------------------------------------       
JAN  27 27 27 27 28 28 28 28 28 28 28 28 28 28 28 28 28 28 28 28 28 28 27 27 27 27 27 27 27 26 26    853
FEB  26 26 26 25 25 25 25 24 24 24 24 23 23 23 23 22 22 22 22 21 21 21 21 20 20 20 19 19             636
MAR  19 18 18 18 18 17 17 17 16 16 16 15 15 15 15 14 14 14 13 13 13 13 12 12 12 11 11 11 11 10 10    444
APR  10 10  9  9  9  9  8  8  8  8  7  7  7  7  7  6  6  6  6  6  6  5  5  5  5  5  5  5  5  4       203
MAY   4  4  4  4  4  4  4  4  3  3  3  3  3  3  3  3  3  2  2  2  2  2  2  2  2  2  2  1  1  1  1     83
JUN   1  1  1  1  1  1  0  0  0  0  0  0  0  0  0  0  0  0  0  0  0  0  0  0  0  0  0  0  0  0         6
JUL   0  0  0  0  0  0  0  0  0  0  0  0  0  0  0  0  0  0  0  0  0  0  0  0  0  0  0  0  0  0  0      0
AUG   0  0  0  0-99-99  0  0  0  0  0  0  0  0  0  0  0  0  0  0  0  0  0  0  0  0  0  0  0  0  0      2
SEP   0  0  0  0  0  0  0  0  0  0  0  0  0  1  1  1  1  1  1  1  1  2  2  2  2  2  2  2  3  3        28
OCT   3  3  3  4  4  4  4  5  5  5  5  6  6  6  6  6  7  7  7  7  8  8  8  9  9  9  9 10 10 10 10    203
NOV  11 11 11 12 12 12 13 13 13 13 14 14 14 15 15 15 16 16 16 16 17 17 17 18 18 18 19 19 19 20       454
DEC  20 20 21 21 21 22 22 22 22 23 23 23 23 24 24 24 24 25 25 25 25 26 26 26 26 26 26 27 27 27 27    743
                                                                                                        
-------------------------------------------------------------------------------------------------       
 Cooling Degree Days                                                                                    
 DAY  1  2  3  4  5  6  7  8  9 10 11 12 13 14 15 16 17 18 19 20 21 22 23 24 25 26 27 28 29 30 31  MONTH
-------------------------------------------------------------------------------------------------       
JAN   0  0  0  0  0  0  0  0  0  0  0  0  0  0  0  0  0  0  0  0  0  0  0  0  0  0  0  0  0  0  0      0
FEB   0  0  0  0  0  0  0  0  0  0  0  0  0  0  0  0  0  0  0  0  0  0  0  0  0  0  0  0               0
MAR   0  0  0  0  0  0  0  0  0  0  0  0  0  0  0  0  0  0  0  0  0  0-99-99-99-99-99-99-99-99-99      9
APR   0  0  0  0  1  1  1  1  1  1  1  1  1  1  1  1  1  1  1  1  1  2  2  2  2  2  2  2  2  2        35
MAY   3  3  3  3  3  3  3  3  4  4  4  4  4  4  5  5  5  5  5  5  5  6  6  6  6  6  6  7  7  7  7    147
JUN   7  7  8  8  8  8  8  9  9  9  9  9  9 10 10 10 10 10 10 10 11 11 11 11 11 11 12 12 12 12       292
JUL  12 12 12 12 13 13 13 13 13 13 13 13 13 13 13 13 14 14 14 14 14 14 14 14 14 14 14 14 14 14 13    413
AUG  14 14 13 13 13 13 13 13 13 13 13 13 13 12 12 12 12 12 12 12 11 11 11 11 11 11 10 10 10 10 10    371
SEP  10  9  9  9  9  8  8  8  8  8  7  7  7  7  7  6  6  6  6  6  6  5  5  5  5  5  4  4  4  4       198
OCT   4  3  3  3  3  3  3  2  2  2  2  2  2  2  1  1  1  1  1  1  1  1  1  1  1  1  1  0  0  0  0     49
NOV -99-99-99-99-99-99  0  0  0  0  0  0  0  0  0  0  0  0  0  0  0  0  0  0  0  0  0  0  0  0         6
DEC   0  0  0  0  0  0  0  0  0  0  0  0  0  0  0  0  0  0  0  0  0  0  0  0  0  0  0  0  0  0  0      0
                                                                                                        
-------------------------------------------------------------------------------------------------       
 Total  Precipitation (Hundreths of an Inch)                                                            
 DAY  1  2  3  4  5  6  7  8  9 10 11 12 13 14 15 16 17 18 19 20 21 22 23 24 25 26 27 28 29 30 31  MONTH
-------------------------------------------------------------------------------------------------       
JAN  17 16 16 16 16 16 16 16 15 15 15 15 15 15 15 15 15 15 15 15 14 14 14 14 14 14 14 14 14 14 14    463
FEB  14 14 14 14 15 15 15 15 15 15 15 15 15 15 15 16 16 16 16 16 16 17 17 17 17 17 17 18             437
MAR  18 18 18 19 19 19 19 19 19 19 19 19 19 19 19 19 19 19 19 19 19 19 18 18 18 18 17 17 17 17 16    571
APR  16 16 15 15 15 14 14 14 14 14 14 14 14 14 13 14 14 14 14 14 14 14 14 14 15 15 15 15 16 16       434
MAY  16 17 17 17 17 18 18 18 18 18 19 19 19 19 19 19 19 19 19 19 19 19 19 19 18 18 18 18 18 18 17    565
JUN  17 17 17 16 16 16 16 15 15 15 15 15 15 15 15 15 15 14 14 14 14 14 14 15 15 15 15 15 15 15       454
JUL  15 15 15 15 16 16 16 16 16 16 16 16 16 16 16 16 16 16 16 15 15 15 15 15 15 15 15 14 14 14 14    476
AUG  14 13 13 13 13 13 12 12 12 12 12 12 12 12 12 12 12 12 12 12 12 12 12 12 12 13 13 13 13 13 14    386
SEP  14 14 14 15 15 15 15 15 15 15 15 15 15 15 15 15 15 15 15 15 15 15 15 15 14 14 14 14 14 13       440
OCT  13 13 12 12 12 12 12 12 11 11 11 11 11 11 11 11 11 11 11 11 11 11 11 12 12 12 12 12 13 13 13    362
NOV  13 14 14 14 15 15 15 15 15 16 16 16 16 17 17 17 17 17 17 17 18 18 18 18 18 18 18 18 18 18       493
DEC  18 18 18 18 19 19 19 19 19 19 18 18 18 18 18 18 18 18 18 18 18 18 18 18 17 17 17 17 17 17 17    557
                                                                                                        
