-------------------------------------------------------------------------------------------------       
 1971-2000 Daily/Monthly Station Normals                                                                
 Provided by National Climatic Data Center/NESDIS/NOAA                                                  
-------------------------------------------------------------------------------------------------       
 Station COOP ID:                           368888                                                      
 Station Name, State, Division, Call:       TITUSVILLE WATER WORKS             PA 10                    
 Latitude, Longitude, Elevation, Elements:  41 38 00 -079 42 00  1220 XNP                               
-------------------------------------------------------------------------------------------------       
 Minimum Temperature (deg F [tenths deg F for monthly])                                                 
 DAY  1  2  3  4  5  6  7  8  9 10 11 12 13 14 15 16 17 18 19 20 21 22 23 24 25 26 27 28 29 30 31  MONTH
-------------------------------------------------------------------------------------------------       
JAN  16 16 15 15 15 15 15 14 14 14 14 14 14 14 13 13 13 13 13 13 13 13 13 12 12 12 12 12 12 12 12    135
FEB  12 12 12 12 12 12 12 12 12 12 13 13 13 13 13 13 14 14 14 14 14 15 15 15 16 16 16 17             135
MAR  17 18 18 18 19 19 19 20 20 20 21 21 21 22 22 22 23 23 23 24 24 24 25 25 25 26 26 26 26 27 27    223
APR  27 27 28 28 28 29 29 29 29 30 30 30 31 31 31 32 32 32 32 33 33 33 34 34 35 35 35 36 36 36       315
MAY  37 37 37 38 38 39 39 39 40 40 40 41 41 41 42 42 42 43 43 44 44 44 45 45 45 46 46 46 47 47 47    421
JUN  48 48 48 49 49 49 49 50 50 50 51 51 51 51 52 52 52 52 52 53 53 53 53 54 54 54 54 54 54 55       515
JUL  55 55 55 55 55 55 56 56 56 56 56 56 56 56 56 56 56 56 56 56 56 56 56 56 56 56 56 56 56 56 56    558
AUG  56 56 56 56 56 56 55 55 55 55 55 55 55 55 55 54 54 54 54 54 54 53 53 53 53 53 52 52 52 52 52    542
SEP  51 51 51 51 51 50 50 50 49 49 49 49 48 48 48 47 47 47 46 46 46 45 45 44 44 44 43 43 42 42       472
OCT  42 41 41 40 40 39 39 39 38 38 38 37 37 37 36 36 36 35 35 35 35 34 34 34 34 33 33 33 33 33 33    364
NOV  32 32 32 32 32 32 31 31 31 31 30 30 30 30 29 29 29 29 28 28 28 28 27 27 27 26 26 26 25 25       291
DEC  25 24 24 24 23 23 23 22 22 22 21 21 21 20 20 20 20 19 19 19 18 18 18 18 17 17 17 17 16 16 16    200
                                                                                                        
-------------------------------------------------------------------------------------------------       
 Maximum Temperature (deg F [tenths deg F for monthly])                                                 
 DAY  1  2  3  4  5  6  7  8  9 10 11 12 13 14 15 16 17 18 19 20 21 22 23 24 25 26 27 28 29 30 31  MONTH
-------------------------------------------------------------------------------------------------       
JAN  33 32 32 32 32 32 32 32 32 32 32 32 32 31 31 31 31 31 31 31 31 31 31 31 31 31 32 32 32 32 32    316
FEB  32 32 32 32 32 32 33 33 33 33 33 33 34 34 34 34 35 35 35 36 36 36 36 37 37 38 38 38             344
MAR  39 39 39 40 40 41 41 41 42 42 42 43 43 44 44 44 45 45 46 46 46 47 47 47 48 48 49 49 49 50 50    444
APR  50 51 51 52 52 52 53 53 54 54 54 55 55 56 56 56 57 57 58 58 58 59 59 60 60 60 61 61 62 62       562
MAY  63 63 63 64 64 65 65 66 66 66 67 67 67 68 68 69 69 69 70 70 70 70 71 71 71 72 72 72 73 73 73    683
JUN  73 74 74 74 74 75 75 75 75 75 76 76 76 76 77 77 77 77 77 77 78 78 78 78 78 79 79 79 79 79       765
JUL  79 79 80 80 80 80 80 80 80 80 80 80 80 81 81 81 81 81 81 81 81 81 81 81 81 81 81 81 81 81 81    805
AUG  81 81 81 81 80 80 80 80 80 80 80 80 80 79 79 79 79 79 79 78 78 78 78 78 78 77 77 77 77 76 76    789
SEP  76 76 75 75 75 75 74 74 74 74 73 73 73 72 72 72 71 71 71 70 70 70 69 69 69 68 68 68 67 67       717
OCT  67 66 66 66 65 65 64 64 64 63 63 62 62 62 61 61 60 60 60 59 59 58 58 57 57 57 56 56 55 55 54    607
NOV  54 53 53 53 52 52 51 51 50 50 49 49 49 48 48 47 47 46 46 45 45 45 44 44 43 43 43 42 42 41       475
DEC  41 41 40 40 39 39 39 38 38 38 37 37 37 36 36 36 36 35 35 35 35 34 34 34 34 33 33 33 33 33 33    362
                                                                                                        
-------------------------------------------------------------------------------------------------       
 Average Temperature (deg F [tenths deg F for monthly])                                                 
 DAY  1  2  3  4  5  6  7  8  9 10 11 12 13 14 15 16 17 18 19 20 21 22 23 24 25 26 27 28 29 30 31  MONTH
-------------------------------------------------------------------------------------------------       
JAN  24 24 24 24 24 23 23 23 23 23 23 23 23 23 22 22 22 22 22 22 22 22 22 22 22 22 22 22 22 22 22    226
FEB  22 22 22 22 22 22 22 23 23 23 23 23 23 23 24 24 24 24 25 25 25 26 26 26 26 27 27 28             240
MAR  28 28 29 29 29 30 30 31 31 31 32 32 32 33 33 33 34 34 35 35 35 36 36 36 37 37 37 38 38 38 38    334
APR  39 39 39 40 40 40 41 41 42 42 42 43 43 43 44 44 44 45 45 45 46 46 47 47 47 48 48 49 49 49       439
MAY  50 50 50 51 51 52 52 52 53 53 54 54 54 55 55 55 56 56 56 57 57 57 58 58 58 59 59 59 60 60 60    552
JUN  60 61 61 61 62 62 62 62 63 63 63 63 64 64 64 64 64 65 65 65 65 66 66 66 66 66 66 67 67 67       640
JUL  67 67 67 67 68 68 68 68 68 68 68 68 68 68 68 68 68 68 69 69 69 69 69 69 69 69 69 69 68 68 68    682
AUG  68 68 68 68 68 68 68 68 68 68 68 67 67 67 67 67 67 67 66 66 66 66 66 66 65 65 65 65 64 64 64    666
SEP  64 63 63 63 63 62 62 62 62 61 61 61 60 60 60 60 59 59 59 58 58 58 57 57 56 56 56 55 55 55       595
OCT  54 54 53 53 53 52 52 51 51 51 50 50 50 49 49 49 48 48 47 47 47 46 46 46 45 45 45 44 44 44 44    486
NOV  43 43 43 42 42 42 41 41 41 40 40 40 39 39 39 38 38 37 37 37 36 36 36 35 35 35 34 34 33 33       383
DEC  33 32 32 32 31 31 31 30 30 30 29 29 29 28 28 28 28 27 27 27 26 26 26 26 26 25 25 25 25 25 24    281
                                                                                                        
-------------------------------------------------------------------------------------------------       
 Heating Degree Days                                                                                    
 DAY  1  2  3  4  5  6  7  8  9 10 11 12 13 14 15 16 17 18 19 20 21 22 23 24 25 26 27 28 29 30 31  MONTH
-------------------------------------------------------------------------------------------------       
JAN  41 41 41 41 42 42 42 42 42 42 42 42 43 43 43 43 43 43 43 43 43 43 43 43 43 43 43 43 43 43 43   1317
FEB  43 43 43 43 43 43 43 42 42 42 42 42 42 42 41 41 41 41 40 40 40 40 39 39 39 38 38 37            1149
MAR  37 37 36 36 36 35 35 34 34 34 33 33 33 32 32 32 31 31 31 30 30 30 29 29 28 28 28 27 27 27 27    982
APR  26 26 26 25 25 25 24 24 24 23 23 22 22 22 21 21 21 20 20 20 19 19 18 18 18 17 17 17 16 16       635
MAY  15 15 15 14 14 14 13 13 13 12 12 11 11 11 10 10 10 10  9  9  9  8  8  8  8  7  7  7  6  6  6    321
JUN   6  5  5  5  5  5  4  4  4  4  4  3  3  3  3  3  3  2  2  2  2  2  2  2  2  2  2  1  1  1        92
JUL   1  1  1  1  1  1  1  1  1  1  1  1  1  1  1  1  1  0  0  0  0  0  1  1  1  1  1  1  1  1  1     26
AUG   1  1  1  1  1  1  1  1  1  1  1  1  2  2  2  2  2  2  2  2  2  2  2  2  3  3  3  3  3  3  3     57
SEP   3  3  3  4  4  4  4  4  4  5  5  5  5  6  6  6  6  7  7  7  7  8  8  8  9  9  9 10 10 11       187
OCT  11 11 12 12 13 13 13 14 14 15 15 15 16 16 16 17 17 17 18 18 18 19 19 19 20 20 20 21 21 21 22    513
NOV  22 22 23 23 23 24 24 24 24 25 25 25 26 26 26 27 27 27 28 28 29 29 29 30 30 30 31 31 31 32       801
DEC  32 33 33 33 34 34 34 35 35 35 36 36 36 37 37 37 37 38 38 38 38 39 39 39 39 40 40 40 40 40 41   1143
                                                                                                        
-------------------------------------------------------------------------------------------------       
 Cooling Degree Days                                                                                    
 DAY  1  2  3  4  5  6  7  8  9 10 11 12 13 14 15 16 17 18 19 20 21 22 23 24 25 26 27 28 29 30 31  MONTH
-------------------------------------------------------------------------------------------------       
JAN   0  0  0  0  0  0  0  0  0  0  0  0  0  0  0  0  0  0  0  0  0  0  0  0  0  0  0  0  0  0  0      0
FEB   0  0  0  0  0  0  0  0  0  0  0  0  0  0  0  0  0  0  0  0  0  0  0  0  0  0  0  0               0
MAR   0  0  0  0  0  0  0  0  0  0  0  0  0  0  0  0  0  0  0  0  0  0  0  0  0  0  0  0  0  0  0      0
APR   0  0  0  0  0  0  0  0  0  0  0  0  0  0  0  0  0  0  0  0  0  0  0  0  0  0  0  0  0  0         0
MAY   0  0  0  0  0  0  0  0  0  0  0  0  1  1  1  1  1  1  1  1  1  1  1  1  1  1  1  1  1  1  1     19
JUN   1  1  1  1  1  1  2  2  2  2  2  2  2  2  2  2  2  2  2  2  2  2  3  3  3  3  3  3  3  3        62
JUL   3  3  4  4  4  4  4  4  4  4  4  4  4  4  4  4  4  4  4  4  4  4  4  4  4  4  5  4  4  4  4    123
AUG   4  4  4  4  4  4  4  4  4  4  4  4  4  4  4  4  4  3  3  3  3  3  3  3  3  3  3  2  2  2  2    106
SEP   2  2  2  2  1  1  1  1  1  1  1  1  1  1  1  1  0  0  0  0  0  0  0  0  0  0  0  0  0  0        20
OCT   0  0  0  0  0  0  0  0  0  0  0  0  0  0-99-99  0  0  0  0  0  0  0  0  0  0  0  0  0  0  0      2
NOV   0  0  0  0  0  0  0  0  0  0  0  0  0  0  0  0  0  0  0  0  0  0  0  0  0  0  0  0  0  0         0
DEC   0  0  0  0  0  0  0  0  0  0  0  0  0  0  0  0  0  0  0  0  0  0  0  0  0  0  0  0  0  0  0      0
                                                                                                        
-------------------------------------------------------------------------------------------------       
 Total  Precipitation (Hundreths of an Inch)                                                            
 DAY  1  2  3  4  5  6  7  8  9 10 11 12 13 14 15 16 17 18 19 20 21 22 23 24 25 26 27 28 29 30 31  MONTH
-------------------------------------------------------------------------------------------------       
JAN   9  9  9  9  9  9  9  8  8  8  8  8  8  8  8  8  8  8  8  8  8  8  8  8  8  8  8  8  8  8  8    255
FEB   8  8  8  8  8  8  8  8  8  8  8  8  8  8  9  9  9  9  9  9  9  9  9  9  9  9  9  9             238
MAR   9  9  9  9  9  9  9 10 10 10 10 10 10 10 10 10 10 10 10 10 11 11 11 11 11 11 11 11 11 12 12    316
APR  12 12 12 12 12 12 12 12 12 12 13 13 13 13 13 13 13 13 13 13 13 13 13 13 13 13 13 13 12 12       378
MAY  13 13 12 12 12 12 12 12 12 12 12 12 12 13 13 13 13 13 13 13 13 13 13 13 14 14 14 14 14 15 15    401
JUN  15 15 15 15 16 16 16 16 16 16 16 16 16 16 17 17 17 17 17 17 17 17 16 16 16 16 16 16 16 16       484
JUL  16 16 15 15 15 15 15 15 15 15 14 14 14 14 14 14 14 14 14 14 14 14 14 13 13 13 13 13 13 13 13    438
AUG  13 13 13 13 13 13 13 13 13 13 13 13 13 14 14 14 14 14 14 14 14 14 14 14 14 14 15 15 15 15 15    426
SEP  15 15 15 15 15 16 16 16 16 16 16 16 16 16 16 15 15 15 15 15 15 15 15 15 14 14 14 14 14 13       453
OCT  13 13 13 12 12 12 12 12 11 11 11 11 11 11 11 11 11 11 11 11 11 11 11 11 11 11 11 11 11 12 12    354
NOV  12 12 12 12 12 13 13 13 13 13 13 13 13 13 13 13 13 13 13 13 13 13 13 13 13 13 13 13 12 12       383
DEC  12 12 12 12 12 12 12 11 11 11 11 11 11 11 11 10 10 10 10 10 10 10 10 10 10  9  9  9  9  9  9    326
                                                                                                        
