-------------------------------------------------------------------------------------------------       
 1971-2000 Daily/Monthly Station Normals                                                                
 Provided by National Climatic Data Center/NESDIS/NOAA                                                  
-------------------------------------------------------------------------------------------------       
 Station COOP ID:                           364836                                                      
 Station Name, State, Division, Call:       LAUREL MOUNTAIN                    PA 09                    
 Latitude, Longitude, Elevation, Elements:  40 12 00 -079 11 18  2760 XNP                               
-------------------------------------------------------------------------------------------------       
 Minimum Temperature (deg F [tenths deg F for monthly])                                                 
 DAY  1  2  3  4  5  6  7  8  9 10 11 12 13 14 15 16 17 18 19 20 21 22 23 24 25 26 27 28 29 30 31  MONTH
-------------------------------------------------------------------------------------------------       
JAN  17 17 17 17 17 17 16 16 16 16 16 16 16 16 16 16 15 15 15 15 15 15 15 15 15 15 15 15 15 15 15    157
FEB  15 15 15 15 15 15 15 15 15 16 16 16 16 16 16 17 17 17 17 17 18 18 18 18 19 19 19 20             166
MAR  20 20 21 21 21 22 22 22 23 23 23 24 24 24 24 25 25 25 26 26 26 27 27 27 27 28 28 28 29 29 29    247
APR  29 30 30 30 30 31 31 31 32 32 32 33 33 33 34 34 34 34 35 35 35 36 36 37 37 37 38 38 38 39       338
MAY  39 40 40 40 41 41 41 42 42 42 43 43 44 44 44 45 45 45 46 46 46 47 47 47 48 48 49 49 49 50 50    446
JUN  50 51 51 51 51 52 52 52 53 53 53 54 54 54 54 55 55 55 55 55 56 56 56 56 57 57 57 57 57 57       542
JUL  58 58 58 58 58 58 59 59 59 59 59 59 59 59 59 59 59 59 59 59 59 59 60 60 60 60 60 60 60 59 59    590
AUG  59 59 59 59 59 59 59 59 59 59 59 59 59 59 58 58 58 58 58 58 58 57 57 57 57 57 57 56 56 56 56    580
SEP  56 55 55 55 55 54 54 54 54 53 53 53 52 52 52 52 51 51 51 50 50 49 49 49 48 48 47 47 47 46       514
OCT  46 45 45 45 44 44 43 43 43 42 42 41 41 41 40 40 40 39 39 39 38 38 38 37 37 37 36 36 36 36 35    402
NOV  35 35 35 34 34 34 34 33 33 33 32 32 32 31 31 31 30 30 30 30 29 29 28 28 28 27 27 27 26 26       308
DEC  26 25 25 24 24 24 23 23 23 22 22 22 21 21 21 21 20 20 20 20 19 19 19 19 18 18 18 18 18 18 17    209
                                                                                                        
-------------------------------------------------------------------------------------------------       
 Maximum Temperature (deg F [tenths deg F for monthly])                                                 
 DAY  1  2  3  4  5  6  7  8  9 10 11 12 13 14 15 16 17 18 19 20 21 22 23 24 25 26 27 28 29 30 31  MONTH
-------------------------------------------------------------------------------------------------       
JAN  31 31 31 30 30 30 30 30 30 30 30 30 30 30 30 30 30 30 30 30 30 30 30 30 30 30 30 30 30 30 30    301
FEB  30 30 31 31 31 31 31 31 32 32 32 32 32 33 33 33 33 34 34 34 34 35 35 35 36 36 36 37             330
MAR  37 37 38 38 39 39 39 40 40 40 41 41 41 42 42 43 43 43 44 44 44 45 45 46 46 46 47 47 48 48 48    426
APR  49 49 49 50 50 51 51 51 52 52 52 53 53 54 54 54 55 55 55 56 56 57 57 57 58 58 58 59 59 59       541
MAY  60 60 61 61 61 62 62 62 63 63 63 63 64 64 64 65 65 65 66 66 66 66 67 67 67 67 68 68 68 68 68    645
JUN  69 69 69 69 70 70 70 70 70 71 71 71 71 71 71 72 72 72 72 72 72 73 73 73 73 73 73 73 73 74       714
JUL  74 74 74 74 74 74 74 74 74 75 75 75 75 75 75 75 75 75 75 75 75 75 75 75 75 75 75 75 75 75 75    747
AUG  75 75 75 75 75 75 75 75 74 74 74 74 74 74 74 74 74 73 73 73 73 73 73 73 72 72 72 72 72 71 71    735
SEP  71 71 70 70 70 70 69 69 69 69 68 68 68 68 67 67 67 66 66 66 65 65 65 64 64 64 63 63 63 62       669
OCT  62 62 61 61 61 60 60 60 59 59 58 58 58 57 57 57 56 56 55 55 55 54 54 53 53 53 52 52 52 51 51    565
NOV  50 50 50 49 49 48 48 48 47 47 46 46 46 45 45 44 44 44 43 43 43 42 42 41 41 41 40 40 40 39       447
DEC  39 39 38 38 38 37 37 37 36 36 36 35 35 35 35 34 34 34 34 33 33 33 33 32 32 32 32 32 32 31 31    346
                                                                                                        
-------------------------------------------------------------------------------------------------       
 Average Temperature (deg F [tenths deg F for monthly])                                                 
 DAY  1  2  3  4  5  6  7  8  9 10 11 12 13 14 15 16 17 18 19 20 21 22 23 24 25 26 27 28 29 30 31  MONTH
-------------------------------------------------------------------------------------------------       
JAN  24 24 24 24 24 23 23 23 23 23 23 23 23 23 23 23 23 23 23 22 22 22 22 22 22 22 22 23 23 23 23    229
FEB  23 23 23 23 23 23 23 23 23 24 24 24 24 24 25 25 25 25 25 26 26 26 27 27 27 27 28 28             248
MAR  29 29 29 30 30 30 31 31 31 32 32 32 33 33 33 34 34 34 35 35 35 36 36 37 37 37 37 38 38 38 39    337
APR  39 39 40 40 40 41 41 41 42 42 42 43 43 43 44 44 45 45 45 46 46 46 47 47 47 48 48 48 49 49       440
MAY  50 50 50 51 51 51 52 52 52 53 53 53 54 54 54 55 55 55 56 56 56 57 57 57 58 58 58 58 59 59 59    546
JUN  59 60 60 60 61 61 61 61 62 62 62 62 62 63 63 63 63 63 64 64 64 64 64 65 65 65 65 65 65 66       628
JUL  66 66 66 66 66 66 67 67 67 67 67 67 67 67 67 67 67 67 67 67 67 67 67 67 68 68 68 67 67 67 67    669
AUG  67 67 67 67 67 67 67 67 67 67 67 67 66 66 66 66 66 66 66 66 65 65 65 65 65 64 64 64 64 64 63    658
SEP  63 63 63 63 62 62 62 62 61 61 61 60 60 60 60 59 59 59 58 58 58 57 57 57 56 56 55 55 55 54       592
OCT  54 54 53 53 52 52 52 51 51 51 50 50 49 49 49 48 48 48 47 47 47 46 46 45 45 45 44 44 44 43 43    484
NOV  43 42 42 42 41 41 41 40 40 40 39 39 39 38 38 38 37 37 37 36 36 36 35 35 35 34 34 33 33 33       378
DEC  32 32 32 31 31 30 30 30 30 29 29 29 28 28 28 28 27 27 27 27 26 26 26 26 25 25 25 25 25 24 24    278
                                                                                                        
-------------------------------------------------------------------------------------------------       
 Heating Degree Days                                                                                    
 DAY  1  2  3  4  5  6  7  8  9 10 11 12 13 14 15 16 17 18 19 20 21 22 23 24 25 26 27 28 29 30 31  MONTH
-------------------------------------------------------------------------------------------------       
JAN  41 41 41 41 41 42 42 42 42 42 42 42 42 42 42 42 42 42 42 43 43 43 43 43 43 43 43 42 42 42 42   1305
FEB  42 42 42 42 42 42 42 42 41 41 41 41 41 41 40 40 40 40 40 39 39 39 38 38 38 38 37 37            1125
MAR  37 36 36 35 35 35 34 34 34 33 33 33 32 32 32 31 31 31 30 30 30 29 29 29 28 28 28 27 27 27 26    972
APR  26 26 25 25 25 24 24 24 23 23 23 22 22 22 21 21 21 20 20 20 19 19 18 18 18 17 17 17 16 16       632
MAY  16 15 15 15 14 14 14 13 13 13 12 12 12 11 11 11 10 10 10 10  9  9  9  9  8  8  8  8  7  7  7    340
JUN   7  6  6  6  6  6  5  5  5  5  5  4  4  4  4  4  4  4  3  3  3  3  3  3  3  3  3  2  2  2       123
JUL   2  2  2  2  2  2  2  2  2  2  2  2  2  2  2  2  2  2  2  1  1  1  1  1  1  1  1  1  1  1  2     51
AUG   1  1  2  2  2  2  2  2  2  2  2  2  2  2  2  2  2  2  2  2  2  2  3  3  3  3  3  3  3  3  3     69
SEP   3  4  4  4  4  4  4  4  5  5  5  5  5  6  6  6  6  7  7  7  8  8  8  9  9  9 10 10 10 11       193
OCT  11 12 12 12 13 13 14 14 14 15 15 15 16 16 17 17 17 18 18 18 19 19 19 20 20 20 21 21 21 22 22    521
NOV  22 23 23 23 24 24 24 25 25 25 26 26 26 27 27 27 28 28 28 29 29 30 30 30 31 31 31 32 32 32       818
DEC  33 33 33 34 34 35 35 35 35 36 36 36 37 37 37 38 38 38 38 39 39 39 39 39 40 40 40 40 40 41 41   1155
                                                                                                        
-------------------------------------------------------------------------------------------------       
 Cooling Degree Days                                                                                    
 DAY  1  2  3  4  5  6  7  8  9 10 11 12 13 14 15 16 17 18 19 20 21 22 23 24 25 26 27 28 29 30 31  MONTH
-------------------------------------------------------------------------------------------------       
JAN   0  0  0  0  0  0  0  0  0  0  0  0  0  0  0  0  0  0  0  0  0  0  0  0  0  0  0  0  0  0  0      0
FEB   0  0  0  0  0  0  0  0  0  0  0  0  0  0  0  0  0  0  0  0  0  0  0  0  0  0  0  0               0
MAR   0  0  0  0  0  0  0  0  0  0  0  0  0  0  0  0  0  0  0  0  0  0  0  0  0  0  0  0  0  0  0      0
APR   0  0  0  0  0  0  0  0  0  0  0  0  0  0  0  0  0  0  0  0  0  0  0  0  0  0  0  0  0  0         0
MAY   0  0  0  0  0  0  0  0  0  0  0  0  0  0  0  1  1  1  1  1  1  1  1  1  1  1  1  1  1  1  1     16
JUN   1  1  1  1  1  1  1  1  2  2  2  2  2  2  2  2  2  2  2  2  2  2  2  2  2  3  3  3  3  3        57
JUL   3  3  3  3  3  3  3  3  3  3  3  3  3  3  3  4  4  4  4  4  4  4  4  4  4  4  4  4  4  4  4    109
AUG   4  4  4  4  4  4  3  3  3  3  3  3  3  3  3  3  3  3  3  3  3  3  3  2  2  2  2  2  2  2  2     91
SEP   2  2  1  1  1  1  1  1  1  1  1  1  1  1  1  1  0  0  0  0  0  0  0  0  0  0  0  0  0  0        18
OCT   0  0  0  0  0  0  0  0  0  0  0-99-99-99-99  0  0  0  0  0  0  0  0  0  0  0  0  0  0  0  0      4
NOV   0  0  0  0  0  0  0  0  0  0  0  0  0  0  0  0  0  0  0  0  0  0  0  0  0  0  0  0  0  0         0
DEC   0  0  0  0  0  0  0  0  0  0  0  0  0  0  0  0  0  0  0  0  0  0  0  0  0  0  0  0  0  0  0      0
                                                                                                        
-------------------------------------------------------------------------------------------------       
 Total  Precipitation (Hundreths of an Inch)                                                            
 DAY  1  2  3  4  5  6  7  8  9 10 11 12 13 14 15 16 17 18 19 20 21 22 23 24 25 26 27 28 29 30 31  MONTH
-------------------------------------------------------------------------------------------------       
JAN  13 13 13 13 13 13 13 13 13 13 13 13 13 13 13 13 13 13 13 13 13 13 13 13 13 13 13 13 13 13 12    402
FEB  13 13 13 13 12 12 12 12 12 12 12 12 12 12 12 12 12 13 13 13 13 13 13 13 13 13 13 13             351
MAR  13 13 14 14 14 14 14 14 14 14 14 14 14 14 15 15 15 15 15 15 15 15 15 15 15 15 15 15 15 16 16    451
APR  15 15 16 16 16 16 16 16 16 16 16 16 16 16 16 16 16 16 16 16 16 16 16 16 16 16 16 15 15 15       475
MAY  16 16 16 15 15 15 15 15 15 15 15 15 15 15 15 15 15 15 15 16 16 16 16 16 16 16 16 16 16 16 16    480
JUN  16 16 16 16 17 17 17 17 17 17 17 17 17 17 17 17 17 17 17 17 17 17 17 17 17 17 17 17 17 17       506
JUL  17 17 17 17 17 16 16 16 16 16 16 16 16 16 16 16 16 16 16 16 16 16 16 16 16 15 15 15 15 15 15    495
AUG  15 15 15 15 15 15 15 15 15 15 15 15 15 15 15 15 15 15 15 15 15 15 15 15 15 15 15 15 16 16 16    468
SEP  16 16 16 16 16 16 16 16 16 16 16 16 16 16 16 15 15 15 15 15 15 15 15 14 14 14 14 13 13 13       455
OCT  13 12 12 12 12 12 11 11 11 11 11 11 11 11 11 11 11 11 11 11 11 11 11 11 11 11 11 11 12 12 12    351
NOV  12 13 13 13 13 13 13 14 14 14 14 14 14 14 14 14 14 14 14 14 14 14 14 14 14 14 14 14 14 14       412
DEC  14 13 13 13 13 13 13 13 13 13 13 13 13 13 13 13 12 12 12 12 12 12 12 12 12 13 13 13 13 13 13    395
                                                                                                        
