-------------------------------------------------------------------------------------------------       
 1971-2000 Daily/Monthly Station Normals                                                                
 Provided by National Climatic Data Center/NESDIS/NOAA                                                  
-------------------------------------------------------------------------------------------------       
 Station COOP ID:                           360457                                                      
 Station Name, State, Division, Call:       BEAR GAP                           PA 05                    
 Latitude, Longitude, Elevation, Elements:  40 50 00 -076 30 00   900   P                               
-------------------------------------------------------------------------------------------------       
 Total  Precipitation (Hundreths of an Inch)                                                            
 DAY  1  2  3  4  5  6  7  8  9 10 11 12 13 14 15 16 17 18 19 20 21 22 23 24 25 26 27 28 29 30 31  MONTH
-------------------------------------------------------------------------------------------------       
JAN   9  9  9  9  9  9  9  9  9  9  9  9  9  9 10  9  9  9  9  9  9  9  9  9  9  9  9  9  9  8  8    278
FEB   8  8  7  7  7  7  7  7  7  7  7  7  7  7  7  7  7  7  7  7  7  7  7  7  7  7  7  7             198
MAR   7  7  8  8  8  8  8  8  8  8  8  9  9  9  9  9  9  9  9 10 10 10 10 10 10 10 10 11 11 11 11    282
APR  11 11 11 11 11 12 12 12 12 12 12 12 12 12 12 12 13 13 13 13 13 13 13 13 13 13 13 13 13 13       369
MAY  13 13 13 13 13 13 13 13 13 13 13 13 13 14 14 14 14 14 14 14 14 14 14 14 14 15 15 15 15 15 15    427
JUN  15 16 16 16 16 16 16 16 16 16 16 16 16 16 16 16 16 16 16 16 16 16 16 16 16 15 15 15 15 15       474
JUL  15 15 14 14 14 14 14 14 13 13 13 13 13 13 13 12 12 12 12 12 12 12 12 11 11 11 11 11 11 11 11    389
AUG  11 11 11 11 10 10 10 10 10 11 11 11 11 11 11 11 11 11 11 12 12 12 12 12 13 13 13 13 14 14 14    358
SEP  15 15 15 15 16 16 16 16 16 16 17 17 17 17 17 17 17 16 16 16 16 16 16 16 15 15 15 15 14 14       475
OCT  14 13 13 13 12 12 12 12 11 11 11 11 11 11 10 10 10 10 10 10 10 10 10 10 11 11 11 11 11 11 12    345
NOV  12 12 12 12 13 13 13 13 13 13 13 13 13 13 13 13 13 13 13 13 13 13 13 12 12 12 12 12 11 11       377
DEC  11 10 10 10 10  9  9  9  9  9  9  8  8  8  8  8  8  8  8  8  8  8  8  8  8  8  8  8  8  8  8    265
                                                                                                        
