-------------------------------------------------------------------------------------------------       
 1971-2000 Daily/Monthly Station Normals                                                                
 Provided by National Climatic Data Center/NESDIS/NOAA                                                  
-------------------------------------------------------------------------------------------------       
 Station COOP ID:                           361080                                                      
 Station Name, State, Division, Call:       BUCKSVILLE                         PA 03                    
 Latitude, Longitude, Elevation, Elements:  40 30 00 -075 12 00   460 XNP                               
-------------------------------------------------------------------------------------------------       
 Minimum Temperature (deg F [tenths deg F for monthly])                                                 
 DAY  1  2  3  4  5  6  7  8  9 10 11 12 13 14 15 16 17 18 19 20 21 22 23 24 25 26 27 28 29 30 31  MONTH
-------------------------------------------------------------------------------------------------       
JAN  21 21 21 21 21 20 20 20 20 20 20 20 20 20 20 20 20 20 20 20 19 19 19 19 19 20 20 20 20 20 20    200
FEB  20 20 20 20 20 20 20 21 21 21 21 21 21 21 22 22 22 22 22 23 23 23 23 23 24 24 24 24             217
MAR  25 25 25 26 26 26 26 27 27 27 28 28 28 28 29 29 29 30 30 30 31 31 31 31 32 32 32 33 33 33 34    291
APR  34 34 34 35 35 35 36 36 36 37 37 37 38 38 38 39 39 39 40 40 40 41 41 41 42 42 42 43 43 43       385
MAY  44 44 44 45 45 45 46 46 46 47 47 47 48 48 48 49 49 49 50 50 50 51 51 51 52 52 52 52 53 53 53    486
JUN  54 54 54 55 55 55 55 56 56 56 56 57 57 57 58 58 58 58 58 59 59 59 59 60 60 60 60 60 61 61       575
JUL  61 61 62 62 62 62 62 62 62 62 63 63 63 63 63 63 63 63 63 63 63 63 63 63 63 63 63 63 63 63 63    626
AUG  63 63 63 63 63 63 63 63 63 62 62 62 62 62 62 62 61 61 61 61 61 61 60 60 60 60 60 59 59 59 59    614
SEP  58 58 58 58 57 57 57 56 56 56 56 55 55 55 54 54 53 53 53 52 52 52 51 51 50 50 49 49 48 48       537
OCT  48 47 47 46 46 45 45 44 44 44 43 43 43 42 42 42 41 41 41 40 40 40 40 39 39 39 39 38 38 38 38    420
NOV  38 37 37 37 37 36 36 36 36 36 35 35 35 35 34 34 34 33 33 33 32 32 32 32 31 31 31 30 30 29       339
DEC  29 29 28 28 28 27 27 27 27 26 26 26 25 25 25 25 24 24 24 24 23 23 23 23 22 22 22 22 22 22 21    248
                                                                                                        
-------------------------------------------------------------------------------------------------       
 Maximum Temperature (deg F [tenths deg F for monthly])                                                 
 DAY  1  2  3  4  5  6  7  8  9 10 11 12 13 14 15 16 17 18 19 20 21 22 23 24 25 26 27 28 29 30 31  MONTH
-------------------------------------------------------------------------------------------------       
JAN  38 38 38 37 37 37 37 37 37 37 37 37 37 37 37 37 37 37 37 37 37 37 37 37 37 37 37 37 38 38 38    372
FEB  38 38 38 38 38 39 39 39 39 39 39 40 40 40 40 41 41 41 41 42 42 42 43 43 43 43 44 44             405
MAR  44 45 45 45 46 46 47 47 47 48 48 48 49 49 49 50 50 51 51 51 52 52 53 53 53 54 54 54 55 55 56    499
APR  56 57 57 57 58 58 58 59 59 60 60 60 61 61 62 62 62 63 63 63 64 64 65 65 65 66 66 66 67 67       617
MAY  67 68 68 68 69 69 69 70 70 70 71 71 71 72 72 72 73 73 73 73 74 74 74 75 75 75 75 76 76 76 76    721
JUN  77 77 77 77 78 78 78 78 78 79 79 79 79 80 80 80 80 80 81 81 81 81 82 82 82 82 82 83 83 83       799
JUL  83 83 83 84 84 84 84 84 84 84 84 85 85 85 85 85 85 85 85 85 85 85 85 85 85 85 85 85 85 85 84    845
AUG  84 84 84 84 84 84 84 84 84 83 83 83 83 83 83 83 82 82 82 82 82 82 81 81 81 81 81 80 80 80 80    824
SEP  79 79 79 79 78 78 78 78 77 77 77 77 76 76 76 75 75 75 75 74 74 74 73 73 73 72 72 71 71 71       754
OCT  70 70 70 69 69 68 68 68 67 67 67 66 66 66 65 65 64 64 64 63 63 63 62 62 62 61 61 60 60 60 59    648
NOV  59 59 58 58 58 57 57 56 56 56 55 55 54 54 54 53 53 52 52 52 51 51 50 50 49 49 48 48 48 47       533
DEC  47 46 46 45 45 45 44 44 43 43 43 42 42 42 41 41 41 40 40 40 40 40 39 39 39 39 39 38 38 38 38    415
                                                                                                        
-------------------------------------------------------------------------------------------------       
 Average Temperature (deg F [tenths deg F for monthly])                                                 
 DAY  1  2  3  4  5  6  7  8  9 10 11 12 13 14 15 16 17 18 19 20 21 22 23 24 25 26 27 28 29 30 31  MONTH
-------------------------------------------------------------------------------------------------       
JAN  30 29 29 29 29 29 29 29 29 29 29 29 28 28 28 28 28 28 28 28 28 28 28 28 28 29 29 29 29 29 29    286
FEB  29 29 29 29 29 29 30 30 30 30 30 30 31 31 31 31 31 32 32 32 32 33 33 33 33 34 34 34             311
MAR  35 35 35 36 36 36 36 37 37 37 38 38 38 39 39 39 40 40 40 41 41 41 42 42 43 43 43 44 44 44 45    395
APR  45 45 46 46 46 47 47 47 48 48 49 49 49 50 50 50 51 51 51 52 52 52 53 53 53 54 54 55 55 55       501
MAY  55 56 56 57 57 57 58 58 58 59 59 59 60 60 60 60 61 61 61 62 62 62 63 63 63 63 64 64 64 65 65    604
JUN  65 65 66 66 66 66 67 67 67 68 68 68 68 68 69 69 69 69 70 70 70 70 70 71 71 71 71 72 72 72       687
JUL  72 72 73 73 73 73 73 73 73 73 74 74 74 74 74 74 74 74 74 74 74 74 74 74 74 74 74 74 74 74 74    736
AUG  74 74 74 74 73 73 73 73 73 73 73 73 73 72 72 72 72 72 72 71 71 71 71 71 71 70 70 70 70 69 69    719
SEP  69 69 68 68 68 68 67 67 67 67 66 66 66 65 65 65 64 64 64 63 63 63 62 62 61 61 61 60 60 59       646
OCT  59 59 58 58 57 57 57 56 56 55 55 55 54 54 54 53 53 52 52 52 51 51 51 51 50 50 50 49 49 49 48    534
NOV  48 48 48 47 47 47 46 46 46 46 45 45 45 44 44 44 43 43 43 42 42 41 41 41 40 40 40 39 39 38       436
DEC  38 38 37 37 36 36 36 35 35 35 34 34 34 33 33 33 33 32 32 32 32 31 31 31 31 30 30 30 30 30 30    332
                                                                                                        
-------------------------------------------------------------------------------------------------       
 Heating Degree Days                                                                                    
 DAY  1  2  3  4  5  6  7  8  9 10 11 12 13 14 15 16 17 18 19 20 21 22 23 24 25 26 27 28 29 30 31  MONTH
-------------------------------------------------------------------------------------------------       
JAN  35 36 36 36 36 36 36 36 36 36 36 36 37 37 37 37 37 37 37 37 37 37 37 37 37 37 36 36 36 36 36   1129
FEB  36 36 36 36 36 36 35 35 35 35 35 35 35 34 34 34 34 33 33 33 33 32 32 32 32 31 31 31             950
MAR  30 30 30 29 29 29 29 28 28 28 27 27 27 26 26 26 25 25 25 24 24 24 23 23 22 22 22 21 21 21 20    791
APR  20 20 19 19 19 18 18 18 17 17 16 16 16 15 15 15 14 14 14 13 13 13 12 12 12 11 11 11 10 10       448
MAY  10  9  9  9  9  8  8  8  7  7  7  7  6  6  6  6  5  5  5  5  4  4  4  4  4  3  3  3  3  3  2    179
JUN   2  2  2  2  2  2  1  1  1  1  1  1  1  1  1  1  0  0  0  0  0  0  0  0  0  0  0  0  0  0        22
JUL   0  0  0  0  0  0  0  0  0  0  0  0  0  0  0  0  0  0  0  0  0  0  0  0  0  0  0  0  0  0  0      0
AUG   0  0  0  0  0  0  0  0  0  0  0  0  0  0  0  0  0  0  0  0  0  0  0  0  0-99-99-99-99-99-99      6
SEP   0  0  0  0  1  1  1  1  1  1  1  1  1  2  2  2  2  3  3  3  3  4  4  4  4  5  5  5  6  6        72
OCT   7  7  7  8  8  8  9  9 10 10 10 11 11 11 12 12 12 13 13 13 14 14 14 15 15 15 15 16 16 16 17    368
NOV  17 17 17 18 18 18 19 19 19 19 20 20 20 21 21 21 22 22 23 23 23 24 24 24 25 25 25 26 26 27       643
DEC  27 28 28 28 29 29 29 30 30 30 31 31 31 32 32 32 32 33 33 33 33 34 34 34 34 35 35 35 35 35 35    987
                                                                                                        
-------------------------------------------------------------------------------------------------       
 Cooling Degree Days                                                                                    
 DAY  1  2  3  4  5  6  7  8  9 10 11 12 13 14 15 16 17 18 19 20 21 22 23 24 25 26 27 28 29 30 31  MONTH
-------------------------------------------------------------------------------------------------       
JAN   0  0  0  0  0  0  0  0  0  0  0  0  0  0  0  0  0  0  0  0  0  0  0  0  0  0  0  0  0  0  0      0
FEB   0  0  0  0  0  0  0  0  0  0  0  0  0  0  0  0  0  0  0  0  0  0  0  0  0  0  0  0               0
MAR   0  0  0  0  0  0  0  0  0  0  0  0  0  0  0  0  0  0  0  0  0  0  0  0  0  0  0  0  0  0  0      0
APR   0  0  0  0  0  0  0  0  0  0  0  0  0  0  0  0  0  0  0  0  0  0  0  0  0  0  0  0  0  0         0
MAY   0  0  0  0  0  0  1  1  1  1  1  1  1  1  1  1  1  1  1  1  1  2  2  2  2  2  2  2  2  2  2     35
JUN   2  3  3  3  3  3  3  3  3  4  4  4  4  4  4  4  5  5  5  5  5  5  6  6  6  6  6  6  7  7       134
JUL   7  7  7  8  8  8  8  8  8  8  8  9  9  9  9  9  9  9  9  9  9  9  9  9  9  9  9  9  9  9  9    265
AUG   9  9  9  9  9  8  8  8  8  8  8  8  8  8  7  7  7  7  7  7  7  6  6  6  6  6  5  5  5  5  5    221
SEP   4  4  4  4  3  3  3  3  3  2  2  2  2  2  2  2  1  1  1  1  1  1  1  1  1  1  1  1  1  1        59
OCT   1  1  1  1  1  1  1  1  0  0  0  0  0  0  0  0  0  0  0  0  0  0  0  0  0  0  0  0  0  0  0      8
NOV   0  0  0  0  0  0  0  0  0  0  0  0  0  0  0  0  0  0  0  0  0  0  0  0  0  0  0  0  0  0         0
DEC   0  0  0  0  0  0  0  0  0  0  0  0  0  0  0  0  0  0  0  0  0  0  0  0  0  0  0  0  0  0  0      0
                                                                                                        
-------------------------------------------------------------------------------------------------       
 Total  Precipitation (Hundreths of an Inch)                                                            
 DAY  1  2  3  4  5  6  7  8  9 10 11 12 13 14 15 16 17 18 19 20 21 22 23 24 25 26 27 28 29 30 31  MONTH
-------------------------------------------------------------------------------------------------       
JAN  13 13 13 13 13 13 13 13 14 14 14 14 14 14 14 14 14 14 13 13 13 13 13 13 13 13 13 13 13 12 12    411
FEB  12 12 12 12 11 11 11 11 11 11 11 11 11 11 11 11 11 11 11 11 11 11 11 11 11 11 11 11             312
MAR  11 12 12 12 12 12 12 12 12 12 12 12 12 12 13 13 13 13 13 13 13 13 13 13 13 13 13 13 13 13 13    388
APR  13 13 13 13 13 13 13 13 13 13 13 13 13 13 13 13 13 14 14 14 14 14 14 14 14 15 15 15 15 15       408
MAY  15 16 16 16 16 16 16 16 16 16 16 16 16 16 16 16 16 16 16 16 16 16 16 16 15 15 15 15 15 14 14    486
JUN  14 13 13 13 13 13 12 12 12 12 12 12 12 12 12 12 12 12 12 12 13 13 13 13 13 14 14 14 14 15       383
JUL  15 15 16 16 16 16 17 17 17 17 17 17 18 18 18 18 18 18 18 18 18 17 17 17 17 17 17 17 16 16 16    525
AUG  16 15 15 15 15 14 14 14 14 14 14 14 13 13 13 13 13 13 13 13 13 13 13 14 14 14 14 14 14 14 15    430
SEP  15 15 15 15 16 16 16 16 16 16 16 16 16 16 16 16 16 16 16 16 16 16 16 16 16 15 15 15 15 14       470
OCT  14 14 14 13 13 13 13 13 13 12 12 12 12 12 12 12 12 12 12 12 12 12 12 12 12 12 12 12 12 12 12    384
NOV  13 13 13 13 13 13 13 13 13 13 13 14 14 14 14 14 14 14 14 14 14 13 13 13 13 13 13 13 13 13       400
DEC  13 13 13 12 12 12 12 12 12 12 12 12 12 12 12 12 12 12 12 12 12 12 12 12 12 12 12 12 13 13 13    378
                                                                                                        
