-------------------------------------------------------------------------------------------------       
 1971-2000 Daily/Monthly Station Normals                                                                
 Provided by National Climatic Data Center/NESDIS/NOAA                                                  
-------------------------------------------------------------------------------------------------       
 Station COOP ID:                           365160                                                      
 Station Name, State, Division, Call:       LONG POND POCONO LAKE              PA 01                    
 Latitude, Longitude, Elevation, Elements:  41 07 09 -075 32 53  1800   P                               
-------------------------------------------------------------------------------------------------       
 Total  Precipitation (Hundreths of an Inch)                                                            
 DAY  1  2  3  4  5  6  7  8  9 10 11 12 13 14 15 16 17 18 19 20 21 22 23 24 25 26 27 28 29 30 31  MONTH
-------------------------------------------------------------------------------------------------       
JAN  14 14 14 14 14 14 14 14 14 15 15 15 15 15 15 15 15 14 14 14 14 14 14 14 14 14 14 13 13 13 13    438
FEB  13 12 12 12 12 12 12 12 11 11 11 11 11 11 11 11 11 11 11 11 11 11 11 12 12 12 12 12             322
MAR  12 12 13 13 13 13 13 13 13 14 14 14 14 14 14 14 14 14 14 14 14 14 14 14 14 15 15 15 15 15 14    428
APR  14 14 14 14 14 14 14 14 14 15 15 15 15 15 15 15 15 15 15 15 15 15 15 15 15 15 16 16 16 16       445
MAY  16 16 16 16 16 17 17 17 17 17 17 17 17 17 17 17 17 17 17 17 18 18 18 18 18 18 18 18 18 18 18    533
JUN  18 18 18 18 18 18 18 18 17 17 17 17 17 17 17 17 17 17 17 17 17 17 16 16 16 16 16 16 16 16       510
JUL  16 15 15 15 15 15 15 15 15 15 14 14 14 14 14 14 14 14 14 14 14 13 13 13 13 13 13 13 13 13 13    435
AUG  13 13 13 13 13 13 13 13 13 13 13 13 13 13 13 13 13 13 13 14 14 14 14 14 14 15 15 15 15 15 16    422
SEP  16 16 16 17 17 17 17 17 17 17 18 18 18 18 18 18 18 18 17 17 17 17 17 17 17 17 16 16 16 16       511
OCT  15 15 15 15 14 14 14 14 14 14 14 13 13 13 13 13 13 13 13 13 13 13 13 13 13 14 14 14 14 14 14    424
NOV  14 15 15 15 15 15 15 15 15 15 16 16 16 16 16 16 16 16 16 16 15 15 15 15 15 15 15 15 14 14       457
DEC  14 14 14 14 13 13 13 13 13 13 13 13 13 13 12 12 12 12 12 12 13 13 13 13 13 13 13 13 13 13 13    401
                                                                                                        
