-------------------------------------------------------------------------------------------------       
 1971-2000 Daily/Monthly Station Normals                                                                
 Provided by National Climatic Data Center/NESDIS/NOAA                                                  
-------------------------------------------------------------------------------------------------       
 Station COOP ID:                           369705                                                      
 Station Name, State, Division, Call:       WILKES BRE SCTN AP AVOCA           PA 01 AVP                
 Latitude, Longitude, Elevation, Elements:  41 20 20 -075 43 36   930 XNP                               
-------------------------------------------------------------------------------------------------       
 Minimum Temperature (deg F [tenths deg F for monthly])                                                 
 DAY  1  2  3  4  5  6  7  8  9 10 11 12 13 14 15 16 17 18 19 20 21 22 23 24 25 26 27 28 29 30 31  MONTH
-------------------------------------------------------------------------------------------------       
JAN  20 20 20 20 19 19 19 19 19 19 19 18 18 18 18 18 18 18 18 18 18 18 18 18 18 18 18 18 18 18 18    185
FEB  18 18 18 19 19 19 19 19 19 19 20 20 20 20 20 20 21 21 21 21 22 22 22 22 23 23 23 23             204
MAR  24 24 24 25 25 25 26 26 26 27 27 27 27 28 28 28 29 29 29 30 30 30 31 31 31 31 32 32 32 33 33    284
APR  33 34 34 34 35 35 35 36 36 36 37 37 37 37 38 38 38 39 39 40 40 40 41 41 41 42 42 42 43 43       381
MAY  43 44 44 44 45 45 46 46 46 47 47 47 48 48 48 48 49 49 49 50 50 50 51 51 51 52 52 52 52 53 53    484
JUN  53 53 54 54 54 55 55 55 55 56 56 56 56 56 57 57 57 57 58 58 58 58 58 59 59 59 59 59 60 60       567
JUL  60 60 60 60 61 61 61 61 61 61 61 61 62 62 62 62 62 62 62 62 62 62 62 62 62 62 62 62 62 62 62    615
AUG  62 62 62 62 62 62 61 61 61 61 61 61 61 61 60 60 60 60 60 60 59 59 59 59 59 59 58 58 58 58 57    601
SEP  57 57 57 56 56 56 55 55 55 55 54 54 54 53 53 53 52 52 52 51 51 50 50 50 49 49 49 48 48 47       526
OCT  47 46 46 46 45 45 45 44 44 43 43 43 42 42 42 41 41 41 41 40 40 40 39 39 39 39 38 38 38 38 38    417
NOV  37 37 37 37 37 36 36 36 36 35 35 35 35 34 34 34 33 33 33 33 32 32 32 31 31 31 30 30 30 29       337
DEC  29 29 28 28 27 27 27 26 26 26 25 25 25 25 24 24 24 23 23 23 23 22 22 22 22 21 21 21 21 21 20    242
                                                                                                        
-------------------------------------------------------------------------------------------------       
 Maximum Temperature (deg F [tenths deg F for monthly])                                                 
 DAY  1  2  3  4  5  6  7  8  9 10 11 12 13 14 15 16 17 18 19 20 21 22 23 24 25 26 27 28 29 30 31  MONTH
-------------------------------------------------------------------------------------------------       
JAN  35 35 35 34 34 34 34 34 34 34 34 34 34 34 34 34 34 34 34 34 34 34 34 34 34 34 34 34 34 34 34    341
FEB  35 35 35 35 35 35 35 36 36 36 36 36 37 37 37 37 38 38 38 38 39 39 39 40 40 40 41 41             373
MAR  42 42 42 43 43 43 44 44 45 45 45 46 46 47 47 47 48 48 48 49 49 50 50 50 51 51 51 52 52 53 53    473
APR  53 54 54 55 55 55 56 56 57 57 57 58 58 59 59 59 60 60 61 61 61 62 62 63 63 63 64 64 65 65       592
MAY  66 66 66 67 67 68 68 68 69 69 69 70 70 70 71 71 71 72 72 72 73 73 73 73 74 74 74 74 75 75 75    708
JUN  75 76 76 76 76 76 77 77 77 77 77 78 78 78 78 78 79 79 79 79 79 79 80 80 80 80 80 81 81 81       782
JUL  81 81 82 82 82 82 82 82 82 82 83 83 83 83 83 83 83 83 83 83 83 83 83 83 83 83 83 83 83 83 83    826
AUG  83 83 83 82 82 82 82 82 82 82 82 81 81 81 81 81 81 80 80 80 80 80 79 79 79 79 78 78 78 78 77    805
SEP  77 77 76 76 76 76 75 75 75 74 74 74 73 73 73 72 72 72 71 71 71 70 70 70 69 69 68 68 68 67       724
OCT  67 67 66 66 65 65 65 64 64 64 63 63 62 62 62 61 61 60 60 60 59 59 58 58 58 57 57 57 56 56 55    612
NOV  55 55 54 54 53 53 53 52 52 51 51 51 50 50 49 49 49 48 48 48 47 47 46 46 46 45 45 44 44 44       493
DEC  43 43 43 42 42 41 41 41 40 40 40 39 39 39 39 38 38 38 38 37 37 37 37 36 36 36 36 36 35 35 35    386
                                                                                                        
-------------------------------------------------------------------------------------------------       
 Average Temperature (deg F [tenths deg F for monthly])                                                 
 DAY  1  2  3  4  5  6  7  8  9 10 11 12 13 14 15 16 17 18 19 20 21 22 23 24 25 26 27 28 29 30 31  MONTH
-------------------------------------------------------------------------------------------------       
JAN  28 27 27 27 27 27 27 27 26 26 26 26 26 26 26 26 26 26 26 26 26 26 26 26 26 26 26 26 26 26 26    263
FEB  26 27 27 27 27 27 27 27 28 28 28 28 28 28 29 29 29 29 30 30 30 31 31 31 31 32 32 32             289
MAR  33 33 33 34 34 34 35 35 35 36 36 37 37 37 38 38 38 39 39 39 40 40 40 41 41 41 42 42 42 43 43    379
APR  43 44 44 45 45 45 46 46 46 47 47 47 48 48 48 49 49 50 50 50 51 51 51 52 52 53 53 53 54 54       487
MAY  55 55 55 56 56 56 57 57 57 58 58 59 59 59 59 60 60 60 61 61 61 62 62 62 62 63 63 63 64 64 64    596
JUN  64 65 65 65 65 65 66 66 66 66 67 67 67 67 67 68 68 68 68 69 69 69 69 69 70 70 70 70 70 70       675
JUL  71 71 71 71 71 71 72 72 72 72 72 72 72 72 72 72 72 72 73 73 73 73 73 73 73 73 73 72 72 72 72    721
AUG  72 72 72 72 72 72 72 72 72 71 71 71 71 71 71 71 70 70 70 70 70 69 69 69 69 69 68 68 68 68 67    703
SEP  67 67 67 66 66 66 65 65 65 64 64 64 63 63 63 63 62 62 61 61 61 60 60 60 59 59 59 58 58 57       625
OCT  57 57 56 56 55 55 55 54 54 54 53 53 52 52 52 51 51 51 50 50 50 49 49 49 48 48 48 47 47 47 47    515
NOV  46 46 46 45 45 45 44 44 44 43 43 43 43 42 42 41 41 41 40 40 40 39 39 39 38 38 38 37 37 36       415
DEC  36 36 35 35 35 34 34 33 33 33 33 32 32 32 31 31 31 31 30 30 30 30 29 29 29 29 28 28 28 28 28    314
                                                                                                        
-------------------------------------------------------------------------------------------------       
 Heating Degree Days                                                                                    
 DAY  1  2  3  4  5  6  7  8  9 10 11 12 13 14 15 16 17 18 19 20 21 22 23 24 25 26 27 28 29 30 31  MONTH
-------------------------------------------------------------------------------------------------       
JAN  38 38 38 38 38 39 39 39 39 39 39 39 39 39 39 39 40 40 40 40 40 40 40 40 40 40 39 39 39 39 39   1214
FEB  39 39 39 39 39 39 38 38 38 38 38 37 37 37 37 37 36 36 36 36 35 35 35 34 34 34 34 33            1027
MAR  33 33 32 32 31 31 31 30 30 30 29 29 29 28 28 28 27 27 27 26 26 26 25 25 25 24 24 23 23 23 22    857
APR  22 22 21 21 21 20 20 20 19 19 19 18 18 18 17 17 16 16 16 15 15 15 14 14 14 13 13 13 12 12       510
MAY  11 11 11 10 10 10  9  9  9  8  8  8  8  7  7  7  7  6  6  6  6  5  5  5  5  5  4  4  4  4  4    219
JUN   3  3  3  3  3  3  3  2  2  2  2  2  2  2  2  2  1  1  1  1  1  1  1  1  1  1  1  1  1  1        53
JUL   1  1  1  1  1  1  1  1  1  0  0  0  0  0  0  0  0  0  0  0  0  0  0  0  0  0  0  0  0  0  0      9
AUG   0  0  0  0  0  0  0  0  0  0  0  0  0  0  0  0  1  1  1  1  1  1  1  1  1  1  1  1  2  2  2     18
SEP   2  2  2  2  2  2  3  3  3  3  3  4  4  4  4  4  5  5  5  5  6  6  6  7  7  7  7  8  8  9       138
OCT   9  9 10 10 10 11 11 11 12 12 12 13 13 13 14 14 14 15 15 15 16 16 16 16 17 17 17 18 18 18 19    431
NOV  19 19 20 20 20 21 21 21 21 22 22 22 23 23 23 24 24 24 25 25 26 26 26 27 27 27 28 28 28 29       711
DEC  29 29 30 30 31 31 31 32 32 32 32 33 33 33 34 34 34 35 35 35 35 36 36 36 36 37 37 37 37 37 38   1047
                                                                                                        
-------------------------------------------------------------------------------------------------       
 Cooling Degree Days                                                                                    
 DAY  1  2  3  4  5  6  7  8  9 10 11 12 13 14 15 16 17 18 19 20 21 22 23 24 25 26 27 28 29 30 31  MONTH
-------------------------------------------------------------------------------------------------       
JAN   0  0  0  0  0  0  0  0  0  0  0  0  0  0  0  0  0  0  0  0  0  0  0  0  0  0  0  0  0  0  0      0
FEB   0  0  0  0  0  0  0  0  0  0  0  0  0  0  0  0  0  0  0  0  0  0  0  0  0  0  0  0               0
MAR   0  0  0  0  0  0  0  0  0  0  0  0  0  0  0  0  0  0  0  0  0  0-99  0  0  0  0  0  0  0  0      1
APR   0  0  0  0  0  0  0  0  0  0  0  0  0  0  0  0  0  0  0  0  0  0  0  0  0-99-99-99-99-99         5
MAY   0  0  0  1  1  1  1  1  1  1  1  1  1  1  1  1  1  1  1  1  1  1  1  2  2  2  2  2  2  2  2     36
JUN   2  2  2  2  3  3  3  3  3  3  3  3  3  4  4  4  4  4  4  4  4  5  5  5  5  5  5  5  6  6       114
JUL   6  6  6  6  6  7  7  7  7  7  7  7  7  7  7  7  7  8  8  8  8  8  8  8  8  7  7  7  7  7  7    220
AUG   7  7  7  7  7  7  7  7  6  6  6  6  6  6  6  6  6  5  5  5  5  5  5  5  5  4  4  4  4  4  4    174
SEP   4  3  3  3  3  3  3  3  2  2  2  2  2  2  2  2  2  2  1  1  1  1  1  1  1  1  1  1  1  1        57
OCT   1  1  1  1  0  0  0  0  0  0  0  0  0  0  0  0  0  0  0  0  0  0  0  0  0  0  0  0  0  0  0      4
NOV   0  0  0  0  0  0  0  0  0  0  0  0  0  0  0  0  0  0  0  0  0  0  0  0  0  0  0  0  0  0         0
DEC   0  0  0  0  0  0  0  0  0  0  0  0  0  0  0  0  0  0  0  0  0  0  0  0  0  0  0  0  0  0  0      0
                                                                                                        
-------------------------------------------------------------------------------------------------       
 Total  Precipitation (Hundreths of an Inch)                                                            
 DAY  1  2  3  4  5  6  7  8  9 10 11 12 13 14 15 16 17 18 19 20 21 22 23 24 25 26 27 28 29 30 31  MONTH
-------------------------------------------------------------------------------------------------       
JAN   8  8  8  8  8  8  8  8  8  8  8  8  8  8  8  8  8  8  8  8  8  8  8  8  8  8  8  8  8  7  7    246
FEB   8  8  8  8  8  8  7  7  7  7  7  7  7  7  7  7  7  7  7  7  7  7  8  8  8  8  8  8             208
MAR   8  8  8  8  8  8  8  8  8  8  8  8  8  8  9  9  9  9  9  9  9  9  9  9  9  9  9 10 10 10 10    269
APR  10 10 10 10 10 10 11 11 11 11 11 11 11 11 11 11 11 11 11 11 11 11 11 11 11 11 12 12 12 12       328
MAY  11 11 11 11 11 12 12 12 12 12 12 12 12 12 12 12 12 12 12 12 12 12 12 12 12 12 12 12 12 13 13    369
JUN  13 13 13 13 13 13 13 13 13 13 13 13 13 13 13 13 14 14 14 14 14 14 14 13 13 13 13 13 13 13       397
JUL  13 13 13 13 13 13 13 13 13 13 13 13 12 12 12 12 12 12 12 12 12 12 11 11 11 11 11 11 11 11 10    374
AUG  10 10 10 10 10 10 10 10  9  9  9  9  9  9  9 10 10 10 10 10 10 10 10 10 10 11 11 11 11 11 12    310
SEP  12 12 12 12 13 13 13 13 13 13 13 13 13 14 14 14 14 13 13 13 13 13 13 13 13 13 12 12 12 12       386
OCT  12 11 11 11 11 10 10 10 10 10 10 10 10  9  9  9  9  9  9  9  9  9  9  9  9  9  9 10 10 10 10    302
NOV  10 10 10 10 10 10 10 10 11 11 11 11 11 11 11 11 11 11 11 11 10 10 10 10 10 10 10 10 10 10       312
DEC   9  9  9  9  9  9  9  8  8  8  8  8  8  8  8  8  8  8  8  8  8  8  8  8  8  8  8  8  8  8  8    255
                                                                                                        
