-------------------------------------------------------------------------------------------------       
 1971-2000 Daily/Monthly Station Normals                                                                
 Provided by National Climatic Data Center/NESDIS/NOAA                                                  
-------------------------------------------------------------------------------------------------       
 Station COOP ID:                           364672                                                      
 Station Name, State, Division, Call:       KRESGEVILLE 2 W                    PA 01                    
 Latitude, Longitude, Elevation, Elements:  40 54 00 -075 32 00   830   P                               
-------------------------------------------------------------------------------------------------       
 Total  Precipitation (Hundreths of an Inch)                                                            
 DAY  1  2  3  4  5  6  7  8  9 10 11 12 13 14 15 16 17 18 19 20 21 22 23 24 25 26 27 28 29 30 31  MONTH
-------------------------------------------------------------------------------------------------       
JAN  13 13 13 13 14 14 14 14 14 14 14 14 13 13 13 13 13 13 13 13 13 13 13 13 13 13 12 12 12 12 12    406
FEB  12 12 12 11 11 11 11 11 11 11 11 11 11 11 11 11 11 11 11 11 11 11 11 11 11 11 12 12             313
MAR  12 12 12 12 12 12 13 13 13 13 13 13 13 13 13 13 13 13 13 13 13 13 13 13 13 13 14 13 13 13 13    398
APR  13 13 13 13 13 13 13 13 13 13 13 13 13 13 13 13 13 13 14 14 14 14 14 14 14 14 14 14 14 14       402
MAY  14 14 14 14 14 14 14 14 15 15 15 15 15 15 15 15 15 15 15 15 15 15 15 15 15 15 15 15 16 16 16    460
JUN  15 16 16 16 16 16 16 16 16 16 16 16 16 16 15 15 15 15 15 15 15 15 15 15 15 15 15 14 14 14       460
JUL  14 14 14 14 14 14 14 14 14 13 13 13 13 13 13 13 13 13 13 13 13 13 13 13 13 13 13 13 13 13 13    412
AUG  13 13 13 13 14 14 14 14 14 14 14 14 14 14 14 14 14 15 15 15 15 15 15 15 15 15 15 16 16 16 16    448
SEP  16 16 16 16 16 16 17 17 17 17 17 17 17 17 16 16 16 16 16 16 16 16 16 15 15 15 15 15 14 14       479
OCT  14 14 13 13 13 13 13 12 12 12 12 12 12 12 12 12 11 11 11 11 11 11 11 11 11 12 12 12 12 12 12    372
NOV  12 12 12 13 13 13 13 13 13 13 13 13 13 13 13 13 13 13 13 13 13 13 14 14 13 13 13 13 13 13       389
DEC  13 13 13 13 13 13 13 13 13 13 13 13 13 13 13 13 13 13 13 13 13 13 13 13 13 13 13 13 13 13 14    404
                                                                                                        
