-------------------------------------------------------------------------------------------------       
 1971-2000 Daily/Monthly Station Normals                                                                
 Provided by National Climatic Data Center/NESDIS/NOAA                                                  
-------------------------------------------------------------------------------------------------       
 Station COOP ID:                           360488                                                      
 Station Name, State, Division, Call:       BECHTELSVILLE 1 ENE                PA 03                    
 Latitude, Longitude, Elevation, Elements:  40 23 00 -075 37 00   460   P                               
-------------------------------------------------------------------------------------------------       
 Total  Precipitation (Hundreths of an Inch)                                                            
 DAY  1  2  3  4  5  6  7  8  9 10 11 12 13 14 15 16 17 18 19 20 21 22 23 24 25 26 27 28 29 30 31  MONTH
-------------------------------------------------------------------------------------------------       
JAN  12 12 12 12 12 12 13 13 13 13 13 13 13 12 12 12 12 12 12 12 12 12 12 12 12 11 11 11 11 11 11    373
FEB  10 10 10 10 10 10 10 10 10  9  9  9  9  9  9  9  9  9  9 10 10 10 10 10 10 10 10 11             271
MAR  11 11 11 11 11 11 12 12 12 12 12 12 12 12 12 12 12 12 13 13 13 13 13 13 13 13 12 12 12 12 12    374
APR  12 12 12 12 12 12 12 12 12 12 12 12 12 12 12 12 12 12 12 12 12 12 13 13 13 13 13 13 13 14       369
MAY  14 14 14 14 14 14 14 15 15 15 15 15 15 15 15 15 15 15 16 16 16 16 16 16 16 16 16 16 16 16 16    471
JUN  16 16 15 15 15 15 15 15 15 15 15 15 15 15 15 15 15 15 15 15 15 15 15 15 15 15 15 14 14 14       449
JUL  15 15 15 15 15 14 14 14 14 14 14 14 14 14 14 14 14 14 14 14 14 14 14 14 14 14 14 14 14 14 14    439
AUG  14 14 14 14 14 14 14 14 14 14 14 14 14 14 14 14 15 15 15 15 15 15 15 15 15 15 15 15 15 15 15    449
SEP  15 15 15 15 15 15 15 15 15 15 15 15 15 15 15 15 15 14 14 14 14 14 14 14 14 14 14 13 13 13       434
OCT  13 13 13 13 12 12 12 12 12 12 12 12 12 12 12 12 12 12 11 11 11 11 11 12 12 12 12 12 12 12 12    371
NOV  12 12 12 12 12 12 12 12 12 12 12 13 13 13 13 13 13 13 13 13 13 12 12 12 12 12 12 12 12 12       370
DEC  12 12 12 12 12 12 12 12 12 12 11 11 11 11 11 11 11 11 12 12 12 12 12 12 12 12 12 12 12 12 12    364
                                                                                                        
