-------------------------------------------------------------------------------------------------       
 1971-2000 Daily/Monthly Station Normals                                                                
 Provided by National Climatic Data Center/NESDIS/NOAA                                                  
-------------------------------------------------------------------------------------------------       
 Station COOP ID:                           368184                                                      
 Station Name, State, Division, Call:       SLIPPERY ROCK 1 SSW                PA 09                    
 Latitude, Longitude, Elevation, Elements:  41 03 00 -080 04 00  1250 XNP                               
-------------------------------------------------------------------------------------------------       
 Minimum Temperature (deg F [tenths deg F for monthly])                                                 
 DAY  1  2  3  4  5  6  7  8  9 10 11 12 13 14 15 16 17 18 19 20 21 22 23 24 25 26 27 28 29 30 31  MONTH
-------------------------------------------------------------------------------------------------       
JAN  16 16 16 16 15 15 15 15 15 15 14 14 14 14 14 14 14 14 14 14 14 14 14 13 13 14 14 14 14 14 14    144
FEB  14 14 14 14 14 14 14 15 15 15 15 15 15 15 16 16 16 16 17 17 17 17 18 18 18 18 19 19             159
MAR  19 20 20 20 21 21 21 21 22 22 22 23 23 23 23 24 24 24 24 25 25 25 25 26 26 26 26 27 27 27 27    235
APR  28 28 28 28 28 29 29 29 29 30 30 30 30 31 31 31 32 32 32 32 33 33 33 34 34 34 35 35 35 36       313
MAY  36 36 37 37 37 38 38 38 39 39 39 40 40 40 41 41 41 42 42 42 43 43 43 44 44 44 45 45 45 46 46    410
JUN  46 47 47 47 48 48 48 48 49 49 49 50 50 50 50 51 51 51 51 51 52 52 52 52 52 53 53 53 53 53       502
JUL  53 53 54 54 54 54 54 54 54 54 54 54 54 55 55 55 55 55 55 55 55 55 55 55 55 55 55 55 55 55 55    545
AUG  55 55 54 54 54 54 54 54 54 54 54 54 54 53 53 53 53 53 53 53 52 52 52 52 52 52 52 51 51 51 51    530
SEP  51 50 50 50 50 49 49 49 49 48 48 48 48 47 47 47 46 46 46 45 45 45 44 44 44 43 43 43 42 42       466
OCT  41 41 40 40 40 39 39 39 38 38 37 37 37 37 36 36 36 35 35 35 34 34 34 34 34 33 33 33 33 32 32    362
NOV  32 32 32 31 31 31 31 31 30 30 30 30 30 29 29 29 29 28 28 28 28 27 27 27 26 26 26 26 25 25       288
DEC  25 24 24 24 23 23 23 23 22 22 22 22 21 21 21 20 20 20 20 19 19 19 19 18 18 18 18 17 17 17 17    205
                                                                                                        
-------------------------------------------------------------------------------------------------       
 Maximum Temperature (deg F [tenths deg F for monthly])                                                 
 DAY  1  2  3  4  5  6  7  8  9 10 11 12 13 14 15 16 17 18 19 20 21 22 23 24 25 26 27 28 29 30 31  MONTH
-------------------------------------------------------------------------------------------------       
JAN  35 35 34 34 34 34 34 34 34 34 34 34 34 33 33 33 33 33 33 33 33 34 34 34 34 34 34 34 34 34 34    338
FEB  34 35 35 35 35 35 35 36 36 36 36 36 37 37 37 38 38 38 38 39 39 39 40 40 40 41 41 41             374
MAR  42 42 43 43 43 44 44 44 45 45 46 46 46 47 47 48 48 48 49 49 49 50 50 51 51 51 52 52 52 53 53    475
APR  54 54 54 55 55 55 56 56 56 57 57 58 58 58 59 59 60 60 60 61 61 61 62 62 63 63 63 64 64 65       590
MAY  65 65 66 66 67 67 67 68 68 68 69 69 69 70 70 70 71 71 71 72 72 72 73 73 73 73 74 74 74 74 75    702
JUN  75 75 75 76 76 76 76 77 77 77 77 78 78 78 78 78 79 79 79 79 79 79 80 80 80 80 80 80 81 81       781
JUL  81 81 81 81 81 82 82 82 82 82 82 82 82 82 82 82 82 82 82 82 82 83 83 83 83 83 82 82 82 82 82    820
AUG  82 82 82 82 82 82 82 82 82 82 81 81 81 81 81 81 81 81 81 80 80 80 80 80 80 79 79 79 79 79 78    807
SEP  78 78 78 77 77 77 77 76 76 76 76 75 75 75 75 74 74 74 73 73 73 72 72 71 71 71 70 70 70 69       741
OCT  69 68 68 67 67 67 66 66 65 65 65 64 64 63 63 62 62 62 61 61 60 60 60 59 59 58 58 58 57 57 56    625
NOV  56 55 55 55 54 54 53 53 53 52 52 51 51 51 50 50 49 49 48 48 48 47 47 46 46 46 45 45 44 44       499
DEC  44 43 43 42 42 42 41 41 40 40 40 40 39 39 39 38 38 38 37 37 37 37 36 36 36 36 36 35 35 35 35    386
                                                                                                        
-------------------------------------------------------------------------------------------------       
 Average Temperature (deg F [tenths deg F for monthly])                                                 
 DAY  1  2  3  4  5  6  7  8  9 10 11 12 13 14 15 16 17 18 19 20 21 22 23 24 25 26 27 28 29 30 31  MONTH
-------------------------------------------------------------------------------------------------       
JAN  25 25 25 25 25 25 24 24 24 24 24 24 24 24 24 24 24 24 24 23 23 24 24 24 24 24 24 24 24 24 24    241
FEB  24 24 24 25 25 25 25 25 25 25 26 26 26 26 27 27 27 27 28 28 28 28 29 29 29 30 30 30             267
MAR  31 31 31 32 32 32 33 33 33 34 34 34 35 35 35 36 36 36 36 37 37 37 38 38 38 39 39 39 40 40 40    355
APR  41 41 41 41 42 42 42 43 43 43 44 44 44 45 45 45 46 46 46 47 47 47 48 48 48 49 49 49 50 50       452
MAY  51 51 51 52 52 52 53 53 53 54 54 54 55 55 55 56 56 56 57 57 57 58 58 58 59 59 59 59 60 60 60    556
JUN  61 61 61 62 62 62 62 63 63 63 63 64 64 64 64 64 65 65 65 65 65 66 66 66 66 66 67 67 67 67       642
JUL  67 67 67 67 68 68 68 68 68 68 68 68 68 68 68 68 69 69 69 69 69 69 69 69 69 69 69 69 69 68 68    683
AUG  69 68 68 68 68 68 68 68 68 68 68 68 67 67 67 67 67 67 67 67 66 66 66 66 66 66 65 65 65 65 65    669
SEP  64 64 64 64 64 63 63 63 63 62 62 62 61 61 61 61 60 60 60 59 59 58 58 58 57 57 57 56 56 55       604
OCT  55 55 54 54 53 53 53 52 52 51 51 51 50 50 50 49 49 49 48 48 47 47 47 46 46 46 46 45 45 45 44    494
NOV  44 44 43 43 43 42 42 42 42 41 41 41 40 40 40 39 39 39 38 38 38 37 37 37 36 36 36 35 35 34       394
DEC  34 34 33 33 33 32 32 32 31 31 31 31 30 30 30 29 29 29 29 28 28 28 28 27 27 27 27 26 26 26 26    296
                                                                                                        
-------------------------------------------------------------------------------------------------       
 Heating Degree Days                                                                                    
 DAY  1  2  3  4  5  6  7  8  9 10 11 12 13 14 15 16 17 18 19 20 21 22 23 24 25 26 27 28 29 30 31  MONTH
-------------------------------------------------------------------------------------------------       
JAN  40 40 40 40 40 40 41 41 41 41 41 41 41 41 41 41 41 41 41 41 42 42 41 41 41 41 41 41 41 41 41   1267
FEB  41 41 41 40 40 40 40 40 40 40 39 39 39 39 39 38 38 38 38 37 37 37 36 36 36 36 35 35            1075
MAR  35 34 34 33 33 33 32 32 32 31 31 31 30 30 30 29 29 29 29 28 28 28 27 27 27 26 26 26 25 25 25    915
APR  24 24 24 24 23 23 23 22 22 22 21 21 21 20 20 20 19 19 19 18 18 18 17 17 17 16 16 16 16 15       595
MAY  15 14 14 14 13 13 13 13 12 12 12 11 11 11 10 10 10 10  9  9  9  9  8  8  8  7  7  7  7  7  6    319
JUN   6  6  6  5  5  5  5  4  4  4  4  4  4  3  3  3  3  3  3  3  2  2  2  2  2  2  2  2  2  2       103
JUL   2  1  1  1  1  1  1  1  1  1  1  1  1  1  1  1  1  1  1  1  1  1  1  1  1  1  1  1  1  1  1     32
AUG   1  1  1  1  1  1  1  1  1  1  2  2  2  2  2  2  2  2  2  2  2  2  2  2  2  2  3  3  3  3  3     57
SEP   3  3  3  3  3  3  4  4  4  4  4  5  5  5  5  5  6  6  6  6  7  7  7  8  8  8  9  9 10 10       170
OCT  10 11 11 12 12 12 13 13 13 14 14 15 15 15 16 16 16 17 17 17 18 18 18 19 19 19 20 20 20 20 21    491
NOV  21 21 22 22 22 23 23 23 24 24 24 24 25 25 25 26 26 26 27 27 27 28 28 28 29 29 29 30 30 31       769
DEC  31 31 32 32 32 33 33 33 34 34 34 35 35 35 35 36 36 36 36 37 37 37 37 38 38 38 38 39 39 39 39   1099
                                                                                                        
-------------------------------------------------------------------------------------------------       
 Cooling Degree Days                                                                                    
 DAY  1  2  3  4  5  6  7  8  9 10 11 12 13 14 15 16 17 18 19 20 21 22 23 24 25 26 27 28 29 30 31  MONTH
-------------------------------------------------------------------------------------------------       
JAN   0  0  0  0  0  0  0  0  0  0  0  0  0  0  0  0  0  0  0  0  0  0  0  0  0  0  0  0  0  0  0      0
FEB   0  0  0  0  0  0  0  0  0  0  0  0  0  0  0  0  0  0  0  0  0  0  0  0  0  0  0  0               0
MAR   0  0  0  0  0  0  0  0  0  0  0  0  0  0  0  0  0  0  0  0  0  0  0  0  0  0  0  0  0  0  0      0
APR   0  0  0  0  0  0  0  0  0  0  0  0  0  0  0  0  0  0  0  0  0  0  0  0  0  0  0  0  0  0         0
MAY   0  0  0  0  0  0  0  1  1  1  1  1  1  1  1  1  1  1  1  1  1  1  1  1  1  1  1  1  2  2  2     27
JUN   2  2  2  2  2  2  2  2  2  2  2  2  2  3  3  3  3  3  3  3  3  3  3  3  3  3  3  3  3  4        78
JUL   4  4  4  4  4  4  4  4  4  4  4  4  4  4  4  4  4  4  4  4  4  4  4  5  5  5  5  5  5  5  5    132
AUG   5  5  5  4  4  4  4  4  4  4  4  4  4  4  4  4  4  4  4  4  4  3  3  3  3  3  3  3  3  3  2    116
SEP   2  2  2  2  2  2  2  2  1  1  1  1  1  1  1  1  1  1  1  1  1  1  0  0  0  0  0  0  0  0        30
OCT -99-99-99-99-99  0  0  0  0  0  0  0  0  0  0  0  0  0  0  0  0  0  0  0  0  0  0  0  0  0  0      5
NOV   0  0  0  0  0  0  0  0  0  0  0  0  0  0  0  0  0  0  0  0  0  0  0  0  0  0  0  0  0  0         0
DEC   0  0  0  0  0  0  0  0  0  0  0  0  0  0  0  0  0  0  0  0  0  0  0  0  0  0  0  0  0  0  0      0
                                                                                                        
-------------------------------------------------------------------------------------------------       
 Total  Precipitation (Hundreths of an Inch)                                                            
 DAY  1  2  3  4  5  6  7  8  9 10 11 12 13 14 15 16 17 18 19 20 21 22 23 24 25 26 27 28 29 30 31  MONTH
-------------------------------------------------------------------------------------------------       
JAN   9  9  9  9  9  9  9  9  9  9  9  9  9  9  9  9  9  9  9  9  9  9  9  8  8  8  8  8  8  8  8    271
FEB   8  8  8  8  8  8  8  8  8  8  8  8  8  8  8  8  8  8  8  8  8  9  9  9  9  9  9  9             231
MAR   9 10 10 10 10 10 10 10 10 11 11 11 11 11 11 11 11 11 11 11 11 11 11 12 12 12 12 12 12 12 12    339
APR  12 12 12 12 12 12 12 12 12 11 11 11 11 11 11 11 11 11 11 11 11 11 11 12 12 12 12 12 12 12       346
MAY  12 12 12 12 12 12 12 12 12 12 12 12 12 12 12 12 12 12 13 13 13 13 13 13 13 13 14 14 14 14 14    390
JUN  14 15 15 15 15 15 15 15 15 16 16 16 16 16 16 16 16 16 16 16 16 16 16 16 16 16 16 16 16 16       470
JUL  16 15 15 15 15 15 15 15 15 15 15 15 14 14 14 14 14 14 14 14 14 14 14 14 13 13 13 13 13 13 13    440
AUG  13 13 13 13 13 13 13 13 13 13 12 12 12 12 13 13 13 13 13 13 13 13 13 13 13 13 13 13 13 13 13    399
SEP  13 14 14 14 14 14 14 14 14 14 14 14 14 14 14 13 13 13 13 13 13 13 12 12 12 12 12 11 11 11       393
OCT  11 10 10 10 10 10  9  9  9  9  9  9  9  9  9  9  8  8  9  9  9  9  9  9  9  9  9  9 10 10 10    287
NOV  10 10 11 11 11 11 11 11 12 12 12 12 12 12 12 12 12 12 12 12 12 12 12 12 12 12 12 12 12 11       349
DEC  11 11 11 11 11 11 11 11 11 10 10 10 10 10 10 10 10 10 10 10 10 10 10  9  9  9  9  9  9  9  9    311
                                                                                                        
