-------------------------------------------------------------------------------------------------       
 1971-2000 Daily/Monthly Station Normals                                                                
 Provided by National Climatic Data Center/NESDIS/NOAA                                                  
-------------------------------------------------------------------------------------------------       
 Station COOP ID:                           366194                                                      
 Station Name, State, Division, Call:       NESHAMINY FALLS                    PA 03                    
 Latitude, Longitude, Elevation, Elements:  40 09 00 -074 57 00    60 XNP                               
-------------------------------------------------------------------------------------------------       
 Minimum Temperature (deg F [tenths deg F for monthly])                                                 
 DAY  1  2  3  4  5  6  7  8  9 10 11 12 13 14 15 16 17 18 19 20 21 22 23 24 25 26 27 28 29 30 31  MONTH
-------------------------------------------------------------------------------------------------       
JAN  21 21 20 20 20 20 20 20 19 19 19 19 19 19 19 19 19 19 18 18 18 18 18 18 18 18 18 18 18 18 18    189
FEB  18 18 18 18 18 18 19 19 19 19 19 19 19 19 20 20 20 20 20 21 21 21 22 22 22 22 23 23             199
MAR  23 24 24 24 25 25 25 26 26 27 27 27 28 28 28 28 29 29 29 30 30 30 31 31 31 32 32 32 33 33 33    284
APR  33 34 34 34 35 35 35 36 36 36 37 37 37 38 38 38 38 39 39 39 40 40 40 41 41 41 42 42 42 43       380
MAY  43 43 44 44 44 45 45 45 46 46 46 47 47 47 48 48 48 49 49 49 50 50 50 51 51 51 52 52 53 53 53    480
JUN  54 54 54 55 55 55 56 56 56 57 57 57 58 58 58 59 59 59 59 60 60 60 60 60 61 61 61 61 61 62       581
JUL  62 62 62 62 62 63 63 63 63 63 63 63 63 63 63 63 63 64 64 64 64 64 64 64 64 64 64 64 63 63 63    632
AUG  63 63 63 63 63 63 63 63 63 63 62 62 62 62 62 62 61 61 61 61 61 61 60 60 60 60 59 59 59 59 59    614
SEP  58 58 58 57 57 57 57 56 56 56 55 55 55 54 54 53 53 53 52 52 51 51 50 50 50 49 49 48 48 47       533
OCT  47 46 46 45 45 44 44 43 43 43 42 42 41 41 41 40 40 39 39 39 38 38 38 37 37 37 37 36 36 36 35    405
NOV  35 35 35 35 34 34 34 34 33 33 33 33 32 32 32 31 31 31 31 30 30 30 30 29 29 29 29 28 28 28       316
DEC  28 27 27 27 27 26 26 26 26 25 25 25 25 24 24 24 24 24 23 23 23 23 23 22 22 22 22 21 21 21 21    241
                                                                                                        
-------------------------------------------------------------------------------------------------       
 Maximum Temperature (deg F [tenths deg F for monthly])                                                 
 DAY  1  2  3  4  5  6  7  8  9 10 11 12 13 14 15 16 17 18 19 20 21 22 23 24 25 26 27 28 29 30 31  MONTH
-------------------------------------------------------------------------------------------------       
JAN  42 42 41 41 41 41 41 41 41 41 41 41 41 40 40 40 40 40 40 40 40 41 41 41 41 41 41 41 41 41 41    408
FEB  41 42 42 42 42 42 42 43 43 43 43 43 44 44 44 44 44 45 45 45 45 46 46 46 47 47 47 48             441
MAR  48 48 49 49 49 50 50 50 51 51 51 52 52 52 53 53 53 54 54 54 55 55 55 56 56 56 57 57 57 58 58    530
APR  59 59 59 60 60 60 61 61 61 62 62 62 63 63 64 64 64 65 65 65 66 66 66 67 67 67 68 68 68 69       637
MAY  69 69 70 70 70 70 71 71 71 72 72 72 73 73 73 74 74 74 75 75 75 76 76 76 77 77 77 78 78 78 79    737
JUN  79 79 79 80 80 80 81 81 81 81 82 82 82 83 83 83 83 83 84 84 84 84 84 85 85 85 85 85 85 86       826
JUL  86 86 86 86 86 87 87 87 87 87 87 87 87 87 87 87 87 87 87 87 87 87 88 88 87 87 87 87 87 87 87    869
AUG  87 87 87 87 87 87 87 87 86 86 86 86 86 86 86 86 85 85 85 85 85 85 84 84 84 84 84 84 83 83 83    854
SEP  83 82 82 82 82 81 81 81 81 80 80 80 79 79 79 78 78 78 78 77 77 77 76 76 76 75 75 74 74 74       785
OCT  73 73 73 72 72 71 71 71 70 70 70 69 69 68 68 68 67 67 67 66 66 65 65 65 64 64 64 63 63 63 62    677
NOV  62 61 61 61 60 60 60 59 59 59 58 58 57 57 57 56 56 55 55 55 54 54 54 53 53 52 52 52 51 51       564
DEC  50 50 50 49 49 48 48 48 47 47 47 46 46 46 45 45 45 45 44 44 44 44 43 43 43 43 43 42 42 42 42    455
                                                                                                        
-------------------------------------------------------------------------------------------------       
 Average Temperature (deg F [tenths deg F for monthly])                                                 
 DAY  1  2  3  4  5  6  7  8  9 10 11 12 13 14 15 16 17 18 19 20 21 22 23 24 25 26 27 28 29 30 31  MONTH
-------------------------------------------------------------------------------------------------       
JAN  31 31 31 31 31 30 30 30 30 30 30 30 30 30 30 30 30 30 29 29 29 29 29 29 29 29 30 30 30 30 30    299
FEB  30 30 30 30 30 30 30 31 31 31 31 31 31 32 32 32 32 32 33 33 33 34 34 34 34 35 35 35             320
MAR  36 36 36 37 37 37 38 38 38 39 39 39 40 40 40 41 41 41 42 42 42 43 43 43 44 44 44 45 45 46 46    407
APR  46 46 47 47 48 48 48 49 49 49 49 50 50 50 51 51 51 52 52 52 53 53 53 54 54 54 55 55 55 56       509
MAY  56 56 57 57 57 58 58 58 59 59 59 59 60 60 60 61 61 61 62 62 63 63 63 64 64 64 65 65 65 66 66    609
JUN  66 67 67 67 68 68 68 69 69 69 69 70 70 70 71 71 71 71 71 72 72 72 72 73 73 73 73 73 73 74       704
JUL  74 74 74 74 74 75 75 75 75 75 75 75 75 75 75 75 75 75 76 76 76 76 76 76 76 76 75 75 75 75 75    751
AUG  75 75 75 75 75 75 75 75 75 74 74 74 74 74 74 74 73 73 73 73 73 73 72 72 72 72 72 71 71 71 71    734
SEP  70 70 70 70 69 69 69 69 68 68 68 67 67 67 66 66 66 65 65 65 64 64 63 63 63 62 62 61 61 60       659
OCT  60 60 59 59 58 58 57 57 57 56 56 55 55 55 54 54 54 53 53 53 52 52 51 51 51 50 50 50 49 49 49    541
NOV  49 48 48 48 47 47 47 46 46 46 45 45 45 44 44 44 44 43 43 43 42 42 42 41 41 41 40 40 40 39       440
DEC  39 39 38 38 38 37 37 37 36 36 36 36 35 35 35 35 34 34 34 34 33 33 33 33 33 32 32 32 32 32 31    348
                                                                                                        
-------------------------------------------------------------------------------------------------       
 Heating Degree Days                                                                                    
 DAY  1  2  3  4  5  6  7  8  9 10 11 12 13 14 15 16 17 18 19 20 21 22 23 24 25 26 27 28 29 30 31  MONTH
-------------------------------------------------------------------------------------------------       
JAN  34 34 34 34 34 35 35 35 35 35 35 35 35 35 35 35 36 36 36 36 36 36 36 36 36 36 36 35 35 35 35   1091
FEB  35 35 35 35 35 35 35 34 34 34 34 34 34 33 33 33 33 32 32 32 32 31 31 31 31 30 30 30             923
MAR  29 29 29 28 28 28 27 27 27 26 26 26 25 25 25 24 24 24 23 23 23 22 22 22 21 21 21 20 20 20 19    754
APR  19 19 18 18 18 17 17 17 16 16 16 15 15 15 14 14 14 13 13 13 12 12 12 11 11 11 10 10 10 10       426
MAY   9  9  9  8  8  8  8  7  7  7  6  6  6  6  5  5  5  5  5  4  4  4  4  4  3  3  3  3  3  2  2    168
JUN   2  2  2  2  1  1  1  1  1  1  1  1  1  0  0  0  0  0  0  0  0  0  0  0  0  0  0  0  0  0        17
JUL   0  0  0  0  0  0  0  0  0  0  0  0  0  0  0  0  0  0  0  0  0  0  0  0-99  0  0  0  0  0  0      1
AUG   0  0  0  0  0  0  0  0  0  0  0  0  0  0  0  0  0  0  0  0  0  0  0  0  0  0  0  0  0-99-99      2
SEP   0  0  0  0  0  0  1  1  1  1  1  1  1  1  2  2  2  2  2  3  3  3  3  4  4  4  5  5  5  6        63
OCT   6  7  7  7  8  8  8  9  9  9 10 10 10 11 11 12 12 12 12 13 13 13 14 14 14 15 15 15 16 16 16    352
NOV  17 17 17 17 18 18 18 19 19 19 20 20 20 20 21 21 21 22 22 22 23 23 23 24 24 24 25 25 25 26       630
DEC  26 26 27 27 27 28 28 28 28 29 29 29 30 30 30 30 31 31 31 31 32 32 32 32 33 33 33 33 33 33 34    936
                                                                                                        
-------------------------------------------------------------------------------------------------       
 Cooling Degree Days                                                                                    
 DAY  1  2  3  4  5  6  7  8  9 10 11 12 13 14 15 16 17 18 19 20 21 22 23 24 25 26 27 28 29 30 31  MONTH
-------------------------------------------------------------------------------------------------       
JAN   0  0  0  0  0  0  0  0  0  0  0  0  0  0  0  0  0  0  0  0  0  0  0  0  0  0  0  0  0  0  0      0
FEB   0  0  0  0  0  0  0  0  0  0  0  0  0  0  0  0  0  0  0  0  0  0  0  0  0  0  0  0               0
MAR   0  0  0  0  0  0  0  0  0  0  0  0  0  0  0  0  0  0  0  0  0  0  0  0  0  0  0  0  0  0  0      0
APR   0  0  0  0  0  0  0  0  0  0  0  0  0  0  0  0  0  0  0  0  0  0  0  0  0  0  0  0  0-99         1
MAY   0  0  0  0  0  0  0  0  1  1  1  1  1  1  1  1  1  1  1  2  2  2  2  2  2  2  2  3  3  3  3     39
JUN   3  4  4  4  4  4  4  5  5  5  5  5  6  6  6  6  6  6  7  7  7  7  7  7  8  8  8  8  8  9       179
JUL   9  9  9  9  9  9 10 10 10 10 10 10 10 10 10 10 10 10 10 11 11 11 11 11 11 11 11 10 10 10 10    312
AUG  10 10 10 10 10 10 10 10 10  9  9  9  9  9  9  9  9  8  8  8  8  8  8  7  7  7  7  6  6  6  6    262
SEP   6  5  5  5  5  4  4  4  4  4  4  3  3  3  3  3  3  2  2  2  2  2  2  2  2  2  1  1  1  1        90
OCT   1  1  1  1  1  1  1  1  1  1  1  1  1  0  0  0  0  0  0  0  0  0  0  0  0  0  0  0  0  0  0     13
NOV   0  0  0  0  0  0  0  0  0  0  0  0  0  0  0  0  0  0  0  0  0  0  0  0  0  0  0  0  0  0         0
DEC   0  0  0  0  0  0  0  0  0  0  0  0  0  0  0  0  0  0  0  0  0  0  0  0  0  0  0  0  0  0  0      0
                                                                                                        
-------------------------------------------------------------------------------------------------       
 Total  Precipitation (Hundreths of an Inch)                                                            
 DAY  1  2  3  4  5  6  7  8  9 10 11 12 13 14 15 16 17 18 19 20 21 22 23 24 25 26 27 28 29 30 31  MONTH
-------------------------------------------------------------------------------------------------       
JAN  12 12 13 13 13 13 13 13 13 13 13 13 13 13 13 13 13 13 12 12 12 12 12 12 12 12 12 12 12 11 11    386
FEB  11 11 11 11 11 11 11 10 10 10 10 10 10 10 10 10 11 11 11 11 11 11 11 11 12 12 12 12             303
MAR  12 13 13 13 13 13 13 14 14 14 14 14 14 14 14 14 14 14 14 14 14 14 14 14 14 14 14 14 14 14 14    426
APR  13 13 13 13 13 13 13 13 13 13 13 13 13 13 13 13 13 13 13 13 13 13 13 13 13 14 14 14 14 14       395
MAY  15 15 15 15 15 15 16 16 16 16 16 16 16 16 16 16 16 16 16 16 16 16 16 16 16 15 15 15 15 15 15    484
JUN  14 14 14 14 14 14 14 13 13 13 13 13 13 13 13 13 13 13 13 13 14 14 14 14 14 14 15 15 15 15       411
JUL  15 16 16 16 16 17 17 17 17 17 17 18 18 18 18 18 18 18 18 18 18 18 18 18 18 17 17 17 17 17 17    535
AUG  17 16 16 16 16 16 16 16 16 15 15 15 15 15 15 15 15 15 15 15 15 15 15 16 16 16 16 16 16 16 16    483
SEP  17 17 17 17 17 17 17 17 17 17 17 17 17 17 17 17 17 17 17 17 16 16 16 16 15 15 15 15 14 14       492
OCT  14 13 13 13 12 12 12 12 11 11 11 11 11 11 11 11 10 10 10 10 10 10 10 10 11 11 11 11 11 11 11    346
NOV  12 12 12 12 12 12 13 13 13 13 13 13 13 13 13 13 13 13 13 14 13 13 13 13 13 13 13 13 13 13       385
DEC  13 13 13 13 13 12 12 12 12 12 12 12 12 12 12 12 12 12 12 12 12 12 12 12 12 12 12 12 12 12 13    378
                                                                                                        
