-------------------------------------------------------------------------------------------------       
 1971-2000 Daily/Monthly Station Normals                                                                
 Provided by National Climatic Data Center/NESDIS/NOAA                                                  
-------------------------------------------------------------------------------------------------       
 Station COOP ID:                           814793                                                      
 Station Name, State, Division, Call:       WILLOW GROVE NAS                   PA 03                    
 Latitude, Longitude, Elevation, Elements:  40 12 00 -075 09 00   335 XNP                               
-------------------------------------------------------------------------------------------------       
 Minimum Temperature (deg F [tenths deg F for monthly])                                                 
 DAY  1  2  3  4  5  6  7  8  9 10 11 12 13 14 15 16 17 18 19 20 21 22 23 24 25 26 27 28 29 30 31  MONTH
-------------------------------------------------------------------------------------------------       
JAN  25 25 25 25 25 24 24 24 24 24 24 24 24 24 23 23 23 23 23 23 23 23 23 23 23 23 23 23 23 23 23    236
FEB  23 24 24 24 24 24 24 24 24 24 25 25 25 25 25 25 26 26 26 26 26 27 27 27 27 28 28 28             254
MAR  28 29 29 29 30 30 30 30 31 31 31 32 32 32 32 33 33 33 34 34 34 34 35 35 35 36 36 36 36 37 37    327
APR  37 38 38 38 39 39 39 39 40 40 40 41 41 41 42 42 42 43 43 43 44 44 44 44 45 45 45 46 46 46       418
MAY  47 47 48 48 48 49 49 49 50 50 50 51 51 51 51 52 52 52 53 53 53 54 54 54 55 55 55 56 56 56 57    518
JUN  57 57 58 58 58 59 59 59 59 60 60 60 61 61 61 61 62 62 62 62 62 63 63 63 63 64 64 64 64 64       610
JUL  65 65 65 65 65 65 65 66 66 66 66 66 66 66 66 66 66 67 67 67 67 67 67 67 67 67 67 67 67 67 66    662
AUG  67 66 66 66 66 66 66 66 66 66 66 65 65 65 65 65 65 65 64 64 64 64 64 63 63 63 63 63 62 62 62    646
SEP  62 61 61 61 60 60 60 60 59 59 59 58 58 58 57 57 57 56 56 56 55 55 54 54 53 53 53 52 52 51       569
OCT  51 50 50 50 49 49 48 48 47 47 47 46 46 46 45 45 45 44 44 44 43 43 43 43 42 42 42 42 41 41 41    453
NOV  41 41 40 40 40 40 39 39 39 39 38 38 38 38 37 37 37 37 36 36 36 36 35 35 35 34 34 34 34 33       372
DEC  33 33 32 32 32 31 31 31 31 30 30 30 29 29 29 29 28 28 28 28 27 27 27 27 27 26 26 26 26 25 25    288
                                                                                                        
-------------------------------------------------------------------------------------------------       
 Maximum Temperature (deg F [tenths deg F for monthly])                                                 
 DAY  1  2  3  4  5  6  7  8  9 10 11 12 13 14 15 16 17 18 19 20 21 22 23 24 25 26 27 28 29 30 31  MONTH
-------------------------------------------------------------------------------------------------       
JAN  41 41 40 40 40 40 40 40 40 40 39 39 39 39 39 39 39 39 39 39 39 39 39 39 39 39 39 39 40 40 40    395
FEB  40 40 40 40 40 40 41 41 41 41 41 42 42 42 42 42 43 43 43 44 44 44 44 45 45 45 46 46             424
MAR  46 47 47 47 48 48 48 49 49 50 50 50 51 51 51 52 52 53 53 53 54 54 54 55 55 55 56 56 57 57 57    518
APR  58 58 59 59 59 60 60 60 61 61 62 62 62 63 63 63 64 64 65 65 65 66 66 66 67 67 67 68 68 68       632
MAY  69 69 69 70 70 70 71 71 71 72 72 72 73 73 73 74 74 74 75 75 75 76 76 76 77 77 77 77 78 78 78    736
JUN  79 79 79 79 80 80 80 80 81 81 81 81 82 82 82 82 83 83 83 83 83 84 84 84 84 84 85 85 85 85       821
JUL  85 85 85 86 86 86 86 86 86 86 86 86 87 87 87 87 87 87 87 87 87 87 87 87 87 87 87 87 87 87 87    865
AUG  87 87 86 86 86 86 86 86 86 86 85 85 85 85 85 85 85 84 84 84 84 84 83 83 83 83 83 82 82 82 82    845
SEP  81 81 81 81 80 80 80 79 79 79 79 78 78 78 77 77 77 76 76 76 75 75 75 74 74 74 73 73 72 72       770
OCT  72 71 71 71 70 70 69 69 69 68 68 67 67 67 66 66 66 65 65 65 64 64 64 63 63 62 62 62 61 61 61    661
NOV  60 60 60 59 59 59 58 58 58 57 57 57 56 56 55 55 55 54 54 54 53 53 52 52 52 51 51 51 50 50       552
DEC  49 49 49 48 48 47 47 47 46 46 46 45 45 45 44 44 44 44 43 43 43 43 42 42 42 42 42 41 41 41 41    445
                                                                                                        
-------------------------------------------------------------------------------------------------       
 Average Temperature (deg F [tenths deg F for monthly])                                                 
 DAY  1  2  3  4  5  6  7  8  9 10 11 12 13 14 15 16 17 18 19 20 21 22 23 24 25 26 27 28 29 30 31  MONTH
-------------------------------------------------------------------------------------------------       
JAN  33 33 33 33 32 32 32 32 32 32 32 32 32 31 31 31 31 31 31 31 31 31 31 31 31 31 31 31 31 32 32    316
FEB  32 32 32 32 32 32 32 32 33 33 33 33 33 34 34 34 34 34 35 35 35 35 36 36 36 36 37 37             339
MAR  37 38 38 38 39 39 39 40 40 40 41 41 41 42 42 42 43 43 43 44 44 44 45 45 45 45 46 46 47 47 47    423
APR  48 48 48 49 49 49 50 50 50 51 51 51 52 52 52 53 53 53 54 54 54 55 55 55 56 56 56 57 57 57       525
MAY  58 58 58 59 59 60 60 60 60 61 61 61 62 62 62 63 63 63 64 64 64 65 65 65 66 66 66 67 67 67 68    627
JUN  68 68 68 69 69 69 70 70 70 70 71 71 71 71 72 72 72 72 73 73 73 73 73 74 74 74 74 74 75 75       716
JUL  75 75 75 75 75 76 76 76 76 76 76 76 76 76 77 77 77 77 77 77 77 77 77 77 77 77 77 77 77 77 77    764
AUG  77 77 76 76 76 76 76 76 76 76 76 75 75 75 75 75 75 75 74 74 74 74 74 73 73 73 73 72 72 72 72    746
SEP  71 71 71 71 70 70 70 70 69 69 69 68 68 68 67 67 67 66 66 66 65 65 65 64 64 63 63 63 62 62       670
OCT  61 61 60 60 60 59 59 58 58 58 57 57 57 56 56 56 55 55 54 54 54 54 53 53 53 52 52 52 51 51 51    557
NOV  51 50 50 50 49 49 49 49 48 48 48 47 47 47 46 46 46 45 45 45 45 44 44 44 43 43 43 42 42 41       462
DEC  41 41 40 40 40 39 39 39 39 38 38 38 37 37 37 37 36 36 36 35 35 35 35 35 34 34 34 34 33 33 33    367
                                                                                                        
-------------------------------------------------------------------------------------------------       
 Heating Degree Days                                                                                    
 DAY  1  2  3  4  5  6  7  8  9 10 11 12 13 14 15 16 17 18 19 20 21 22 23 24 25 26 27 28 29 30 31  MONTH
-------------------------------------------------------------------------------------------------       
JAN  32 32 32 33 33 33 33 33 33 33 33 33 34 34 34 34 34 34 34 34 34 34 34 34 34 34 34 34 34 33 33   1037
FEB  33 33 33 33 33 33 33 33 32 32 32 32 32 31 31 31 31 31 30 30 30 30 29 29 29 29 28 28             871
MAR  28 27 27 27 26 26 26 25 25 25 24 24 24 23 23 23 22 22 22 22 21 21 21 20 20 19 19 19 18 18 18    705
APR  17 17 17 16 16 16 15 15 15 14 14 14 13 13 13 12 12 12 11 11 11 11 10 10 10  9  9  9  8  8       378
MAY   8  7  7  7  7  6  6  6  5  5  5  5  5  4  4  4  4  3  3  3  3  3  3  2  2  2  2  2  2  2  1    128
JUN   1  1  1  1  1  1  1  1  1  1  1  0  0  0  0  0  0  0  0  0  0  0  0  0  0  0  0  0  0  0        11
JUL   0  0  0  0  0  0  0  0  0  0  0  0  0  0  0  0  0  0  0  0  0  0  0  0  0  0  0  0  0  0  0      0
AUG   0  0  0  0  0  0  0  0  0  0  0  0  0  0  0  0  0  0  0  0  0  0  0  0  0  0  0  0  0  0  0      0
SEP   0  0  0  0  0  0  0  0  0  0  0  0  1  1  1  1  1  1  2  2  2  2  3  3  3  3  4  4  4  5        43
OCT   5  5  6  6  6  7  7  8  8  8  8  9  9  9 10 10 10 11 11 11 12 12 12 12 13 13 13 13 14 14 14    306
NOV  15 15 15 15 16 16 16 16 17 17 17 18 18 18 18 19 19 19 20 20 20 21 21 21 22 22 22 23 23 24       563
DEC  24 24 25 25 25 26 26 26 26 27 27 27 28 28 28 29 29 29 29 30 30 30 30 31 31 31 31 31 32 32 32    879
                                                                                                        
-------------------------------------------------------------------------------------------------       
 Cooling Degree Days                                                                                    
 DAY  1  2  3  4  5  6  7  8  9 10 11 12 13 14 15 16 17 18 19 20 21 22 23 24 25 26 27 28 29 30 31  MONTH
-------------------------------------------------------------------------------------------------       
JAN   0  0  0  0  0  0  0  0  0  0  0  0  0  0  0  0  0  0  0  0  0  0  0  0  0  0  0  0  0  0  0      0
FEB   0  0  0  0  0  0  0  0  0  0  0  0  0  0  0  0  0  0  0  0  0  0  0  0  0  0  0  0               0
MAR   0  0  0  0  0  0  0  0  0  0  0  0  0  0  0  0  0  0  0  0  0  0  0  0  0  0  0  0  0  0  0      0
APR   0  0  0  0  0  0  0  0  0  0  0  0  0  0  0  0  0  0  0  0  0  0  0  0  0  0  0  0-99-99         2
MAY   0  0  0  1  1  1  1  1  1  1  1  1  1  1  1  2  2  2  2  2  2  2  3  3  3  3  3  3  4  4  4     56
JUN   4  4  5  5  5  5  5  6  6  6  6  6  6  7  7  7  7  7  8  8  8  8  8  9  9  9  9  9 10 10       209
JUL  10 10 10 10 10 11 11 11 11 11 11 11 11 11 11 12 12 12 12 12 12 12 12 12 12 12 12 12 12 12 11    351
AUG  12 11 11 11 11 11 11 11 11 11 11 10 10 10 10 10 10  9  9  9  9  9  8  8  8  8  8  7  7  7  7    295
SEP   6  6  6  5  5  5  5  5  4  4  4  4  4  3  3  3  3  3  3  2  2  2  2  2  2  2  2  2  1  1       101
OCT   1  1  1  1  1  1  1  1  1  1  1  1  1  1  1  1  1  0  0  0  0  0  0  0  0  0  0  0  0  0  0     17
NOV   0  0  0  0  0  0  0  0  0  0  0  0  0  0  0  0  0  0  0  0  0  0  0  0  0  0  0  0  0  0         0
DEC   0  0  0  0  0  0  0  0  0  0  0  0  0  0  0  0  0  0  0  0  0  0  0  0  0  0  0  0  0  0  0      0
                                                                                                        
-------------------------------------------------------------------------------------------------       
 Total  Precipitation (Hundreths of an Inch)                                                            
 DAY  1  2  3  4  5  6  7  8  9 10 11 12 13 14 15 16 17 18 19 20 21 22 23 24 25 26 27 28 29 30 31  MONTH
-------------------------------------------------------------------------------------------------       
JAN  13 13 13 13 13 13 13 13 13 13 13 13 13 13 13 13 13 13 13 13 13 13 13 13 12 12 12 12 12 11 11    394
FEB  11 11 10 10 10 10 10 10 10 10 10 10 10 10 10 10 10 10 10 10 10 10 10 11 11 11 11 11             287
MAR  12 12 13 13 13 13 13 14 14 14 14 14 14 14 14 14 14 14 14 14 14 14 14 14 14 14 14 14 14 14 13    424
APR  13 13 13 13 13 13 13 12 12 12 12 12 12 12 12 12 12 13 13 13 13 13 13 13 13 14 14 14 14 14       385
MAY  15 15 15 15 15 16 16 16 16 16 16 16 16 16 16 16 16 16 16 16 16 16 16 16 15 15 15 15 14 14 14    481
JUN  14 13 13 13 13 12 12 12 12 12 12 12 11 11 11 11 11 11 11 11 12 12 12 12 12 12 12 13 13 13       361
JUL  13 14 14 14 14 15 15 15 15 15 15 15 16 16 16 16 16 16 16 16 16 16 16 16 16 15 15 15 15 15 15    472
AUG  15 15 14 14 14 14 14 14 14 14 14 14 13 13 13 13 13 14 14 14 14 14 14 14 14 14 14 14 15 15 15    434
SEP  15 16 16 16 16 16 16 16 16 16 16 16 16 16 16 16 16 16 16 16 16 15 15 15 15 15 14 14 14 14       466
OCT  13 13 13 12 12 12 11 11 11 11 11 11 10 10 10 10 10 10 10 10 10 10 10 10 10 10 10 11 11 11 11    335
NOV  11 11 11 11 12 12 12 12 12 12 12 12 13 13 13 13 13 13 13 13 13 13 13 13 13 13 13 13 13 13       374
DEC  13 13 13 12 12 12 12 12 12 12 12 12 12 12 12 12 12 12 12 12 12 12 12 12 12 12 13 13 13 13 13    380
                                                                                                        
