-------------------------------------------------------------------------------------------------       
 1971-2000 Daily/Monthly Station Normals                                                                
 Provided by National Climatic Data Center/NESDIS/NOAA                                                  
-------------------------------------------------------------------------------------------------       
 Station COOP ID:                           145852                                                      
 Station Name, State, Division, Call:       NORTON DAM                         KS 01                    
 Latitude, Longitude, Elevation, Elements:  39 48 39 -099 56 19  2340 XNP                               
-------------------------------------------------------------------------------------------------       
 Minimum Temperature (deg F [tenths deg F for monthly])                                                 
 DAY  1  2  3  4  5  6  7  8  9 10 11 12 13 14 15 16 17 18 19 20 21 22 23 24 25 26 27 28 29 30 31  MONTH
-------------------------------------------------------------------------------------------------       
JAN  13 13 13 13 12 12 12 12 12 12 12 12 12 12 12 12 12 12 12 12 12 13 13 13 13 13 13 13 13 14 14    125
FEB  14 14 14 14 15 15 15 15 15 16 16 16 16 17 17 17 17 18 18 18 18 18 19 19 19 20 20 20             168
MAR  20 21 21 21 21 22 22 22 23 23 23 24 24 24 25 25 25 26 26 26 26 27 27 28 28 28 29 29 29 30 30    250
APR  30 31 31 32 32 32 33 33 33 34 34 34 35 35 36 36 36 37 37 37 38 38 39 39 39 40 40 41 41 41       358
MAY  42 42 42 43 43 44 44 44 45 45 45 46 46 47 47 47 48 48 48 49 49 49 50 50 50 51 51 51 52 52 53    472
JUN  53 53 54 54 54 54 55 55 55 56 56 56 57 57 57 57 58 58 58 59 59 59 59 60 60 60 60 61 61 61       572
JUL  61 61 62 62 62 62 62 62 63 63 63 63 63 63 63 63 63 63 64 64 64 64 64 64 64 64 64 64 64 64 64    631
AUG  64 64 63 63 63 63 63 63 63 63 63 62 62 62 62 62 61 61 61 61 60 60 60 59 59 59 58 58 58 57 57    611
SEP  57 56 56 55 55 55 54 54 53 53 53 52 52 51 51 51 50 50 49 49 49 48 48 47 47 47 46 46 45 45       508
OCT  44 44 44 43 43 42 42 41 41 40 40 40 39 39 38 38 37 37 37 36 36 35 35 34 34 33 33 32 32 32 31    378
NOV  31 30 30 29 29 28 28 28 27 27 26 26 25 25 25 24 24 24 23 23 23 22 22 22 21 21 21 20 20 20       248
DEC  19 19 19 19 18 18 18 17 17 17 17 17 16 16 16 16 15 15 15 15 15 14 14 14 14 14 14 13 13 13 13    158
                                                                                                        
-------------------------------------------------------------------------------------------------       
 Maximum Temperature (deg F [tenths deg F for monthly])                                                 
 DAY  1  2  3  4  5  6  7  8  9 10 11 12 13 14 15 16 17 18 19 20 21 22 23 24 25 26 27 28 29 30 31  MONTH
-------------------------------------------------------------------------------------------------       
JAN  38 38 38 38 38 38 38 38 38 38 38 38 38 38 38 38 38 38 38 38 38 38 39 39 39 39 39 39 40 40 40    384
FEB  40 41 41 41 41 42 42 42 43 43 43 43 44 44 44 44 45 45 45 45 46 46 46 47 47 47 47 48             440
MAR  48 48 49 49 49 50 50 50 50 51 51 51 52 52 53 53 53 54 54 54 55 55 56 56 56 57 57 58 58 58 59    531
APR  59 60 60 61 61 61 62 62 62 63 63 64 64 64 65 65 65 65 66 66 66 67 67 67 67 68 68 68 68 68       644
MAY  69 69 69 69 69 70 70 70 71 71 71 71 72 72 72 73 73 73 74 74 74 75 75 76 76 76 77 77 78 78 79    730
JUN  79 79 80 80 81 81 82 82 82 83 83 84 84 84 85 85 85 86 86 86 87 87 87 87 88 88 88 88 89 89       845
JUL  89 89 90 90 90 90 90 90 91 91 91 91 91 91 91 91 91 91 91 91 91 92 92 92 92 91 91 91 91 91 91    908
AUG  91 91 91 91 91 91 91 90 90 90 90 90 90 89 89 89 89 89 88 88 88 88 87 87 87 87 86 86 86 85 85    887
SEP  85 84 84 84 83 83 83 82 82 82 81 81 81 80 80 79 79 79 79 78 78 78 77 77 77 76 76 76 75 75       798
OCT  75 74 74 74 73 73 72 72 72 71 71 70 70 69 69 68 68 67 67 66 66 65 65 64 63 63 62 61 61 60 60    679
NOV  59 58 57 57 56 56 55 54 54 53 53 52 52 51 51 50 50 49 49 48 48 47 47 47 46 46 45 45 45 44       508
DEC  44 44 44 43 43 43 43 42 42 42 42 41 41 41 41 41 40 40 40 40 40 39 39 39 39 39 39 39 39 38 38    408
                                                                                                        
-------------------------------------------------------------------------------------------------       
 Average Temperature (deg F [tenths deg F for monthly])                                                 
 DAY  1  2  3  4  5  6  7  8  9 10 11 12 13 14 15 16 17 18 19 20 21 22 23 24 25 26 27 28 29 30 31  MONTH
-------------------------------------------------------------------------------------------------       
JAN  26 25 25 25 25 25 25 25 25 25 25 25 25 25 25 25 25 25 25 25 25 26 26 26 26 26 26 26 27 27 27    255
FEB  27 27 28 28 28 28 29 29 29 29 29 30 30 30 30 31 31 31 31 32 32 32 33 33 33 33 34 34             304
MAR  34 35 35 35 35 36 36 36 37 37 37 38 38 38 39 39 39 40 40 40 41 41 41 42 42 43 43 43 44 44 44    391
APR  45 45 46 46 46 47 47 48 48 48 49 49 49 50 50 50 51 51 51 52 52 52 53 53 53 54 54 54 55 55       501
MAY  55 55 56 56 56 57 57 57 58 58 58 59 59 59 60 60 60 61 61 61 62 62 62 63 63 64 64 64 65 65 66    601
JUN  66 66 67 67 68 68 68 69 69 69 70 70 70 71 71 71 72 72 72 72 73 73 73 74 74 74 74 74 75 75       709
JUL  75 75 76 76 76 76 76 76 77 77 77 77 77 77 77 77 77 77 77 78 78 78 78 78 78 78 78 78 78 77 77    770
AUG  77 77 77 77 77 77 77 77 77 76 76 76 76 76 76 75 75 75 75 74 74 74 74 73 73 73 72 72 72 71 71    749
SEP  71 70 70 70 69 69 68 68 68 67 67 67 66 66 65 65 65 64 64 64 63 63 63 62 62 61 61 61 60 60       653
OCT  60 59 59 58 58 58 57 57 56 56 55 55 55 54 54 53 53 52 52 51 51 50 50 49 49 48 47 47 46 46 45    529
NOV  45 44 44 43 43 42 41 41 40 40 40 39 39 38 38 37 37 36 36 36 35 35 34 34 34 33 33 33 32 32       378
DEC  32 32 31 31 31 30 30 30 30 29 29 29 29 28 28 28 28 28 27 27 27 27 27 27 26 26 26 26 26 26 26    283
                                                                                                        
-------------------------------------------------------------------------------------------------       
 Heating Degree Days                                                                                    
 DAY  1  2  3  4  5  6  7  8  9 10 11 12 13 14 15 16 17 18 19 20 21 22 23 24 25 26 27 28 29 30 31  MONTH
-------------------------------------------------------------------------------------------------       
JAN  39 40 40 40 40 40 40 40 40 40 40 40 40 40 40 40 40 40 40 40 40 39 39 39 39 39 39 39 38 38 38   1226
FEB  38 38 37 37 37 37 36 36 36 36 36 35 35 35 35 34 34 34 33 33 33 33 32 32 32 32 31 31             968
MAR  31 31 30 30 30 29 29 29 28 28 28 27 27 27 26 26 26 25 25 25 24 24 24 23 23 23 22 22 21 21 21    805
APR  20 20 19 19 19 18 18 18 17 17 17 16 16 15 15 15 14 14 14 13 13 13 12 12 12 12 11 11 11 10       451
MAY  10 10 10  9  9  9  8  8  8  8  7  7  7  7  6  6  6  6  6  5  5  5  5  5  4  4  4  4  4  3  3    198
JUN   3  3  3  2  2  2  2  2  2  2  2  1  1  1  1  1  1  1  1  1  1  0  0  0  0  0  0  0  0  0        35
JUL -99  0  0  0  0  0  0  0  0  0  0  0  0  0  0  0  0  0  0  0  0  0  0  0  0  0  0  0  0  0  0      1
AUG   0  0  0  0  0  0  0  0  0  0  0  0  0  0  0  0  0  0  0  1  1  1  1  1  1  1  1  1  1  1  1     12
SEP   1  1  1  1  1  1  2  2  2  2  2  2  2  2  3  3  3  3  3  4  4  4  4  4  5  5  5  5  6  6        89
OCT   6  7  7  7  8  8  8  9  9  9 10 10 10 11 11 12 12 13 13 14 14 15 15 16 16 17 17 18 18 19 19    378
NOV  20 21 21 22 22 23 23 24 25 25 25 26 26 27 27 28 28 29 29 29 30 30 31 31 31 32 32 32 33 33       815
DEC  33 33 34 34 34 35 35 35 35 36 36 36 36 36 37 37 37 37 38 38 38 38 38 38 39 39 39 39 39 39 39   1137
                                                                                                        
-------------------------------------------------------------------------------------------------       
 Cooling Degree Days                                                                                    
 DAY  1  2  3  4  5  6  7  8  9 10 11 12 13 14 15 16 17 18 19 20 21 22 23 24 25 26 27 28 29 30 31  MONTH
-------------------------------------------------------------------------------------------------       
JAN   0  0  0  0  0  0  0  0  0  0  0  0  0  0  0  0  0  0  0  0  0  0  0  0  0  0  0  0  0  0  0      0
FEB   0  0  0  0  0  0  0  0  0  0  0  0  0  0  0  0  0  0  0  0  0  0  0  0  0  0  0  0               0
MAR   0  0  0  0  0  0  0  0  0  0  0  0  0  0  0  0  0  0  0  0  0  0  0  0  0  0  0  0  0  0  0      0
APR   0  0  0  0  0  0  0  0  0  0  0  0  0  0  0  0  0  0  0  0  0  0  0  0  0  0  0  0-99-99         2
MAY   0  0  0  0  0  0  0  1  1  1  1  1  1  1  1  1  1  2  2  2  2  2  2  2  3  3  3  3  3  4  4     47
JUN   4  4  4  5  5  5  5  5  6  6  6  6  6  7  7  7  7  7  8  8  8  8  9  9  9  9  9 10 10 10       209
JUL  10 10 11 11 11 11 11 11 12 12 12 12 12 12 12 12 12 12 12 12 13 13 13 13 13 13 13 13 13 12 12    371
AUG  12 12 12 12 12 12 12 12 12 12 11 11 11 11 11 11 10 10 10 10 10  9  9  9  9  8  8  8  8  7  7    318
SEP   7  6  6  6  5  5  5  5  4  4  4  4  3  3  3  3  3  3  2  2  2  2  2  2  1  1  1  1  1  1        97
OCT   1  0  0  0  0  0  0  0  0  0  0  0  0  0  0  0  0  0  0  0  0  0  0  0  0  0  0  0  0  0  0      1
NOV   0  0  0  0  0  0  0  0  0  0  0  0  0  0  0  0  0  0  0  0  0  0  0  0  0  0  0  0  0  0         0
DEC   0  0  0  0  0  0  0  0  0  0  0  0  0  0  0  0  0  0  0  0  0  0  0  0  0  0  0  0  0  0  0      0
                                                                                                        
-------------------------------------------------------------------------------------------------       
 Total  Precipitation (Hundreths of an Inch)                                                            
 DAY  1  2  3  4  5  6  7  8  9 10 11 12 13 14 15 16 17 18 19 20 21 22 23 24 25 26 27 28 29 30 31  MONTH
-------------------------------------------------------------------------------------------------       
JAN   1  1  1  1  1  1  1  1  1  1  1  1  2  2  2  2  2  2  2  2  1  1  1  1  1  1  1  1  1  1  1     39
FEB   1  1  1  1  1  1  1  1  1  1  1  1  1  1  2  2  2  2  2  2  2  2  2  3  3  3  3  3              47
MAR   3  4  4  4  4  4  5  5  5  5  5  5  5  6  6  6  6  6  6  6  6  6  6  6  7  7  7  7  7  7  7    173
APR   7  7  7  7  7  7  7  7  7  8  8  8  8  8  8  9  9  9  9  9 10 10 10 10 11 11 11 11 12 12       264
MAY  12 13 13 13 13 14 14 14 14 14 15 15 15 15 15 15 15 15 15 15 15 15 15 15 14 14 14 14 14 13 13    440
JUN  13 13 13 12 12 12 12 11 11 11 11 11 11 11 11 11 10 10 10 10 10 10 10 10 10 10 10 11 11 11       329
JUL  11 11 11 11 11 11 11 11 11 11 12 12 12 12 12 12 12 12 12 12 12 12 12 12 12 12 12 12 12 12 12    362
AUG  12 12 12 12 11 11 11 11 11 11 11 11 11 11 11 10 10 10 10 10 10 10 10  9  9  9  9  9  9  9  8    320
SEP   8  8  8  8  8  8  7  7  7  7  7  7  7  7  6  6  6  6  6  6  6  6  6  6  6  6  6  5  5  5       197
OCT   6  5  5  5  5  5  5  5  5  5  5  5  5  5  5  5  5  5  5  5  5  5  5  5  5  5  5  5  5  5  5    156
NOV   5  5  5  5  5  5  5  4  4  4  4  4  4  4  4  4  4  4  4  4  4  4  3  3  3  3  3  3  3  3       119
DEC   3  2  2  2  2  2  2  2  2  2  2  1  1  1  1  1  1  1  1  1  1  1  1  1  1  1  1  1  1  1  1     43
                                                                                                        
