-------------------------------------------------------------------------------------------------       
 1971-2000 Daily/Monthly Station Normals                                                                
 Provided by National Climatic Data Center/NESDIS/NOAA                                                  
-------------------------------------------------------------------------------------------------       
 Station COOP ID:                           145152                                                      
 Station Name, State, Division, Call:       MCPHERSON                          KS 05                    
 Latitude, Longitude, Elevation, Elements:  38 23 12 -097 39 31  1495 XNP                               
-------------------------------------------------------------------------------------------------       
 Minimum Temperature (deg F [tenths deg F for monthly])                                                 
 DAY  1  2  3  4  5  6  7  8  9 10 11 12 13 14 15 16 17 18 19 20 21 22 23 24 25 26 27 28 29 30 31  MONTH
-------------------------------------------------------------------------------------------------       
JAN  18 17 17 17 17 17 17 17 17 17 17 17 17 17 17 17 17 17 17 17 17 17 17 17 17 17 18 18 18 18 18    172
FEB  19 19 19 19 19 20 20 20 20 21 21 21 21 21 22 22 22 23 23 23 23 24 24 24 25 25 25 25             218
MAR  26 26 26 27 27 27 28 28 28 29 29 29 30 30 30 30 31 31 31 32 32 32 33 33 33 34 34 34 35 35 35    305
APR  36 36 36 36 37 37 37 38 38 38 39 39 40 40 40 41 41 41 42 42 42 43 43 44 44 44 45 45 45 46       405
MAY  46 47 47 47 48 48 48 49 49 50 50 50 51 51 52 52 52 53 53 53 54 54 55 55 55 56 56 56 57 57 57    519
JUN  58 58 59 59 59 59 60 60 60 61 61 61 62 62 62 62 63 63 63 64 64 64 64 64 65 65 65 65 65 66       621
JUL  66 66 66 66 66 67 67 67 67 67 67 67 67 67 68 68 68 68 68 68 68 68 68 68 68 68 68 68 68 68 68    674
AUG  68 68 68 67 67 67 67 67 67 67 67 67 66 66 66 66 66 65 65 65 65 65 64 64 64 64 63 63 63 62 62    655
SEP  62 61 61 61 60 60 60 59 59 59 58 58 58 57 57 56 56 56 55 55 55 54 54 53 53 52 52 52 51 51       565
OCT  50 50 50 49 49 48 48 47 47 46 46 46 45 45 44 44 43 43 42 42 41 41 41 40 40 39 39 38 38 37 37    437
NOV  36 36 36 35 35 34 34 33 33 32 32 32 31 31 30 30 30 29 29 29 28 28 27 27 27 26 26 26 25 25       304
DEC  25 24 24 24 24 23 23 23 22 22 22 22 21 21 21 21 21 20 20 20 20 19 19 19 19 19 18 18 18 18 18    209
                                                                                                        
-------------------------------------------------------------------------------------------------       
 Maximum Temperature (deg F [tenths deg F for monthly])                                                 
 DAY  1  2  3  4  5  6  7  8  9 10 11 12 13 14 15 16 17 18 19 20 21 22 23 24 25 26 27 28 29 30 31  MONTH
-------------------------------------------------------------------------------------------------       
JAN  39 39 39 38 38 38 38 38 38 38 38 38 38 38 38 39 39 39 39 39 39 39 40 40 40 40 41 41 41 41 42    391
FEB  42 42 43 43 43 44 44 44 45 45 45 46 46 46 47 47 47 48 48 48 48 49 49 49 50 50 50 51             464
MAR  51 51 52 52 53 53 53 54 54 54 55 55 55 56 56 56 57 57 57 58 58 58 59 59 59 60 60 60 61 61 61    563
APR  62 62 62 63 63 64 64 64 64 65 65 65 66 66 66 67 67 67 68 68 68 68 69 69 69 70 70 70 70 71       664
MAY  71 71 71 72 72 72 73 73 73 73 74 74 74 75 75 75 76 76 76 77 77 77 78 78 79 79 79 80 80 80 81    755
JUN  81 82 82 82 83 83 84 84 84 85 85 85 86 86 86 87 87 87 87 88 88 88 89 89 89 89 90 90 90 90       862
JUL  90 91 91 91 91 91 91 92 92 92 92 92 92 92 92 92 92 93 93 93 93 93 93 93 93 93 93 93 92 92 92    921
AUG  92 92 92 92 92 92 92 92 91 91 91 91 91 91 90 90 90 90 90 89 89 89 89 88 88 88 88 87 87 87 86    899
SEP  86 86 86 85 85 85 84 84 84 83 83 83 82 82 82 81 81 81 80 80 80 80 79 79 79 78 78 78 77 77       816
OCT  77 76 76 76 75 75 74 74 74 73 73 72 72 71 71 70 70 70 69 69 68 67 67 66 66 65 65 64 63 63 62    701
NOV  62 61 60 60 59 59 58 58 57 56 56 55 55 54 54 53 53 52 52 51 51 50 50 50 49 49 48 48 47 47       538
DEC  47 46 46 46 45 45 45 44 44 44 43 43 43 42 42 42 42 41 41 41 41 40 40 40 40 40 39 39 39 39 39    422
                                                                                                        
-------------------------------------------------------------------------------------------------       
 Average Temperature (deg F [tenths deg F for monthly])                                                 
 DAY  1  2  3  4  5  6  7  8  9 10 11 12 13 14 15 16 17 18 19 20 21 22 23 24 25 26 27 28 29 30 31  MONTH
-------------------------------------------------------------------------------------------------       
JAN  28 28 28 28 28 28 28 28 28 27 27 27 27 28 28 28 28 28 28 28 28 28 28 29 29 29 29 29 29 30 30    282
FEB  30 31 31 31 31 32 32 32 32 33 33 33 34 34 34 34 35 35 35 36 36 36 37 37 37 38 38 38             341
MAR  39 39 39 40 40 40 40 41 41 41 42 42 42 43 43 43 44 44 44 45 45 45 46 46 46 47 47 47 48 48 48    434
APR  49 49 49 50 50 50 51 51 51 52 52 52 53 53 53 54 54 54 55 55 55 56 56 56 57 57 57 58 58 58       535
MAY  59 59 59 60 60 60 60 61 61 62 62 62 63 63 63 64 64 64 65 65 65 66 66 66 67 67 68 68 68 69 69    637
JUN  70 70 70 71 71 71 72 72 72 73 73 73 74 74 74 75 75 75 75 76 76 76 76 77 77 77 77 78 78 78       742
JUL  78 79 79 79 79 79 79 80 80 80 80 80 80 80 80 80 80 80 80 80 80 80 81 81 80 80 80 80 80 80 80    798
AUG  80 80 80 80 80 80 79 79 79 79 79 79 79 78 78 78 78 78 77 77 77 77 76 76 76 76 75 75 75 75 74    777
SEP  74 74 73 73 73 72 72 72 71 71 71 70 70 70 69 69 69 68 68 68 67 67 67 66 66 65 65 65 64 64       691
OCT  63 63 63 62 62 61 61 61 60 60 59 59 58 58 58 57 57 56 56 55 55 54 54 53 53 52 52 51 51 50 50    569
NOV  49 49 48 47 47 46 46 45 45 44 44 43 43 43 42 42 41 41 40 40 40 39 39 38 38 38 37 37 36 36       421
DEC  36 35 35 35 34 34 34 34 33 33 33 32 32 32 32 31 31 31 31 30 30 30 30 30 29 29 29 29 29 29 28    316
                                                                                                        
-------------------------------------------------------------------------------------------------       
 Heating Degree Days                                                                                    
 DAY  1  2  3  4  5  6  7  8  9 10 11 12 13 14 15 16 17 18 19 20 21 22 23 24 25 26 27 28 29 30 31  MONTH
-------------------------------------------------------------------------------------------------       
JAN  37 37 37 37 37 37 37 37 37 38 38 38 38 38 37 37 37 37 37 37 37 37 37 37 36 36 36 36 36 35 35   1143
FEB  35 34 34 34 34 33 33 33 33 32 32 32 31 31 31 31 30 30 30 29 29 29 28 28 28 27 27 27             865
MAR  26 26 26 25 25 25 25 24 24 24 23 23 23 22 22 22 21 21 21 20 20 20 19 19 19 18 18 18 17 17 17    670
APR  16 16 16 15 15 15 14 14 14 14 13 13 13 12 12 12 11 11 11 10 10 10 10  9  9  9  8  8  8  8       356
MAY   7  7  7  6  6  6  6  5  5  5  5  5  4  4  4  4  3  3  3  3  3  3  2  2  2  2  2  2  2  2  1    121
JUN   1  1  1  1  1  1  1  1  1  1  1  1  0  0  0  0  0  0  0  0  0  0  0  0  0  0  0  0  0  0        12
JUL   0  0  0  0  0  0  0  0  0  0  0  0  0  0  0  0  0  0  0  0  0  0  0  0  0  0  0  0  0  0  0      0
AUG   0  0  0  0  0  0  0  0  0  0  0  0  0  0  0  0  0  0  0  0  0  0  0  0  0  0  1  1  1  1  1      5
SEP   1  1  1  1  1  1  1  1  1  1  1  1  1  1  1  2  2  2  2  2  2  2  2  3  3  3  3  3  3  4        53
OCT   4  4  4  4  5  5  5  5  6  6  6  7  7  7  8  8  8  9  9 10 10 11 11 11 12 12 13 13 14 15 15    264
NOV  16 16 17 17 18 18 19 20 20 21 21 22 22 22 23 23 24 24 25 25 26 26 26 27 27 28 28 28 29 29       687
DEC  29 30 30 30 31 31 31 32 32 32 32 33 33 33 33 34 34 34 34 35 35 35 35 35 36 36 36 36 36 37 37   1037
                                                                                                        
-------------------------------------------------------------------------------------------------       
 Cooling Degree Days                                                                                    
 DAY  1  2  3  4  5  6  7  8  9 10 11 12 13 14 15 16 17 18 19 20 21 22 23 24 25 26 27 28 29 30 31  MONTH
-------------------------------------------------------------------------------------------------       
JAN   0  0  0  0  0  0  0  0  0  0  0  0  0  0  0  0  0  0  0  0  0  0  0  0  0  0  0  0  0  0  0      0
FEB   0  0  0  0  0  0  0  0  0  0  0  0  0  0  0  0  0  0  0  0  0  0  0  0  0  0  0  0               0
MAR   0  0  0  0  0  0  0  0  0  0  0  0  0  0  0  0  0  0  0  0  0  0  0  0  0  0  0  0  0  0  0      0
APR   0  0  0  0  0  0  0  0  0  0  0  0  0  0  0  0  0  0  0  0  0  1  1  1  1  1  1  1  1  1         9
MAY   1  1  1  1  1  1  1  1  1  1  2  2  2  2  2  2  2  3  3  3  3  3  4  4  4  4  5  5  5  5  6     81
JUN   6  6  6  7  7  7  7  8  8  8  9  9  9  9 10 10 10 10 10 11 11 11 11 12 12 12 12 12 13 13       286
JUL  13 13 14 14 14 14 14 14 15 15 15 15 15 15 15 15 15 15 15 15 15 16 16 16 15 15 15 15 15 15 15    458
AUG  15 15 15 15 15 15 14 14 14 14 14 14 14 13 13 13 13 13 13 12 12 12 12 11 11 11 11 11 10 10 10    399
SEP   9  9  9  9  8  8  8  8  7  7  7  7  6  6  6  6  5  5  5  5  4  4  4  4  4  3  3  3  3  2       174
OCT   2  2  2  2  1  1  1  1  1  1  0  0  0  0  0  0  0  0  0  0  0  0  0  0  0  0  0  0  0  0  0     14
NOV   0  0  0  0  0  0  0  0  0  0  0  0  0  0  0  0  0  0  0  0  0  0  0  0  0  0  0  0  0  0         0
DEC   0  0  0  0  0  0  0  0  0  0  0  0  0  0  0  0  0  0  0  0  0  0  0  0  0  0  0  0  0  0  0      0
                                                                                                        
-------------------------------------------------------------------------------------------------       
 Total  Precipitation (Hundreths of an Inch)                                                            
 DAY  1  2  3  4  5  6  7  8  9 10 11 12 13 14 15 16 17 18 19 20 21 22 23 24 25 26 27 28 29 30 31  MONTH
-------------------------------------------------------------------------------------------------       
JAN   3  3  3  3  3  3  3  3  3  3  3  3  2  2  2  2  2  2  2  2  2  2  2  2  2  2  2  2  2  2  2     74
FEB   2  2  2  2  2  3  3  3  3  3  3  3  3  3  3  4  4  4  4  4  5  5  5  5  6  6  6  7             105
MAR   7  7  7  8  8  8  8  9  9  9  9  9  9  9 10 10 10 10 10 10 10 10 10 10 10 10  9  9  9  9  9    281
APR   9  9  9  8  8  8  8  8  8  8  8  8  8  8  8  8  9  9  9  9  9  9 10 10 10 11 11 11 12 12       272
MAY  12 13 13 13 14 14 14 15 15 15 15 15 16 16 16 16 16 17 17 17 17 17 17 17 17 17 17 17 17 17 17    486
JUN  17 17 17 16 16 16 16 16 16 16 16 16 16 16 15 15 15 15 15 15 15 15 15 14 14 14 14 14 14 14       460
JUL  14 13 13 13 13 13 13 13 13 13 12 12 12 12 12 12 12 12 12 12 12 12 12 12 12 12 12 12 12 12 12    383
AUG  12 12 12 12 12 12 12 12 12 12 12 12 12 12 12 12 12 12 11 11 11 11 11 11 11 11 11 11 11 11 11    359
SEP  11 11 11 11 10 10 10 10 10 10 10 10 10 10 10 10 10  9  9  9  9  9  9  9  9  9  9  9  9  8       290
OCT   8  8  8  8  8  8  8  8  8  8  8  8  8  8  8  7  7  7  7  7  7  7  7  7  7  7  7  7  7  7  7    232
NOV   7  7  7  7  7  7  6  6  6  6  6  6  6  6  6  6  6  6  6  6  5  5  5  5  5  5  5  5  5  4       175
DEC   4  4  4  4  4  4  4  4  3  3  3  3  3  3  3  3  3  3  3  3  3  3  3  3  3  2  2  2  2  2  2     95
                                                                                                        
