-------------------------------------------------------------------------------------------------       
 1971-2000 Daily/Monthly Station Normals                                                                
 Provided by National Climatic Data Center/NESDIS/NOAA                                                  
-------------------------------------------------------------------------------------------------       
 Station COOP ID:                           142686                                                      
 Station Name, State, Division, Call:       FALL RIVER LAKE                    KS 09                    
 Latitude, Longitude, Elevation, Elements:  37 38 49 -096 04 37  1020 XNP                               
-------------------------------------------------------------------------------------------------       
 Minimum Temperature (deg F [tenths deg F for monthly])                                                 
 DAY  1  2  3  4  5  6  7  8  9 10 11 12 13 14 15 16 17 18 19 20 21 22 23 24 25 26 27 28 29 30 31  MONTH
-------------------------------------------------------------------------------------------------       
JAN  19 19 19 19 19 18 18 18 18 18 18 18 18 18 18 18 18 18 18 18 18 18 19 19 19 19 19 19 19 20 20    185
FEB  20 20 20 21 21 21 21 22 22 22 22 23 23 23 24 24 24 25 25 25 25 26 26 26 27 27 28 28             236
MAR  28 29 29 29 30 30 30 31 31 31 32 32 32 33 33 34 34 34 35 35 35 36 36 36 37 37 37 38 38 38 39    335
APR  39 39 40 40 40 41 41 42 42 42 43 43 43 44 44 44 45 45 45 46 46 46 47 47 47 48 48 48 49 49       441
MAY  49 50 50 50 51 51 51 52 52 52 53 53 53 54 54 54 55 55 55 55 56 56 56 57 57 57 58 58 58 59 59    542
JUN  59 60 60 60 60 61 61 61 61 62 62 62 63 63 63 63 64 64 64 64 64 65 65 65 65 65 66 66 66 66       630
JUL  67 67 67 67 67 67 67 68 68 68 68 68 68 68 68 68 68 68 68 68 69 69 69 69 68 68 68 68 68 68 68    679
AUG  68 68 68 68 68 68 67 67 67 67 67 67 67 66 66 66 66 66 66 65 65 65 65 64 64 64 64 63 63 63 62    658
SEP  62 62 61 61 61 61 60 60 60 59 59 59 58 58 57 57 57 56 56 56 55 55 54 54 54 53 53 52 52 51       571
OCT  51 51 50 50 49 49 49 48 48 47 47 46 46 46 45 45 44 44 44 43 43 42 42 42 41 41 41 40 40 39 39    449
NOV  39 38 38 38 37 37 37 36 36 35 35 35 34 34 34 33 33 32 32 32 31 31 31 30 30 30 29 29 28 28       334
DEC  28 27 27 27 26 26 26 25 25 25 24 24 24 23 23 23 23 22 22 22 21 21 21 21 21 20 20 20 20 20 19    231
                                                                                                        
-------------------------------------------------------------------------------------------------       
 Maximum Temperature (deg F [tenths deg F for monthly])                                                 
 DAY  1  2  3  4  5  6  7  8  9 10 11 12 13 14 15 16 17 18 19 20 21 22 23 24 25 26 27 28 29 30 31  MONTH
-------------------------------------------------------------------------------------------------       
JAN  41 40 40 40 40 40 40 40 40 40 40 40 40 40 40 40 40 40 40 40 40 40 40 41 41 41 41 41 42 42 42    404
FEB  42 43 43 43 44 44 44 44 45 45 45 46 46 46 47 47 47 48 48 48 49 49 49 50 50 51 51 51             466
MAR  52 52 52 53 53 54 54 54 55 55 55 56 56 57 57 57 58 58 58 59 59 60 60 60 61 61 61 62 62 62 63    573
APR  63 64 64 64 65 65 65 66 66 66 66 67 67 67 68 68 68 69 69 69 69 70 70 70 70 71 71 71 71 72       677
MAY  72 72 72 73 73 73 73 73 74 74 74 74 75 75 75 76 76 76 76 77 77 77 77 78 78 78 79 79 79 79 80    756
JUN  80 80 81 81 81 82 82 82 82 83 83 83 83 84 84 84 85 85 85 85 86 86 86 86 87 87 87 87 88 88       841
JUL  88 88 89 89 89 89 89 89 90 90 90 90 90 90 91 91 91 91 91 91 91 91 91 91 91 91 92 92 92 92 92    904
AUG  92 92 92 92 91 91 91 91 91 91 91 91 91 91 90 90 90 90 90 90 89 89 89 89 88 88 88 88 87 87 87    899
SEP  86 86 86 85 85 85 84 84 84 83 83 83 83 82 82 82 81 81 81 80 80 80 79 79 79 78 78 78 77 77       817
OCT  77 76 76 76 75 75 75 74 74 74 73 73 72 72 72 71 71 70 70 69 69 69 68 68 67 67 66 66 65 64 64    709
NOV  63 63 62 62 61 61 60 60 59 59 58 58 57 57 56 56 55 55 54 54 53 53 53 52 52 51 51 51 50 50       562
DEC  49 49 49 48 48 47 47 47 46 46 46 46 45 45 45 44 44 44 44 43 43 43 43 42 42 42 42 41 41 41 41    446
                                                                                                        
-------------------------------------------------------------------------------------------------       
 Average Temperature (deg F [tenths deg F for monthly])                                                 
 DAY  1  2  3  4  5  6  7  8  9 10 11 12 13 14 15 16 17 18 19 20 21 22 23 24 25 26 27 28 29 30 31  MONTH
-------------------------------------------------------------------------------------------------       
JAN  30 30 30 30 29 29 29 29 29 29 29 29 29 29 29 29 29 29 29 29 29 29 30 30 30 30 30 30 31 31 31    295
FEB  31 31 32 32 32 33 33 33 33 34 34 34 35 35 35 35 36 36 36 37 37 37 38 38 38 39 39 40             351
MAR  40 40 41 41 41 42 42 42 43 43 44 44 44 45 45 45 46 46 47 47 47 48 48 48 49 49 49 50 50 50 51    454
APR  51 51 52 52 53 53 53 54 54 54 55 55 55 56 56 56 56 57 57 57 58 58 58 59 59 59 59 60 60 60       559
MAY  61 61 61 61 62 62 62 63 63 63 63 64 64 64 65 65 65 65 66 66 66 67 67 67 68 68 68 68 69 69 69    649
JUN  70 70 70 71 71 71 71 72 72 72 72 73 73 73 74 74 74 74 75 75 75 75 76 76 76 76 76 77 77 77       736
JUL  77 77 78 78 78 78 78 79 79 79 79 79 79 79 79 79 80 80 80 80 80 80 80 80 80 80 80 80 80 80 80    792
AUG  80 80 80 80 80 80 79 79 79 79 79 79 79 79 78 78 78 78 78 77 77 77 77 77 76 76 76 75 75 75 75    779
SEP  74 74 74 73 73 73 72 72 72 71 71 71 70 70 70 69 69 69 68 68 68 67 67 66 66 66 65 65 65 64       694
OCT  64 64 63 63 62 62 62 61 61 60 60 60 59 59 58 58 58 57 57 56 56 55 55 55 54 54 53 53 52 52 52    579
NOV  51 51 50 50 49 49 48 48 47 47 47 46 46 45 45 45 44 44 43 43 42 42 42 41 41 40 40 40 39 39       448
DEC  39 38 38 37 37 37 36 36 36 35 35 35 35 34 34 34 33 33 33 33 32 32 32 32 31 31 31 31 31 30 30    339
                                                                                                        
-------------------------------------------------------------------------------------------------       
 Heating Degree Days                                                                                    
 DAY  1  2  3  4  5  6  7  8  9 10 11 12 13 14 15 16 17 18 19 20 21 22 23 24 25 26 27 28 29 30 31  MONTH
-------------------------------------------------------------------------------------------------       
JAN  35 35 35 36 36 36 36 36 36 36 36 36 36 36 36 36 36 36 36 36 36 36 36 35 35 35 35 35 35 34 34   1103
FEB  34 34 33 33 33 32 32 32 32 31 31 31 30 30 30 30 29 29 29 28 28 28 27 27 27 26 26 25             837
MAR  25 25 24 24 24 23 23 22 22 22 21 21 21 20 20 20 19 19 19 18 18 17 17 17 16 16 16 15 15 15 14    608
APR  14 14 13 13 13 12 12 12 11 11 11 10 10 10 10  9  9  9  9  8  8  8  7  7  7  7  7  6  6  6       289
MAY   6  5  5  5  5  5  5  4  4  4  4  4  3  3  3  3  3  3  3  2  2  2  2  2  2  2  2  1  1  1  1     97
JUN   1  1  1  1  1  1  1  1  1  0  0  0  0  0  0  0  0  0  0  0  0  0  0  0  0  0  0  0  0  0         9
JUL   0  0  0  0  0  0  0  0  0  0  0  0  0  0  0  0  0  0  0  0  0  0  0  0  0  0  0  0  0  0  0      0
AUG   0  0  0  0  0  0  0  0  0  0  0  0  0  0  0  0  0  0  0  0  0  0  0  0  0  0  0-99-99-99-99      4
SEP   0  0  1  1  1  1  1  1  1  1  1  1  1  1  1  1  2  2  2  2  2  2  2  2  3  3  3  3  3  3        48
OCT   4  4  4  4  4  5  5  5  5  6  6  6  6  7  7  7  8  8  8  9  9  9 10 10 11 11 12 12 12 13 13    240
NOV  14 14 15 15 16 16 17 17 17 18 18 19 19 20 20 21 21 21 22 22 23 23 23 24 24 25 25 25 26 26       606
DEC  26 27 27 28 28 28 29 29 29 30 30 30 31 31 31 31 32 32 32 32 33 33 33 33 34 34 34 34 34 35 35    965
                                                                                                        
-------------------------------------------------------------------------------------------------       
 Cooling Degree Days                                                                                    
 DAY  1  2  3  4  5  6  7  8  9 10 11 12 13 14 15 16 17 18 19 20 21 22 23 24 25 26 27 28 29 30 31  MONTH
-------------------------------------------------------------------------------------------------       
JAN   0  0  0  0  0  0  0  0  0  0  0  0  0  0  0  0  0  0  0  0  0  0  0  0  0  0  0  0  0  0  0      0
FEB   0  0  0  0  0  0  0  0  0  0  0  0  0  0  0  0  0  0  0  0  0  0  0  0  0  0  0  0               0
MAR   0  0  0  0  0  0  0  0  0  0  0  0  0  0  0  0  0  0  0  0  0  0  0  0  0  0  0  0  0  0  0      0
APR   0  0  0  0  0  0  0  0  0  0  0  0  0  1  1  1  1  1  1  1  1  1  1  1  1  1  1  1  1  1        17
MAY   1  1  1  2  2  2  2  2  2  2  2  2  2  3  3  3  3  3  3  3  4  4  4  4  4  4  5  5  5  5  5     93
JUN   6  6  6  6  7  7  7  7  7  8  8  8  8  9  9  9  9  9 10 10 10 10 10 11 11 11 11 12 12 12       266
JUL  12 12 13 13 13 13 13 13 14 14 14 14 14 14 14 14 14 15 15 15 15 15 15 15 15 15 15 15 15 15 15    438
AUG  15 15 15 15 15 14 14 14 14 14 14 14 14 14 13 13 13 13 13 13 12 12 12 12 11 11 11 11 10 10 10    401
SEP  10  9  9  9  9  8  8  8  8  7  7  7  6  6  6  6  6  5  5  5  5  4  4  4  4  4  3  3  3  3       181
OCT   2  2  2  2  2  2  1  1  1  1  1  1  1  1  0  0  0  0  0  0  0  0  0  0  0  0  0  0  0  0  0     20
NOV   0  0  0  0  0  0  0  0  0  0  0  0  0  0  0  0  0  0  0  0  0  0  0  0  0  0  0  0  0  0         0
DEC   0  0  0  0  0  0  0  0  0  0  0  0  0  0  0  0  0  0  0  0  0  0  0  0  0  0  0  0  0  0  0      0
                                                                                                        
-------------------------------------------------------------------------------------------------       
 Total  Precipitation (Hundreths of an Inch)                                                            
 DAY  1  2  3  4  5  6  7  8  9 10 11 12 13 14 15 16 17 18 19 20 21 22 23 24 25 26 27 28 29 30 31  MONTH
-------------------------------------------------------------------------------------------------       
JAN   3  3  3  3  3  3  3  3  3  3  3  3  3  2  2  2  2  2  2  2  2  2  3  3  3  3  3  3  3  3  3     84
FEB   3  3  3  3  3  4  4  4  4  4  4  4  4  5  5  5  5  5  5  6  6  6  6  6  6  7  7  7             134
MAR   7  8  8  8  8  8  9  9  9  9  9  9  9  9 10 10 10 10 10 10 10 10 10 10 10 10 10 10 10 10 10    289
APR  10 10 10 10 10 10 10 10 11 11 11 11 11 11 11 11 11 11 11 11 11 12 12 12 12 12 12 12 13 13       333
MAY  13 13 13 13 13 14 14 14 14 14 14 15 15 15 15 15 15 15 16 16 16 16 16 16 17 17 17 17 17 17 17    469
JUN  18 18 18 18 18 18 18 18 18 18 18 18 18 18 18 18 18 18 18 17 17 17 17 17 17 16 16 16 16 15       523
JUL  15 15 15 14 14 14 14 13 13 13 13 13 13 12 12 12 12 12 12 12 12 12 12 12 11 11 11 11 11 12 12    390
AUG  12 12 12 12 12 12 12 12 12 12 12 12 12 12 12 12 12 12 12 12 12 12 12 12 12 12 12 12 12 12 12    372
SEP  12 12 12 12 12 12 12 12 12 12 12 12 12 12 12 12 12 12 12 12 12 12 12 12 12 12 12 12 11 11       358
OCT  11 11 11 11 11 11 11 11 11 11 11 11 11 11 11 11 11 11 11 11 11 10 10 10 10 10 10 10 10 10 10    331
NOV  10 10 10 10 10 10 10 10 10  9  9  9  9  9  9  9  9  9  9  9  8  8  8  8  8  8  8  8  8  7       268
DEC   7  7  7  7  7  7  6  6  6  6  6  6  6  6  5  5  5  5  5  5  5  5  4  4  4  4  4  4  4  4  4    166
                                                                                                        
