-------------------------------------------------------------------------------------------------       
 1971-2000 Daily/Monthly Station Normals                                                                
 Provided by National Climatic Data Center/NESDIS/NOAA                                                  
-------------------------------------------------------------------------------------------------       
 Station COOP ID:                           147832                                                      
 Station Name, State, Division, Call:       STOCKTON 1 E                       KS 02                    
 Latitude, Longitude, Elevation, Elements:  39 26 43 -099 14 43  1771   P                               
-------------------------------------------------------------------------------------------------       
 Total  Precipitation (Hundreths of an Inch)                                                            
 DAY  1  2  3  4  5  6  7  8  9 10 11 12 13 14 15 16 17 18 19 20 21 22 23 24 25 26 27 28 29 30 31  MONTH
-------------------------------------------------------------------------------------------------       
JAN   1  1  1  1  2  2  2  2  2  2  2  2  2  2  2  2  2  2  2  2  2  2  2  2  2  2  2  1  1  1  1     54
FEB   2  1  1  1  1  1  1  2  2  2  2  2  2  2  2  2  2  2  3  3  3  3  3  4  4  4  4  4              65
MAR   5  5  5  6  6  6  6  6  6  7  7  7  7  7  7  7  7  7  7  7  7  7  7  7  7  7  7  7  7  7  7    205
APR   7  6  6  6  6  6  6  6  6  6  6  6  6  6  7  7  7  7  7  7  7  8  8  8  8  9  9  9 10 10       213
MAY  10 11 11 11 12 12 12 12 13 13 13 13 13 13 13 14 14 14 14 14 13 13 13 13 13 13 13 13 12 12 12    392
JUN  12 11 11 11 11 11 10 10 10 10 10 10 10  9  9  9  9  9  9  9  9  9  9  9 10 10 10 10 10 10       296
JUL  10 10 11 11 11 11 11 11 11 11 11 12 12 12 12 12 12 12 12 12 12 12 12 12 11 11 11 11 11 11 11    352
AUG  11 11 10 10 10 10 10 10 10 10 10  9  9  9  9  9  9  9  9  9  9  8  8  8  8  8  8  8  8  8  8    282
SEP   8  8  8  8  8  7  7  7  7  7  7  7  7  7  7  7  7  7  6  6  6  6  6  6  6  6  6  6  6  5       202
OCT   5  5  5  5  5  5  5  5  5  5  5  5  5  5  5  5  4  4  4  4  4  4  4  4  5  5  5  5  5  5  5    147
NOV   5  5  5  5  5  5  5  5  5  5  5  5  5  5  5  5  5  5  5  5  4  4  4  4  4  4  4  4  3  3       138
DEC   3  3  3  3  3  3  2  2  2  2  2  2  2  2  2  2  2  2  2  1  1  1  1  1  1  1  1  1  1  1  2     57
                                                                                                        
