-------------------------------------------------------------------------------------------------       
 1971-2000 Daily/Monthly Station Normals                                                                
 Provided by National Climatic Data Center/NESDIS/NOAA                                                  
-------------------------------------------------------------------------------------------------       
 Station COOP ID:                           140069                                                      
 Station Name, State, Division, Call:       AETNA 2 S                          KS 08                    
 Latitude, Longitude, Elevation, Elements:  37 04 00 -098 58 00  1572 XNP                               
-------------------------------------------------------------------------------------------------       
 Minimum Temperature (deg F [tenths deg F for monthly])                                                 
 DAY  1  2  3  4  5  6  7  8  9 10 11 12 13 14 15 16 17 18 19 20 21 22 23 24 25 26 27 28 29 30 31  MONTH
-------------------------------------------------------------------------------------------------       
JAN  20 20 20 20 20 19 19 19 19 19 19 19 19 19 19 19 19 19 20 20 20 20 20 20 20 20 20 21 21 21 21    197
FEB  21 21 22 22 22 22 22 23 23 23 23 24 24 24 24 25 25 25 25 26 26 26 27 27 27 28 28 28             244
MAR  29 29 29 30 30 30 31 31 31 32 32 32 33 33 33 34 34 34 34 35 35 35 36 36 36 37 37 37 38 38 38    335
APR  38 39 39 39 40 40 40 40 41 41 41 42 42 42 43 43 43 44 44 44 45 45 45 46 46 46 47 47 47 48       429
MAY  48 48 49 49 49 50 50 50 51 51 51 52 52 53 53 53 54 54 54 55 55 55 56 56 56 57 57 57 58 58 58    532
JUN  59 59 59 60 60 60 61 61 61 61 62 62 62 63 63 63 63 64 64 64 64 65 65 65 65 65 66 66 66 66       628
JUL  66 67 67 67 67 67 67 68 68 68 68 68 68 68 68 68 68 69 69 69 69 69 69 69 69 69 69 69 69 69 69    682
AUG  69 69 68 68 68 68 68 68 68 68 68 67 67 67 67 67 67 66 66 66 66 66 65 65 65 65 64 64 64 64 63    665
SEP  63 63 62 62 62 61 61 61 60 60 60 59 59 59 58 58 57 57 57 56 56 55 55 55 54 54 53 53 52 52       578
OCT  52 51 51 50 50 49 49 48 48 47 47 46 46 46 45 45 44 44 43 43 42 42 42 41 41 40 40 39 39 38 38    447
NOV  38 37 37 36 36 35 35 35 34 34 33 33 32 32 32 31 31 31 30 30 30 29 29 28 28 28 27 27 27 26       317
DEC  26 26 26 25 25 25 24 24 24 24 23 23 23 23 22 22 22 22 22 21 21 21 21 21 21 20 20 20 20 20 20    225
                                                                                                        
-------------------------------------------------------------------------------------------------       
 Maximum Temperature (deg F [tenths deg F for monthly])                                                 
 DAY  1  2  3  4  5  6  7  8  9 10 11 12 13 14 15 16 17 18 19 20 21 22 23 24 25 26 27 28 29 30 31  MONTH
-------------------------------------------------------------------------------------------------       
JAN  45 45 45 45 45 45 45 45 45 45 45 45 45 45 45 45 45 45 45 46 46 46 46 46 47 47 47 47 48 48 48    457
FEB  49 49 49 50 50 50 50 51 51 51 52 52 52 53 53 53 54 54 54 54 55 55 55 56 56 56 57 57             528
MAR  57 57 58 58 58 59 59 59 60 60 60 61 61 61 62 62 62 63 63 63 64 64 64 65 65 65 66 66 66 67 67    620
APR  67 68 68 69 69 69 70 70 70 71 71 71 71 72 72 72 73 73 73 73 74 74 74 74 74 75 75 75 75 75       719
MAY  76 76 76 76 77 77 77 77 77 78 78 78 78 79 79 79 80 80 80 80 81 81 81 82 82 82 83 83 83 84 84    795
JUN  85 85 85 86 86 86 87 87 87 88 88 88 89 89 89 90 90 90 90 91 91 91 91 92 92 92 92 93 93 93       892
JUL  93 93 94 94 94 94 94 94 95 95 95 95 95 95 95 95 95 95 96 96 96 96 96 96 96 96 96 96 96 96 96    951
AUG  96 96 96 96 96 96 96 95 95 95 95 95 95 95 95 94 94 94 94 94 93 93 93 93 92 92 92 91 91 91 91    940
SEP  90 90 90 89 89 88 88 88 88 87 87 87 86 86 86 85 85 85 84 84 84 83 83 83 82 82 82 82 81 81       855
OCT  81 80 80 80 79 79 79 78 78 78 77 77 76 76 75 75 74 74 73 73 73 72 71 71 70 70 69 68 68 67 66    744
NOV  66 65 64 64 63 63 62 61 61 60 60 59 59 58 58 57 57 56 56 55 55 55 54 54 53 53 53 52 52 52       579
DEC  51 51 51 51 50 50 50 49 49 49 49 48 48 48 48 48 47 47 47 47 47 46 46 46 46 46 46 46 45 45 45    478
                                                                                                        
-------------------------------------------------------------------------------------------------       
 Average Temperature (deg F [tenths deg F for monthly])                                                 
 DAY  1  2  3  4  5  6  7  8  9 10 11 12 13 14 15 16 17 18 19 20 21 22 23 24 25 26 27 28 29 30 31  MONTH
-------------------------------------------------------------------------------------------------       
JAN  33 32 32 32 32 32 32 32 32 32 32 32 32 32 32 32 32 32 33 33 33 33 33 33 33 34 34 34 34 34 35    327
FEB  35 35 35 36 36 36 36 37 37 37 38 38 38 38 39 39 39 40 40 40 40 41 41 41 42 42 42 43             386
MAR  43 43 44 44 44 45 45 45 46 46 46 47 47 47 47 48 48 48 49 49 49 50 50 50 51 51 51 52 52 52 53    478
APR  53 53 54 54 54 55 55 55 55 56 56 56 57 57 57 58 58 58 58 59 59 59 60 60 60 61 61 61 61 62       574
MAY  62 62 62 63 63 63 64 64 64 64 65 65 65 66 66 66 67 67 67 68 68 68 68 69 69 70 70 70 71 71 71    664
JUN  72 72 72 73 73 73 74 74 74 75 75 75 75 76 76 76 77 77 77 77 78 78 78 78 79 79 79 79 79 80       760
JUL  80 80 80 81 81 81 81 81 81 81 82 82 82 82 82 82 82 82 82 82 82 82 82 82 83 83 83 83 82 82 82    817
AUG  82 82 82 82 82 82 82 82 82 82 81 81 81 81 81 81 81 80 80 80 80 79 79 79 79 78 78 78 78 77 77    803
SEP  77 76 76 76 75 75 75 74 74 74 73 73 73 72 72 72 71 71 71 70 70 69 69 69 68 68 68 67 67 66       717
OCT  66 66 65 65 65 64 64 63 63 63 62 62 61 61 60 60 59 59 58 58 58 57 57 56 55 55 54 54 53 53 52    596
NOV  52 51 51 50 50 49 48 48 47 47 47 46 46 45 45 44 44 43 43 43 42 42 41 41 41 40 40 40 39 39       448
DEC  39 38 38 38 38 37 37 37 37 36 36 36 36 35 35 35 35 34 34 34 34 34 34 33 33 33 33 33 33 33 33    352
                                                                                                        
-------------------------------------------------------------------------------------------------       
 Heating Degree Days                                                                                    
 DAY  1  2  3  4  5  6  7  8  9 10 11 12 13 14 15 16 17 18 19 20 21 22 23 24 25 26 27 28 29 30 31  MONTH
-------------------------------------------------------------------------------------------------       
JAN  32 33 33 33 33 33 33 33 33 33 33 33 33 33 33 33 33 32 32 32 32 32 32 32 32 31 31 31 31 31 30   1001
FEB  30 30 30 30 29 29 29 28 28 28 28 27 27 27 27 26 26 26 25 25 25 24 24 24 23 23 23 22             743
MAR  22 22 21 21 21 20 20 20 19 19 19 18 18 18 18 17 17 17 16 16 16 15 15 15 14 14 14 14 13 13 13    535
APR  12 12 12 11 11 11 11 10 10 10 10  9  9  9  9  8  8  8  8  7  7  7  7  6  6  6  6  5  5  5       255
MAY   5  5  4  4  4  4  4  3  3  3  3  3  3  2  2  2  2  2  2  2  2  2  1  1  1  1  1  1  1  1  1     75
JUN   1  1  1  1  1  1  1  1  1  0  0  0  0  0  0  0  0  0  0  0  0  0  0  0  0  0  0  0  0  0         9
JUL   0  0  0  0  0  0  0  0  0  0  0  0  0  0  0  0  0  0  0  0  0  0  0  0  0  0  0  0  0  0  0      0
AUG   0  0  0  0  0  0  0  0  0  0  0  0  0  0  0  0  0  0  0  0  0  0  0  0  0  0  0  0  0  0-99      1
SEP   0  0  0  0  0  0  0  0  1  1  1  1  1  1  1  1  1  1  1  1  1  1  1  2  2  2  2  2  2  2        29
OCT   2  2  3  3  3  3  3  3  4  4  4  4  5  5  5  6  6  6  7  7  8  8  9  9  9 10 10 11 12 12 13    196
NOV  13 14 14 15 15 16 16 17 18 18 19 19 19 20 20 21 21 22 22 22 23 23 24 24 24 25 25 25 26 26       606
DEC  26 27 27 27 27 28 28 28 29 29 29 29 29 30 30 30 30 31 31 31 31 31 31 32 32 32 32 32 32 32 32    925
                                                                                                        
-------------------------------------------------------------------------------------------------       
 Cooling Degree Days                                                                                    
 DAY  1  2  3  4  5  6  7  8  9 10 11 12 13 14 15 16 17 18 19 20 21 22 23 24 25 26 27 28 29 30 31  MONTH
-------------------------------------------------------------------------------------------------       
JAN   0  0  0  0  0  0  0  0  0  0  0  0  0  0  0  0  0  0  0  0  0  0  0  0  0  0  0  0  0  0  0      0
FEB   0  0  0  0  0  0  0  0  0  0  0  0  0  0  0  0  0  0  0  0  0  0  0  0  0  0  0  0               0
MAR   0  0  0  0  0  0  0  0  0  0  0  0  0  0  0  0  0  0  0  0  0  0  0  0  0  0  0  0  0  0  0      0
APR   0  0  0  0  0  0  1  1  1  1  1  1  1  1  1  1  1  1  1  1  1  1  1  1  1  1  1  1  2  2        26
MAY   2  2  2  2  2  2  2  2  2  3  3  3  3  3  3  3  4  4  4  4  4  5  5  5  5  6  6  6  6  7  7    117
JUN   7  8  8  8  9  9  9  9 10 10 10 10 11 11 11 12 12 12 12 13 13 13 13 13 14 14 14 14 14 15       338
JUL  15 15 15 16 16 16 16 16 16 16 17 17 17 17 17 17 17 17 17 17 17 17 17 17 17 18 18 17 17 17 17    516
AUG  17 17 17 17 17 17 17 17 17 17 16 16 16 16 16 16 15 15 15 15 15 14 14 14 14 14 13 13 13 12 12    474
SEP  12 12 11 11 11 10 10 10  9  9  9  9  8  8  8  7  7  7  7  6  6  6  5  5  5  5  4  4  4  4       229
OCT   3  3  3  3  2  2  2  2  1  1  1  1  1  1  1  0  0  0  0  0  0  0  0  0  0  0  0  0  0  0  0     27
NOV   0  0  0  0  0  0  0  0  0  0  0  0  0  0  0  0  0  0  0  0  0  0  0  0  0  0  0  0  0  0         0
DEC   0  0  0  0  0  0  0  0  0  0  0  0  0  0  0  0  0  0  0  0  0  0  0  0  0  0  0  0  0  0  0      0
                                                                                                        
-------------------------------------------------------------------------------------------------       
 Total  Precipitation (Hundreths of an Inch)                                                            
 DAY  1  2  3  4  5  6  7  8  9 10 11 12 13 14 15 16 17 18 19 20 21 22 23 24 25 26 27 28 29 30 31  MONTH
-------------------------------------------------------------------------------------------------       
JAN   2  2  2  2  2  2  2  2  2  2  1  1  1  1  1  1  1  1  1  1  1  1  1  1  1  1  1  1  2  2  2     44
FEB   1  2  2  2  2  2  2  2  2  2  2  2  2  2  2  3  3  3  3  3  3  3  3  3  4  4  4  4              72
MAR   4  4  5  5  5  5  5  5  5  5  5  6  6  6  6  6  6  6  6  6  6  6  6  7  7  7  7  7  7  7  7    181
APR   7  7  7  7  7  7  7  7  7  7  7  7  7  8  8  8  8  8  8  8  8  8  9  9  9  9  9  9 10 10       237
MAY  10 10 10 11 11 11 11 11 11 11 12 12 12 12 12 12 12 12 12 12 12 12 12 12 13 13 13 13 13 12 12    364
JUN  12 12 12 12 12 12 12 12 12 12 12 12 12 12 12 12 12 12 12 12 12 12 12 12 11 11 11 11 11 11       354
JUL  11 11 11 11 11 11 11 11 11 11 11 10 10 10 10 10 10 10 10 10 10  9  9  9  9  9  9  9  9  8  8    309
AUG   8  8  8  8  8  7  7  7  7  7  7  7  7  7  7  7  7  7  7  7  7  6  6  6  6  7  7  7  7  7  7    218
SEP   7  7  7  7  7  7  7  7  7  7  7  7  7  7  7  7  8  8  7  7  7  7  7  7  7  7  7  7  7  7       212
OCT   7  7  7  7  7  7  7  7  7  7  6  6  6  6  6  6  6  6  6  6  6  6  6  6  6  6  6  6  6  5  5    194
NOV   5  5  5  5  5  5  5  5  5  5  5  5  5  5  5  5  5  4  4  4  4  4  4  4  4  4  4  4  4  4       137
DEC   4  4  4  4  3  3  3  3  3  3  3  3  3  3  3  3  3  3  3  3  3  2  2  2  2  2  2  2  2  2  2     87
                                                                                                        
