-------------------------------------------------------------------------------------------------       
 1971-2000 Daily/Monthly Station Normals                                                                
 Provided by National Climatic Data Center/NESDIS/NOAA                                                  
-------------------------------------------------------------------------------------------------       
 Station COOP ID:                           146242                                                      
 Station Name, State, Division, Call:       PARSONS 2 NW                       KS 09                    
 Latitude, Longitude, Elevation, Elements:  37 22 08 -095 17 15   910 XNP                               
-------------------------------------------------------------------------------------------------       
 Minimum Temperature (deg F [tenths deg F for monthly])                                                 
 DAY  1  2  3  4  5  6  7  8  9 10 11 12 13 14 15 16 17 18 19 20 21 22 23 24 25 26 27 28 29 30 31  MONTH
-------------------------------------------------------------------------------------------------       
JAN  21 21 20 20 20 20 20 20 20 20 20 20 20 19 19 20 20 20 20 20 20 20 20 20 20 20 21 21 21 21 22    202
FEB  22 22 22 23 23 23 23 24 24 24 25 25 25 25 26 26 26 27 27 27 27 28 28 28 29 29 29 30             256
MAR  30 30 31 31 31 32 32 32 33 33 33 34 34 34 35 35 35 36 36 36 36 37 37 37 38 38 38 38 39 39 39    348
APR  40 40 40 40 41 41 41 42 42 42 43 43 43 44 44 44 44 45 45 45 46 46 46 47 47 48 48 48 49 49       441
MAY  49 50 50 50 51 51 51 52 52 52 53 53 54 54 54 55 55 55 55 56 56 56 57 57 57 58 58 58 59 59 59    544
JUN  60 60 60 60 61 61 61 62 62 62 62 63 63 63 63 64 64 64 64 65 65 65 65 65 66 66 66 66 67 67       634
JUL  67 67 67 67 67 68 68 68 68 68 68 68 68 68 69 69 69 69 69 69 69 69 69 69 69 69 69 69 68 68 68    683
AUG  68 68 68 68 68 68 68 68 67 67 67 67 67 67 66 66 66 66 66 65 65 65 65 65 64 64 64 64 63 63 63    660
SEP  63 62 62 62 61 61 61 61 60 60 60 59 59 59 58 58 58 57 57 57 56 56 55 55 55 54 54 54 53 53       580
OCT  52 52 51 51 51 50 50 49 49 49 48 48 47 47 47 46 46 45 45 45 44 44 44 43 43 42 42 42 41 41 41    463
NOV  40 40 39 39 39 38 38 38 37 37 37 36 36 35 35 35 34 34 34 33 33 33 32 32 31 31 31 30 30 30       349
DEC  29 29 29 28 28 28 27 27 27 26 26 26 25 25 25 25 24 24 24 24 23 23 23 23 22 22 22 22 21 21 21    248
                                                                                                        
-------------------------------------------------------------------------------------------------       
 Maximum Temperature (deg F [tenths deg F for monthly])                                                 
 DAY  1  2  3  4  5  6  7  8  9 10 11 12 13 14 15 16 17 18 19 20 21 22 23 24 25 26 27 28 29 30 31  MONTH
-------------------------------------------------------------------------------------------------       
JAN  40 40 40 40 40 40 40 40 40 39 39 39 39 39 39 40 40 40 40 40 40 40 40 41 41 41 41 42 42 42 42    402
FEB  43 43 43 44 44 44 45 45 45 46 46 46 47 47 47 48 48 48 49 49 49 50 50 50 51 51 52 52             472
MAR  52 52 53 53 53 54 54 54 55 55 55 56 56 57 57 57 58 58 58 59 59 59 60 60 60 61 61 61 62 62 62    572
APR  63 63 63 64 64 64 65 65 65 65 66 66 66 67 67 67 68 68 68 68 69 69 69 70 70 70 71 71 71 71       671
MAY  72 72 72 72 73 73 73 74 74 74 74 75 75 75 76 76 76 77 77 77 77 78 78 78 79 79 79 80 80 80 81    760
JUN  81 81 81 82 82 82 83 83 83 84 84 84 84 85 85 85 86 86 86 86 87 87 87 87 88 88 88 88 88 89       850
JUL  89 89 89 90 90 90 90 90 90 91 91 91 91 91 91 91 92 92 92 92 92 92 92 92 92 92 92 92 92 92 92    911
AUG  92 92 92 92 92 92 92 92 91 91 91 91 91 91 91 90 90 90 90 90 89 89 89 89 88 88 88 87 87 87 86    900
SEP  86 86 85 85 84 84 84 83 83 83 82 82 82 81 81 81 80 80 80 79 79 79 79 78 78 78 77 77 77 77       810
OCT  76 76 76 75 75 75 74 74 74 73 73 73 72 72 71 71 70 70 70 69 69 68 68 67 67 66 66 65 64 64 63    705
NOV  63 62 62 61 61 60 59 59 58 58 57 57 56 56 55 55 55 54 54 53 53 52 52 52 51 51 50 50 50 49       555
DEC  49 49 48 48 47 47 47 47 46 46 46 45 45 45 44 44 44 44 43 43 43 43 42 42 42 42 41 41 41 41 41    444
                                                                                                        
-------------------------------------------------------------------------------------------------       
 Average Temperature (deg F [tenths deg F for monthly])                                                 
 DAY  1  2  3  4  5  6  7  8  9 10 11 12 13 14 15 16 17 18 19 20 21 22 23 24 25 26 27 28 29 30 31  MONTH
-------------------------------------------------------------------------------------------------       
JAN  31 30 30 30 30 30 30 30 30 30 30 29 29 29 29 30 30 30 30 30 30 30 30 30 31 31 31 31 31 32 32    302
FEB  32 33 33 33 33 34 34 34 35 35 35 36 36 36 37 37 37 37 38 38 38 39 39 39 40 40 40 41             364
MAR  41 41 42 42 42 43 43 43 44 44 44 45 45 45 46 46 46 47 47 47 48 48 48 49 49 49 50 50 50 51 51    460
APR  51 51 52 52 52 53 53 53 54 54 54 54 55 55 55 56 56 56 57 57 57 58 58 58 59 59 59 60 60 60       556
MAY  60 61 61 61 62 62 62 63 63 63 64 64 64 65 65 65 66 66 66 66 67 67 67 68 68 68 69 69 69 70 70    652
JUN  70 71 71 71 71 72 72 72 73 73 73 73 74 74 74 74 75 75 75 75 76 76 76 76 77 77 77 77 78 78       742
JUL  78 78 78 79 79 79 79 79 79 80 80 80 80 80 80 80 80 80 80 80 80 80 80 81 81 81 80 80 80 80 80    797
AUG  80 80 80 80 80 80 80 80 79 79 79 79 79 79 78 78 78 78 78 78 77 77 77 77 76 76 76 75 75 75 75    780
SEP  74 74 74 73 73 73 72 72 72 71 71 71 70 70 70 69 69 69 68 68 68 67 67 67 66 66 66 65 65 65       695
OCT  64 64 64 63 63 62 62 62 61 61 61 60 60 59 59 59 58 58 57 57 56 56 56 55 55 54 54 53 53 52 52    584
NOV  51 51 51 50 50 49 49 48 48 47 47 47 46 46 45 45 44 44 44 43 43 42 42 42 41 41 41 40 40 39       452
DEC  39 39 38 38 38 37 37 37 36 36 36 36 35 35 35 34 34 34 34 33 33 33 33 32 32 32 32 32 31 31 31    346
                                                                                                        
-------------------------------------------------------------------------------------------------       
 Heating Degree Days                                                                                    
 DAY  1  2  3  4  5  6  7  8  9 10 11 12 13 14 15 16 17 18 19 20 21 22 23 24 25 26 27 28 29 30 31  MONTH
-------------------------------------------------------------------------------------------------       
JAN  34 35 35 35 35 35 35 35 35 35 35 36 36 36 36 35 35 35 35 35 35 35 35 35 34 34 34 34 34 33 33   1079
FEB  33 32 32 32 31 31 31 31 30 30 30 29 29 29 28 28 28 28 27 27 27 26 26 26 25 25 25 24             800
MAR  24 24 23 23 23 22 22 22 21 21 21 20 20 20 19 19 19 18 18 18 17 17 17 16 16 16 15 15 15 15 14    590
APR  14 14 13 13 13 12 12 12 12 11 11 11 10 10 10 10  9  9  9  9  8  8  8  7  7  7  7  7  6  6       295
MAY   6  6  5  5  5  5  4  4  4  4  4  4  3  3  3  3  3  3  2  2  2  2  2  2  2  2  1  1  1  1  1     95
JUN   1  1  1  1  1  1  0  0  0  0  0  0  0  0  0  0  0  0  0  0  0  0  0  0  0  0  0  0  0  0         6
JUL   0  0  0  0  0  0  0  0  0  0  0  0  0  0  0  0  0  0  0  0  0  0  0  0  0  0  0  0  0  0  0      0
AUG   0  0  0  0  0  0  0  0  0  0  0  0  0  0  0  0  0  0  0  0  0  0  0  0  0  0  0  0  1  1  1      3
SEP   1  1  1  1  1  1  1  1  1  1  1  1  1  1  1  2  2  2  2  2  2  2  2  2  3  3  3  3  3  3        51
OCT   3  4  4  4  4  4  5  5  5  5  5  6  6  6  7  7  7  8  8  8  9  9  9 10 10 11 11 12 12 12 13    229
NOV  13 14 14 15 15 16 16 17 17 18 18 18 19 19 20 20 21 21 21 22 22 23 23 23 24 24 25 25 25 26       594
DEC  26 26 27 27 27 28 28 28 29 29 29 29 30 30 30 31 31 31 31 32 32 32 32 33 33 33 33 33 34 34 34    942
                                                                                                        
-------------------------------------------------------------------------------------------------       
 Cooling Degree Days                                                                                    
 DAY  1  2  3  4  5  6  7  8  9 10 11 12 13 14 15 16 17 18 19 20 21 22 23 24 25 26 27 28 29 30 31  MONTH
-------------------------------------------------------------------------------------------------       
JAN   0  0  0  0  0  0  0  0  0  0  0  0  0  0  0  0  0  0  0  0  0  0  0  0  0  0  0  0  0  0  0      0
FEB   0  0  0  0  0  0  0  0  0  0  0  0  0  0  0  0  0  0  0  0  0  0  0  0  0  0  0  0               0
MAR   0  0  0  0  0  0  0  0  0  0  0  0  0  0  0  0  0  0  0  0  0  0  0  0  0  0  0  0  0  0  0      0
APR   0  0  0  0  0  0  0  0  0  0  0  0  0  0  0  0  0  1  1  1  1  1  1  1  1  1  1  1  1  1        13
MAY   1  1  1  2  2  2  2  2  2  2  2  3  3  3  3  3  3  3  4  4  4  4  4  4  5  5  5  5  5  6  6    101
JUN   6  6  7  7  7  7  8  8  8  8  8  9  9  9  9 10 10 10 10 10 11 11 11 11 12 12 12 12 12 13       283
JUL  13 13 13 14 14 14 14 14 14 15 15 15 15 15 15 15 15 15 15 15 15 15 16 16 16 15 15 15 15 15 15    456
AUG  15 15 15 15 15 15 15 14 14 14 14 14 14 14 14 13 13 13 13 13 12 12 12 12 12 11 11 11 11 10 10    406
SEP  10 10  9  9  9  8  8  8  8  7  7  7  7  7  6  6  6  6  5  5  5  5  4  4  4  4  4  3  3  3       187
OCT   3  3  2  2  2  2  2  1  1  1  1  1  1  1  1  0  0  0  0  0  0  0  0  0  0  0  0  0  0  0  0     24
NOV   0  0  0  0  0  0  0  0  0  0  0  0  0  0  0  0  0  0  0  0  0  0  0  0  0  0  0  0  0  0         0
DEC   0  0  0  0  0  0  0  0  0  0  0  0  0  0  0  0  0  0  0  0  0  0  0  0  0  0  0  0  0  0  0      0
                                                                                                        
-------------------------------------------------------------------------------------------------       
 Total  Precipitation (Hundreths of an Inch)                                                            
 DAY  1  2  3  4  5  6  7  8  9 10 11 12 13 14 15 16 17 18 19 20 21 22 23 24 25 26 27 28 29 30 31  MONTH
-------------------------------------------------------------------------------------------------       
JAN   5  5  5  5  5  5  5  4  4  4  4  4  4  4  4  4  4  4  4  4  4  4  4  4  4  5  5  5  5  5  5    137
FEB   5  5  5  5  5  5  5  5  5  6  6  6  6  6  6  6  7  7  7  7  7  7  8  8  8  8  8  9             178
MAR   9  9  9  9 10 10 10 10 10 10 11 11 11 11 11 11 11 11 11 11 11 12 12 12 12 12 12 12 12 12 12    337
APR  12 12 12 12 12 12 12 12 12 12 12 12 12 12 12 12 12 13 13 13 13 13 13 14 14 14 14 14 15 15       382
MAY  15 16 16 16 16 16 17 17 17 17 17 17 18 18 18 18 18 18 18 18 18 18 18 18 18 18 18 18 18 18 18    539
JUN  18 18 17 17 17 17 17 17 17 17 17 17 16 16 16 16 16 16 16 16 15 15 15 15 15 15 15 15 14 14       482
JUL  14 14 14 14 14 14 13 13 13 13 13 13 13 13 12 12 12 12 12 12 12 12 11 11 11 11 11 11 11 11 11    383
AUG  10 10 10 10 10 10 10 10 10 10 10 10 10 10 10 11 11 11 11 11 11 11 12 12 12 12 13 13 13 14 14    342
SEP  14 15 15 15 16 16 16 16 17 17 17 17 17 17 17 17 17 17 17 17 17 17 17 17 17 17 16 16 16 16       493
OCT  15 15 15 15 15 14 14 14 14 14 13 13 13 13 13 13 13 12 12 12 12 12 12 12 12 12 12 12 12 12 12    404
NOV  12 12 12 12 12 12 12 12 12 12 12 11 11 11 11 11 11 11 11 11 11 10 10 10 10 10 10  9  9  9       329
DEC   9  9  8  8  8  8  8  8  7  7  7  7  7  7  7  6  6  6  6  6  6  6  6  5  5  5  5  5  5  5  5    203
                                                                                                        
