-------------------------------------------------------------------------------------------------       
 1971-2000 Daily/Monthly Station Normals                                                                
 Provided by National Climatic Data Center/NESDIS/NOAA                                                  
-------------------------------------------------------------------------------------------------       
 Station COOP ID:                           140447                                                      
 Station Name, State, Division, Call:       AUGUSTA                            KS 09                    
 Latitude, Longitude, Elevation, Elements:  37 40 42 -096 58 23  1260   P                               
-------------------------------------------------------------------------------------------------       
 Total  Precipitation (Hundreths of an Inch)                                                            
 DAY  1  2  3  4  5  6  7  8  9 10 11 12 13 14 15 16 17 18 19 20 21 22 23 24 25 26 27 28 29 30 31  MONTH
-------------------------------------------------------------------------------------------------       
JAN   3  3  3  3  3  3  3  3  3  3  3  3  3  3  3  3  3  3  3  4  4  4  4  4  4  4  4  4  4  4  4    105
FEB   4  4  4  4  4  5  5  5  5  5  5  5  5  6  6  6  6  6  6  6  7  7  7  7  7  7  8  8             160
MAR   8  8  8  8  9  9  9  9  9  9  9  9 10 10 10 10 10 10 10 10 10 10 10 10 10 10 10 10 10 10 10    294
APR  10 10 10  9  9  9  9  9  9  9  9  9 10 10 10 10 10 10 10 10 10 11 11 11 11 11 12 12 12 12       304
MAY  13 13 13 13 13 14 14 14 14 15 15 15 15 15 16 16 16 16 16 16 17 17 17 17 17 17 17 18 18 18 18    483
JUN  18 18 18 18 18 18 18 19 19 19 18 18 18 18 18 18 18 18 18 18 18 17 17 17 17 17 17 16 16 16       531
JUL  16 15 15 15 15 14 14 14 14 14 13 13 13 13 13 13 13 13 12 12 12 12 12 12 12 12 12 12 12 12 12    406
AUG  12 12 12 12 12 12 12 12 12 12 12 12 13 13 13 13 13 13 13 13 13 13 12 12 12 12 12 12 12 12 12    382
SEP  12 12 12 12 12 12 12 12 12 12 12 12 12 12 11 11 11 11 11 11 11 11 11 11 10 10 10 10 10 10       338
OCT  10  9  9  9  9  9  9  9  9  9  9  9  9  9  9  9  9  8  8  8  9  9  9  9  9  9  9  9  9  9  9    277
NOV   9  9  9  9 10 10 10 10 10 10 10 10 10  9  9  9  9  9  9  9  9  9  9  8  8  8  8  8  8  7       271
DEC   7  7  7  6  6  6  6  6  6  5  5  5  5  5  5  4  4  4  4  4  4  4  4  4  4  4  3  3  3  3  3    146
                                                                                                        
