-------------------------------------------------------------------------------------------------       
 1971-2000 Daily/Monthly Station Normals                                                                
 Provided by National Climatic Data Center/NESDIS/NOAA                                                  
-------------------------------------------------------------------------------------------------       
 Station COOP ID:                           148323                                                      
 Station Name, State, Division, Call:       UTICA                              KS 04                    
 Latitude, Longitude, Elevation, Elements:  38 38 24 -100 10 08  2620   P                               
-------------------------------------------------------------------------------------------------       
 Total  Precipitation (Hundreths of an Inch)                                                            
 DAY  1  2  3  4  5  6  7  8  9 10 11 12 13 14 15 16 17 18 19 20 21 22 23 24 25 26 27 28 29 30 31  MONTH
-------------------------------------------------------------------------------------------------       
JAN   2  2  2  2  2  2  2  2  2  2  2  2  2  3  3  3  3  3  3  3  3  2  2  2  2  2  2  2  2  2  2     70
FEB   2  2  2  2  2  2  2  2  2  2  2  2  2  2  2  2  3  3  3  3  3  3  3  3  4  4  4  4              72
MAR   4  5  5  5  5  5  5  6  6  6  6  6  6  6  6  6  6  6  6  7  7  7  7  6  6  6  6  6  6  6  6    182
APR   6  6  6  6  6  6  5  5  5  6  6  6  6  6  6  6  6  6  6  6  7  7  7  7  7  8  8  8  8  9       193
MAY   9  9 10 10 10 10 10 11 11 11 11 11 11 11 12 12 12 12 12 12 12 12 12 12 12 12 12 12 11 11 11    346
JUN  11 11 11 11 11 11 11 10 10 10 10 10 10 10 10 10 10 10 10 10 10 11 11 11 11 11 11 11 11 12       317
JUL  12 12 12 12 12 12 12 12 12 13 13 13 13 13 13 13 13 13 13 13 12 12 12 12 12 12 12 12 11 11 11    380
AUG  11 11 11 10 10 10 10 10 10  9  9  9  9  9  9  8  8  8  8  8  8  8  7  7  7  7  7  7  7  7  6    265
SEP   6  6  6  6  6  6  6  6  6  6  5  5  5  5  5  5  5  5  5  5  5  5  5  5  5  5  5  4  4  4       157
OCT   5  5  5  5  5  5  5  5  4  4  4  4  4  4  4  4  4  4  4  4  4  4  4  4  4  4  4  4  4  4  5    133
NOV   4  4  5  5  4  4  4  4  4  4  4  4  4  4  4  4  4  4  4  4  4  4  4  4  4  3  3  3  3  3       117
DEC   3  3  2  2  2  2  2  2  2  2  2  2  2  2  2  2  2  2  2  1  1  1  2  2  2  2  2  2  2  2  2     61
                                                                                                        
