-------------------------------------------------------------------------------------------------       
 1971-2000 Daily/Monthly Station Normals                                                                
 Provided by National Climatic Data Center/NESDIS/NOAA                                                  
-------------------------------------------------------------------------------------------------       
 Station COOP ID:                           144089                                                      
 Station Name, State, Division, Call:       JEWELL                             KS 02                    
 Latitude, Longitude, Elevation, Elements:  39 40 03 -098 09 23  1600   P                               
-------------------------------------------------------------------------------------------------       
 Total  Precipitation (Hundreths of an Inch)                                                            
 DAY  1  2  3  4  5  6  7  8  9 10 11 12 13 14 15 16 17 18 19 20 21 22 23 24 25 26 27 28 29 30 31  MONTH
-------------------------------------------------------------------------------------------------       
JAN   2  2  2  2  2  2  2  2  2  2  2  2  2  1  2  2  2  2  2  2  2  2  2  2  2  2  2  2  2  2  2     61
FEB   2  2  2  2  2  2  2  3  3  3  3  3  3  3  3  3  3  3  4  4  4  4  4  4  4  5  5  5              90
MAR   5  5  5  5  6  6  6  6  6  6  6  6  6  6  7  7  7  7  7  7  7  7  7  7  7  7  7  7  7  7  7    199
APR   7  7  7  7  7  7  7  7  7  7  7  7  7  7  8  8  8  8  8  8  8  9  9  9  9 10 10 10 10 11       241
MAY  11 11 11 12 12 12 12 12 12 13 13 13 13 13 13 13 13 13 13 13 13 13 13 13 13 13 13 13 13 12 12    389
JUN  12 12 12 12 11 11 11 11 11 11 11 11 11 11 11 11 11 11 11 11 11 11 11 11 11 12 12 12 12 12       339
JUL  12 13 13 13 13 13 13 14 14 14 14 14 14 14 14 14 14 14 14 14 14 13 13 13 13 13 13 13 12 12 12    413
AUG  12 12 11 11 11 11 11 10 10 10 10 10 10  9  9  9  9  9  9  9  9  9  9  8  8  8  8  8  8  8  8    293
SEP   8  8  8  8  8  8  8  8  8  8  8  8  8  8  8  8  8  8  8  8  7  7  7  7  7  7  7  7  7  7       230
OCT   7  7  7  7  7  6  6  6  6  6  6  6  6  6  6  6  6  6  6  6  6  6  6  6  6  6  5  5  5  5  5    186
NOV   5  5  5  5  5  5  5  5  5  5  5  5  5  5  5  5  5  5  5  5  4  4  4  4  4  4  4  4  4  4       140
DEC   4  4  4  3  3  3  3  3  3  3  3  3  3  3  3  3  3  3  3  3  2  2  2  2  2  2  2  2  2  2  2     85
                                                                                                        
