-------------------------------------------------------------------------------------------------       
 1971-2000 Daily/Monthly Station Normals                                                                
 Provided by National Climatic Data Center/NESDIS/NOAA                                                  
-------------------------------------------------------------------------------------------------       
 Station COOP ID:                           147271                                                      
 Station Name, State, Division, Call:       SCOTT CITY                         KS 04                    
 Latitude, Longitude, Elevation, Elements:  38 28 58 -100 55 05  2970 XNP                               
-------------------------------------------------------------------------------------------------       
 Minimum Temperature (deg F [tenths deg F for monthly])                                                 
 DAY  1  2  3  4  5  6  7  8  9 10 11 12 13 14 15 16 17 18 19 20 21 22 23 24 25 26 27 28 29 30 31  MONTH
-------------------------------------------------------------------------------------------------       
JAN  14 14 14 13 13 13 13 13 13 13 13 13 13 13 13 13 13 13 13 13 13 14 14 14 14 14 14 14 14 15 15    135
FEB  15 15 15 16 16 16 16 16 17 17 17 17 18 18 18 18 18 19 19 19 19 20 20 20 20 20 21 21             179
MAR  21 21 22 22 22 22 23 23 23 23 24 24 24 25 25 25 25 26 26 26 26 27 27 27 28 28 28 28 29 29 29    251
APR  30 30 30 31 31 31 32 32 32 32 33 33 34 34 34 35 35 35 36 36 36 37 37 37 38 38 38 39 39 40       345
MAY  40 40 41 41 41 42 42 43 43 43 44 44 45 45 45 46 46 47 47 47 48 48 49 49 49 50 50 51 51 51 52    458
JUN  52 53 53 53 54 54 55 55 55 56 56 56 57 57 57 57 58 58 58 59 59 59 59 59 60 60 60 60 60 61       570
JUL  61 61 61 61 61 61 61 62 62 62 62 62 62 62 62 62 62 62 62 62 62 63 63 63 63 63 63 63 63 63 63    621
AUG  63 63 63 63 63 62 62 62 62 62 62 62 62 61 61 61 61 61 61 60 60 60 60 59 59 59 58 58 58 57 57    607
SEP  57 56 56 56 55 55 54 54 54 53 53 53 52 52 51 51 50 50 50 49 49 48 48 48 47 47 46 46 45 45       510
OCT  44 44 44 43 43 42 42 41 41 40 40 39 39 39 38 38 37 37 36 36 35 35 34 34 33 33 33 32 32 31 31    376
NOV  30 30 29 29 28 28 28 27 27 26 26 26 25 25 25 24 24 23 23 23 23 22 22 22 21 21 21 20 20 20       246
DEC  20 19 19 19 19 18 18 18 18 18 17 17 17 17 17 16 16 16 16 16 15 15 15 15 15 15 14 14 14 14 14    165
                                                                                                        
-------------------------------------------------------------------------------------------------       
 Maximum Temperature (deg F [tenths deg F for monthly])                                                 
 DAY  1  2  3  4  5  6  7  8  9 10 11 12 13 14 15 16 17 18 19 20 21 22 23 24 25 26 27 28 29 30 31  MONTH
-------------------------------------------------------------------------------------------------       
JAN  42 42 42 42 41 41 41 41 41 41 41 41 41 41 41 41 42 42 42 42 42 42 42 42 43 43 43 43 44 44 44    419
FEB  44 45 45 45 45 46 46 46 46 47 47 47 48 48 48 48 49 49 49 50 50 50 50 51 51 51 51 52             480
MAR  52 52 53 53 53 53 54 54 54 55 55 55 55 56 56 56 57 57 57 58 58 58 59 59 59 60 60 60 61 61 61    565
APR  62 62 63 63 63 64 64 64 65 65 65 65 66 66 66 67 67 67 68 68 68 68 69 69 69 69 70 70 70 70       664
MAY  70 71 71 71 71 72 72 72 73 73 73 73 74 74 74 75 75 75 76 76 77 77 77 78 78 79 79 80 80 81 81    751
JUN  82 82 83 83 83 84 84 85 85 86 86 86 87 87 87 88 88 88 88 89 89 89 89 90 90 90 90 90 91 91       870
JUL  91 91 91 91 91 91 91 91 91 92 92 92 92 92 92 92 92 92 92 92 92 92 92 92 92 92 92 92 92 92 92    917
AUG  92 92 92 92 91 91 91 91 91 91 91 91 90 90 90 90 90 90 89 89 89 89 88 88 88 88 87 87 87 87 86    896
SEP  86 86 85 85 85 85 84 84 84 83 83 83 82 82 82 82 81 81 81 80 80 80 79 79 79 79 78 78 78 77       817
OCT  77 77 76 76 76 75 75 75 74 74 73 73 72 72 72 71 71 70 69 69 68 68 67 67 66 65 65 64 63 63 62    705
NOV  61 61 60 59 59 58 58 57 56 56 55 55 54 54 53 53 52 52 52 51 51 50 50 49 49 49 49 48 48 48       536
DEC  47 47 47 47 47 46 46 46 46 45 45 45 45 45 44 44 44 44 44 44 43 43 43 43 43 43 42 42 42 42 42    444
                                                                                                        
-------------------------------------------------------------------------------------------------       
 Average Temperature (deg F [tenths deg F for monthly])                                                 
 DAY  1  2  3  4  5  6  7  8  9 10 11 12 13 14 15 16 17 18 19 20 21 22 23 24 25 26 27 28 29 30 31  MONTH
-------------------------------------------------------------------------------------------------       
JAN  28 28 28 28 27 27 27 27 27 27 27 27 27 27 27 27 27 27 28 28 28 28 28 28 28 28 29 29 29 29 29    277
FEB  30 30 30 30 31 31 31 31 32 32 32 32 33 33 33 33 34 34 34 34 35 35 35 35 36 36 36 36             330
MAR  37 37 37 37 38 38 38 38 39 39 39 40 40 40 40 41 41 41 42 42 42 43 43 43 43 44 44 44 45 45 45    408
APR  46 46 46 47 47 48 48 48 48 49 49 49 50 50 50 51 51 51 52 52 52 53 53 53 54 54 54 54 55 55       505
MAY  55 56 56 56 56 57 57 57 58 58 58 59 59 60 60 60 61 61 61 62 62 63 63 63 64 64 65 65 66 66 67    605
JUN  67 67 68 68 69 69 69 70 70 71 71 71 72 72 72 73 73 73 73 74 74 74 74 75 75 75 75 75 75 76       720
JUL  76 76 76 76 76 76 76 77 77 77 77 77 77 77 77 77 77 77 77 77 77 77 77 78 78 78 77 77 77 77 77    769
AUG  77 77 77 77 77 77 77 77 77 76 76 76 76 76 76 76 75 75 75 75 75 74 74 74 74 73 73 73 72 72 72    752
SEP  71 71 71 70 70 70 69 69 69 68 68 68 67 67 67 66 66 66 65 65 65 64 64 63 63 63 62 62 62 61       664
OCT  61 60 60 60 59 59 58 58 58 57 57 56 56 55 55 54 54 53 53 52 52 51 51 50 50 49 49 48 48 47 47    541
NOV  46 45 45 44 44 43 43 42 42 41 41 40 40 39 39 38 38 38 37 37 37 36 36 35 35 35 35 34 34 34       391
DEC  34 33 33 33 33 32 32 32 32 32 31 31 31 31 31 30 30 30 30 30 29 29 29 29 29 29 28 28 28 28 28    305
                                                                                                        
-------------------------------------------------------------------------------------------------       
 Heating Degree Days                                                                                    
 DAY  1  2  3  4  5  6  7  8  9 10 11 12 13 14 15 16 17 18 19 20 21 22 23 24 25 26 27 28 29 30 31  MONTH
-------------------------------------------------------------------------------------------------       
JAN  37 37 37 37 38 38 38 38 38 38 38 38 38 38 38 38 38 38 37 37 37 37 37 37 37 37 36 36 36 36 36   1156
FEB  35 35 35 35 34 34 34 34 33 33 33 33 32 32 32 32 32 31 31 31 30 30 30 30 29 29 29 29             897
MAR  28 28 28 28 27 27 27 27 26 26 26 25 25 25 25 24 24 24 23 23 23 22 22 22 22 21 21 21 20 20 20    750
APR  19 19 19 18 18 18 17 17 17 16 16 16 15 15 15 15 14 14 14 13 13 13 12 12 12 11 11 11 10 10       440
MAY  10 10  9  9  9  8  8  8  8  7  7  7  6  6  6  6  6  5  5  5  5  4  4  4  4  4  3  3  3  3  3    185
JUN   3  2  2  2  2  2  2  1  1  1  1  1  1  1  1  1  1  0  0  0  0  0  0  0  0  0  0  0  0  0        25
JUL   0  0  0  0  0  0  0  0  0  0  0  0  0  0  0  0  0  0  0  0  0  0  0  0  0  0  0  0  0  0  0      0
AUG   0  0  0  0  0  0  0  0  0  0  0  0  0  0  0  0  0  0  0  0  0  0  0  0  0  1  1  1  1  1  1      6
SEP   1  1  1  1  1  1  1  2  2  2  2  2  2  2  2  3  3  3  3  3  4  4  4  4  4  4  5  5  5  5        82
OCT   6  6  6  6  7  7  7  8  8  8  9  9  9 10 10 11 11 11 12 12 13 13 14 14 15 15 16 17 17 18 18    343
NOV  19 19 20 21 21 22 22 23 23 24 24 25 25 26 26 27 27 27 28 28 29 29 29 30 30 30 30 31 31 31       777
DEC  31 32 32 32 32 33 33 33 33 34 34 34 34 34 35 35 35 35 35 35 36 36 36 36 36 36 37 37 37 37 37   1072
                                                                                                        
-------------------------------------------------------------------------------------------------       
 Cooling Degree Days                                                                                    
 DAY  1  2  3  4  5  6  7  8  9 10 11 12 13 14 15 16 17 18 19 20 21 22 23 24 25 26 27 28 29 30 31  MONTH
-------------------------------------------------------------------------------------------------       
JAN   0  0  0  0  0  0  0  0  0  0  0  0  0  0  0  0  0  0  0  0  0  0  0  0  0  0  0  0  0  0  0      0
FEB   0  0  0  0  0  0  0  0  0  0  0  0  0  0  0  0  0  0  0  0  0  0  0  0  0  0  0  0               0
MAR   0  0  0  0  0  0  0  0  0  0  0  0  0  0  0  0  0  0  0  0  0  0  0  0  0  0  0  0  0  0  0      0
APR   0  0  0  0  0  0  0  0  0  0  0-99-99-99  0  0  0  0  0  0  0  0  0  0  0  0  0  0  0  0         3
MAY   0  0  0  0  0  0  0  0  0  0  0  1  1  1  1  1  1  1  2  2  2  2  2  2  3  3  3  3  4  4  4     43
JUN   4  5  5  5  5  6  6  6  7  7  7  7  7  8  8  8  8  9  9  9  9  9  9 10 10 10 10 10 10 11       234
JUL  11 11 11 11 11 12 12 12 12 12 12 12 12 12 12 12 12 12 12 12 12 12 12 13 12 12 12 12 12 12 12    368
AUG  12 12 12 12 12 12 12 12 11 11 11 11 11 11 11 11 10 10 10 10 10 10  9  9  9  9  8  8  8  8  7    319
SEP   7  7  7  6  6  6  6  6  5  5  5  5  4  4  4  4  4  3  3  3  3  3  3  2  2  2  2  2  2  1       122
OCT   1  1  1  1  0  0  0  0  0  0  0  0  0  0  0  0  0  0  0  0  0  0  0  0  0  0  0  0  0  0  0      4
NOV   0  0  0  0  0  0  0  0  0  0  0  0  0  0  0  0  0  0  0  0  0  0  0  0  0  0  0  0  0  0         0
DEC   0  0  0  0  0  0  0  0  0  0  0  0  0  0  0  0  0  0  0  0  0  0  0  0  0  0  0  0  0  0  0      0
                                                                                                        
-------------------------------------------------------------------------------------------------       
 Total  Precipitation (Hundreths of an Inch)                                                            
 DAY  1  2  3  4  5  6  7  8  9 10 11 12 13 14 15 16 17 18 19 20 21 22 23 24 25 26 27 28 29 30 31  MONTH
-------------------------------------------------------------------------------------------------       
JAN   2  2  2  2  2  2  2  2  2  2  2  2  3  3  3  3  3  3  3  3  2  2  2  2  2  2  2  2  2  2  2     70
FEB   2  2  2  2  2  2  2  2  2  2  2  2  2  2  2  2  2  2  2  2  3  3  3  3  3  3  3  3              64
MAR   4  4  4  4  4  4  5  5  5  5  5  5  5  5  5  5  5  5  5  5  5  6  6  6  5  5  5  5  5  5  5    152
APR   5  5  5  5  5  5  5  5  5  5  5  5  5  5  5  5  5  6  6  6  6  6  6  6  7  7  7  7  7  8       170
MAY   8  8  8  9  9  9  9  9 10 10 10 10 10 10 10 10 10 10 10 10 10 11 11 10 10 10 10 10 10 10 10    301
JUN  10 10 10 10 10 10 10  9  9  9  9  9  9  9  9  9  9  9  9  9  9  9  9  9 10 10 10 10 10 10       283
JUL  10 10 10 10 10 10 10 10 10 10 10 11 11 11 11 11 11 11 11 11 10 10 10 10 10 10 10 10 10 10 10    319
AUG  10 10 10 10  9  9  9  9  9  9  9  9  9  9  9  8  8  8  8  8  8  8  8  8  8  8  7  7  7  7  7    262
SEP   7  7  7  7  7  6  6  6  6  6  6  6  6  6  6  5  5  5  5  5  5  5  5  5  5  5  4  4  4  4       166
OCT   4  4  4  4  4  4  4  4  4  4  3  3  3  3  3  3  3  3  3  3  3  3  3  3  3  4  4  4  4  4  4    109
NOV   4  4  4  4  4  4  4  4  4  4  4  4  4  4  4  4  4  4  4  4  4  4  4  4  3  3  3  3  3  3       114
DEC   3  3  2  2  2  2  2  2  2  2  2  2  2  2  2  2  2  2  2  1  1  1  1  2  2  2  2  2  2  2  2     60
                                                                                                        
