-------------------------------------------------------------------------------------------------       
 1971-2000 Daily/Monthly Station Normals                                                                
 Provided by National Climatic Data Center/NESDIS/NOAA                                                  
-------------------------------------------------------------------------------------------------       
 Station COOP ID:                           143554                                                      
 Station Name, State, Division, Call:       HEALY                              KS 04                    
 Latitude, Longitude, Elevation, Elements:  38 36 04 -100 37 13  2850 XNP                               
-------------------------------------------------------------------------------------------------       
 Minimum Temperature (deg F [tenths deg F for monthly])                                                 
 DAY  1  2  3  4  5  6  7  8  9 10 11 12 13 14 15 16 17 18 19 20 21 22 23 24 25 26 27 28 29 30 31  MONTH
-------------------------------------------------------------------------------------------------       
JAN  14 14 14 14 14 14 14 14 14 13 13 13 13 13 13 13 13 14 14 14 14 14 14 14 14 14 15 15 15 15 15    139
FEB  15 16 16 16 16 16 17 17 17 17 18 18 18 18 19 19 19 19 20 20 20 20 20 21 21 21 22 22             185
MAR  22 22 23 23 23 23 24 24 24 24 25 25 25 26 26 26 27 27 27 27 28 28 28 29 29 29 30 30 30 30 31    263
APR  31 31 32 32 32 33 33 33 34 34 34 35 35 35 36 36 36 37 37 38 38 38 39 39 39 40 40 41 41 41       360
MAY  42 42 42 43 43 43 44 44 45 45 45 46 46 47 47 47 48 48 49 49 49 50 50 51 51 51 52 52 52 53 53    474
JUN  54 54 54 55 55 56 56 56 57 57 57 57 58 58 58 59 59 59 59 60 60 60 60 61 61 61 61 61 61 62       582
JUL  62 62 62 62 62 62 62 63 63 63 63 63 63 63 63 63 63 63 64 64 64 64 64 64 64 64 64 64 64 64 64    632
AUG  64 64 64 64 64 64 64 63 63 63 63 63 63 63 62 62 62 62 62 61 61 61 61 60 60 60 59 59 59 58 58    618
SEP  58 57 57 56 56 56 55 55 54 54 54 53 53 52 52 51 51 51 50 50 49 49 48 48 48 47 47 46 46 45       516
OCT  45 45 44 44 43 43 42 42 41 41 41 40 40 39 39 38 38 37 37 37 36 36 35 35 34 34 33 33 32 32 31    383
NOV  31 31 30 30 29 29 28 28 27 27 27 26 26 26 25 25 24 24 24 23 23 23 23 22 22 22 21 21 21 21       253
DEC  20 20 20 20 19 19 19 19 18 18 18 18 18 17 17 17 17 17 16 16 16 16 16 15 15 15 15 15 15 15 14    171
                                                                                                        
-------------------------------------------------------------------------------------------------       
 Maximum Temperature (deg F [tenths deg F for monthly])                                                 
 DAY  1  2  3  4  5  6  7  8  9 10 11 12 13 14 15 16 17 18 19 20 21 22 23 24 25 26 27 28 29 30 31  MONTH
-------------------------------------------------------------------------------------------------       
JAN  41 41 41 41 41 41 41 41 40 40 40 40 40 41 41 41 41 41 41 41 41 41 41 42 42 42 42 42 43 43 43    412
FEB  44 44 44 44 45 45 45 46 46 46 46 47 47 47 48 48 48 48 49 49 49 49 50 50 50 51 51 51             474
MAR  51 52 52 52 53 53 53 54 54 54 54 55 55 55 56 56 56 57 57 57 58 58 58 59 59 59 60 60 60 61 61    561
APR  62 62 62 63 63 63 64 64 64 65 65 65 66 66 66 67 67 67 67 68 68 68 68 69 69 69 69 70 70 70       662
MAY  70 71 71 71 71 72 72 72 73 73 73 73 74 74 75 75 75 76 76 76 77 77 78 78 78 79 79 80 80 81 81    752
JUN  82 82 83 83 83 84 84 85 85 85 86 86 87 87 87 88 88 88 89 89 89 89 90 90 90 90 91 91 91 91       871
JUL  91 91 92 92 92 92 92 92 92 92 93 93 93 93 93 93 93 93 93 93 93 93 93 93 93 93 93 93 93 93 93    926
AUG  93 92 92 92 92 92 92 92 92 91 91 91 91 91 91 90 90 90 90 90 89 89 89 89 88 88 88 87 87 87 87    901
SEP  86 86 86 85 85 85 84 84 84 83 83 83 83 82 82 82 81 81 81 80 80 80 79 79 79 78 78 78 77 77       817
OCT  77 76 76 76 75 75 75 74 74 73 73 72 72 71 71 71 70 69 69 68 68 67 67 66 65 65 64 64 63 62 62    700
NOV  61 60 60 59 58 58 57 57 56 55 55 54 54 53 53 52 52 52 51 51 50 50 50 49 49 49 48 48 48 47       532
DEC  47 47 47 46 46 46 46 46 45 45 45 45 44 44 44 44 44 44 43 43 43 43 43 42 42 42 42 42 42 41 41    440
                                                                                                        
-------------------------------------------------------------------------------------------------       
 Average Temperature (deg F [tenths deg F for monthly])                                                 
 DAY  1  2  3  4  5  6  7  8  9 10 11 12 13 14 15 16 17 18 19 20 21 22 23 24 25 26 27 28 29 30 31  MONTH
-------------------------------------------------------------------------------------------------       
JAN  28 28 28 27 27 27 27 27 27 27 27 27 27 27 27 27 27 27 27 27 28 28 28 28 28 28 29 29 29 29 29    276
FEB  30 30 30 30 31 31 31 31 32 32 32 32 33 33 33 33 34 34 34 34 35 35 35 35 36 36 36 36             330
MAR  37 37 37 38 38 38 38 39 39 39 40 40 40 40 41 41 41 42 42 42 43 43 43 44 44 44 45 45 45 46 46    412
APR  46 47 47 47 48 48 48 49 49 49 50 50 50 51 51 51 52 52 52 53 53 53 54 54 54 54 55 55 55 56       511
MAY  56 56 57 57 57 58 58 58 59 59 59 60 60 60 61 61 61 62 62 63 63 63 64 64 65 65 66 66 66 67 67    613
JUN  68 68 69 69 69 70 70 71 71 71 72 72 72 73 73 73 73 74 74 74 75 75 75 75 75 76 76 76 76 76       727
JUL  77 77 77 77 77 77 77 78 78 78 78 78 78 78 78 78 78 78 78 78 78 78 79 79 79 79 78 78 78 78 78    779
AUG  78 78 78 78 78 78 78 78 78 77 77 77 77 77 77 76 76 76 76 76 75 75 75 74 74 74 74 73 73 73 72    760
SEP  72 72 71 71 71 70 70 69 69 69 68 68 68 67 67 67 66 66 65 65 65 64 64 64 63 63 62 62 62 61       667
OCT  61 61 60 60 59 59 59 58 58 57 57 56 56 55 55 54 54 53 53 53 52 51 51 50 50 49 49 48 48 47 47    542
NOV  46 45 45 44 44 43 43 42 42 41 41 40 40 40 39 39 38 38 38 37 37 36 36 36 36 35 35 35 34 34       393
DEC  34 34 33 33 33 33 32 32 32 32 31 31 31 31 31 30 30 30 30 30 30 29 29 29 29 29 29 28 28 28 28    306
                                                                                                        
-------------------------------------------------------------------------------------------------       
 Heating Degree Days                                                                                    
 DAY  1  2  3  4  5  6  7  8  9 10 11 12 13 14 15 16 17 18 19 20 21 22 23 24 25 26 27 28 29 30 31  MONTH
-------------------------------------------------------------------------------------------------       
JAN  37 37 38 38 38 38 38 38 38 38 38 38 38 38 38 38 38 38 38 38 38 37 37 37 37 37 37 36 36 36 36   1162
FEB  36 35 35 35 35 34 34 34 34 33 33 33 32 32 32 32 31 31 31 31 30 30 30 30 29 29 29 28             898
MAR  28 28 28 27 27 27 27 26 26 26 25 25 25 24 24 24 24 23 23 23 22 22 22 21 21 21 20 20 20 19 19    737
APR  19 18 18 18 17 17 17 16 16 16 15 15 15 14 14 14 14 13 13 13 12 12 12 11 11 11 10 10 10 10       421
MAY   9  9  9  8  8  8  8  7  7  7  6  6  6  6  5  5  5  5  5  4  4  4  4  4  3  3  3  3  3  3  2    169
JUN   2  2  2  2  2  2  1  1  1  1  1  1  1  1  1  1  1  0  0  0  0  0  0  0  0  0  0  0  0  0        23
JUL   0  0  0  0  0  0  0  0  0  0  0  0  0  0  0  0  0  0  0  0  0  0  0  0  0  0  0  0  0  0  0      0
AUG   0  0  0  0  0  0  0  0  0  0  0  0  0  0  0  0  0  0  0  0  0  0  0  0  0  0  1  1  1  1  1      5
SEP   1  1  1  1  1  1  1  1  1  1  2  2  2  2  2  2  2  3  3  3  3  3  4  4  4  4  4  5  5  5        74
OCT   5  6  6  6  7  7  7  7  8  8  9  9  9 10 10 11 11 11 12 12 13 13 14 14 15 15 16 17 17 18 18    341
NOV  19 19 20 21 21 22 22 23 23 24 24 25 25 26 26 26 27 27 28 28 28 29 29 29 30 30 30 31 31 31       774
DEC  31 32 32 32 32 32 33 33 33 33 34 34 34 34 34 35 35 35 35 35 35 36 36 36 36 36 36 37 37 37 37   1067
                                                                                                        
-------------------------------------------------------------------------------------------------       
 Cooling Degree Days                                                                                    
 DAY  1  2  3  4  5  6  7  8  9 10 11 12 13 14 15 16 17 18 19 20 21 22 23 24 25 26 27 28 29 30 31  MONTH
-------------------------------------------------------------------------------------------------       
JAN   0  0  0  0  0  0  0  0  0  0  0  0  0  0  0  0  0  0  0  0  0  0  0  0  0  0  0  0  0  0  0      0
FEB   0  0  0  0  0  0  0  0  0  0  0  0  0  0  0  0  0  0  0  0  0  0  0  0  0  0  0  0               0
MAR   0  0  0  0  0  0  0  0  0  0  0  0  0  0  0  0  0  0  0  0  0  0  0  0  0  0  0  0  0  0  0      0
APR   0  0  0  0  0  0  0  0  0  0  0  0  0  0  0  0  0  0  0  0  0  0  0  0  0  0  0-99-99-99         3
MAY   0  0  0  0  0  0  0  1  1  1  1  1  1  1  1  1  2  2  2  2  2  2  3  3  3  3  4  4  4  4  5     54
JUN   5  5  5  6  6  6  6  7  7  7  7  8  8  8  8  9  9  9  9 10 10 10 10 10 11 11 11 11 11 11       251
JUL  12 12 12 12 12 12 12 13 13 13 13 13 13 13 13 13 13 13 13 13 13 14 14 14 14 13 13 13 13 13 13    400
AUG  13 13 13 13 13 13 13 13 12 12 12 12 12 12 12 11 11 11 11 11 10 10 10 10 10  9  9  9  8  8  8    344
SEP   8  7  7  7  6  6  6  6  5  5  5  5  5  4  4  4  4  3  3  3  3  3  2  2  2  2  2  2  2  1       124
OCT   1  1  1  1  0  0  0  0  0  0  0  0  0  0  0  0  0  0  0  0  0  0  0  0  0  0  0  0  0  0  0      4
NOV   0  0  0  0  0  0  0  0  0  0  0  0  0  0  0  0  0  0  0  0  0  0  0  0  0  0  0  0  0  0         0
DEC   0  0  0  0  0  0  0  0  0  0  0  0  0  0  0  0  0  0  0  0  0  0  0  0  0  0  0  0  0  0  0      0
                                                                                                        
-------------------------------------------------------------------------------------------------       
 Total  Precipitation (Hundreths of an Inch)                                                            
 DAY  1  2  3  4  5  6  7  8  9 10 11 12 13 14 15 16 17 18 19 20 21 22 23 24 25 26 27 28 29 30 31  MONTH
-------------------------------------------------------------------------------------------------       
JAN   1  1  1  1  2  2  2  2  2  2  2  2  2  2  2  2  2  2  2  2  2  2  2  2  2  2  2  2  2  2  2     58
FEB   2  2  2  2  1  2  2  2  2  2  2  2  2  2  2  2  2  2  2  2  2  3  3  3  3  3  3  3              62
MAR   4  4  4  4  4  4  5  5  5  5  5  5  5  5  5  5  5  5  6  6  6  6  6  6  6  6  6  6  6  5  5    160
APR   6  5  5  5  5  5  5  5  6  6  6  6  6  6  6  6  6  6  6  7  7  7  7  7  8  8  8  8  8  9       191
MAY   9  9 10 10 10 10 10 11 11 11 11 11 11 11 11 11 11 11 11 12 11 11 11 11 11 11 11 11 11 11 11    333
JUN  10 10 10 10 10 10 10 10  9  9  9  9  9  9  9  9  9  9  9  9  9  9  9  9  9  9  9  9 10 10       280
JUL  10 10 10 10 10 10 10 10 10 10 10 10 11 11 11 11 11 11 11 11 11 11 11 11 11 11 10 10 10 10 10    324
AUG  10 10 10 10 10 10 10 10 10  9  9  9  9  9  9  9  9  9  9  8  8  8  8  8  8  8  8  8  7  7  7    273
SEP   7  7  7  7  7  6  6  6  6  6  6  6  6  6  6  5  5  5  5  5  5  5  5  5  5  5  5  5  5  4       169
OCT   5  5  4  4  4  4  4  4  4  4  4  4  4  4  4  4  4  4  4  4  4  4  4  4  4  4  4  4  4  4  4    126
NOV   4  4  4  4  4  4  5  5  5  4  4  4  4  4  4  4  4  4  4  4  4  4  4  4  4  4  3  3  3  3       119
DEC   3  3  3  2  2  2  2  2  2  2  2  2  2  2  2  2  1  1  1  1  1  1  1  1  1  1  1  1  1  2  2     52
                                                                                                        
