-------------------------------------------------------------------------------------------------       
 1971-2000 Daily/Monthly Station Normals                                                                
 Provided by National Climatic Data Center/NESDIS/NOAA                                                  
-------------------------------------------------------------------------------------------------       
 Station COOP ID:                           146414                                                      
 Station Name, State, Division, Call:       PITTSBURG                          KS 09                    
 Latitude, Longitude, Elevation, Elements:  37 21 28 -094 38 20   930   P                               
-------------------------------------------------------------------------------------------------       
 Total  Precipitation (Hundreths of an Inch)                                                            
 DAY  1  2  3  4  5  6  7  8  9 10 11 12 13 14 15 16 17 18 19 20 21 22 23 24 25 26 27 28 29 30 31  MONTH
-------------------------------------------------------------------------------------------------       
JAN   6  6  6  6  6  6  5  5  5  5  5  5  5  5  5  5  5  6  6  6  6  6  6  6  6  6  6  6  6  6  6    175
FEB   6  6  6  6  6  6  6  7  7  7  7  7  7  7  7  7  8  8  8  8  8  8  9  9  9  9  9 10             208
MAR  10 10 10 10 10 11 11 11 11 11 11 12 12 12 12 12 12 12 12 12 12 12 12 12 12 13 13 13 13 13 12    361
APR  12 12 12 12 12 12 13 13 13 13 13 13 13 13 13 13 13 13 14 14 14 14 14 14 15 15 15 15 15 16       403
MAY  16 16 16 17 17 17 17 17 18 18 18 18 18 18 18 19 19 19 19 19 19 19 19 19 20 20 20 20 20 20 20    570
JUN  20 20 20 20 20 20 20 20 20 20 20 20 19 19 19 19 19 19 19 18 18 18 18 18 17 17 17 17 16 16       563
JUL  16 16 15 15 15 15 14 14 14 14 14 13 13 13 13 13 12 12 12 12 12 12 11 11 11 11 11 11 11 11 11    398
AUG  11 11 11 10 10 10 10 11 11 11 11 11 11 11 11 11 11 11 12 12 12 12 12 13 13 13 14 14 14 14 15    364
SEP  15 15 16 16 16 17 17 17 17 17 17 17 18 18 18 18 18 18 18 17 17 17 17 17 17 17 16 16 16 16       506
OCT  15 15 15 14 14 14 14 14 13 13 13 13 13 13 13 12 12 12 12 12 12 12 12 13 13 13 13 13 13 13 13    406
NOV  14 14 14 14 14 14 14 14 14 14 15 15 14 14 14 14 14 14 14 14 14 14 13 13 13 13 12 12 12 11       409
DEC  11 11 10 10 10 10  9  9  9  9  8  8  8  8  7  7  7  7  7  7  6  6  6  6  6  6  6  6  6  6  6    238
                                                                                                        
