-------------------------------------------------------------------------------------------------       
 1971-2000 Daily/Monthly Station Normals                                                                
 Provided by National Climatic Data Center/NESDIS/NOAA                                                  
-------------------------------------------------------------------------------------------------       
 Station COOP ID:                           141452                                                      
 Station Name, State, Division, Call:       CHASE 3 SE                         KS 05                    
 Latitude, Longitude, Elevation, Elements:  38 19 54 -098 18 51  1700   P                               
-------------------------------------------------------------------------------------------------       
 Total  Precipitation (Hundreths of an Inch)                                                            
 DAY  1  2  3  4  5  6  7  8  9 10 11 12 13 14 15 16 17 18 19 20 21 22 23 24 25 26 27 28 29 30 31  MONTH
-------------------------------------------------------------------------------------------------       
JAN   3  3  3  3  3  3  3  3  3  3  2  2  2  2  2  2  2  2  2  2  2  2  2  2  2  2  2  2  2  2  2     72
FEB   2  2  2  2  2  2  2  3  3  3  3  3  3  3  3  3  3  4  4  4  4  4  4  5  5  5  5  6              94
MAR   6  6  6  6  7  7  7  7  7  7  8  8  8  8  8  8  8  8  8  8  8  8  8  8  8  8  8  8  8  8  8    234
APR   8  8  8  7  7  7  7  7  7  7  7  7  7  8  8  8  8  8  8  8  8  9  9  9  9  9 10 10 10 10       243
MAY  10 11 11 11 11 12 12 12 12 12 13 13 13 13 13 13 13 13 13 14 14 14 14 14 14 14 14 13 13 13 13    395
JUN  13 13 13 13 13 13 13 13 13 13 13 13 13 12 12 12 12 12 12 12 12 12 12 13 13 13 13 13 13 13       380
JUL  13 13 13 13 13 13 13 13 13 13 13 13 13 13 13 13 13 13 13 13 12 12 12 12 12 12 12 12 12 11 11    390
AUG  11 11 11 11 10 10 10 10 10 10  9  9  9  9  9  9  9  9  9  8  8  8  8  8  8  8  8  8  8  8  8    281
SEP   8  8  8  8  8  8  7  7  7  7  7  7  7  7  7  7  7  7  7  7  7  7  7  7  7  7  7  7  7  7       216
OCT   7  7  7  7  7  7  7  7  7  7  7  7  7  7  7  7  7  6  6  6  6  6  6  6  6  6  6  6  6  6  5    202
NOV   5  5  5  5  5  5  5  5  5  5  5  4  4  4  4  4  4  4  4  4  4  4  4  4  4  4  4  4  3  3       129
DEC   3  3  3  3  3  3  3  3  3  3  3  3  3  3  3  3  3  3  3  3  3  3  3  3  3  3  3  3  3  3  2     92
                                                                                                        
