-------------------------------------------------------------------------------------------------       
 1971-2000 Daily/Monthly Station Normals                                                                
 Provided by National Climatic Data Center/NESDIS/NOAA                                                  
-------------------------------------------------------------------------------------------------       
 Station COOP ID:                           088788                                                      
 Station Name, State, Division, Call:       TAMPA INTL AP                      FL 04 TPA                
 Latitude, Longitude, Elevation, Elements:  27 57 41 -082 32 25    19 XNP                               
-------------------------------------------------------------------------------------------------       
 Minimum Temperature (deg F [tenths deg F for monthly])                                                 
 DAY  1  2  3  4  5  6  7  8  9 10 11 12 13 14 15 16 17 18 19 20 21 22 23 24 25 26 27 28 29 30 31  MONTH
-------------------------------------------------------------------------------------------------       
JAN  53 53 53 53 53 53 53 53 53 53 52 52 52 52 52 52 52 52 52 52 52 52 52 52 52 52 52 52 52 53 53    524
FEB  52 52 53 53 53 53 53 53 53 53 53 53 53 54 54 54 54 54 54 54 54 55 55 55 55 55 56 56             538
MAR  56 56 56 57 57 57 57 57 58 58 58 58 58 58 59 59 59 59 59 59 59 59 60 60 60 60 60 60 60 60 60    585
APR  60 60 61 61 61 61 61 61 61 61 62 62 62 62 62 62 62 63 63 63 63 63 64 64 64 64 64 65 65 65       624
MAY  65 66 66 66 66 67 67 67 67 68 68 68 68 69 69 69 69 69 70 70 70 70 71 71 71 71 71 71 72 72 72    689
JUN  72 72 73 73 73 73 73 73 73 74 74 74 74 74 74 74 74 74 74 75 75 75 75 75 75 75 75 75 75 75       740
JUL  75 75 75 75 75 75 75 75 75 75 75 75 75 75 75 75 75 75 75 75 75 76 76 76 76 76 76 76 76 76 75    753
AUG  75 75 75 75 75 75 75 75 75 75 75 75 75 75 75 75 75 75 75 76 76 76 76 76 76 76 76 76 76 76 76    754
SEP  76 76 76 76 76 75 75 75 75 75 75 75 75 75 75 75 74 74 74 74 74 74 73 73 73 73 72 72 72 72       743
OCT  71 71 71 71 70 70 70 70 69 69 69 69 68 68 68 68 67 67 67 67 66 66 66 66 65 65 65 65 64 64 64    676
NOV  64 64 63 63 63 63 63 62 62 62 62 61 61 61 61 61 60 60 60 60 60 59 59 59 59 58 58 58 58 57       607
DEC  57 57 57 57 56 56 56 56 56 55 55 55 55 55 55 55 54 54 54 54 54 54 54 54 53 53 53 53 53 53 53    547
                                                                                                        
-------------------------------------------------------------------------------------------------       
 Maximum Temperature (deg F [tenths deg F for monthly])                                                 
 DAY  1  2  3  4  5  6  7  8  9 10 11 12 13 14 15 16 17 18 19 20 21 22 23 24 25 26 27 28 29 30 31  MONTH
-------------------------------------------------------------------------------------------------       
JAN  71 71 70 70 70 70 70 70 70 70 70 70 70 70 70 70 70 70 70 70 70 70 70 70 70 70 70 70 70 70 71    701
FEB  70 70 70 70 71 71 71 71 71 71 71 71 71 71 71 72 72 72 72 72 72 73 73 73 73 73 73 74             716
MAR  74 74 74 74 75 75 75 75 75 75 76 76 76 76 76 76 77 77 77 77 77 77 77 78 78 78 78 78 78 78 78    763
APR  78 79 79 79 79 79 79 79 79 80 80 80 80 80 80 81 81 81 81 81 81 82 82 82 82 82 83 83 83 83       806
MAY  84 84 84 84 84 85 85 85 85 85 86 86 86 86 86 87 87 87 87 87 87 87 87 88 88 88 88 88 88 88 88    863
JUN  88 88 88 88 89 89 89 89 89 89 89 89 89 89 89 89 89 89 89 89 89 89 89 89 89 89 89 89 89 90       889
JUL  89 89 89 89 89 89 89 89 89 90 90 90 90 90 90 90 90 90 90 90 90 90 90 90 90 90 90 90 90 90 90    897
AUG  90 90 90 90 90 90 90 90 90 90 90 90 90 90 90 90 90 90 90 90 90 90 90 90 90 90 90 90 90 90 90    900
SEP  90 90 90 90 90 90 90 90 90 90 90 90 89 89 89 89 89 89 89 89 89 88 88 88 88 88 88 87 87 87       890
OCT  87 87 87 86 86 86 86 86 85 85 85 85 85 84 84 84 84 84 84 83 83 83 83 83 82 82 82 82 82 81 81    841
NOV  81 81 81 80 80 80 80 80 79 79 79 79 79 78 78 78 78 78 77 77 77 77 76 76 76 76 75 75 75 75       780
DEC  75 74 74 74 74 73 73 73 73 73 73 72 72 72 72 72 72 71 71 71 71 71 71 71 71 71 71 71 70 70 70    720
                                                                                                        
-------------------------------------------------------------------------------------------------       
 Average Temperature (deg F [tenths deg F for monthly])                                                 
 DAY  1  2  3  4  5  6  7  8  9 10 11 12 13 14 15 16 17 18 19 20 21 22 23 24 25 26 27 28 29 30 31  MONTH
-------------------------------------------------------------------------------------------------       
JAN  62 62 62 62 62 62 62 61 61 61 61 61 61 61 61 61 61 61 61 61 61 61 61 61 61 61 61 61 61 62 62    613
FEB  61 61 62 62 62 62 62 62 62 62 62 62 62 62 63 63 63 63 63 63 63 64 64 64 64 64 64 65             627
MAR  65 65 65 66 66 66 66 66 66 67 67 67 67 67 67 68 68 68 68 68 68 68 68 69 69 69 69 69 69 69 69    674
APR  69 70 70 70 70 70 70 70 70 70 71 71 71 71 71 71 72 72 72 72 72 72 73 73 73 73 74 74 74 74       715
MAY  75 75 75 75 75 76 76 76 76 77 77 77 77 77 78 78 78 78 78 78 79 79 79 79 79 79 80 80 80 80 80    776
JUN  80 80 81 81 81 81 81 81 81 81 81 81 81 82 82 82 82 82 82 82 82 82 82 82 82 82 82 82 82 82       815
JUL  82 82 82 82 82 82 82 82 82 82 82 82 82 82 82 83 83 83 83 83 83 83 83 83 83 83 83 83 83 83 83    825
AUG  82 82 82 82 82 82 82 82 82 83 83 83 83 83 83 83 83 83 83 83 83 83 83 83 83 83 83 83 83 83 83    827
SEP  83 83 83 83 83 83 83 82 82 82 82 82 82 82 82 82 82 82 81 81 81 81 81 81 80 80 80 80 80 79       816
OCT  79 79 79 78 78 78 78 78 77 77 77 77 76 76 76 76 76 75 75 75 75 74 74 74 74 74 73 73 73 73 73    758
NOV  72 72 72 72 72 71 71 71 71 71 70 70 70 70 69 69 69 69 69 68 68 68 68 67 67 67 67 67 66 66       693
DEC  66 66 65 65 65 65 65 64 64 64 64 64 63 63 63 63 63 63 63 62 62 62 62 62 62 62 62 62 62 62 62    633
                                                                                                        
-------------------------------------------------------------------------------------------------       
 Heating Degree Days                                                                                    
 DAY  1  2  3  4  5  6  7  8  9 10 11 12 13 14 15 16 17 18 19 20 21 22 23 24 25 26 27 28 29 30 31  MONTH
-------------------------------------------------------------------------------------------------       
JAN   6  6  6  6  6  6  6  6  6  6  6  6  6  6  6  7  6  6  6  6  6  6  6  6  6  6  6  6  6  6  6    187
FEB   6  6  6  6  6  5  5  5  5  5  5  5  5  5  5  5  5  5  5  4  4  4  4  4  4  4  4  4             136
MAR   3  3  3  3  3  3  3  3  3  3  2  2  2  2  2  2  2  2  2  2  2  2  1  1  1  1  1  1  1  1  1     63
APR   1  1  1  1  1  1  1  1  1  1  1  1  1  0  0  0  0  0  0  0  0  0  0  0  0  0  0  0  0  0        13
MAY   0  0  0  0  0  0  0  0  0  0  0  0  0  0  0  0  0  0  0  0  0  0  0  0  0  0  0  0  0  0  0      0
JUN   0  0  0  0  0  0  0  0  0  0  0  0  0  0  0  0  0  0  0  0  0  0  0  0  0  0  0  0  0  0         0
JUL   0  0  0  0  0  0  0  0  0  0  0  0  0  0  0  0  0  0  0  0  0  0  0  0  0  0  0  0  0  0  0      0
AUG   0  0  0  0  0  0  0  0  0  0  0  0  0  0  0  0  0  0  0  0  0  0  0  0  0  0  0  0  0  0  0      0
SEP   0  0  0  0  0  0  0  0  0  0  0  0  0  0  0  0  0  0  0  0  0  0  0  0  0  0  0  0  0  0         0
OCT   0  0  0  0  0  0  0  0  0  0  0  0  0  0  0  0  0  0  0  0  0  0  0  0  0  0  0-99-99-99-99      4
NOV   0  0  1  1  1  1  1  1  1  1  1  1  1  1  1  1  1  2  2  2  2  2  2  2  2  2  2  3  3  3        44
DEC   3  3  3  3  4  4  4  4  4  4  4  4  4  5  5  5  5  5  5  5  5  5  5  5  5  6  6  6  6  6  6    144
                                                                                                        
-------------------------------------------------------------------------------------------------       
 Cooling Degree Days                                                                                    
 DAY  1  2  3  4  5  6  7  8  9 10 11 12 13 14 15 16 17 18 19 20 21 22 23 24 25 26 27 28 29 30 31  MONTH
-------------------------------------------------------------------------------------------------       
JAN   2  2  2  2  2  2  2  2  2  2  2  2  2  2  2  2  2  2  2  2  2  2  2  2  1  1  1  1  1  2  2     57
FEB   2  2  2  2  2  2  2  2  2  2  2  2  2  2  2  2  2  2  2  2  2  2  2  2  2  3  3  3              59
MAR   3  3  3  3  3  3  3  3  4  4  4  4  4  4  4  4  4  4  4  4  4  4  4  5  5  5  5  5  5  5  5    124
APR   5  5  5  5  5  5  6  6  6  6  6  6  6  6  7  7  7  7  7  7  8  8  8  8  8  8  9  9  9  9       204
MAY  10 10 10 10 11 11 11 11 11 12 12 12 12 12 13 13 13 13 13 14 14 14 14 14 14 14 15 15 15 15 15    393
JUN  15 16 16 16 16 16 16 16 16 16 16 17 17 17 17 17 17 17 17 17 17 17 17 17 17 17 17 18 18 18       501
JUL  17 17 17 17 17 17 17 17 18 18 18 18 18 18 18 18 18 18 18 18 18 18 18 18 18 18 18 18 18 18 18    550
AUG  18 18 18 18 18 18 18 18 18 18 18 18 18 18 18 18 18 18 18 18 18 18 17 17 17 17 17 17 17 17 17    549
SEP  18 18 18 18 17 17 17 17 17 17 17 17 17 17 17 17 16 16 16 16 16 16 15 15 15 15 15 14 14 14       489
OCT  14 13 13 13 13 12 12 12 12 12 11 11 11 11 11 10 10 10 10 10  9  9  9  9  9  8  8  8  8  8  7    323
NOV   7  7  7  7  7  7  6  6  6  6  6  6  5  5  5  5  5  5  5  5  4  4  4  4  4  4  4  4  4  3       157
DEC   3  3  3  3  3  3  3  3  3  3  3  3  3  3  2  2  2  2  2  2  2  2  2  2  2  2  2  2  2  2  2     76
                                                                                                        
-------------------------------------------------------------------------------------------------       
 Total  Precipitation (Hundreths of an Inch)                                                            
 DAY  1  2  3  4  5  6  7  8  9 10 11 12 13 14 15 16 17 18 19 20 21 22 23 24 25 26 27 28 29 30 31  MONTH
-------------------------------------------------------------------------------------------------       
JAN   7  7  7  7  7  7  7  7  7  7  7  7  7  7  7  7  7  7  7  7  7  8  8  8  8  8  8  8  8  8  8    227
FEB   8  9  9  9  9  9  9  9  9  9  9  9 10 10 10 10 10 10 10 10 10 10 10 10 10 10 10 10             267
MAR  10 10 10 10 10 10 10 10 10 10 10 10 10 10  9  9  9  9  9  9  9  9  9  8  8  8  8  8  8  8  7    284
APR   7  7  7  7  7  6  6  6  6  6  6  6  6  6  6  6  6  5  5  5  5  5  6  6  6  6  6  6  6  6       180
MAY   6  6  6  6  7  7  7  7  7  7  8  8  8  8  8  9  9  9 10 10 10 11 11 11 12 12 12 13 13 13 14    285
JUN  14 15 15 16 16 16 17 17 17 18 18 18 18 19 19 19 19 19 20 20 20 20 20 20 20 20 20 20 20 20       550
JUL  20 20 20 20 20 20 20 20 20 20 20 21 21 21 21 21 21 21 21 21 21 21 21 22 22 22 22 22 22 22 23    649
AUG  23 23 23 23 23 24 24 24 24 24 24 24 25 25 25 25 25 25 25 25 25 25 25 25 25 25 25 25 25 26 26    760
SEP  25 25 25 25 25 25 25 25 25 24 24 24 24 23 23 23 22 22 21 21 20 20 19 19 18 18 17 16 16 15       654
OCT  14 14 13 12 12 11 10 10  9  9  8  8  8  7  7  6  6  6  6  5  5  5  5  5  4  4  4  4  4  4  4    229
NOV   4  4  4  5  5  5  5  5  5  5  5  5  5  5  5  5  5  6  6  6  6  6  6  6  6  6  6  6  7  7       162
DEC   7  7  7  7  7  7  7  7  7  7  7  7  7  8  8  8  8  8  8  8  8  8  8  8  8  8  7  7  7  7  7    230
                                                                                                        
