-------------------------------------------------------------------------------------------------       
 1971-2000 Daily/Monthly Station Normals                                                                
 Provided by National Climatic Data Center/NESDIS/NOAA                                                  
-------------------------------------------------------------------------------------------------       
 Station COOP ID:                           084707                                                      
 Station Name, State, Division, Call:       LAKE ALFRED EXP STN                FL 04                    
 Latitude, Longitude, Elevation, Elements:  28 06 15 -081 42 52   138 XNP                               
-------------------------------------------------------------------------------------------------       
 Minimum Temperature (deg F [tenths deg F for monthly])                                                 
 DAY  1  2  3  4  5  6  7  8  9 10 11 12 13 14 15 16 17 18 19 20 21 22 23 24 25 26 27 28 29 30 31  MONTH
-------------------------------------------------------------------------------------------------       
JAN  48 48 48 47 47 47 47 47 47 47 47 47 47 47 47 47 47 47 47 47 47 47 47 47 47 47 47 47 48 48 48    472
FEB  47 48 48 48 48 48 48 48 48 48 48 48 49 49 49 49 49 49 49 50 50 50 50 50 51 51 51 51             490
MAR  51 52 52 52 52 53 53 53 53 53 53 54 54 54 54 54 54 55 55 55 55 55 55 55 55 56 56 56 56 56 56    541
APR  56 56 56 56 56 57 57 57 57 57 57 57 57 58 58 58 58 58 58 59 59 59 59 59 60 60 60 60 60 61       580
MAY  61 61 61 61 62 62 62 62 63 63 63 63 64 64 64 64 64 65 65 65 65 66 66 66 66 66 67 67 67 67 68    642
JUN  68 68 68 68 69 69 69 69 69 70 70 70 70 70 70 70 70 71 71 71 71 71 71 71 71 71 71 71 71 71       700
JUL  71 71 71 71 71 71 71 71 71 72 72 72 72 72 72 72 72 72 72 72 72 72 72 72 72 72 72 72 72 72 72    717
AUG  72 72 72 72 72 72 72 72 72 72 72 72 72 72 72 72 72 72 72 71 71 71 71 71 71 71 71 71 71 71 71    716
SEP  71 71 71 71 71 71 71 71 71 71 71 71 71 70 70 70 70 70 70 69 69 69 69 69 68 68 68 68 67 67       698
OCT  67 66 66 66 66 65 65 65 65 64 64 64 64 63 63 63 63 62 62 62 62 62 61 61 61 61 60 60 60 60 60    630
NOV  60 59 59 59 59 59 58 58 58 58 58 57 57 57 57 56 56 56 56 55 55 55 55 54 54 54 54 53 53 53       564
DEC  53 52 52 52 51 51 51 51 51 50 50 50 50 50 49 49 49 49 49 49 48 48 48 48 48 48 48 48 48 48 47    495
                                                                                                        
-------------------------------------------------------------------------------------------------       
 Maximum Temperature (deg F [tenths deg F for monthly])                                                 
 DAY  1  2  3  4  5  6  7  8  9 10 11 12 13 14 15 16 17 18 19 20 21 22 23 24 25 26 27 28 29 30 31  MONTH
-------------------------------------------------------------------------------------------------       
JAN  72 72 72 72 72 72 72 72 72 72 72 72 72 72 72 72 72 72 72 73 73 73 73 73 73 73 73 73 73 73 73    724
FEB  73 73 73 73 73 73 73 74 74 74 74 74 74 74 74 74 75 75 75 75 75 75 76 76 76 76 76 76             744
MAR  76 77 77 77 77 77 78 78 78 78 78 78 79 79 79 79 79 79 80 80 80 80 80 80 80 81 81 81 81 81 81    790
APR  81 81 82 82 82 82 82 82 82 83 83 83 83 83 83 83 84 84 84 84 84 85 85 85 85 85 85 86 86 86       835
MAY  86 86 87 87 87 87 87 88 88 88 88 88 88 89 89 89 89 89 89 89 90 90 90 90 90 90 90 90 90 91 91    887
JUN  91 91 91 91 91 91 91 91 91 91 91 91 92 92 92 92 92 92 92 92 92 92 92 92 92 92 92 92 92 92       916
JUL  92 92 92 92 92 92 93 93 93 93 93 93 93 93 93 93 93 93 93 93 93 93 93 93 93 93 93 93 93 93 93    928
AUG  93 93 93 93 93 93 93 93 93 93 93 93 93 93 93 93 93 93 93 93 93 93 93 93 93 92 92 92 92 92 92    928
SEP  92 92 92 92 92 92 92 92 92 92 91 91 91 91 91 91 91 91 91 90 90 90 90 90 90 89 89 89 89 89       908
OCT  89 88 88 88 88 88 88 87 87 87 87 87 86 86 86 86 86 85 85 85 85 85 84 84 84 84 84 84 83 83 83    858
NOV  83 83 82 82 82 82 82 81 81 81 81 80 80 80 80 80 79 79 79 79 79 78 78 78 78 77 77 77 77 76       797
DEC  76 76 76 76 75 75 75 75 75 74 74 74 74 74 74 73 73 73 73 73 73 73 73 73 73 72 72 72 72 72 72    737
                                                                                                        
-------------------------------------------------------------------------------------------------       
 Average Temperature (deg F [tenths deg F for monthly])                                                 
 DAY  1  2  3  4  5  6  7  8  9 10 11 12 13 14 15 16 17 18 19 20 21 22 23 24 25 26 27 28 29 30 31  MONTH
-------------------------------------------------------------------------------------------------       
JAN  60 60 60 60 60 60 60 60 60 59 59 59 59 59 59 60 60 60 60 60 60 60 60 60 60 60 60 60 60 60 60    598
FEB  60 60 60 60 61 61 61 61 61 61 61 61 61 61 62 62 62 62 62 62 63 63 63 63 63 63 64 64             617
MAR  64 64 64 65 65 65 65 65 66 66 66 66 66 66 67 67 67 67 67 67 68 68 68 68 68 68 68 68 68 69 69    666
APR  69 69 69 69 69 69 69 70 70 70 70 70 70 70 71 71 71 71 71 71 72 72 72 72 72 73 73 73 73 73       708
MAY  74 74 74 74 74 75 75 75 75 75 76 76 76 76 76 77 77 77 77 77 77 78 78 78 78 78 78 79 79 79 79    765
JUN  79 79 79 80 80 80 80 80 80 80 80 81 81 81 81 81 81 81 81 81 81 81 82 82 82 82 82 82 82 82       808
JUL  82 82 82 82 82 82 82 82 82 82 82 82 82 82 82 82 82 82 82 82 82 82 83 83 83 83 83 83 83 83 83    823
AUG  83 83 83 83 83 83 82 82 82 82 82 82 82 82 82 82 82 82 82 82 82 82 82 82 82 82 82 82 82 82 82    822
SEP  82 82 82 82 82 81 81 81 81 81 81 81 81 81 81 80 80 80 80 80 80 80 79 79 79 79 79 78 78 78       803
OCT  78 77 77 77 77 77 76 76 76 76 75 75 75 75 75 74 74 74 74 73 73 73 73 73 72 72 72 72 72 72 71    744
NOV  71 71 71 71 70 70 70 70 70 69 69 69 69 69 68 68 68 68 67 67 67 67 66 66 66 66 65 65 65 65       681
DEC  64 64 64 64 63 63 63 63 63 62 62 62 62 62 62 61 61 61 61 61 61 61 60 60 60 60 60 60 60 60 60    616
                                                                                                        
-------------------------------------------------------------------------------------------------       
 Heating Degree Days                                                                                    
 DAY  1  2  3  4  5  6  7  8  9 10 11 12 13 14 15 16 17 18 19 20 21 22 23 24 25 26 27 28 29 30 31  MONTH
-------------------------------------------------------------------------------------------------       
JAN   7  7  7  7  8  8  8  8  8  8  8  8  8  8  8  8  8  8  8  8  8  8  8  8  7  7  7  7  7  7  7    237
FEB   7  7  7  7  7  6  6  6  6  6  6  6  6  5  5  5  5  5  5  5  5  5  4  4  4  4  4  4             152
MAR   4  4  4  3  3  3  3  3  3  3  3  3  3  2  2  2  2  2  2  2  2  2  2  2  2  2  1  1  1  1  1     73
APR   1  1  1  1  1  1  1  1  1  1  1  1  1  1  1  0  0  0  0  0  0  0  0  0  0  0  0  0  0  0        15
MAY   0  0  0  0  0  0  0  0  0  0  0  0  0  0  0  0  0  0  0  0  0  0  0  0  0  0  0  0  0  0  0      0
JUN   0  0  0  0  0  0  0  0  0  0  0  0  0  0  0  0  0  0  0  0  0  0  0  0  0  0  0  0  0  0         0
JUL   0  0  0  0  0  0  0  0  0  0  0  0  0  0  0  0  0  0  0  0  0  0  0  0  0  0  0  0  0  0  0      0
AUG   0  0  0  0  0  0  0  0  0  0  0  0  0  0  0  0  0  0  0  0  0  0  0  0  0  0  0  0  0  0  0      0
SEP   0  0  0  0  0  0  0  0  0  0  0  0  0  0  0  0  0  0  0  0  0  0  0  0  0  0  0  0  0  0         0
OCT   0  0  0  0  0  0  0  0  0  0  0  0  0  0  0  0  0  0  0  0  0  0  0  0  0  0-99-99-99-99-99      5
NOV   0  1  1  1  1  1  1  1  1  1  1  1  1  1  1  1  2  2  2  2  2  2  2  2  3  3  3  3  3  3        49
DEC   3  4  4  4  4  4  4  4  5  5  5  5  5  5  5  6  6  6  6  6  6  6  6  7  7  7  7  7  7  7  7    170
                                                                                                        
-------------------------------------------------------------------------------------------------       
 Cooling Degree Days                                                                                    
 DAY  1  2  3  4  5  6  7  8  9 10 11 12 13 14 15 16 17 18 19 20 21 22 23 24 25 26 27 28 29 30 31  MONTH
-------------------------------------------------------------------------------------------------       
JAN   1  2  2  2  2  2  2  2  2  2  2  2  2  2  2  2  2  2  2  2  2  2  2  2  2  2  2  2  2  2  2     61
FEB   2  2  2  2  2  2  2  2  2  2  2  2  2  2  2  2  2  2  2  2  2  2  2  2  2  3  3  3              59
MAR   3  3  3  3  3  3  3  3  3  4  4  4  4  4  4  4  4  4  4  4  4  4  4  4  4  4  5  5  5  5  5    120
APR   5  5  5  5  5  5  5  5  5  5  6  6  6  6  6  6  6  6  6  7  7  7  7  7  7  8  8  8  8  8       186
MAY   9  9  9  9  9 10 10 10 10 10 11 11 11 11 11 11 12 12 12 12 12 13 13 13 13 13 13 14 14 14 14    355
JUN  14 14 14 15 15 15 15 15 15 15 15 16 16 16 16 16 16 16 16 16 16 16 17 17 17 17 17 17 17 17       474
JUL  17 17 17 17 17 17 17 17 17 17 17 17 17 17 17 17 17 17 17 17 17 17 17 18 18 18 18 18 18 18 18    535
AUG  18 18 18 18 18 18 17 17 17 17 17 17 17 17 17 17 17 17 17 17 17 17 17 17 17 17 17 17 17 17 17    533
SEP  17 17 17 17 17 16 16 16 16 16 16 16 16 16 16 15 15 15 15 15 15 15 14 14 14 14 14 13 13 13       459
OCT  13 12 12 12 12 12 11 11 11 11 10 10 10 10 10  9  9  9  9  9  9  8  8  8  8  8  7  7  7  7  7    296
NOV   7  6  6  6  6  6  6  6  5  5  5  5  5  5  5  5  4  4  4  4  4  4  4  4  4  3  3  3  3  3       140
DEC   3  3  3  2  2  2  2  2  2  2  2  2  2  2  2  2  2  2  2  2  2  2  2  2  2  2  2  2  2  2  2     65
                                                                                                        
-------------------------------------------------------------------------------------------------       
 Total  Precipitation (Hundreths of an Inch)                                                            
 DAY  1  2  3  4  5  6  7  8  9 10 11 12 13 14 15 16 17 18 19 20 21 22 23 24 25 26 27 28 29 30 31  MONTH
-------------------------------------------------------------------------------------------------       
JAN   7  8  8  8  8  8  8  8  8  8  8  8  8  8  8  8  8  8  8  8  8  8  8  8  8  8  9  9  9  9  9    252
FEB   9  9  9  9  9  9  9  9  9  9  9 10 10 10 10 10 10 10 10 10 10 10 11 11 11 11 11 11             275
MAR  11 11 12 12 12 12 12 12 12 12 12 12 12 12 12 12 11 11 11 11 11 11 11 10 10 10 10  9  9  9  9    343
APR   8  8  8  7  7  7  7  7  6  6  6  6  6  6  6  6  6  6  6  6  6  6  6  6  7  7  7  7  8  8       199
MAY   8  8  9  9  9 10 10 10 11 11 11 12 12 12 13 13 14 14 14 15 15 15 16 16 17 17 17 18 18 19 19    412
JUN  20 20 20 21 21 21 22 22 22 23 23 23 23 23 24 24 24 24 24 24 24 24 24 24 24 24 24 24 24 24       688
JUL  24 24 23 23 23 23 23 23 23 23 23 23 23 23 23 23 23 22 22 22 22 23 23 23 23 23 23 23 23 23 23    711
AUG  23 23 23 23 23 23 24 24 24 24 24 24 24 24 24 24 24 24 24 24 24 24 24 24 24 24 25 25 25 25 25    743
SEP  25 25 25 25 24 24 24 24 24 24 24 23 23 23 23 22 22 22 21 21 21 20 20 19 19 18 18 17 17 16       653
OCT  15 15 14 14 13 12 12 12 11 11 10 10 10  9  9  9  8  8  8  8  8  7  7  7  7  7  7  7  7  7  7    296
NOV   7  7  7  7  7  7  7  7  7  7  8  8  8  8  8  8  8  8  8  8  8  8  8  8  8  8  8  8  8  7       229
DEC   8  8  8  8  8  8  7  7  7  7  7  7  7  7  7  7  7  7  7  7  7  7  7  7  7  7  8  8  8  8  8    228
                                                                                                        
