-------------------------------------------------------------------------------------------------       
 1971-2000 Daily/Monthly Station Normals                                                                
 Provided by National Climatic Data Center/NESDIS/NOAA                                                  
-------------------------------------------------------------------------------------------------       
 Station COOP ID:                           085612                                                      
 Station Name, State, Division, Call:       MELBOURNE WFO                      FL 04 MLB                
 Latitude, Longitude, Elevation, Elements:  28 06 10 -080 38 45    25 XNP                               
-------------------------------------------------------------------------------------------------       
 Minimum Temperature (deg F [tenths deg F for monthly])                                                 
 DAY  1  2  3  4  5  6  7  8  9 10 11 12 13 14 15 16 17 18 19 20 21 22 23 24 25 26 27 28 29 30 31  MONTH
-------------------------------------------------------------------------------------------------       
JAN  51 50 50 50 50 50 50 50 50 50 50 50 50 50 50 50 50 50 50 50 50 50 50 50 50 49 50 50 50 50 50    500
FEB  50 50 50 50 50 50 50 50 50 50 50 50 50 51 51 51 51 51 51 51 52 52 52 52 52 52 52 52             508
MAR  53 53 53 53 53 54 54 54 54 54 54 55 55 55 55 55 55 56 56 56 56 56 56 56 57 57 57 57 57 57 58    552
APR  58 58 58 58 58 58 59 59 59 59 59 59 60 60 60 60 60 60 61 61 61 61 61 62 62 62 62 62 63 63       601
MAY  63 63 64 64 64 64 64 65 65 65 65 65 66 66 66 66 67 67 67 67 67 68 68 68 68 68 69 69 69 69 69    663
JUN  69 70 70 70 70 70 70 71 71 71 71 71 71 71 71 71 72 72 72 72 72 72 72 72 72 72 72 72 72 72       712
JUL  72 72 72 72 72 72 72 72 72 71 71 71 72 72 72 72 72 72 72 72 72 72 72 72 72 72 72 72 72 72 72    719
AUG  72 72 72 72 72 72 72 72 73 73 73 73 73 73 73 73 73 73 73 73 73 73 73 73 73 73 73 73 73 73 73    727
SEP  73 73 73 73 73 73 73 73 72 72 72 72 72 72 72 72 72 72 72 72 72 71 71 71 71 71 71 71 70 70       719
OCT  70 70 70 70 70 69 69 69 69 69 68 68 68 68 68 68 67 67 67 67 66 66 66 66 66 65 65 65 65 64 64    674
NOV  64 64 63 63 63 62 62 62 62 61 61 61 61 60 60 60 60 59 59 59 59 58 58 58 58 57 57 57 56 56       600
DEC  56 56 55 55 55 55 55 54 54 54 54 54 53 53 53 53 53 52 52 52 52 52 52 52 51 51 51 51 51 51 51    530
                                                                                                        
-------------------------------------------------------------------------------------------------       
 Maximum Temperature (deg F [tenths deg F for monthly])                                                 
 DAY  1  2  3  4  5  6  7  8  9 10 11 12 13 14 15 16 17 18 19 20 21 22 23 24 25 26 27 28 29 30 31  MONTH
-------------------------------------------------------------------------------------------------       
JAN  72 72 72 72 72 72 72 72 72 72 72 72 72 72 71 71 71 71 71 71 71 71 71 72 72 72 72 72 72 72 72    717
FEB  72 72 72 72 72 72 72 72 72 72 72 72 73 73 73 73 73 73 73 73 73 74 74 74 74 74 75 75             729
MAR  75 75 75 75 76 76 76 76 76 77 77 77 77 77 77 77 77 78 78 78 78 78 78 78 78 78 79 79 79 79 79    772
APR  79 79 79 79 79 79 79 80 80 80 80 80 80 80 80 80 81 81 81 81 81 81 81 82 82 82 82 82 82 83       805
MAY  83 83 83 83 83 84 84 84 84 84 84 84 85 85 85 85 85 85 85 86 86 86 86 86 86 86 87 87 87 87 87    850
JUN  87 87 87 87 88 88 88 88 88 88 88 88 88 89 89 89 89 89 89 89 89 89 89 89 89 90 90 90 90 90       886
JUL  90 90 90 90 90 90 90 90 90 90 90 90 90 90 91 91 91 91 91 91 91 91 91 91 91 91 91 91 91 91 90    905
AUG  90 90 90 91 91 91 91 91 90 90 90 90 90 90 90 90 90 90 90 90 90 90 90 90 90 90 90 89 89 89 89    900
SEP  89 89 89 89 89 89 89 89 89 89 89 89 89 89 88 88 88 88 88 88 88 87 87 87 87 87 87 87 86 86       881
OCT  86 86 86 85 85 85 85 85 84 84 84 84 84 84 83 83 83 83 83 83 82 82 82 82 82 82 81 81 81 81 81    833
NOV  81 81 80 80 80 80 80 80 79 79 79 79 79 79 78 78 78 78 78 78 77 77 77 77 77 76 76 76 76 76       783
DEC  75 75 75 75 75 75 74 74 74 74 74 74 73 73 73 73 73 73 73 73 73 73 72 72 72 72 72 72 72 72 72    733
                                                                                                        
-------------------------------------------------------------------------------------------------       
 Average Temperature (deg F [tenths deg F for monthly])                                                 
 DAY  1  2  3  4  5  6  7  8  9 10 11 12 13 14 15 16 17 18 19 20 21 22 23 24 25 26 27 28 29 30 31  MONTH
-------------------------------------------------------------------------------------------------       
JAN  61 61 61 61 61 61 61 61 61 61 61 61 61 61 61 61 61 61 61 61 61 60 60 61 61 61 61 61 61 61 61    609
FEB  61 61 61 61 61 61 61 61 61 61 61 61 62 62 62 62 62 62 62 62 63 63 63 63 63 63 63 64             619
MAR  64 64 64 64 65 65 65 65 65 65 66 66 66 66 66 66 66 67 67 67 67 67 67 67 67 68 68 68 68 68 68    662
APR  68 68 68 69 69 69 69 69 69 69 70 70 70 70 70 70 70 71 71 71 71 71 71 72 72 72 72 72 73 73       703
MAY  73 73 73 74 74 74 74 74 75 75 75 75 75 75 76 76 76 76 76 76 77 77 77 77 77 77 78 78 78 78 78    757
JUN  78 78 79 79 79 79 79 79 79 79 80 80 80 80 80 80 80 80 80 80 80 81 81 81 81 81 81 81 81 81       799
JUL  81 81 81 81 81 81 81 81 81 81 81 81 81 81 81 81 81 81 81 81 81 81 81 81 81 82 82 82 82 82 81    812
AUG  81 81 81 82 82 82 82 82 82 82 82 82 82 82 81 81 81 81 81 81 81 81 81 81 81 81 81 81 81 81 81    814
SEP  81 81 81 81 81 81 81 81 81 81 81 80 80 80 80 80 80 80 80 80 80 79 79 79 79 79 79 79 78 78       800
OCT  78 78 78 78 77 77 77 77 77 77 76 76 76 76 76 75 75 75 75 75 74 74 74 74 74 74 73 73 73 73 72    754
NOV  72 72 72 72 72 71 71 71 71 70 70 70 70 70 69 69 69 69 68 68 68 68 68 67 67 67 67 66 66 66       692
DEC  66 66 65 65 65 65 64 64 64 64 64 64 63 63 63 63 63 63 63 62 62 62 62 62 62 62 62 62 62 61 61    632
                                                                                                        
-------------------------------------------------------------------------------------------------       
 Heating Degree Days                                                                                    
 DAY  1  2  3  4  5  6  7  8  9 10 11 12 13 14 15 16 17 18 19 20 21 22 23 24 25 26 27 28 29 30 31  MONTH
-------------------------------------------------------------------------------------------------       
JAN   6  6  6  6  6  6  6  6  6  6  6  6  6  6  7  7  7  7  7  7  7  7  7  7  6  6  6  6  6  6  6    196
FEB   6  6  6  6  6  6  6  6  6  6  6  5  5  5  5  5  5  5  5  5  5  5  4  4  4  4  4  4             145
MAR   4  4  4  3  3  3  3  3  3  3  3  3  2  2  2  2  2  2  2  2  2  2  2  2  1  1  1  1  1  1  1     70
APR   1  1  1  1  1  1  1  1  1  1  1  1  1  1  1  1  0  0  0  0  0  0  0  0  0  0  0  0  0  0        16
MAY   0  0  0  0  0  0  0  0  0  0  0  0  0  0  0  0  0  0  0  0  0  0  0  0  0  0  0  0  0  0  0      0
JUN   0  0  0  0  0  0  0  0  0  0  0  0  0  0  0  0  0  0  0  0  0  0  0  0  0  0  0  0  0  0         0
JUL   0  0  0  0  0  0  0  0  0  0  0  0  0  0  0  0  0  0  0  0  0  0  0  0  0  0  0  0  0  0  0      0
AUG   0  0  0  0  0  0  0  0  0  0  0  0  0  0  0  0  0  0  0  0  0  0  0  0  0  0  0  0  0  0  0      0
SEP   0  0  0  0  0  0  0  0  0  0  0  0  0  0  0  0  0  0  0  0  0  0  0  0  0  0  0  0  0  0         0
OCT   0  0  0  0  0  0  0  0  0  0  0  0  0  0  0  0  0  0  0  0  0  0  0  0  0  0  0  0  0  0-99      1
NOV   0  0  0  0  0  0  1  1  1  1  1  1  1  1  1  1  1  1  1  1  1  2  2  2  2  2  2  2  2  3        34
DEC   3  3  3  3  3  3  3  3  4  4  4  4  4  4  4  4  4  5  5  5  5  5  5  5  5  5  5  5  6  6  6    133
                                                                                                        
-------------------------------------------------------------------------------------------------       
 Cooling Degree Days                                                                                    
 DAY  1  2  3  4  5  6  7  8  9 10 11 12 13 14 15 16 17 18 19 20 21 22 23 24 25 26 27 28 29 30 31  MONTH
-------------------------------------------------------------------------------------------------       
JAN   2  2  2  2  2  2  2  2  2  2  2  2  2  2  2  2  2  2  2  2  2  2  2  2  1  1  1  1  1  1  1     55
FEB   2  2  2  2  2  2  2  2  2  2  2  2  2  2  2  2  2  2  2  2  2  2  2  2  2  2  2  2              56
MAR   3  3  3  3  3  3  3  3  3  3  3  3  3  3  3  3  3  4  4  4  4  4  4  4  4  4  4  4  4  4  4    107
APR   4  4  4  5  5  5  5  5  5  5  5  5  5  5  6  6  6  6  6  6  6  7  7  7  7  7  7  7  8  8       174
MAY   8  8  8  9  9  9  9  9  9 10 10 10 10 10 11 11 11 11 11 11 12 12 12 12 12 12 13 13 13 13 13    331
JUN  13 13 14 14 14 14 14 14 14 14 15 15 15 15 15 15 15 15 15 15 15 16 16 16 16 16 16 16 16 16       447
JUL  16 16 16 16 16 16 16 16 16 16 16 16 16 16 16 16 16 16 16 16 16 16 16 17 17 17 17 17 17 17 17    504
AUG  17 17 17 17 17 17 17 17 17 17 16 16 16 16 16 16 16 16 16 16 16 16 16 16 16 16 16 16 16 16 16    506
SEP  16 16 16 16 16 16 16 16 16 16 16 16 15 15 15 15 15 15 15 15 15 14 14 14 14 14 14 14 13 13       451
OCT  13 13 13 12 12 12 12 12 12 11 11 11 11 11 11 10 10 10 10 10  9  9  9  9  9  9  8  8  8  8  8    321
NOV   7  7  7  7  7  7  6  6  6  6  6  6  5  5  5  5  5  5  5  5  4  4  4  4  4  4  4  4  4  3       157
DEC   3  3  3  3  3  3  3  3  3  3  3  3  3  3  3  2  2  2  2  2  2  2  2  2  2  2  2  2  2  2  2     77
                                                                                                        
-------------------------------------------------------------------------------------------------       
 Total  Precipitation (Hundreths of an Inch)                                                            
 DAY  1  2  3  4  5  6  7  8  9 10 11 12 13 14 15 16 17 18 19 20 21 22 23 24 25 26 27 28 29 30 31  MONTH
-------------------------------------------------------------------------------------------------       
JAN   7  8  8  8  8  8  8  8  8  8  8  8  8  8  8  8  8  8  8  8  8  8  8  8  8  8  8  8  8  8  9    248
FEB   8  8  8  8  8  9  9  9  9  9  9  9  9  9  9  9  9  9  9  9  9  9  9  9  9  9 10 10             249
MAR  10 10 10 10 10 10 10 10 10 10 10 10 10 10 10 10 10 10  9  9  9  9  9  9  9  9  8  8  8  8  8    292
APR   8  7  7  7  7  7  7  7  7  6  6  6  6  6  6  6  6  7  7  7  7  7  7  7  7  8  8  8  8  8       208
MAY   9  9  9  9 10 10 10 10 11 11 11 12 12 12 12 13 13 13 13 14 14 14 15 15 15 16 16 16 16 17 17    394
JUN  17 18 18 18 19 19 19 19 19 19 20 20 20 20 20 20 20 20 20 20 20 20 20 20 20 20 20 20 19 19       583
JUL  19 19 19 19 18 18 18 18 18 18 18 17 17 17 17 17 17 17 17 17 17 17 17 17 17 17 17 16 16 16 16    538
AUG  16 17 17 17 17 17 17 17 17 17 17 17 18 18 18 18 18 19 19 19 19 20 20 20 20 21 21 21 22 22 22    578
SEP  23 23 23 24 24 24 25 25 25 25 25 25 25 25 25 25 25 25 25 25 24 24 24 24 23 23 22 22 22 21       720
OCT  21 20 20 19 19 18 18 18 17 17 16 16 16 15 15 15 15 14 14 14 14 13 13 13 13 13 12 12 12 12 12    476
NOV  12 12 12 12 12 11 11 11 11 11 11 11 11 11 10 10 10 10 10 10 10 10 10  9  9  9  9  9  9  9       312
DEC   9  9  8  8  8  8  8  8  8  8  8  8  7  7  7  7  7  7  7  7  7  7  7  7  7  7  7  7  7  7  7    231
                                                                                                        
