-------------------------------------------------------------------------------------------------       
 1971-2000 Daily/Monthly Station Normals                                                                
 Provided by National Climatic Data Center/NESDIS/NOAA                                                  
-------------------------------------------------------------------------------------------------       
 Station COOP ID:                           081986                                                      
 Station Name, State, Division, Call:       CRESTVIEW BOB SIKES AP             FL 01 CEW                
 Latitude, Longitude, Elevation, Elements:  30 46 47 -086 31 21   190 XNP                               
-------------------------------------------------------------------------------------------------       
 Minimum Temperature (deg F [tenths deg F for monthly])                                                 
 DAY  1  2  3  4  5  6  7  8  9 10 11 12 13 14 15 16 17 18 19 20 21 22 23 24 25 26 27 28 29 30 31  MONTH
-------------------------------------------------------------------------------------------------       
JAN  39 39 39 39 39 39 39 39 39 38 38 38 38 38 38 39 39 39 39 39 39 39 39 39 39 39 39 39 39 39 39    388
FEB  40 40 40 40 40 40 40 40 41 41 41 41 41 41 41 42 42 42 42 42 43 43 43 43 44 44 44 44             416
MAR  45 45 45 45 45 46 46 46 46 47 47 47 47 47 48 48 48 48 48 48 49 49 49 49 49 49 50 50 50 50 50    476
APR  50 50 50 51 51 51 51 51 51 51 52 52 52 52 52 53 53 53 53 53 54 54 54 54 55 55 55 56 56 56       527
MAY  56 57 57 57 58 58 58 59 59 59 59 60 60 60 61 61 61 61 62 62 62 62 63 63 63 63 64 64 64 64 65    607
JUN  65 65 65 66 66 66 66 67 67 67 67 67 67 68 68 68 68 68 69 69 69 69 69 69 69 70 70 70 70 70       678
JUL  70 70 70 71 71 71 71 71 71 71 71 71 71 71 71 71 71 71 71 71 71 71 72 72 72 72 72 72 71 71 71    711
AUG  71 71 71 71 71 71 71 71 71 71 71 71 71 71 71 71 71 71 71 71 71 71 71 71 71 70 70 70 70 70 70    708
SEP  70 70 70 70 70 70 69 69 69 69 69 68 68 68 68 67 67 67 67 66 66 65 65 65 64 64 63 63 62 62       670
OCT  61 61 60 60 60 59 59 58 58 57 57 56 56 56 55 55 54 54 54 53 53 53 52 52 52 51 51 51 51 50 50    551
NOV  50 49 49 49 49 48 48 48 48 47 47 47 47 46 46 46 46 46 45 45 45 45 45 44 44 44 44 43 43 43       462
DEC  43 43 43 42 42 42 42 42 41 41 41 41 41 41 41 40 40 40 40 40 40 40 40 40 39 39 39 39 39 39 39    406
                                                                                                        
-------------------------------------------------------------------------------------------------       
 Maximum Temperature (deg F [tenths deg F for monthly])                                                 
 DAY  1  2  3  4  5  6  7  8  9 10 11 12 13 14 15 16 17 18 19 20 21 22 23 24 25 26 27 28 29 30 31  MONTH
-------------------------------------------------------------------------------------------------       
JAN  62 62 62 62 62 62 62 61 61 61 61 61 61 61 62 62 62 62 62 62 62 62 62 62 62 62 62 63 63 63 63    619
FEB  63 63 64 64 64 64 64 65 65 65 65 65 65 66 66 66 66 67 67 67 67 67 68 68 68 68 69 69             659
MAR  69 69 69 70 70 70 70 71 71 71 71 72 72 72 72 72 73 73 73 73 74 74 74 74 74 75 75 75 75 75 76    724
APR  76 76 76 77 77 77 77 77 78 78 78 78 78 79 79 79 79 80 80 80 80 80 81 81 81 81 81 82 82 82       790
MAY  82 83 83 83 83 83 84 84 84 84 85 85 85 85 85 86 86 86 86 86 87 87 87 87 87 88 88 88 88 88 88    855
JUN  89 89 89 89 89 89 90 90 90 90 90 90 90 91 91 91 91 91 91 91 91 91 91 92 92 92 92 92 92 92       906
JUL  92 92 92 92 92 92 92 92 92 92 92 92 92 92 92 92 92 92 92 92 92 92 92 92 92 93 93 93 93 93 93    922
AUG  93 93 93 93 93 92 92 92 92 92 92 92 92 92 92 92 92 92 92 92 92 92 92 92 92 92 91 91 91 91 91    920
SEP  91 91 91 91 90 90 90 90 90 90 89 89 89 89 89 89 88 88 88 88 87 87 87 87 86 86 86 86 85 85       884
OCT  85 85 84 84 84 83 83 83 82 82 82 82 81 81 81 80 80 80 80 79 79 79 78 78 78 77 77 77 76 76 76    804
NOV  76 75 75 75 74 74 74 74 73 73 73 72 72 72 71 71 71 71 70 70 70 70 69 69 69 68 68 68 68 67       714
DEC  67 67 67 66 66 66 66 66 65 65 65 65 65 64 64 64 64 64 63 63 63 63 63 63 63 63 62 62 62 62 62    642
                                                                                                        
-------------------------------------------------------------------------------------------------       
 Average Temperature (deg F [tenths deg F for monthly])                                                 
 DAY  1  2  3  4  5  6  7  8  9 10 11 12 13 14 15 16 17 18 19 20 21 22 23 24 25 26 27 28 29 30 31  MONTH
-------------------------------------------------------------------------------------------------       
JAN  51 50 50 50 50 50 50 50 50 50 50 50 50 50 50 50 50 50 50 50 51 51 51 51 51 51 51 51 51 51 51    504
FEB  51 52 52 52 52 52 52 52 53 53 53 53 53 54 54 54 54 54 55 55 55 55 55 56 56 56 56 57             538
MAR  57 57 57 57 58 58 58 58 59 59 59 59 59 60 60 60 60 61 61 61 61 61 61 62 62 62 62 62 63 63 63    600
APR  63 63 63 64 64 64 64 64 65 65 65 65 65 65 66 66 66 66 67 67 67 67 67 68 68 68 68 69 69 69       659
MAY  69 70 70 70 71 71 71 71 71 72 72 72 72 73 73 73 73 74 74 74 74 75 75 75 75 75 76 76 76 76 77    731
JUN  77 77 77 77 78 78 78 78 78 78 79 79 79 79 79 79 80 80 80 80 80 80 80 80 81 81 81 81 81 81       792
JUL  81 81 81 81 81 81 81 81 81 82 82 82 82 82 82 82 82 82 82 82 82 82 82 82 82 82 82 82 82 82 82    817
AUG  82 82 82 82 82 82 82 82 82 82 82 82 82 81 81 81 81 81 81 81 81 81 81 81 81 81 81 81 81 81 80    814
SEP  80 80 80 80 80 80 80 80 79 79 79 79 79 78 78 78 78 78 77 77 77 76 76 76 75 75 75 74 74 74       777
OCT  73 73 72 72 72 71 71 71 70 70 69 69 69 68 68 68 67 67 67 66 66 66 65 65 65 64 64 64 64 63 63    678
NOV  63 62 62 62 62 61 61 61 60 60 60 60 59 59 59 59 58 58 58 58 57 57 57 57 56 56 56 56 55 55       588
DEC  55 55 55 54 54 54 54 54 53 53 53 53 53 52 52 52 52 52 52 52 51 51 51 51 51 51 51 51 51 51 50    524
                                                                                                        
-------------------------------------------------------------------------------------------------       
 Heating Degree Days                                                                                    
 DAY  1  2  3  4  5  6  7  8  9 10 11 12 13 14 15 16 17 18 19 20 21 22 23 24 25 26 27 28 29 30 31  MONTH
-------------------------------------------------------------------------------------------------       
JAN  15 15 15 15 15 15 16 16 16 16 16 16 16 16 16 16 16 15 15 15 15 15 15 15 15 15 15 14 14 14 14    472
FEB  14 14 14 13 13 13 13 13 12 12 12 12 12 12 11 11 11 11 11 10 10 10 10 10 10  9  9  9             321
MAR   9  9  8  8  8  8  8  8  7  7  7  7  7  7  6  6  6  6  6  6  5  5  5  5  5  5  4  4  4  4  4    194
APR   4  3  3  3  3  3  3  3  2  2  2  2  2  2  2  2  2  2  1  1  1  1  1  1  1  1  1  1  1  1        57
MAY   1  1  1  1  1  0  0  0  0  0  0  0  0  0  0  0  0  0  0  0  0  0  0  0  0  0  0  0  0  0  0      5
JUN   0  0  0  0  0  0  0  0  0  0  0  0  0  0  0  0  0  0  0  0  0  0  0  0  0  0  0  0  0  0         0
JUL   0  0  0  0  0  0  0  0  0  0  0  0  0  0  0  0  0  0  0  0  0  0  0  0  0  0  0  0  0  0  0      0
AUG   0  0  0  0  0  0  0  0  0  0  0  0  0  0  0  0  0  0  0  0  0  0  0  0  0  0  0  0  0  0  0      0
SEP   0  0  0  0  0  0  0  0  0  0  0  0  0  0  0  0  0  0  0  0  0  0  0  0  0  0  0  0  0  0         0
OCT   0  0  0  1  1  1  1  1  1  1  1  1  1  1  2  2  2  2  2  2  2  2  3  3  3  3  3  4  4  4  4     58
NOV   4  5  5  5  5  5  6  6  6  6  6  7  7  7  7  7  8  8  8  8  9  9  9  9  9 10 10 10 10 10       221
DEC  11 11 11 11 11 11 12 12 12 12 12 13 13 13 13 13 13 13 14 14 14 14 14 14 14 14 15 15 15 15 15    404
                                                                                                        
-------------------------------------------------------------------------------------------------       
 Cooling Degree Days                                                                                    
 DAY  1  2  3  4  5  6  7  8  9 10 11 12 13 14 15 16 17 18 19 20 21 22 23 24 25 26 27 28 29 30 31  MONTH
-------------------------------------------------------------------------------------------------       
JAN -99-99-99  0  0  0  0  0  0  0  0  0  0  0  0  0  0  0  0  0  0  0  0  0  0  0  0  0  0  0  0      3
FEB   0  0  0  0  0  0  0  0  0  0  0  0  0  0  0  0  0  0  0  0  0  0  1  1  1  1  1  1               6
MAR   1  1  1  1  1  1  1  1  1  1  1  1  1  1  1  1  1  1  1  1  1  1  1  2  2  2  2  2  2  2  2     39
APR   2  2  2  2  2  2  2  2  2  2  2  2  2  2  2  2  3  3  3  3  3  3  3  4  4  4  4  4  5  5        83
MAY   5  5  5  6  6  6  6  7  7  7  7  7  8  8  8  8  8  9  9  9  9 10 10 10 10 10 11 11 11 11 12    256
JUN  12 12 12 12 13 13 13 13 13 13 14 14 14 14 14 14 15 15 15 15 15 15 15 15 16 16 16 16 16 16       426
JUL  16 16 16 16 16 16 16 16 16 16 17 17 17 17 17 17 17 17 17 17 17 17 17 17 17 17 17 17 17 17 17    517
AUG  17 17 17 17 17 17 17 17 17 17 17 17 17 17 16 16 16 16 16 16 16 16 16 16 16 16 16 16 16 15 15    508
SEP  15 15 15 15 15 15 15 14 14 14 14 14 14 13 13 13 13 12 12 12 12 11 11 11 11 10 10 10  9  9       381
OCT   9  8  8  8  7  7  7  6  6  6  5  5  5  5  4  4  4  4  4  3  3  3  3  3  3  3  2  2  2  2  2    143
NOV   2  2  2  2  2  1  1  1  1  1  1  1  1  1  1  1  1  1  1  1  1  1  1  1  1  1  1  1  1  1        35
DEC   1  1  1  1  1  1  1  1  1  1  1  1  1  1  0  0  0  0  0  0  0  0  0  0  0  0  0  0  0  0  0     14
                                                                                                        
-------------------------------------------------------------------------------------------------       
 Total  Precipitation (Hundreths of an Inch)                                                            
 DAY  1  2  3  4  5  6  7  8  9 10 11 12 13 14 15 16 17 18 19 20 21 22 23 24 25 26 27 28 29 30 31  MONTH
-------------------------------------------------------------------------------------------------       
JAN  17 17 18 19 19 20 20 20 21 21 21 22 22 22 22 22 22 23 23 23 22 22 22 22 22 22 21 21 21 20 20    649
FEB  19 19 18 18 18 17 17 17 17 17 17 16 16 16 16 16 17 17 17 17 17 18 18 18 19 19 20 20             491
MAR  21 21 21 22 22 23 23 23 24 24 24 24 24 24 24 24 24 24 24 24 24 23 23 23 23 22 22 21 21 20 20    706
APR  19 19 18 18 17 17 16 16 15 15 15 14 14 14 14 13 13 13 13 13 12 12 12 12 12 12 12 12 12 12       426
MAY  12 13 13 13 13 13 13 14 14 14 14 14 15 15 15 15 16 16 16 17 17 17 18 18 19 19 19 20 20 21 21    494
JUN  21 22 22 23 23 23 24 24 24 25 25 25 25 25 25 26 26 26 26 26 26 26 26 26 26 25 25 25 25 25       741
JUL  24 24 24 24 24 23 23 23 23 23 22 22 22 22 22 22 22 21 21 21 21 21 21 21 21 21 21 21 21 21 21    683
AUG  21 21 21 21 21 21 21 21 21 21 21 21 21 21 21 21 20 20 20 20 20 20 20 20 20 20 20 20 20 19 19    634
SEP  19 19 19 19 19 19 18 18 18 18 18 18 17 17 17 17 16 16 16 15 15 15 14 14 14 13 13 13 12 12       488
OCT  11 11 11 10 10 10 10  9  9  9  9  9  9  9  9  9  9  9  9  9  9  9  9 10 10 10 10 11 11 11 12    302
NOV  12 12 13 13 13 14 14 14 14 15 15 15 15 15 15 15 15 15 15 15 15 14 14 14 14 14 13 13 13 12       420
DEC  12 12 11 11 11 11 10 10 10 10 10 10 10 10 10 10 10 11 11 11 11 12 12 13 13 13 14 14 15 16 16    360
                                                                                                        
