-------------------------------------------------------------------------------------------------       
 1971-2000 Daily/Monthly Station Normals                                                                
 Provided by National Climatic Data Center/NESDIS/NOAA                                                  
-------------------------------------------------------------------------------------------------       
 Station COOP ID:                           082229                                                      
 Station Name, State, Division, Call:       DELAND 1 SSE                       FL 03                    
 Latitude, Longitude, Elevation, Elements:  29 01 05 -081 18 38    25 XNP                               
-------------------------------------------------------------------------------------------------       
 Minimum Temperature (deg F [tenths deg F for monthly])                                                 
 DAY  1  2  3  4  5  6  7  8  9 10 11 12 13 14 15 16 17 18 19 20 21 22 23 24 25 26 27 28 29 30 31  MONTH
-------------------------------------------------------------------------------------------------       
JAN  45 45 45 45 45 45 45 45 45 44 44 44 44 44 44 44 44 44 44 44 44 44 44 44 44 45 45 45 45 45 45    445
FEB  45 45 45 45 45 45 45 45 46 46 46 46 46 46 46 46 46 47 47 47 47 47 47 47 47 48 48 48             462
MAR  48 48 48 48 49 49 49 49 49 49 50 50 50 50 50 50 51 51 51 51 51 51 52 52 52 52 52 52 52 53 53    504
APR  53 53 53 53 54 54 54 54 54 55 55 55 55 55 56 56 56 56 56 57 57 57 57 57 58 58 58 58 58 59       557
MAY  59 59 59 60 60 60 60 61 61 61 61 61 62 62 62 63 63 63 63 64 64 64 64 65 65 65 65 66 66 66 67    626
JUN  67 67 67 68 68 68 68 69 69 69 69 70 70 70 70 70 70 70 71 71 71 71 71 71 71 71 71 71 71 71       697
JUL  71 71 71 71 71 71 71 71 71 71 71 71 71 71 71 71 71 71 71 71 71 71 71 71 71 72 72 72 72 72 72    712
AUG  71 71 71 71 71 71 71 71 71 71 71 71 72 72 72 72 72 72 72 72 72 72 72 72 72 72 72 72 72 72 72    716
SEP  72 72 72 72 71 71 71 71 71 71 71 71 71 71 70 70 70 70 70 70 69 69 69 69 68 68 68 68 67 67       700
OCT  67 66 66 66 65 65 65 64 64 64 64 63 63 63 62 62 62 61 61 61 61 60 60 60 59 59 59 59 58 58 58    621
NOV  57 57 57 56 56 56 56 55 55 55 55 54 54 54 54 53 53 53 53 52 52 52 52 51 51 51 51 50 50 50       535
DEC  50 50 49 49 49 49 49 48 48 48 48 48 47 47 47 47 47 47 46 46 46 46 46 46 46 46 45 45 45 45 45    471
                                                                                                        
-------------------------------------------------------------------------------------------------       
 Maximum Temperature (deg F [tenths deg F for monthly])                                                 
 DAY  1  2  3  4  5  6  7  8  9 10 11 12 13 14 15 16 17 18 19 20 21 22 23 24 25 26 27 28 29 30 31  MONTH
-------------------------------------------------------------------------------------------------       
JAN  70 70 70 70 70 69 69 69 69 69 69 69 69 69 69 69 69 70 70 70 70 70 70 70 70 70 70 70 70 70 70    696
FEB  70 70 70 70 70 71 71 71 71 71 71 71 71 72 72 72 72 72 72 73 73 73 73 73 73 74 74 74             718
MAR  74 75 75 75 75 75 76 76 76 76 76 76 77 77 77 77 77 77 78 78 78 78 78 78 78 79 79 79 79 79 79    770
APR  79 79 80 80 80 80 80 80 80 80 81 81 81 81 81 81 81 82 82 82 82 82 82 83 83 83 83 83 83 84       813
MAY  84 84 84 84 84 85 85 85 85 85 85 86 86 86 86 86 86 86 87 87 87 87 87 87 87 88 88 88 88 88 88    861
JUN  88 88 88 89 89 89 89 89 89 89 89 89 89 90 90 90 90 90 90 90 90 90 90 90 90 90 91 91 91 91       896
JUL  91 91 91 91 91 91 91 91 91 91 91 91 91 91 91 91 91 91 91 91 91 92 92 92 92 92 92 91 91 91 91    912
AUG  91 91 92 92 92 92 92 92 92 92 91 91 91 91 91 91 91 91 91 91 90 90 90 90 90 90 90 90 90 90 90    909
SEP  90 90 90 90 90 90 90 90 90 90 89 89 89 89 89 89 89 89 88 88 88 88 88 88 87 87 87 87 87 86       887
OCT  86 86 86 85 85 85 85 85 84 84 84 84 84 83 83 83 83 83 82 82 82 82 82 81 81 81 81 81 80 80 80    830
NOV  80 80 80 79 79 79 79 79 79 78 78 78 78 78 77 77 77 77 77 76 76 76 76 75 75 75 75 75 74 74       772
DEC  74 74 73 73 73 73 72 72 72 72 72 72 71 71 71 71 71 71 71 70 70 70 70 70 70 70 70 70 70 70 70    713
                                                                                                        
-------------------------------------------------------------------------------------------------       
 Average Temperature (deg F [tenths deg F for monthly])                                                 
 DAY  1  2  3  4  5  6  7  8  9 10 11 12 13 14 15 16 17 18 19 20 21 22 23 24 25 26 27 28 29 30 31  MONTH
-------------------------------------------------------------------------------------------------       
JAN  58 57 57 57 57 57 57 57 57 57 57 57 57 57 57 57 57 57 57 57 57 57 57 57 57 57 57 57 57 58 58    571
FEB  57 58 58 58 58 58 58 58 58 58 58 59 59 59 59 59 59 59 59 60 60 60 60 60 60 61 61 61             590
MAR  61 61 62 62 62 62 62 62 63 63 63 63 63 63 64 64 64 64 64 64 65 65 65 65 65 65 65 66 66 66 66    637
APR  66 66 66 67 67 67 67 67 67 68 68 68 68 68 68 68 69 69 69 69 69 70 70 70 70 70 71 71 71 71       685
MAY  71 72 72 72 72 72 73 73 73 73 73 74 74 74 74 74 75 75 75 75 75 76 76 76 76 76 77 77 77 77 77    744
JUN  78 78 78 78 78 79 79 79 79 79 79 79 80 80 80 80 80 80 80 80 80 80 81 81 81 81 81 81 81 81       797
JUL  81 81 81 81 81 81 81 81 81 81 81 81 81 81 81 81 81 81 81 81 81 81 81 81 81 82 82 82 82 82 82    812
AUG  81 81 82 82 82 82 82 82 82 82 81 81 81 81 81 81 81 81 81 81 81 81 81 81 81 81 81 81 81 81 81    813
SEP  81 81 81 81 81 81 81 81 80 80 80 80 80 80 80 80 79 79 79 79 79 79 78 78 78 78 77 77 77 77       794
OCT  76 76 76 76 75 75 75 75 74 74 74 74 73 73 73 73 72 72 72 72 71 71 71 71 70 70 70 70 69 69 69    726
NOV  69 69 68 68 68 68 67 67 67 67 66 66 66 66 66 65 65 65 65 64 64 64 64 63 63 63 63 62 62 62       654
DEC  62 62 61 61 61 61 60 60 60 60 60 60 59 59 59 59 59 59 59 58 58 58 58 58 58 58 58 58 58 57 57    592
                                                                                                        
-------------------------------------------------------------------------------------------------       
 Heating Degree Days                                                                                    
 DAY  1  2  3  4  5  6  7  8  9 10 11 12 13 14 15 16 17 18 19 20 21 22 23 24 25 26 27 28 29 30 31  MONTH
-------------------------------------------------------------------------------------------------       
JAN   9  9  9  9 10 10 10 10 10 10 10 10 10 10 10 10  9  9  9  9  9  9  9  9  9  9  9  9  9  9  9    291
FEB   9  9  9  8  8  8  8  8  8  8  8  8  7  7  7  7  7  7  7  7  7  6  6  6  6  6  6  6             204
MAR   5  5  5  5  5  5  5  5  4  4  4  4  4  4  4  3  3  3  3  3  3  3  3  3  2  2  2  2  2  2  2    109
APR   2  2  2  2  1  1  1  1  1  1  1  1  1  1  1  1  1  1  1  1  0  0  0  0  0  0  0  0  0  0        24
MAY -99-99  0  0  0  0  0  0  0  0  0  0  0  0  0  0  0  0  0  0  0  0  0  0  0  0  0  0  0  0  0      2
JUN   0  0  0  0  0  0  0  0  0  0  0  0  0  0  0  0  0  0  0  0  0  0  0  0  0  0  0  0  0  0         0
JUL   0  0  0  0  0  0  0  0  0  0  0  0  0  0  0  0  0  0  0  0  0  0  0  0  0  0  0  0  0  0  0      0
AUG   0  0  0  0  0  0  0  0  0  0  0  0  0  0  0  0  0  0  0  0  0  0  0  0  0  0  0  0  0  0  0      0
SEP   0  0  0  0  0  0  0  0  0  0  0  0  0  0  0  0  0  0  0  0  0  0  0  0  0  0  0  0  0  0         0
OCT   0  0  0  0  0  0  0  0  0  0  0  0  0  0  0  0  0  1  1  1  1  1  1  1  1  1  1  1  1  1  1     14
NOV   1  1  1  1  2  2  2  2  2  2  2  2  2  3  3  3  3  3  3  3  3  4  4  4  4  4  4  5  5  5        85
DEC   5  5  5  6  6  6  6  6  6  7  7  7  7  7  7  7  7  8  8  8  8  8  8  8  8  9  9  9  9  9  9    225
                                                                                                        
-------------------------------------------------------------------------------------------------       
 Cooling Degree Days                                                                                    
 DAY  1  2  3  4  5  6  7  8  9 10 11 12 13 14 15 16 17 18 19 20 21 22 23 24 25 26 27 28 29 30 31  MONTH
-------------------------------------------------------------------------------------------------       
JAN   1  1  1  1  1  1  1  1  1  1  1  1  1  1  1  1  0  1  1  1  1  1  1  1  1  1  1  1  1  1  1     30
FEB   1  1  1  1  1  1  1  1  1  1  1  1  1  1  1  1  1  1  1  2  2  2  2  2  2  2  2  2              37
MAR   2  2  2  2  2  2  2  2  2  2  2  2  2  2  2  2  2  2  2  2  2  2  2  2  3  3  3  3  3  3  3     69
APR   3  3  3  3  3  3  3  3  3  4  4  4  4  4  4  4  4  4  5  5  5  5  5  5  6  6  6  6  6  6       129
MAY   7  7  7  7  7  7  8  8  8  8  8  9  9  9  9  9 10 10 10 10 10 11 11 11 11 11 12 12 12 12 12    292
JUN  13 13 13 13 13 13 14 14 14 14 14 14 15 15 15 15 15 15 15 15 15 15 15 16 16 16 16 16 16 16       439
JUL  16 16 16 16 16 16 16 16 16 16 16 16 16 16 16 16 16 16 16 16 16 16 16 16 16 17 17 17 17 17 17    502
AUG  17 17 17 17 17 17 17 16 16 16 16 16 16 16 16 16 16 16 16 16 16 16 16 16 16 16 16 16 16 16 16    503
SEP  16 16 16 16 16 16 16 15 15 15 15 15 15 15 15 15 14 14 14 14 14 14 13 13 13 13 12 12 12 12       431
OCT  11 11 11 11 10 10 10 10  9  9  9  9  9  8  8  8  8  7  7  7  7  7  7  6  6  6  6  6  5  5  5    248
NOV   5  5  5  4  4  4  4  4  4  4  3  3  3  3  3  3  3  3  3  3  3  2  2  2  2  2  2  2  2  2        94
DEC   2  2  2  2  2  2  2  2  2  2  2  2  2  2  1  1  1  1  1  1  1  1  1  1  1  1  1  1  1  1  1     45
                                                                                                        
-------------------------------------------------------------------------------------------------       
 Total  Precipitation (Hundreths of an Inch)                                                            
 DAY  1  2  3  4  5  6  7  8  9 10 11 12 13 14 15 16 17 18 19 20 21 22 23 24 25 26 27 28 29 30 31  MONTH
-------------------------------------------------------------------------------------------------       
JAN  10 10 10 10 10 10 11 11 11 11 11 11 11 11 11 11 11 11 11 11 11 11 11 11 11 11 11 11 11 11 11    335
FEB  11 11 11 10 10 10 10 10 10 10 10 10 10 10 10 10 10 11 11 11 11 11 11 11 11 11 12 12             296
MAR  12 12 12 12 12 12 13 13 13 13 13 13 13 13 13 13 13 13 13 13 13 12 12 12 12 12 12 12 11 11 11    384
APR  11 11 10 10 10 10 10 10  9  9  9  9  9  9  9  9  9  9  9  9  9  9  9  9  9  9  9  9  9  9       280
MAY  10 10 10 10 10 10 11 11 11 11 12 12 12 13 13 13 14 14 14 15 15 16 16 16 17 17 18 18 19 19 20    427
JUN  21 21 22 22 23 23 24 24 24 25 25 25 26 26 26 26 26 27 27 27 27 27 27 27 27 27 27 27 27 27       760
JUL  27 27 26 26 26 26 26 26 26 26 26 26 25 25 25 25 25 25 25 25 25 25 25 25 25 25 25 25 25 25 24    788
AUG  25 25 24 24 24 24 24 24 24 25 25 25 25 25 25 25 25 25 25 25 25 25 25 25 25 25 25 25 25 26 26    770
SEP  26 26 26 26 26 26 26 26 26 26 25 25 25 25 25 24 24 24 24 23 23 23 22 22 22 21 21 20 20 19       717
OCT  19 18 18 17 17 16 16 15 15 15 14 14 14 13 13 13 12 12 12 11 11 11 11 11 11 10 10 10 10 10 10    409
NOV  10 10 10 10 10 10  9  9  9  9  9  9  9  9  9  9  9  9  9  9  9  9  9  9  9  9  8  8  8  8       272
DEC   8  8  8  8  8  8  8  8  8  8  8  8  8  8  8  8  8  9  9  9  9  9  9  9  9  9  9  9 10 10 10    265
                                                                                                        
