-------------------------------------------------------------------------------------------------       
 1971-2000 Daily/Monthly Station Normals                                                                
 Provided by National Climatic Data Center/NESDIS/NOAA                                                  
-------------------------------------------------------------------------------------------------       
 Station COOP ID:                           086406                                                      
 Station Name, State, Division, Call:       OASIS RANGER STN                   FL 05                    
 Latitude, Longitude, Elevation, Elements:  25 51 00 -081 02 00     8 XNP                               
-------------------------------------------------------------------------------------------------       
 Minimum Temperature (deg F [tenths deg F for monthly])                                                 
 DAY  1  2  3  4  5  6  7  8  9 10 11 12 13 14 15 16 17 18 19 20 21 22 23 24 25 26 27 28 29 30 31  MONTH
-------------------------------------------------------------------------------------------------       
JAN  57 57 57 57 57 57 57 57 57 57 57 57 57 57 57 57 57 57 56 56 56 56 56 56 56 56 56 56 56 56 56    566
FEB  56 56 56 56 56 56 57 57 57 57 57 57 57 57 57 57 57 57 57 57 57 57 57 57 57 58 58 58             569
MAR  58 58 58 58 58 58 58 58 58 59 59 59 59 59 59 59 59 59 59 59 59 59 60 60 60 60 60 60 60 60 60    590
APR  60 60 60 60 60 60 60 61 61 61 61 61 61 61 61 61 61 61 62 62 62 62 62 62 62 62 63 63 63 63       613
MAY  63 63 63 64 64 64 64 64 64 64 65 65 65 65 65 66 66 66 66 66 67 67 67 67 67 68 68 68 68 69 69    657
JUN  69 69 70 70 70 70 70 71 71 71 71 71 71 72 72 72 72 72 72 72 73 73 73 73 73 73 73 73 73 73       716
JUL  73 73 73 74 74 74 74 74 74 74 74 74 74 74 74 74 74 74 74 74 74 74 74 74 74 75 75 75 75 75 75    741
AUG  74 74 74 75 75 75 75 75 75 75 75 75 75 75 75 75 75 75 75 76 76 76 76 76 76 76 76 76 76 76 76    753
SEP  76 76 76 76 76 76 76 76 76 76 76 76 76 76 76 76 76 76 76 75 75 75 75 75 75 75 74 74 74 74       755
OCT  74 74 73 73 73 73 73 73 72 72 72 72 72 71 71 71 71 71 70 70 70 70 70 69 69 69 69 69 69 68 68    710
NOV  68 68 68 67 67 67 67 66 66 66 66 66 65 65 65 65 65 65 64 64 64 64 63 63 63 63 62 62 62 62       649
DEC  62 61 61 61 61 60 60 60 60 60 59 59 59 59 59 59 59 58 58 58 58 58 58 58 58 58 57 57 57 57 57    589
                                                                                                        
-------------------------------------------------------------------------------------------------       
 Maximum Temperature (deg F [tenths deg F for monthly])                                                 
 DAY  1  2  3  4  5  6  7  8  9 10 11 12 13 14 15 16 17 18 19 20 21 22 23 24 25 26 27 28 29 30 31  MONTH
-------------------------------------------------------------------------------------------------       
JAN  78 78 77 77 77 77 77 77 77 77 77 77 77 77 77 77 77 77 77 77 77 77 77 77 77 77 77 78 78 78 78    772
FEB  77 78 78 78 78 78 78 78 78 78 78 78 78 78 78 79 79 79 79 79 79 79 79 79 79 79 80 80             785
MAR  80 80 80 80 80 80 81 81 81 81 81 81 81 81 82 82 82 82 82 82 82 82 82 83 83 83 83 83 83 83 83    816
APR  84 84 84 84 84 84 84 84 85 85 85 85 85 85 85 85 86 86 86 86 86 86 87 87 87 87 87 87 87 88       855
MAY  88 88 88 88 88 88 89 89 89 89 89 89 89 89 90 90 90 90 90 90 90 90 90 90 90 90 91 91 91 91 91    895
JUN  91 91 91 91 91 91 91 91 91 91 91 91 91 91 91 92 92 92 92 92 92 92 92 92 92 92 92 92 92 92       915
JUL  92 92 92 92 92 92 92 92 92 92 92 92 92 92 92 93 93 93 93 93 93 93 93 93 93 93 93 93 93 93 93    925
AUG  93 93 93 93 93 93 93 93 93 93 93 93 92 92 92 92 92 92 92 92 92 92 92 92 92 92 92 92 92 92 92    924
SEP  92 92 92 92 92 92 92 92 92 92 91 91 91 91 91 91 91 91 91 91 91 90 90 90 90 90 90 90 90 89       910
OCT  89 89 89 89 89 89 88 88 88 88 88 88 88 87 87 87 87 87 87 87 87 86 86 86 86 86 86 86 85 85 85    872
NOV  85 85 85 84 84 84 84 84 84 84 83 83 83 83 83 83 83 82 82 82 82 82 82 82 81 81 81 81 81 81       828
DEC  80 80 80 80 80 80 80 79 79 79 79 79 79 79 79 79 78 78 78 78 78 78 78 78 78 78 78 78 78 78 77    787
                                                                                                        
-------------------------------------------------------------------------------------------------       
 Average Temperature (deg F [tenths deg F for monthly])                                                 
 DAY  1  2  3  4  5  6  7  8  9 10 11 12 13 14 15 16 17 18 19 20 21 22 23 24 25 26 27 28 29 30 31  MONTH
-------------------------------------------------------------------------------------------------       
JAN  67 67 67 67 67 67 67 67 67 67 67 67 67 67 67 67 67 67 66 66 66 67 67 67 67 67 67 67 67 67 67    669
FEB  67 67 67 67 67 67 67 67 67 67 67 68 68 68 68 68 68 68 68 68 68 68 68 68 68 69 69 69             677
MAR  69 69 69 69 69 69 69 70 70 70 70 70 70 70 70 70 70 70 71 71 71 71 71 71 71 71 71 71 72 72 72    703
APR  72 72 72 72 72 72 72 72 73 73 73 73 73 73 73 73 74 74 74 74 74 74 74 74 75 75 75 75 75 75       734
MAY  75 76 76 76 76 76 76 76 77 77 77 77 77 77 77 78 78 78 78 78 78 78 79 79 79 79 79 79 80 80 80    776
JUN  80 80 80 80 81 81 81 81 81 81 81 81 81 82 82 82 82 82 82 82 82 82 82 82 82 83 83 83 83 83       816
JUL  83 83 83 83 83 83 83 83 83 83 83 83 83 83 83 83 83 83 83 83 83 83 84 84 84 84 84 84 84 84 84    833
AUG  84 83 83 84 84 84 84 84 84 84 84 84 84 84 84 84 84 84 84 84 84 84 84 84 84 84 84 84 84 84 84    839
SEP  84 84 84 84 84 84 84 84 84 84 84 84 84 84 84 83 83 83 83 83 83 83 83 83 82 82 82 82 82 82       833
OCT  82 81 81 81 81 81 81 80 80 80 80 80 80 79 79 79 79 79 79 78 78 78 78 78 78 77 77 77 77 77 77    791
NOV  76 76 76 76 76 76 75 75 75 75 75 75 74 74 74 74 74 74 73 73 73 73 73 72 72 72 72 72 71 71       739
DEC  71 71 71 70 70 70 70 70 70 69 69 69 69 69 69 69 69 68 68 68 68 68 68 68 68 68 68 67 67 67 67    688
                                                                                                        
-------------------------------------------------------------------------------------------------       
 Heating Degree Days                                                                                    
 DAY  1  2  3  4  5  6  7  8  9 10 11 12 13 14 15 16 17 18 19 20 21 22 23 24 25 26 27 28 29 30 31  MONTH
-------------------------------------------------------------------------------------------------       
JAN   2  2  2  2  2  2  2  2  2  2  2  2  3  3  3  3  3  3  3  3  3  3  3  3  2  2  2  2  2  2  2     74
FEB   2  2  2  2  2  2  2  2  2  2  2  2  2  2  2  2  2  2  2  1  1  1  1  1  1  1  1  1              47
MAR   1  1  1  1  1  1  1  1  1  1  1  1  1  1  1  0  0  0  0  0  0  0  0  0  0  0  0  0  0  0  0     15
APR -99  0  0  0  0  0  0  0  0  0  0  0  0  0  0  0  0  0  0  0  0  0  0  0  0  0  0  0  0  0         1
MAY   0  0  0  0  0  0  0  0  0  0  0  0  0  0  0  0  0  0  0  0  0  0  0  0  0  0  0  0  0  0  0      0
JUN   0  0  0  0  0  0  0  0  0  0  0  0  0  0  0  0  0  0  0  0  0  0  0  0  0  0  0  0  0  0         0
JUL   0  0  0  0  0  0  0  0  0  0  0  0  0  0  0  0  0  0  0  0  0  0  0  0  0  0  0  0  0  0  0      0
AUG   0  0  0  0  0  0  0  0  0  0  0  0  0  0  0  0  0  0  0  0  0  0  0  0  0  0  0  0  0  0  0      0
SEP   0  0  0  0  0  0  0  0  0  0  0  0  0  0  0  0  0  0  0  0  0  0  0  0  0  0  0  0  0  0         0
OCT   0  0  0  0  0  0  0  0  0  0  0  0  0  0  0  0  0  0  0  0  0  0  0  0  0  0  0  0  0  0  0      0
NOV   0  0  0  0  0  0  0  0  0  0  0  0  0  0  0  0  0  0  0  0  0  0  0  0  0  0  1  1  1  1         4
DEC   1  1  1  1  1  1  1  1  1  1  1  1  1  1  1  1  1  1  1  1  1  2  2  2  2  2  2  2  2  2  2     41
                                                                                                        
-------------------------------------------------------------------------------------------------       
 Cooling Degree Days                                                                                    
 DAY  1  2  3  4  5  6  7  8  9 10 11 12 13 14 15 16 17 18 19 20 21 22 23 24 25 26 27 28 29 30 31  MONTH
-------------------------------------------------------------------------------------------------       
JAN   4  4  4  4  4  4  4  4  4  4  4  4  4  4  4  4  4  4  4  4  4  4  4  4  4  4  4  4  4  4  4    124
FEB   4  4  4  4  4  4  4  4  4  4  4  4  4  4  4  4  4  4  5  5  5  5  5  5  5  5  5  5             122
MAR   5  5  5  5  5  5  5  5  5  5  5  6  6  6  6  6  6  6  6  6  6  6  6  6  6  6  7  7  7  7  7    180
APR   7  7  7  7  7  7  7  8  8  8  8  8  8  8  8  8  8  9  9  9  9  9  9  9 10 10 10 10 10 10       252
MAY  10 10 11 11 11 11 11 11 12 12 12 12 12 12 12 13 13 13 13 13 13 13 14 14 14 14 14 14 14 15 15    389
JUN  15 15 15 15 15 16 16 16 16 16 16 16 16 17 17 17 17 17 17 17 17 17 17 17 17 17 18 18 18 18       496
JUL  18 18 18 18 18 18 18 18 18 18 18 18 18 18 18 18 18 18 18 18 18 18 19 19 19 19 19 19 19 19 19    567
AUG  18 18 18 18 18 19 19 19 19 19 19 19 19 19 19 19 19 19 19 19 19 19 19 19 19 19 19 19 19 19 19    584
SEP  19 19 19 19 19 19 19 19 19 19 19 19 19 19 18 18 18 18 18 18 18 18 18 18 17 17 17 17 17 17       548
OCT  17 16 16 16 16 16 16 15 15 15 15 15 15 14 14 14 14 14 14 13 13 13 13 13 13 12 12 12 12 12 11    436
NOV  11 11 11 11 11 10 10 10 10 10 10  9  9  9  9  9  9  9  8  8  8  8  8  8  8  7  7  7  7  7       269
DEC   7  7  6  6  6  6  6  6  6  6  5  5  5  5  5  5  5  5  5  5  5  5  5  4  4  4  4  4  4  4  4    159
                                                                                                        
-------------------------------------------------------------------------------------------------       
 Total  Precipitation (Hundreths of an Inch)                                                            
 DAY  1  2  3  4  5  6  7  8  9 10 11 12 13 14 15 16 17 18 19 20 21 22 23 24 25 26 27 28 29 30 31  MONTH
-------------------------------------------------------------------------------------------------       
JAN   6  6  7  7  7  7  7  7  7  7  7  7  7  7  7  7  7  7  7  7  7  7  7  7  7  7  7  7  7  7  6    214
FEB   6  6  6  6  6  6  6  6  6  5  5  5  6  6  6  6  6  6  6  6  6  6  6  7  7  7  7  7             170
MAR   8  8  8  8  8  9  9  9  9  9  9  9  9  9 10 10 10 10 10 10 10 10 10 10 10 10  9  9  9  9  9    286
APR   9  9  9  9  9  9  9  9  9  9  9  9  9  9  9  9  9  9 10 10 10 10 10 11 11 11 12 12 12 13       294
MAY  13 14 14 14 15 15 16 16 17 17 18 18 19 19 20 20 21 21 22 22 23 24 24 25 26 26 27 27 28 29 30    640
JUN  30 31 31 32 33 33 33 34 34 34 35 35 35 35 35 35 35 35 35 34 34 34 33 33 33 32 32 31 30 30       996
JUL  29 28 28 27 26 26 25 25 24 24 24 23 23 23 23 22 22 22 22 22 22 22 22 23 23 23 23 24 24 24 25    743
AUG  25 26 26 27 27 27 28 28 29 29 29 29 30 30 30 30 31 31 31 31 31 31 31 31 31 31 31 31 31 31 31    915
SEP  31 31 31 31 31 30 30 30 30 29 29 29 29 28 28 28 27 27 26 26 25 25 24 24 23 23 22 22 21 20       810
OCT  20 19 18 18 17 17 16 16 15 15 14 14 13 13 13 12 12 12 11 11 11 10 10 10 10 10  9  9  9  9  9    402
NOV   9  9  9  9  9  9  9  9  9  9  8  8  8  8  8  8  8  8  8  8  7  7  7  7  7  7  7  7  7  6       239
DEC   6  6  6  6  6  6  6  6  6  5  5  5  5  5  5  5  5  5  5  5  5  5  6  6  6  6  6  6  6  6  6    173
                                                                                                        
