-------------------------------------------------------------------------------------------------       
 1971-2000 Daily/Monthly Station Normals                                                                
 Provided by National Climatic Data Center/NESDIS/NOAA                                                  
-------------------------------------------------------------------------------------------------       
 Station COOP ID:                           086485                                                      
 Station Name, State, Division, Call:       OKEECHOBEE                         FL 04                    
 Latitude, Longitude, Elevation, Elements:  27 11 48 -080 49 54    21 XNP                               
-------------------------------------------------------------------------------------------------       
 Minimum Temperature (deg F [tenths deg F for monthly])                                                 
 DAY  1  2  3  4  5  6  7  8  9 10 11 12 13 14 15 16 17 18 19 20 21 22 23 24 25 26 27 28 29 30 31  MONTH
-------------------------------------------------------------------------------------------------       
JAN  52 52 52 52 52 52 52 52 52 52 51 51 51 51 51 51 51 51 51 51 51 51 51 51 51 51 52 52 52 52 52    515
FEB  52 52 52 52 52 52 52 52 52 52 52 53 53 53 53 53 53 53 54 54 54 54 54 54 55 55 55 55             531
MAR  55 56 56 56 56 56 56 57 57 57 57 57 57 58 58 58 58 58 58 58 59 59 59 59 59 59 59 59 59 59 60    577
APR  60 60 60 60 60 60 60 60 60 61 61 61 61 61 61 61 61 62 62 62 62 62 62 63 63 63 63 63 63 64       614
MAY  64 64 64 64 64 65 65 65 65 65 66 66 66 66 66 67 67 67 67 67 68 68 68 68 68 69 69 69 69 69 70    666
JUN  70 70 70 70 71 71 71 71 71 71 71 72 72 72 72 72 72 72 72 72 72 73 73 73 73 73 73 73 73 73       718
JUL  73 73 73 73 73 73 73 73 73 73 73 73 73 73 73 73 73 73 73 73 73 73 73 73 73 73 73 73 73 73 73    730
AUG  73 73 73 73 73 73 73 73 73 73 73 73 73 73 73 73 73 73 73 73 73 73 74 74 74 74 74 74 74 74 74    733
SEP  74 74 73 73 73 73 73 73 73 73 73 73 73 73 73 73 73 72 72 72 72 72 72 72 71 71 71 71 71 70       724
OCT  70 70 70 69 69 69 69 69 68 68 68 68 68 67 67 67 67 66 66 66 66 66 65 65 65 65 65 64 64 64 64    669
NOV  63 63 63 63 63 62 62 62 62 61 61 61 61 61 60 60 60 60 59 59 59 59 59 58 58 58 58 57 57 57       602
DEC  57 56 56 56 56 55 55 55 55 55 55 54 54 54 54 54 54 53 53 53 53 53 53 53 53 52 52 52 52 52 52    539
                                                                                                        
-------------------------------------------------------------------------------------------------       
 Maximum Temperature (deg F [tenths deg F for monthly])                                                 
 DAY  1  2  3  4  5  6  7  8  9 10 11 12 13 14 15 16 17 18 19 20 21 22 23 24 25 26 27 28 29 30 31  MONTH
-------------------------------------------------------------------------------------------------       
JAN  74 74 74 74 74 74 74 74 74 75 75 75 75 75 75 75 75 75 75 75 75 75 75 75 75 75 75 75 75 75 75    747
FEB  75 75 75 75 75 75 75 75 75 75 75 75 75 75 75 75 76 76 76 76 76 76 76 76 76 76 77 77             755
MAR  77 77 77 77 77 78 78 78 78 78 78 78 79 79 79 79 79 79 79 79 79 80 80 80 80 80 80 80 80 80 81    788
APR  81 81 81 81 81 81 81 81 81 82 82 82 82 82 82 82 83 83 83 83 83 83 84 84 84 84 84 84 85 85       825
MAY  85 85 85 86 86 86 86 86 86 86 87 87 87 87 87 87 87 88 88 88 88 88 88 88 88 88 88 88 88 89 89    871
JUN  89 89 89 89 89 89 89 89 89 89 89 89 89 89 89 89 89 89 90 90 90 90 90 90 90 90 90 90 90 90       894
JUL  90 90 90 90 90 90 90 90 90 91 91 91 91 91 91 91 91 91 91 91 91 91 91 91 91 91 91 91 91 91 91    907
AUG  91 91 91 91 91 91 91 91 91 91 91 91 91 91 91 91 91 91 91 91 91 91 90 90 90 90 90 90 90 90 90    907
SEP  91 91 90 90 90 90 90 90 90 90 90 90 90 90 90 90 90 89 89 89 89 89 89 89 89 89 88 88 88 88       895
OCT  88 87 87 87 87 87 87 87 86 86 86 86 86 86 85 85 85 85 85 85 85 84 84 84 84 84 84 83 83 83 83    853
NOV  83 83 83 82 82 82 82 82 82 82 81 81 81 81 81 81 80 80 80 80 80 79 79 79 79 78 78 78 78 78       805
DEC  77 77 77 77 77 76 76 76 76 76 76 76 75 75 75 75 75 75 75 75 75 75 75 74 74 74 74 74 74 74 74    753
                                                                                                        
-------------------------------------------------------------------------------------------------       
 Average Temperature (deg F [tenths deg F for monthly])                                                 
 DAY  1  2  3  4  5  6  7  8  9 10 11 12 13 14 15 16 17 18 19 20 21 22 23 24 25 26 27 28 29 30 31  MONTH
-------------------------------------------------------------------------------------------------       
JAN  63 63 63 63 63 63 63 63 63 63 63 63 63 63 63 63 63 63 63 63 63 63 63 63 63 63 63 63 64 64 64    631
FEB  63 63 63 63 63 63 64 64 64 64 64 64 64 64 64 64 64 65 65 65 65 65 65 65 65 66 66 66             643
MAR  66 66 66 67 67 67 67 67 67 68 68 68 68 68 68 68 69 69 69 69 69 69 69 69 69 70 70 70 70 70 70    683
APR  70 70 70 70 71 71 71 71 71 71 71 71 72 72 72 72 72 72 72 73 73 73 73 73 73 74 74 74 74 74       720
MAY  74 75 75 75 75 75 75 76 76 76 76 76 77 77 77 77 77 77 77 78 78 78 78 78 78 78 79 79 79 79 79    769
JUN  79 79 79 80 80 80 80 80 80 80 80 80 81 81 81 81 81 81 81 81 81 81 81 81 81 81 81 82 82 82       806
JUL  81 81 81 82 82 82 82 82 82 82 82 82 82 82 82 82 82 82 82 82 82 82 82 82 82 82 82 82 82 82 82    819
AUG  82 82 82 82 82 82 82 82 82 82 82 82 82 82 82 82 82 82 82 82 82 82 82 82 82 82 82 82 82 82 82    820
SEP  82 82 82 82 82 82 82 82 82 82 82 82 81 81 81 81 81 81 81 81 81 80 80 80 80 80 80 79 79 79       810
OCT  79 79 79 78 78 78 78 78 77 77 77 77 77 76 76 76 76 76 75 75 75 75 75 75 74 74 74 74 74 74 73    761
NOV  73 73 73 73 72 72 72 72 72 72 71 71 71 71 71 70 70 70 70 70 69 69 69 69 68 68 68 68 68 67       704
DEC  67 67 67 66 66 66 66 66 65 65 65 65 65 65 65 64 64 64 64 64 64 64 64 64 63 63 63 63 63 63 63    646
                                                                                                        
-------------------------------------------------------------------------------------------------       
 Heating Degree Days                                                                                    
 DAY  1  2  3  4  5  6  7  8  9 10 11 12 13 14 15 16 17 18 19 20 21 22 23 24 25 26 27 28 29 30 31  MONTH
-------------------------------------------------------------------------------------------------       
JAN   5  5  5  5  5  5  5  5  5  5  5  5  5  6  6  6  6  6  6  5  5  5  5  5  5  5  5  5  5  5  5    161
FEB   5  5  5  5  5  5  5  5  4  4  4  4  4  4  4  4  4  4  4  4  4  3  3  3  3  3  3  3             113
MAR   3  3  3  3  2  2  2  2  2  2  2  2  2  2  2  2  2  1  1  1  1  1  1  1  1  1  1  1  1  1  1     52
APR   1  1  1  1  1  1  1  1  1  1  1  1  1  1  0  0  0  0  0  0  0  0  0  0  0  0  0  0  0  0        14
MAY   0  0  0  0  0  0  0  0  0  0  0  0  0  0  0  0  0  0  0  0  0  0  0  0  0  0  0  0  0  0  0      0
JUN   0  0  0  0  0  0  0  0  0  0  0  0  0  0  0  0  0  0  0  0  0  0  0  0  0  0  0  0  0  0         0
JUL   0  0  0  0  0  0  0  0  0  0  0  0  0  0  0  0  0  0  0  0  0  0  0  0  0  0  0  0  0  0  0      0
AUG   0  0  0  0  0  0  0  0  0  0  0  0  0  0  0  0  0  0  0  0  0  0  0  0  0  0  0  0  0  0  0      0
SEP   0  0  0  0  0  0  0  0  0  0  0  0  0  0  0  0  0  0  0  0  0  0  0  0  0  0  0  0  0  0         0
OCT   0  0  0  0  0  0  0  0  0  0  0  0  0  0  0  0  0  0  0  0  0  0  0  0  0  0  0  0  0  0  0      0
NOV   0  0  0  0  0  0  0  0  0  0  0  0  0  0  1  1  1  1  1  1  1  1  1  1  1  2  2  2  2  2        21
DEC   2  2  2  2  3  3  3  3  3  3  3  3  3  4  4  4  4  4  4  4  4  4  4  4  4  5  5  5  5  5  5    113
                                                                                                        
-------------------------------------------------------------------------------------------------       
 Cooling Degree Days                                                                                    
 DAY  1  2  3  4  5  6  7  8  9 10 11 12 13 14 15 16 17 18 19 20 21 22 23 24 25 26 27 28 29 30 31  MONTH
-------------------------------------------------------------------------------------------------       
JAN   2  2  2  2  2  2  2  3  3  3  3  3  3  3  3  3  3  3  3  3  3  3  3  3  3  3  3  3  3  3  3     86
FEB   3  3  3  3  3  3  3  3  3  3  3  3  3  3  3  3  3  3  4  4  4  4  4  4  4  4  4  4              94
MAR   4  4  4  4  4  4  4  4  4  5  5  5  5  5  5  5  5  5  5  5  5  5  5  5  5  6  6  6  6  6  6    152
APR   6  6  6  6  6  6  6  7  7  7  7  7  7  7  7  7  8  8  8  8  8  8  8  8  9  9  9  9  9  9       223
MAY  10 10 10 10 10 10 11 11 11 11 11 11 11 12 12 12 12 12 12 12 13 13 13 13 13 13 13 14 14 14 14    368
JUN  14 14 14 15 15 15 15 15 15 15 15 15 16 16 16 16 16 16 16 16 16 16 16 16 16 16 16 17 17 17       468
JUL  16 16 16 16 16 17 17 17 17 17 17 17 17 17 17 17 17 17 17 17 17 17 17 17 17 17 17 17 17 17 17    522
AUG  17 17 17 17 17 17 17 17 17 17 17 17 18 17 17 17 17 17 17 17 17 17 17 17 17 17 17 17 17 17 17    528
SEP  17 17 17 17 17 17 17 17 17 17 17 16 16 16 16 16 16 16 16 16 16 15 15 15 15 15 15 14 14 14       479
OCT  14 14 13 13 13 13 13 13 12 12 12 12 12 11 11 11 11 11 11 10 10 10 10 10  9  9  9  9  9  9  8    344
NOV   8  8  8  8  8  7  7  7  7  7  7  6  6  6  6  6  6  6  6  5  5  5  5  5  5  5  5  4  4  4       182
DEC   4  4  4  4  4  4  4  3  3  3  3  3  3  3  3  3  3  3  3  3  3  3  3  3  3  3  3  3  3  3  3    100
                                                                                                        
-------------------------------------------------------------------------------------------------       
 Total  Precipitation (Hundreths of an Inch)                                                            
 DAY  1  2  3  4  5  6  7  8  9 10 11 12 13 14 15 16 17 18 19 20 21 22 23 24 25 26 27 28 29 30 31  MONTH
-------------------------------------------------------------------------------------------------       
JAN   6  6  6  6  6  6  7  7  7  7  7  7  7  7  7  7  7  7  7  7  7  7  7  7  7  7  7  7  7  7  7    211
FEB   7  7  7  7  7  7  7  7  7  7  7  7  7  7  7  7  7  8  8  8  8  8  8  8  8  8  9  9             209
MAR   9  9  9  9  9  9  9  9 10 10 10 10 10 10 10 10 10 10 10 10 10 10  9  9  9  9  9  9  9  9  9    293
APR   8  8  8  8  8  8  8  8  8  8  8  7  7  7  7  7  7  7  8  8  8  8  8  8  8  8  8  8  9  9       235
MAY   9  9  9  9 10 10 10 10 11 11 11 11 12 12 12 12 13 13 13 14 14 14 15 15 15 16 16 16 17 17 17    393
JUN  18 18 19 19 19 19 20 20 20 20 21 21 21 21 21 21 21 21 22 22 22 22 21 21 21 21 21 21 21 21       616
JUL  20 20 20 20 20 19 19 19 19 19 19 19 19 19 19 19 19 19 19 19 19 19 19 19 19 19 19 19 19 19 19    594
AUG  19 20 20 20 20 20 20 20 20 20 20 21 21 21 21 21 21 21 21 21 21 21 21 21 21 21 21 22 22 22 22    643
SEP  22 22 22 22 22 21 21 21 21 21 21 21 21 21 20 20 20 20 20 19 19 19 19 18 18 18 17 17 17 16       596
OCT  16 15 15 15 14 14 14 13 13 13 13 12 12 12 12 11 11 11 11 10 10 10 10 10 10 10  9  9  9  9  9    362
NOV   9  9  9  9  9  9  9  8  8  8  8  8  8  8  8  8  8  8  8  8  7  7  7  7  7  7  7  7  7  6       236
DEC   6  6  6  6  6  6  6  6  6  6  6  6  6  6  5  5  5  5  5  5  5  5  6  6  6  6  6  6  6  6  6    178
                                                                                                        
