-------------------------------------------------------------------------------------------------       
 1971-2000 Daily/Monthly Station Normals                                                                
 Provided by National Climatic Data Center/NESDIS/NOAA                                                  
-------------------------------------------------------------------------------------------------       
 Station COOP ID:                           399064                                                      
 Station Name, State, Division, Call:       WESSINGTON 2 SE                    SD 07                    
 Latitude, Longitude, Elevation, Elements:  44 25 32 -098 40 55  1430   P                               
-------------------------------------------------------------------------------------------------       
 Total  Precipitation (Hundreths of an Inch)                                                            
 DAY  1  2  3  4  5  6  7  8  9 10 11 12 13 14 15 16 17 18 19 20 21 22 23 24 25 26 27 28 29 30 31  MONTH
-------------------------------------------------------------------------------------------------       
JAN   1  1  1  1  1  1  1  1  1  1  1  1  1  2  2  2  2  2  2  2  2  2  2  2  1  1  1  1  1  1  1     42
FEB   1  1  1  1  1  1  1  1  1  1  2  2  2  2  2  2  2  2  2  2  2  2  2  3  3  3  3  3              51
MAR   3  3  3  3  4  4  4  4  4  4  4  5  5  5  5  5  5  5  5  5  6  6  6  6  6  6  6  6  6  7  7    153
APR   7  7  7  7  7  7  7  7  8  8  8  8  8  8  8  8  8  8  8  8  9  9  9  9  9  9  9  9  9  9       242
MAY  10 10 10 10 10 10 10 10 10 10 10 10 10 10 10 10 10 10 10 10 10 10 10 10 10 10 10 10 10 10 10    310
JUN  10 10 10 10 10 10 10 10 10 10 10 10 10 10  9  9  9  9  9  9  9  9  9  9  9  9  9  9  9  9       284
JUL   9  9  9  9  9  8  8  8  8  8  8  8  8  8  8  8  8  8  8  8  8  8  8  8  8  7  7  7  7  7  7    247
AUG   7  7  7  7  7  7  7  7  7  7  7  7  7  7  7  7  7  7  7  7  7  6  6  6  6  6  6  6  6  6  6    207
SEP   7  7  7  7  7  7  7  6  6  6  6  6  6  6  6  6  6  6  6  6  6  6  6  6  6  6  6  6  6  6       187
OCT   6  6  6  6  6  6  6  6  6  6  6  6  6  6  6  6  6  6  6  5  5  5  5  5  5  5  5  5  5  4  4    172
NOV   4  4  4  4  4  3  3  3  3  3  3  3  3  3  3  2  2  2  2  2  2  2  2  2  2  2  2  2  2  2        80
DEC   2  2  2  2  2  2  2  1  1  1  1  1  1  1  1  1  1  1  1  1  1  1  1  1  1  1  1  1  1  1  1     38
                                                                                                        
