-------------------------------------------------------------------------------------------------       
 1971-2000 Daily/Monthly Station Normals                                                                
 Provided by National Climatic Data Center/NESDIS/NOAA                                                  
-------------------------------------------------------------------------------------------------       
 Station COOP ID:                           390236                                                      
 Station Name, State, Division, Call:       ARDMORE 2 N                        SD 05                    
 Latitude, Longitude, Elevation, Elements:  43 03 14 -103 39 09  3550 XNP                               
-------------------------------------------------------------------------------------------------       
 Minimum Temperature (deg F [tenths deg F for monthly])                                                 
 DAY  1  2  3  4  5  6  7  8  9 10 11 12 13 14 15 16 17 18 19 20 21 22 23 24 25 26 27 28 29 30 31  MONTH
-------------------------------------------------------------------------------------------------       
JAN   6  6  6  6  6  6  6  6  6  6  6  6  6  6  6  7  7  7  7  7  7  8  8  8  8  8  8  8  9  9  9     69
FEB   9 10 10 10 10 10 11 11 11 11 12 12 12 12 13 13 13 13 14 14 14 15 15 15 15 16 16 16             126
MAR  17 17 17 18 18 18 18 19 19 19 20 20 20 21 21 21 21 22 22 22 23 23 23 23 24 24 24 25 25 25 25    211
APR  26 26 26 26 27 27 27 28 28 28 29 29 29 30 30 30 31 31 31 32 32 32 33 33 33 34 34 34 35 35       302
MAY  36 36 36 37 37 37 38 38 38 39 39 40 40 40 41 41 41 42 42 42 43 43 43 43 44 44 44 45 45 45 46    408
JUN  46 46 47 47 47 47 48 48 48 48 49 49 49 50 50 50 50 51 51 51 51 52 52 52 52 53 53 53 53 54       499
JUL  54 54 54 54 55 55 55 55 55 56 56 56 56 56 56 56 56 56 57 57 57 57 57 57 57 57 57 57 57 57 57    560
AUG  57 57 57 56 56 56 56 56 56 56 55 55 55 55 55 54 54 54 54 53 53 53 52 52 52 51 51 51 50 50 49    539
SEP  49 48 48 48 47 47 46 46 45 45 44 44 44 43 43 42 42 42 41 41 40 40 40 39 39 38 38 38 37 37       427
OCT  37 36 36 35 35 35 34 34 33 33 33 32 32 31 31 31 30 30 29 29 29 28 28 27 27 27 26 26 25 25 25    306
NOV  24 24 23 23 22 22 22 21 21 20 20 20 19 19 18 18 17 17 17 16 16 15 15 15 14 14 13 13 13 12       181
DEC  12 11 11 11 10 10 10  9  9  9  9  8  8  8  8  7  7  7  7  7  7  6  6  6  6  6  6  6  6  6  6     79
                                                                                                        
-------------------------------------------------------------------------------------------------       
 Maximum Temperature (deg F [tenths deg F for monthly])                                                 
 DAY  1  2  3  4  5  6  7  8  9 10 11 12 13 14 15 16 17 18 19 20 21 22 23 24 25 26 27 28 29 30 31  MONTH
-------------------------------------------------------------------------------------------------       
JAN  35 35 35 35 35 35 34 34 34 35 35 35 35 35 35 35 35 35 35 35 35 35 36 36 36 36 36 36 37 37 37    353
FEB  37 38 38 38 38 39 39 39 39 40 40 40 41 41 41 41 42 42 42 43 43 43 44 44 44 45 45 45             411
MAR  46 46 46 47 47 47 48 48 48 49 49 49 50 50 50 51 51 51 52 52 52 53 53 53 54 54 54 55 55 56 56    507
APR  56 57 57 57 58 58 58 59 59 59 60 60 60 61 61 61 62 62 62 62 63 63 63 64 64 64 65 65 65 65       610
MAY  66 66 66 67 67 67 68 68 68 69 69 69 70 70 70 71 71 71 72 72 72 73 73 74 74 74 75 75 76 76 76    708
JUN  77 77 78 78 78 79 79 80 80 80 81 81 81 82 82 82 83 83 83 84 84 84 85 85 85 85 86 86 86 86       820
JUL  87 87 87 87 88 88 88 88 88 89 89 89 89 89 89 90 90 90 90 90 90 90 90 90 90 90 90 90 91 91 91    892
AUG  91 91 91 90 90 90 90 90 90 90 90 90 90 89 89 89 89 89 88 88 88 88 87 87 87 86 86 86 85 85 85    885
SEP  84 84 83 83 82 82 82 81 81 81 80 80 79 79 79 78 78 77 77 77 76 76 75 75 75 74 74 74 73 73       784
OCT  72 72 72 71 71 70 70 69 69 69 68 68 67 67 66 66 65 64 64 63 63 62 61 61 60 60 59 58 58 57 56    651
NOV  56 55 54 54 53 52 52 51 50 50 49 49 48 48 47 47 46 46 45 45 44 44 43 43 43 42 42 42 41 41       474
DEC  41 40 40 40 40 39 39 39 39 38 38 38 38 37 37 37 37 37 36 36 36 36 36 36 36 35 35 35 35 35 35    373
                                                                                                        
-------------------------------------------------------------------------------------------------       
 Average Temperature (deg F [tenths deg F for monthly])                                                 
 DAY  1  2  3  4  5  6  7  8  9 10 11 12 13 14 15 16 17 18 19 20 21 22 23 24 25 26 27 28 29 30 31  MONTH
-------------------------------------------------------------------------------------------------       
JAN  20 20 20 20 20 20 20 20 20 20 20 21 21 21 21 21 21 21 21 21 21 22 22 22 22 22 22 22 23 23 23    211
FEB  23 24 24 24 24 25 25 25 25 26 26 26 26 27 27 27 27 28 28 28 29 29 29 30 30 30 30 31             269
MAR  31 31 32 32 32 33 33 33 34 34 34 35 35 35 36 36 36 37 37 37 38 38 38 38 39 39 39 40 40 40 41    359
APR  41 41 42 42 42 43 43 43 44 44 44 44 45 45 45 46 46 46 47 47 47 48 48 48 49 49 49 50 50 50       456
MAY  51 51 51 52 52 52 53 53 53 54 54 54 55 55 55 56 56 56 57 57 58 58 58 59 59 59 60 60 60 61 61    558
JUN  61 62 62 62 63 63 64 64 64 64 65 65 65 66 66 66 67 67 67 67 68 68 68 69 69 69 69 70 70 70       660
JUL  70 71 71 71 71 71 72 72 72 72 72 72 73 73 73 73 73 73 73 73 73 73 73 73 74 74 74 74 74 74 74    726
AUG  74 74 74 73 73 73 73 73 73 73 73 73 72 72 72 72 71 71 71 71 70 70 70 70 69 69 68 68 68 67 67    712
SEP  66 66 66 65 65 64 64 64 63 63 62 62 62 61 61 60 60 60 59 59 58 58 58 57 57 56 56 56 55 55       606
OCT  54 54 54 53 53 53 52 52 51 51 50 50 49 49 49 48 48 47 47 46 46 45 45 44 44 43 43 42 42 41 40    479
NOV  40 39 39 38 38 37 37 36 36 35 35 34 34 33 33 32 32 31 31 31 30 30 29 29 28 28 28 27 27 27       328
DEC  26 26 26 25 25 25 24 24 24 24 23 23 23 23 22 22 22 22 22 22 21 21 21 21 21 21 21 21 20 20 20    226
                                                                                                        
-------------------------------------------------------------------------------------------------       
 Heating Degree Days                                                                                    
 DAY  1  2  3  4  5  6  7  8  9 10 11 12 13 14 15 16 17 18 19 20 21 22 23 24 25 26 27 28 29 30 31  MONTH
-------------------------------------------------------------------------------------------------       
JAN  45 45 45 45 45 45 45 45 45 45 45 45 44 44 44 44 44 44 44 44 44 43 43 43 43 43 43 42 42 42 42   1362
FEB  42 41 41 41 41 41 40 40 40 39 39 39 39 38 38 38 38 37 37 37 36 36 36 36 35 35 35 34            1069
MAR  34 34 33 33 33 32 32 32 31 31 31 30 30 30 29 29 29 28 28 28 27 27 27 27 26 26 26 25 25 25 24    902
APR  24 24 23 23 23 22 22 22 21 21 21 21 20 20 20 19 19 19 18 18 18 17 17 17 16 16 16 15 15 15       582
MAY  14 14 14 13 13 13 12 12 12 11 11 11 10 10 10 10  9  9  9  8  8  8  8  7  7  7  6  6  6  6  5    299
JUN   5  5  5  5  4  4  4  4  4  3  3  3  3  3  3  2  2  2  2  2  2  2  2  2  1  1  1  1  1  1        82
JUL   1  1  1  1  1  1  1  1  1  1  1  1  1  1  1  1  0  0  0  0  0  0  0  0  0  0  0  0  0  0  0     16
AUG   0  0  0  0  0  0  0  0  0  0  0  0  0  0  0  0  0  1  1  1  1  1  1  1  1  1  2  2  2  2  2     19
SEP   2  3  3  3  3  3  4  4  4  4  4  5  5  5  5  6  6  6  7  7  7  8  8  8  8  9  9 10 10 10       176
OCT  11 11 11 12 12 13 13 13 14 14 15 15 16 16 16 17 17 18 18 19 19 20 20 21 21 22 22 23 24 24 25    532
NOV  25 26 26 27 27 28 28 29 29 30 30 31 31 32 32 33 33 34 34 35 35 35 36 36 37 37 37 38 38 38       967
DEC  39 39 39 40 40 40 41 41 41 41 42 42 42 42 43 43 43 43 43 44 44 44 44 44 44 44 44 44 45 45 45   1315
                                                                                                        
-------------------------------------------------------------------------------------------------       
 Cooling Degree Days                                                                                    
 DAY  1  2  3  4  5  6  7  8  9 10 11 12 13 14 15 16 17 18 19 20 21 22 23 24 25 26 27 28 29 30 31  MONTH
-------------------------------------------------------------------------------------------------       
JAN   0  0  0  0  0  0  0  0  0  0  0  0  0  0  0  0  0  0  0  0  0  0  0  0  0  0  0  0  0  0  0      0
FEB   0  0  0  0  0  0  0  0  0  0  0  0  0  0  0  0  0  0  0  0  0  0  0  0  0  0  0  0               0
MAR   0  0  0  0  0  0  0  0  0  0  0  0  0  0  0  0  0  0  0  0  0  0  0  0  0  0  0  0  0  0  0      0
APR   0  0  0  0  0  0  0  0  0  0  0  0  0  0  0  0  0  0  0  0  0  0  0  0  0  0  0  0  0  0         0
MAY   0  0  0  0  0  0  0  0  0  0  0  0  0  0  0  0  0  0  0  1  1  1  1  1  1  1  1  1  1  1  1     12
JUN   1  2  2  2  2  2  2  2  3  3  3  3  3  3  3  4  4  4  4  4  4  5  5  5  5  5  6  6  6  6       109
JUL   6  6  7  7  7  7  7  7  8  8  8  8  8  8  8  8  8  9  9  9  9  9  9  9  9  9  9  9  9  9  9    252
AUG   9  9  9  8  8  8  8  8  8  8  8  8  7  7  7  7  7  7  7  6  6  6  6  6  5  5  5  5  5  4  4    211
SEP   4  4  3  3  3  3  3  2  2  2  2  2  2  1  1  1  1  1  1  1  1  0  0  0  0  0  0  0  0  0        43
OCT   0  0  0  0  0  0  0  0  0  0  0  0  0  0  0  0  0  0  0  0  0  0  0  0  0  0  0  0  0  0  0      0
NOV   0  0  0  0  0  0  0  0  0  0  0  0  0  0  0  0  0  0  0  0  0  0  0  0  0  0  0  0  0  0         0
DEC   0  0  0  0  0  0  0  0  0  0  0  0  0  0  0  0  0  0  0  0  0  0  0  0  0  0  0  0  0  0  0      0
                                                                                                        
-------------------------------------------------------------------------------------------------       
 Total  Precipitation (Hundreths of an Inch)                                                            
 DAY  1  2  3  4  5  6  7  8  9 10 11 12 13 14 15 16 17 18 19 20 21 22 23 24 25 26 27 28 29 30 31  MONTH
-------------------------------------------------------------------------------------------------       
JAN   1  1  1  1  1  1  1  1  1  1  1  1  1  1  1  1  1  1  1  1  1  1  2  2  2  2  2  2  2  2  2     40
FEB   1  2  2  2  2  2  2  2  2  2  2  2  2  2  2  2  2  2  2  2  2  2  2  2  2  2  2  2              55
MAR   2  2  3  3  3  3  3  3  3  3  3  3  3  3  3  3  3  3  3  4  4  4  4  4  4  4  4  4  4  4  5    104
APR   5  5  5  5  5  5  5  5  6  6  6  6  6  6  6  6  7  7  7  7  7  7  7  7  7  8  8  8  8  8       191
MAY   8  8  8  8  9  9  9  9  9  9  9  9  9  9  9  9  9  9  9 10 10 10 10 10 10 10 10 10 10 10 10    287
JUN  10 10 10 10 10 10 10 10 10 10  9  9  9  9  9  9  9  9  9  9  9  9  9  9  9  9  9  9  9  9       280
JUL   9  8  8  8  8  8  8  8  8  8  8  8  8  8  8  7  7  7  7  7  7  7  7  7  7  7  7  6  6  6  6    229
AUG   6  6  6  6  6  6  5  5  5  5  5  5  5  5  5  5  5  5  5  5  5  5  5  5  5  5  5  5  5  4  4    159
SEP   5  5  5  5  4  4  4  4  4  4  4  4  4  4  4  4  5  5  5  5  5  5  5  5  5  5  5  5  5  5       138
OCT   5  5  5  5  5  5  5  5  5  5  5  5  4  4  4  4  4  4  4  4  4  4  4  4  4  4  4  3  3  3  3    132
NOV   3  3  3  3  3  3  2  2  2  2  2  2  2  2  2  2  2  2  2  2  2  2  2  2  2  1  1  1  1  1        61
DEC   2  2  2  2  2  2  2  2  2  2  2  2  2  2  1  1  1  1  1  1  1  1  1  1  1  1  1  1  1  1  1     45
                                                                                                        
