-------------------------------------------------------------------------------------------------       
 1971-2000 Daily/Monthly Station Normals                                                                
 Provided by National Climatic Data Center/NESDIS/NOAA                                                  
-------------------------------------------------------------------------------------------------       
 Station COOP ID:                           394516                                                      
 Station Name, State, Division, Call:       KENNEBEC                           SD 06 9V9                
 Latitude, Longitude, Elevation, Elements:  43 54 23 -099 51 49  1700 XNP                               
-------------------------------------------------------------------------------------------------       
 Minimum Temperature (deg F [tenths deg F for monthly])                                                 
 DAY  1  2  3  4  5  6  7  8  9 10 11 12 13 14 15 16 17 18 19 20 21 22 23 24 25 26 27 28 29 30 31  MONTH
-------------------------------------------------------------------------------------------------       
JAN   7  7  7  7  7  7  7  6  6  6  6  6  6  6  6  7  7  7  7  7  7  7  7  8  8  8  8  8  9  9  9     71
FEB   9 10 10 10 11 11 11 11 12 12 12 13 13 13 14 14 14 15 15 15 15 16 16 16 17 17 18 18             135
MAR  18 18 19 19 20 20 20 21 21 21 22 22 22 23 23 23 24 24 24 25 25 25 26 26 26 27 27 27 28 28 28    233
APR  29 29 29 30 30 30 31 31 31 32 32 33 33 33 34 34 34 35 35 36 36 36 37 37 38 38 39 39 39 40       340
MAY  40 41 41 41 42 42 43 43 43 44 44 45 45 45 46 46 47 47 47 48 48 48 49 49 50 50 50 51 51 51 52    461
JUN  52 52 53 53 53 53 54 54 54 55 55 55 56 56 56 56 57 57 57 57 58 58 58 58 58 59 59 59 59 59       560
JUL  60 60 60 60 61 61 61 61 61 61 61 61 62 62 62 62 62 62 62 62 62 62 62 62 62 62 62 62 62 62 62    615
AUG  62 62 62 62 62 62 62 62 62 62 61 61 61 61 61 61 60 60 60 59 59 59 59 58 58 58 57 57 56 56 55    599
SEP  55 55 54 54 53 53 52 52 52 51 51 50 50 49 49 49 48 48 47 47 47 46 46 45 45 45 44 44 43 43       489
OCT  43 42 42 42 41 41 40 40 40 39 39 38 38 38 37 37 36 36 35 35 34 34 33 33 32 32 31 31 30 30 29    364
NOV  29 28 28 27 27 26 26 25 25 24 24 23 23 23 22 22 21 21 20 20 19 19 19 18 18 17 17 17 16 16       220
DEC  15 15 15 14 14 14 13 13 13 12 12 12 11 11 11 11 10 10 10  9  9  9  9  9  8  8  8  8  8  7  7    108
                                                                                                        
-------------------------------------------------------------------------------------------------       
 Maximum Temperature (deg F [tenths deg F for monthly])                                                 
 DAY  1  2  3  4  5  6  7  8  9 10 11 12 13 14 15 16 17 18 19 20 21 22 23 24 25 26 27 28 29 30 31  MONTH
-------------------------------------------------------------------------------------------------       
JAN  30 30 30 30 30 30 30 30 30 29 30 30 30 30 30 30 30 30 30 30 30 30 31 31 31 31 31 32 32 32 32    304
FEB  33 33 33 34 34 34 35 35 35 36 36 36 37 37 37 37 38 38 38 39 39 40 40 40 41 41 41 42             371
MAR  42 42 43 43 44 44 44 45 45 46 46 46 47 47 48 48 49 49 49 50 50 51 51 52 52 53 53 54 54 55 55    483
APR  56 56 57 57 58 58 59 59 60 60 61 61 61 62 62 63 63 64 64 64 65 65 66 66 67 67 67 68 68 68       624
MAY  69 69 70 70 70 71 71 71 72 72 72 73 73 73 74 74 74 75 75 75 76 76 76 77 77 77 78 78 78 79 79    740
JUN  79 80 80 80 81 81 81 82 82 82 83 83 83 83 84 84 84 85 85 85 85 86 86 86 87 87 87 87 88 88       838
JUL  88 89 89 89 89 89 90 90 90 90 90 91 91 91 91 91 91 91 91 92 92 92 92 92 92 92 92 92 92 92 92    908
AUG  92 92 92 92 92 91 91 91 91 91 91 91 91 90 90 90 90 90 89 89 89 89 88 88 88 87 87 87 87 86 86    896
SEP  86 85 85 84 84 84 83 83 83 82 82 81 81 81 80 80 80 79 79 78 78 77 77 77 76 76 75 75 75 74       800
OCT  74 73 73 72 72 71 71 70 70 69 69 68 68 67 66 66 65 64 64 63 62 62 61 60 60 59 58 57 56 56 55    652
NOV  54 53 52 52 51 50 49 49 48 47 47 46 45 45 44 44 43 42 42 41 41 41 40 40 39 39 38 38 38 37       445
DEC  37 37 36 36 36 36 35 35 35 35 34 34 34 34 33 33 33 33 32 32 32 32 32 31 31 31 31 31 31 30 30    333
                                                                                                        
-------------------------------------------------------------------------------------------------       
 Average Temperature (deg F [tenths deg F for monthly])                                                 
 DAY  1  2  3  4  5  6  7  8  9 10 11 12 13 14 15 16 17 18 19 20 21 22 23 24 25 26 27 28 29 30 31  MONTH
-------------------------------------------------------------------------------------------------       
JAN  19 19 19 18 18 18 18 18 18 18 18 18 18 18 18 18 18 18 19 19 19 19 19 19 20 20 20 20 20 21 21    188
FEB  21 21 22 22 22 23 23 23 24 24 24 24 25 25 25 26 26 26 27 27 27 28 28 28 29 29 29 30             253
MAR  30 30 31 31 32 32 32 33 33 33 34 34 35 35 35 36 36 37 37 37 38 38 38 39 39 40 40 41 41 41 42    358
APR  42 43 43 43 44 44 45 45 46 46 46 47 47 48 48 48 49 49 50 50 50 51 51 52 52 53 53 53 54 54       482
MAY  55 55 55 56 56 56 57 57 58 58 58 59 59 59 60 60 61 61 61 62 62 62 63 63 63 64 64 64 65 65 65    601
JUN  66 66 66 67 67 67 68 68 68 68 69 69 69 70 70 70 70 71 71 71 71 72 72 72 73 73 73 73 73 74       699
JUL  74 74 75 75 75 75 75 75 76 76 76 76 76 76 76 77 77 77 77 77 77 77 77 77 77 77 77 77 77 77 77    762
AUG  77 77 77 77 77 77 77 77 76 76 76 76 76 76 75 75 75 75 75 74 74 74 74 73 73 73 72 72 71 71 71    748
SEP  70 70 70 69 69 68 68 68 67 67 66 66 66 65 65 64 64 63 63 63 62 62 61 61 61 60 60 59 59 59       645
OCT  58 58 57 57 57 56 56 55 55 54 54 53 53 52 52 51 51 50 49 49 48 48 47 47 46 45 45 44 43 43 42    508
NOV  41 41 40 39 39 38 38 37 36 36 35 35 34 34 33 33 32 32 31 31 30 30 29 29 29 28 28 27 27 27       333
DEC  26 26 26 25 25 25 24 24 24 23 23 23 23 22 22 22 22 21 21 21 21 20 20 20 20 20 20 19 19 19 19    221
                                                                                                        
-------------------------------------------------------------------------------------------------       
 Heating Degree Days                                                                                    
 DAY  1  2  3  4  5  6  7  8  9 10 11 12 13 14 15 16 17 18 19 20 21 22 23 24 25 26 27 28 29 30 31  MONTH
-------------------------------------------------------------------------------------------------       
JAN  46 46 47 47 47 47 47 47 47 47 47 47 47 47 47 47 47 47 47 46 46 46 46 46 46 45 45 45 45 44 44   1435
FEB  44 44 43 43 43 42 42 42 41 41 41 41 40 40 40 39 39 39 38 38 38 37 37 37 36 36 35 35            1111
MAR  35 35 34 34 33 33 33 32 32 32 31 31 30 30 30 29 29 28 28 28 27 27 26 26 26 25 25 24 24 24 23    904
APR  23 22 22 22 21 21 20 20 19 19 19 18 18 17 17 17 16 16 15 15 15 14 14 14 13 13 12 12 12 11       507
MAY  11 11 10 10 10  9  9  9  8  8  8  7  7  7  6  6  6  6  5  5  5  5  5  4  4  4  4  4  3  3  3    202
JUN   3  3  3  2  2  2  2  2  2  2  2  2  1  1  1  1  1  1  1  1  1  1  1  1  1  1  1  1  1  0        44
JUL -99-99-99-99-99-99-99-99-99-99-99  0  0  0  0  0  0  0  0  0  0  0  0  0  0  0  0  0  0  0  0     11
AUG   0  0  0  0  0  0  0  0  0  0  0  0  0  0  0  0  0  1  1  1  1  1  1  1  1  1  1  1  1  1  1     14
SEP   1  1  2  2  2  2  2  2  2  2  3  3  3  3  3  4  4  4  4  4  5  5  5  5  6  6  6  7  7  7       112
OCT   8  8  8  9  9  9 10 10 11 11 11 12 12 13 13 14 14 15 15 16 16 17 18 18 19 19 20 21 21 22 23    442
NOV  23 24 25 25 26 27 27 28 29 29 30 30 31 31 32 32 33 34 34 34 35 35 36 36 37 37 37 38 38 39       952
DEC  39 39 40 40 40 40 41 41 41 42 42 42 42 43 43 43 44 44 44 44 44 45 45 45 45 45 46 46 46 46 46   1333
                                                                                                        
-------------------------------------------------------------------------------------------------       
 Cooling Degree Days                                                                                    
 DAY  1  2  3  4  5  6  7  8  9 10 11 12 13 14 15 16 17 18 19 20 21 22 23 24 25 26 27 28 29 30 31  MONTH
-------------------------------------------------------------------------------------------------       
JAN   0  0  0  0  0  0  0  0  0  0  0  0  0  0  0  0  0  0  0  0  0  0  0  0  0  0  0  0  0  0  0      0
FEB   0  0  0  0  0  0  0  0  0  0  0  0  0  0  0  0  0  0  0  0  0  0  0  0  0  0  0  0               0
MAR   0  0  0  0  0  0  0  0  0  0  0  0  0  0  0  0  0  0  0  0  0  0  0  0  0  0  0  0  0  0  0      0
APR   0  0  0  0  0  0  0  0  0  0  0  0  0  0  0  0  0  0  0  0  0  0  0  0  0  0  0-99-99-99         3
MAY   0  0  0  0  1  1  1  1  1  1  1  1  1  1  1  1  1  2  2  2  2  2  2  2  2  3  3  3  3  3  3     47
JUN   4  4  4  4  4  5  5  5  5  5  5  6  6  6  6  6  7  7  7  7  7  8  8  8  8  9  9  9  9  9       192
JUL  10 10 10 10 10 11 11 11 11 11 11 12 12 12 12 12 12 12 12 12 12 12 12 12 12 12 12 12 12 12 12    356
AUG  12 12 12 12 12 12 12 12 12 11 11 11 11 11 11 10 10 10 10 10 10  9  9  9  9  8  8  8  7  7  7    315
SEP   7  6  6  6  5  5  5  5  4  4  4  4  3  3  3  3  3  2  2  2  2  2  2  1  1  1  1  1  1  1        95
OCT   0  0  0  0  0  0  0  0  0  0  0  0  0  0  0  0  0  0  0  0  0  0  0  0  0  0  0  0  0  0  0      0
NOV   0  0  0  0  0  0  0  0  0  0  0  0  0  0  0  0  0  0  0  0  0  0  0  0  0  0  0  0  0  0         0
DEC   0  0  0  0  0  0  0  0  0  0  0  0  0  0  0  0  0  0  0  0  0  0  0  0  0  0  0  0  0  0  0      0
                                                                                                        
-------------------------------------------------------------------------------------------------       
 Total  Precipitation (Hundreths of an Inch)                                                            
 DAY  1  2  3  4  5  6  7  8  9 10 11 12 13 14 15 16 17 18 19 20 21 22 23 24 25 26 27 28 29 30 31  MONTH
-------------------------------------------------------------------------------------------------       
JAN   1  1  1  1  1  1  1  1  1  1  1  1  1  1  1  1  1  1  1  1  1  2  2  1  1  1  1  1  1  1  1     33
FEB   1  1  1  1  1  1  1  1  1  1  1  1  1  1  2  2  2  2  2  2  2  2  2  2  2  2  2  3              43
MAR   3  3  3  3  3  3  3  3  3  3  4  4  4  4  4  4  4  4  4  4  4  5  5  5  5  5  5  5  5  5  5    124
APR   5  6  6  6  6  6  6  6  6  6  6  6  7  7  7  7  7  7  7  7  7  8  8  8  8  8  8  8  8  8       206
MAY   9  9  9  9  9  9  9  9 10 10 10 10 10 10 10 10 10 10 10 10 10 10 10 10 10 10 10 10 10 10 10    302
JUN  10 10 10 10 10 10 10 10 10 10 10 10 10 10 10 10 10 10 10 10 10 10 10 10 10 10 10 10  9  9       298
JUL  10 10 10 10 10 10  9  9  9  9  9  9  9  9  9  9  9  9  9  9  9  9  9  9  8  8  8  8  8  8  8    278
AUG   8  8  8  8  7  7  7  7  7  7  7  7  7  7  7  6  6  6  6  6  6  6  6  6  6  6  6  6  5  5  5    202
SEP   5  5  5  5  5  5  5  5  5  5  5  5  5  5  4  4  4  4  4  4  4  5  5  5  5  5  5  5  5  5       143
OCT   5  5  5  5  5  5  5  5  5  5  5  5  5  5  5  5  5  5  5  5  5  5  5  5  4  4  4  4  4  4  4    148
NOV   4  3  3  3  3  3  3  3  3  2  2  2  2  2  2  2  2  2  2  2  2  1  1  1  1  1  1  1  1  1        61
DEC   2  2  1  1  1  1  1  1  1  1  1  1  1  1  1  1  1  1  1  1  1  1  1  1  1  1  1  1  1  1  1     33
                                                                                                        
