-------------------------------------------------------------------------------------------------       
 1971-2000 Daily/Monthly Station Normals                                                                
 Provided by National Climatic Data Center/NESDIS/NOAA                                                  
-------------------------------------------------------------------------------------------------       
 Station COOP ID:                           397742                                                      
 Station Name, State, Division, Call:       SISSETON                           SD 03                    
 Latitude, Longitude, Elevation, Elements:  45 40 00 -097 02 31  1220 XNP                               
-------------------------------------------------------------------------------------------------       
 Minimum Temperature (deg F [tenths deg F for monthly])                                                 
 DAY  1  2  3  4  5  6  7  8  9 10 11 12 13 14 15 16 17 18 19 20 21 22 23 24 25 26 27 28 29 30 31  MONTH
-------------------------------------------------------------------------------------------------       
JAN   3  2  2  2  2  2  2  1  1  1  1  1  1  1  1  1  1  1  1  2  2  2  2  2  2  3  3  3  3  4  4     19
FEB   4  5  5  5  6  6  6  7  7  7  8  8  9  9  9 10 10 11 11 11 12 12 13 13 13 14 14 15              93
MAR  15 15 16 16 17 17 18 18 18 19 19 20 20 21 21 21 22 22 23 23 23 24 24 25 25 25 26 26 27 27 27    213
APR  28 28 28 29 29 30 30 30 31 31 32 32 33 33 33 34 34 35 35 35 36 36 37 37 38 38 38 39 40 40       336
MAY  40 41 41 42 42 42 43 43 44 44 44 45 45 46 46 46 47 47 47 48 48 48 49 49 49 50 50 50 51 51 51    461
JUN  51 52 52 52 52 53 53 53 53 54 54 54 55 55 55 55 55 56 56 56 56 57 57 57 57 58 58 58 58 58       550
JUL  59 59 59 59 59 59 60 60 60 60 60 60 60 61 61 61 61 61 61 61 61 61 61 61 61 61 61 61 61 61 61    604
AUG  61 61 61 61 60 60 60 60 60 60 60 59 59 59 59 59 58 58 58 58 57 57 57 56 56 56 56 55 55 54 54    582
SEP  54 53 53 52 52 52 51 51 51 50 50 49 49 49 48 48 48 47 47 47 46 46 45 45 45 44 44 44 43 43       482
OCT  43 42 42 42 41 41 40 40 40 39 39 38 38 38 37 37 36 36 35 35 34 34 33 33 32 32 31 31 30 30 29    364
NOV  29 28 28 27 27 26 26 25 25 24 24 23 22 22 21 21 20 20 19 19 18 18 17 17 16 16 15 15 14 14       212
DEC  13 13 13 12 12 11 11 10 10  9  9  9  8  8  8  7  7  6  6  6  5  5  5  5  4  4  4  3  3  3  3     75
                                                                                                        
-------------------------------------------------------------------------------------------------       
 Maximum Temperature (deg F [tenths deg F for monthly])                                                 
 DAY  1  2  3  4  5  6  7  8  9 10 11 12 13 14 15 16 17 18 19 20 21 22 23 24 25 26 27 28 29 30 31  MONTH
-------------------------------------------------------------------------------------------------       
JAN  21 21 21 21 21 21 21 20 20 20 20 20 20 20 20 20 20 20 21 21 21 21 21 21 21 22 22 22 22 23 23    209
FEB  23 23 24 24 24 25 25 25 26 26 26 27 27 27 28 28 28 29 29 29 30 30 30 31 31 31 32 32             275
MAR  32 33 33 33 34 34 35 35 36 36 36 37 37 38 38 39 39 40 40 41 41 42 42 43 44 44 45 45 46 47 47    391
APR  48 48 49 50 50 51 52 52 53 53 54 55 55 56 56 57 57 58 58 59 59 60 61 61 62 62 63 63 63 64       563
MAY  64 65 65 66 66 67 67 67 68 68 69 69 69 70 70 71 71 71 72 72 72 72 73 73 73 74 74 74 74 75 75    702
JUN  75 75 76 76 76 76 77 77 77 77 77 78 78 78 78 79 79 79 79 79 80 80 80 80 80 81 81 81 81 82       784
JUL  82 82 82 82 83 83 83 83 83 83 83 84 84 84 84 84 84 84 84 84 84 84 84 84 84 85 85 85 85 85 85    837
AUG  85 85 84 84 84 84 84 84 84 84 84 83 83 83 83 83 82 82 82 82 81 81 81 80 80 80 79 79 79 78 78    821
SEP  77 77 77 76 76 75 75 75 74 74 74 73 73 72 72 72 71 71 71 70 70 69 69 69 68 68 68 67 67 67       719
OCT  66 66 66 65 65 64 64 64 63 63 62 62 61 61 60 60 59 58 58 57 56 56 55 54 54 53 52 52 51 50 49    589
NOV  48 48 47 46 45 44 44 43 42 42 41 40 40 39 38 38 37 37 36 35 35 34 34 33 33 33 32 32 31 31       386
DEC  30 30 30 29 29 29 28 28 28 27 27 27 26 26 26 25 25 25 25 24 24 24 23 23 23 23 22 22 22 22 22    256
                                                                                                        
-------------------------------------------------------------------------------------------------       
 Average Temperature (deg F [tenths deg F for monthly])                                                 
 DAY  1  2  3  4  5  6  7  8  9 10 11 12 13 14 15 16 17 18 19 20 21 22 23 24 25 26 27 28 29 30 31  MONTH
-------------------------------------------------------------------------------------------------       
JAN  12 12 11 11 11 11 11 11 11 11 11 11 10 11 11 11 11 11 11 11 11 11 11 12 12 12 12 12 13 13 13    114
FEB  14 14 14 15 15 15 16 16 16 17 17 17 18 18 19 19 19 20 20 20 21 21 21 22 22 23 23 23             184
MAR  24 24 25 25 25 26 26 27 27 27 28 28 29 29 30 30 30 31 31 32 32 33 33 34 34 35 35 36 36 37 37    302
APR  38 38 39 39 40 40 41 41 42 42 43 43 44 44 45 45 46 46 47 47 48 48 49 49 50 50 51 51 52 52       450
MAY  52 53 53 54 54 55 55 55 56 56 57 57 57 58 58 58 59 59 60 60 60 60 61 61 61 62 62 62 63 63 63    582
JUN  63 64 64 64 64 64 65 65 65 65 66 66 66 66 67 67 67 67 68 68 68 68 68 69 69 69 69 70 70 70       667
JUL  70 70 71 71 71 71 71 71 72 72 72 72 72 72 72 72 72 72 73 73 73 73 73 73 73 73 73 73 73 73 73    721
AUG  73 73 73 73 72 72 72 72 72 72 72 71 71 71 71 71 70 70 70 70 69 69 69 68 68 68 68 67 67 66 66    702
SEP  66 65 65 64 64 64 63 63 62 62 62 61 61 61 60 60 59 59 59 58 58 58 57 57 57 56 56 56 55 55       601
OCT  55 54 54 53 53 53 52 52 51 51 51 50 50 49 49 48 48 47 47 46 45 45 44 44 43 42 42 41 41 40 39    477
NOV  39 38 37 36 36 35 35 34 33 33 32 32 31 30 30 29 29 28 28 27 27 26 26 25 25 24 24 23 23 22       299
DEC  22 22 21 21 20 20 20 19 19 18 18 18 17 17 17 16 16 16 15 15 15 15 14 14 14 13 13 13 13 12 12    166
                                                                                                        
-------------------------------------------------------------------------------------------------       
 Heating Degree Days                                                                                    
 DAY  1  2  3  4  5  6  7  8  9 10 11 12 13 14 15 16 17 18 19 20 21 22 23 24 25 26 27 28 29 30 31  MONTH
-------------------------------------------------------------------------------------------------       
JAN  53 53 54 54 54 54 54 54 54 54 54 54 55 54 54 54 54 54 54 54 54 54 54 53 53 53 53 53 52 52 52   1662
FEB  51 51 51 50 50 50 49 49 49 48 48 48 47 47 46 46 46 45 45 45 44 44 44 43 43 42 42 42            1305
MAR  41 41 40 40 40 39 39 38 38 38 37 37 36 36 35 35 35 34 34 33 33 32 32 31 31 30 30 29 29 28 28   1079
APR  27 27 26 26 25 25 24 24 23 23 22 22 21 21 20 20 19 19 19 18 18 17 17 16 16 15 15 14 14 14       607
MAY  13 13 12 12 11 11 11 10 10  9  9  9  8  8  8  8  7  7  7  6  6  6  6  5  5  5  5  5  4  4  4    244
JUN   4  4  3  3  3  3  3  3  3  3  2  2  2  2  2  2  2  2  2  2  2  1  1  1  1  1  1  1  1  1        63
JUL   1  1  1  1  1  1  1  1  1  1  1  1  1  1  1  1  1  1  1  1  1  1  1  1  1  0  0  0  0  0  0     25
AUG   0  0  0  0  0  0  1  1  1  1  1  1  1  1  1  1  1  1  1  1  1  1  2  2  2  2  2  2  2  3  3     36
SEP   3  3  3  3  4  4  4  4  4  5  5  5  5  6  6  6  6  7  7  7  8  8  8  8  9  9  9 10 10 10       186
OCT  11 11 11 12 12 12 13 13 14 14 15 15 15 16 16 17 17 18 19 19 20 20 21 21 22 23 23 24 25 25 26    540
NOV  27 27 28 29 29 30 30 31 32 32 33 33 34 35 35 36 36 37 37 38 38 39 39 40 40 41 41 42 42 43      1054
DEC  43 43 44 44 45 45 45 46 46 47 47 47 48 48 48 49 49 49 50 50 50 51 51 51 51 52 52 52 52 53 53   1501
                                                                                                        
-------------------------------------------------------------------------------------------------       
 Cooling Degree Days                                                                                    
 DAY  1  2  3  4  5  6  7  8  9 10 11 12 13 14 15 16 17 18 19 20 21 22 23 24 25 26 27 28 29 30 31  MONTH
-------------------------------------------------------------------------------------------------       
JAN   0  0  0  0  0  0  0  0  0  0  0  0  0  0  0  0  0  0  0  0  0  0  0  0  0  0  0  0  0  0  0      0
FEB   0  0  0  0  0  0  0  0  0  0  0  0  0  0  0  0  0  0  0  0  0  0  0  0  0  0  0  0               0
MAR   0  0  0  0  0  0  0  0  0  0  0  0  0  0  0  0  0  0  0  0  0  0  0  0  0  0  0  0  0  0  0      0
APR   0  0  0  0  0  0  0  0  0  0  0  0  0  0  0  0  0  0  0  0  0  0  0  0  0-99-99-99-99-99         5
MAY   0  0  0  0  0  0  1  1  1  1  1  1  1  1  1  1  1  1  1  1  1  1  1  1  1  2  2  2  2  2  2     31
JUN   2  2  2  2  2  3  3  3  3  3  3  3  3  3  4  4  4  4  4  4  4  5  5  5  5  5  6  6  6  6       114
JUL   6  7  7  7  7  7  7  7  8  8  8  8  8  8  8  8  8  8  8  8  8  9  9  9  9  8  8  8  8  8  8    243
AUG   8  8  8  8  8  8  8  8  7  7  7  7  7  7  7  7  6  6  6  6  6  6  5  5  5  5  5  4  4  4  4    197
SEP   4  3  3  3  3  3  2  2  2  2  2  1  1  1  1  1  1  1  1  1  0  0  0  0  0  0  0  0  0  0        38
OCT   0  0  0  0  0  0  0  0  0  0  0  0  0  0  0  0  0  0  0  0  0  0  0  0  0  0  0  0  0  0  0      0
NOV   0  0  0  0  0  0  0  0  0  0  0  0  0  0  0  0  0  0  0  0  0  0  0  0  0  0  0  0  0  0         0
DEC   0  0  0  0  0  0  0  0  0  0  0  0  0  0  0  0  0  0  0  0  0  0  0  0  0  0  0  0  0  0  0      0
                                                                                                        
-------------------------------------------------------------------------------------------------       
 Total  Precipitation (Hundreths of an Inch)                                                            
 DAY  1  2  3  4  5  6  7  8  9 10 11 12 13 14 15 16 17 18 19 20 21 22 23 24 25 26 27 28 29 30 31  MONTH
-------------------------------------------------------------------------------------------------       
JAN   2  2  2  2  2  2  2  2  2  2  2  2  2  3  3  3  3  3  3  3  3  3  3  3  2  2  2  2  2  2  2     73
FEB   2  2  2  2  2  2  2  2  2  2  2  2  2  2  2  2  2  2  2  2  3  3  3  3  3  3  3  3              64
MAR   3  3  4  4  4  4  4  4  4  4  5  5  5  5  5  5  5  5  5  5  5  6  6  6  6  6  6  6  6  6  6    153
APR   6  6  6  6  6  6  6  6  6  7  7  7  7  7  7  7  7  7  7  7  7  7  7  7  7  7  7  8  8  8       204
MAY   8  8  8  8  8  8  8  8  8  8  8  9  9  9  9  9  9  9  9  9  9  9  9 10 10 10 10 10 10 10 10    276
JUN  11 11 11 11 11 11 11 11 11 11 11 11 11 11 11 11 11 11 11 11 11 11 11 11 11 11 11 11 11 11       330
JUL  11 11 11 11 11 11 11 11 10 10 10 10 10 10 10 10 10 10 10 10 10 10 10 10 10 10  9  9  9  9  9    313
AUG   9  9  9  9  9  9  9  9  9  9  9  9  9  9  8  8  8  8  8  8  8  8  8  8  8  8  8  8  7  7  7    259
SEP   7  7  7  7  7  7  7  7  7  7  7  7  7  7  7  6  6  6  6  6  6  6  6  6  6  6  6  6  6  6       195
OCT   6  6  6  6  6  6  6  6  6  6  6  6  6  6  6  6  6  6  6  6  6  6  6  6  6  6  6  5  5  5  5    182
NOV   5  5  5  5  5  5  5  4  4  4  4  4  4  4  4  4  4  4  3  3  3  3  3  3  3  3  3  3  2  2       113
DEC   2  2  2  2  2  2  2  2  2  2  1  1  1  1  1  1  1  1  1  1  1  1  1  1  1  1  2  2  2  2  2     46
                                                                                                        
