-------------------------------------------------------------------------------------------------       
 1971-2000 Daily/Monthly Station Normals                                                                
 Provided by National Climatic Data Center/NESDIS/NOAA                                                  
-------------------------------------------------------------------------------------------------       
 Station COOP ID:                           397545                                                      
 Station Name, State, Division, Call:       SELBY                              SD 02                    
 Latitude, Longitude, Elevation, Elements:  45 30 23 -100 01 30  1870 XNP                               
-------------------------------------------------------------------------------------------------       
 Minimum Temperature (deg F [tenths deg F for monthly])                                                 
 DAY  1  2  3  4  5  6  7  8  9 10 11 12 13 14 15 16 17 18 19 20 21 22 23 24 25 26 27 28 29 30 31  MONTH
-------------------------------------------------------------------------------------------------       
JAN   2  1  1  1  1  0  0  0  0  0  0  0  0  0  0  0  0  0  0  0  0  1  1  1  1  1  2  2  2  2  3      7
FEB   3  3  4  4  4  5  5  6  6  6  7  7  7  8  8  8  9  9  9 10 10 10 11 11 11 12 12 13              78
MAR  13 13 14 14 14 15 15 15 16 16 16 17 17 18 18 18 19 19 20 20 20 21 21 22 22 22 23 23 24 24 25    185
APR  25 25 26 26 27 27 28 28 28 29 29 30 30 31 31 31 32 32 33 33 34 34 34 35 35 36 36 37 37 37       312
MAY  38 38 39 39 40 40 40 41 41 42 42 43 43 43 44 44 44 45 45 46 46 46 47 47 47 48 48 48 49 49 49    439
JUN  50 50 50 51 51 51 51 52 52 52 52 53 53 53 54 54 54 54 54 55 55 55 55 56 56 56 56 56 57 57       535
JUL  57 57 57 57 58 58 58 58 58 58 58 58 59 59 59 59 59 59 59 59 59 59 59 59 59 59 59 59 59 59 59    585
AUG  59 59 59 59 59 59 59 59 58 58 58 58 58 57 57 57 57 57 56 56 56 55 55 55 54 54 54 53 53 52 52    565
SEP  51 51 50 50 50 49 49 48 48 47 47 47 46 46 45 45 44 44 44 43 43 42 42 42 41 41 41 40 40 40       452
OCT  39 39 38 38 38 37 37 37 36 36 35 35 34 34 34 33 33 32 32 31 31 30 30 30 29 29 28 28 27 27 26    330
NOV  26 25 24 24 23 23 22 22 22 21 21 20 20 19 19 18 18 17 17 16 16 16 15 15 14 14 13 13 13 12       186
DEC  12 11 11 11 10 10  9  9  9  8  8  8  7  7  6  6  6  6  5  5  5  4  4  4  3  3  3  2  2  2  2     64
                                                                                                        
-------------------------------------------------------------------------------------------------       
 Maximum Temperature (deg F [tenths deg F for monthly])                                                 
 DAY  1  2  3  4  5  6  7  8  9 10 11 12 13 14 15 16 17 18 19 20 21 22 23 24 25 26 27 28 29 30 31  MONTH
-------------------------------------------------------------------------------------------------       
JAN  22 22 22 22 21 21 21 21 21 21 21 21 21 21 21 21 21 21 21 21 22 22 22 22 22 22 23 23 23 24 24    217
FEB  24 24 25 25 25 26 26 26 27 27 27 28 28 28 29 29 29 30 30 30 30 31 31 31 32 32 32 33             284
MAR  33 33 34 34 35 35 35 36 36 36 37 37 38 38 39 39 39 40 40 41 41 42 42 43 43 44 44 45 46 46 47    393
APR  47 48 49 49 50 50 51 51 52 52 53 53 54 54 55 55 56 57 57 57 58 58 59 59 60 60 61 61 62 62       550
MAY  63 63 63 64 64 65 65 65 66 66 67 67 67 68 68 68 69 69 69 70 70 70 71 71 71 72 72 72 73 73 73    682
JUN  73 74 74 74 75 75 75 75 76 76 76 76 77 77 77 77 78 78 78 78 79 79 79 80 80 80 80 81 81 81       773
JUL  81 82 82 82 82 82 83 83 83 83 83 84 84 84 84 84 84 84 84 85 85 85 85 85 85 85 85 85 85 85 85    838
AUG  85 85 85 85 85 85 85 85 84 84 84 84 84 84 83 83 83 83 83 82 82 82 81 81 81 80 80 80 79 79 78    827
SEP  78 78 77 77 76 76 75 75 75 74 74 73 73 72 72 72 71 71 71 70 70 69 69 69 68 68 67 67 67 66       720
OCT  66 66 65 65 64 64 63 63 63 62 62 61 61 60 59 59 58 58 57 56 56 55 54 54 53 52 52 51 50 49 49    583
NOV  48 47 46 46 45 44 43 43 42 41 41 40 39 39 38 38 37 37 36 35 35 35 34 34 33 33 32 32 31 31       385
DEC  31 30 30 30 29 29 29 28 28 28 28 27 27 27 26 26 26 25 25 25 25 24 24 24 24 23 23 23 23 23 22    262
                                                                                                        
-------------------------------------------------------------------------------------------------       
 Average Temperature (deg F [tenths deg F for monthly])                                                 
 DAY  1  2  3  4  5  6  7  8  9 10 11 12 13 14 15 16 17 18 19 20 21 22 23 24 25 26 27 28 29 30 31  MONTH
-------------------------------------------------------------------------------------------------       
JAN  12 12 11 11 11 11 11 11 11 11 10 10 10 10 10 10 11 11 11 11 11 11 11 11 12 12 12 12 13 13 13    112
FEB  14 14 14 14 15 15 15 16 16 17 17 17 18 18 18 19 19 19 20 20 20 21 21 21 22 22 22 23             181
MAR  23 23 24 24 24 25 25 25 26 26 27 27 27 28 28 29 29 30 30 30 31 31 32 32 33 33 34 34 35 35 36    289
APR  36 37 37 38 38 39 39 40 40 41 41 41 42 42 43 43 44 44 45 45 46 46 47 47 48 48 48 49 49 50       431
MAY  50 51 51 52 52 52 53 53 54 54 54 55 55 56 56 56 57 57 57 58 58 58 59 59 59 60 60 60 61 61 61    561
JUN  62 62 62 62 63 63 63 63 64 64 64 65 65 65 65 66 66 66 66 67 67 67 67 68 68 68 68 68 69 69       654
JUL  69 69 70 70 70 70 70 70 71 71 71 71 71 71 71 72 72 72 72 72 72 72 72 72 72 72 72 72 72 72 72    712
AUG  72 72 72 72 72 72 72 72 71 71 71 71 71 71 70 70 70 70 69 69 69 69 68 68 67 67 67 66 66 66 65    696
SEP  65 64 64 63 63 62 62 62 61 61 60 60 60 59 59 58 58 57 57 57 56 56 56 55 55 54 54 54 53 53       586
OCT  53 52 52 51 51 51 50 50 49 49 48 48 48 47 47 46 46 45 45 44 43 43 42 42 41 41 40 39 39 38 37    457
NOV  37 36 35 35 34 34 33 32 32 31 31 30 30 29 29 28 27 27 26 26 26 25 25 24 24 23 23 22 22 22       286
DEC  21 21 21 20 20 19 19 19 18 18 18 17 17 17 16 16 16 15 15 15 15 14 14 14 14 13 13 13 13 12 12    163
                                                                                                        
-------------------------------------------------------------------------------------------------       
 Heating Degree Days                                                                                    
 DAY  1  2  3  4  5  6  7  8  9 10 11 12 13 14 15 16 17 18 19 20 21 22 23 24 25 26 27 28 29 30 31  MONTH
-------------------------------------------------------------------------------------------------       
JAN  53 53 54 54 54 54 54 54 54 54 55 55 55 55 55 55 54 54 54 54 54 54 54 54 53 53 53 53 52 52 52   1668
FEB  52 51 51 50 50 50 49 49 49 48 48 48 47 47 47 46 46 46 45 45 45 44 44 44 43 43 43 42            1312
MAR  42 42 41 41 41 40 40 39 39 39 38 38 38 37 37 36 36 35 35 35 34 34 33 33 32 32 31 31 30 30 29   1118
APR  29 28 28 27 27 26 26 25 25 24 24 23 23 23 22 22 21 21 20 20 19 19 18 18 18 17 17 16 16 15       657
MAY  15 15 14 14 13 13 13 12 12 11 11 11 10 10 10  9  9  9  8  8  8  8  7  7  7  7  6  6  6  6  5    300
JUN   5  5  5  5  4  4  4  4  4  4  4  3  3  3  3  3  3  3  2  2  2  2  2  2  2  2  2  2  2  2        93
JUL   2  2  2  2  1  1  1  1  1  1  1  1  1  1  1  1  1  1  1  1  1  1  1  1  1  1  1  1  1  1  1     35
AUG   1  1  0  0  0  1  1  1  1  1  1  1  1  1  1  1  1  1  1  2  2  2  2  2  2  2  3  3  3  3  3     45
SEP   4  4  4  4  5  5  5  5  6  6  6  7  7  7  7  8  8  8  9  9  9 10 10 10 10 11 11 11 12 12       230
OCT  12 13 13 14 14 14 15 15 16 16 17 17 18 18 18 19 19 20 21 21 22 22 23 23 24 25 25 26 26 27 28    601
NOV  28 29 30 30 31 31 32 33 33 34 34 35 35 36 37 37 38 38 39 39 40 40 40 41 41 42 42 43 43 43      1094
DEC  44 44 44 45 45 46 46 46 47 47 47 48 48 48 49 49 49 49 50 50 50 51 51 51 51 52 52 52 53 53 53   1510
                                                                                                        
-------------------------------------------------------------------------------------------------       
 Cooling Degree Days                                                                                    
 DAY  1  2  3  4  5  6  7  8  9 10 11 12 13 14 15 16 17 18 19 20 21 22 23 24 25 26 27 28 29 30 31  MONTH
-------------------------------------------------------------------------------------------------       
JAN   0  0  0  0  0  0  0  0  0  0  0  0  0  0  0  0  0  0  0  0  0  0  0  0  0  0  0  0  0  0  0      0
FEB   0  0  0  0  0  0  0  0  0  0  0  0  0  0  0  0  0  0  0  0  0  0  0  0  0  0  0  0               0
MAR   0  0  0  0  0  0  0  0  0  0  0  0  0  0  0  0  0  0  0  0  0  0  0  0  0  0  0  0  0  0  0      0
APR   0  0  0  0  0  0  0  0  0  0  0  0  0  0  0  0  0  0  0  0  0  0  0  0  0  0  0  0  0-99         1
MAY   0  0  0  0  0  0  0  0  0  0  0  1  1  1  1  1  1  1  1  1  1  1  1  1  1  1  1  1  2  2  2     23
JUN   2  2  2  2  2  2  2  3  3  3  3  3  3  3  3  3  4  4  4  4  4  4  4  5  5  5  5  5  5  6       105
JUL   6  6  6  6  6  6  7  7  7  7  7  7  7  7  7  7  7  8  8  8  8  8  8  8  8  8  8  8  8  8  8    225
AUG   8  8  8  7  7  7  7  7  7  7  7  7  7  6  6  6  6  6  6  6  6  5  5  5  5  5  4  4  4  4  4    187
SEP   3  3  3  3  3  2  2  2  2  2  2  2  1  1  1  1  1  1  1  1  1  0  0  0  0  0  0  0  0  0        38
OCT   0  0  0  0  0  0  0  0  0  0  0  0  0  0  0  0  0  0  0  0  0  0  0  0  0  0  0  0  0  0  0      0
NOV   0  0  0  0  0  0  0  0  0  0  0  0  0  0  0  0  0  0  0  0  0  0  0  0  0  0  0  0  0  0         0
DEC   0  0  0  0  0  0  0  0  0  0  0  0  0  0  0  0  0  0  0  0  0  0  0  0  0  0  0  0  0  0  0      0
                                                                                                        
-------------------------------------------------------------------------------------------------       
 Total  Precipitation (Hundreths of an Inch)                                                            
 DAY  1  2  3  4  5  6  7  8  9 10 11 12 13 14 15 16 17 18 19 20 21 22 23 24 25 26 27 28 29 30 31  MONTH
-------------------------------------------------------------------------------------------------       
JAN   1  1  1  1  1  1  1  1  1  1  1  1  1  1  1  1  1  1  1  1  1  1  1  1  1  2  2  2  2  2  2     37
FEB   1  1  1  1  1  1  1  1  1  2  2  2  2  2  2  2  2  2  2  2  2  2  2  2  2  2  2  2              47
MAR   2  2  2  3  3  3  3  3  3  3  3  3  3  3  3  3  4  4  4  4  4  4  4  4  4  4  4  5  5  5  5    109
APR   5  5  5  5  5  5  6  6  6  6  6  6  6  6  6  6  6  6  6  7  7  7  7  7  7  7  7  7  7  7       185
MAY   7  7  7  7  7  7  8  8  8  8  8  8  8  8  8  8  8  8  8  9  9  9  9  9  9  9  9  9  9  9 10    255
JUN  10 10 10 10 10 10 10 10 10 10 10 10 10 11 11 11 10 10 10 10 10 10 10 10 10 10 10 10 10 10       303
JUL   9  9  9  9  9  9  9  9  8  8  8  8  8  8  8  8  8  8  8  8  8  8  8  8  8  8  8  8  8  7  7    254
AUG   8  8  8  8  8  8  8  7  7  7  7  7  7  7  7  7  7  7  7  7  7  7  6  6  6  6  6  6  6  6  5    214
SEP   5  5  5  5  5  5  5  5  5  4  4  4  4  4  4  4  4  4  4  4  4  4  4  4  4  4  4  4  4  5       130
OCT   4  5  5  5  5  5  5  5  5  5  5  5  5  5  5  5  5  5  5  5  5  5  5  5  5  4  4  4  4  4  4    148
NOV   4  4  3  3  3  3  3  3  3  3  3  3  2  2  2  2  2  2  2  2  2  2  2  2  2  2  2  1  1  1        71
DEC   2  2  2  2  2  2  1  1  1  1  1  1  1  1  1  1  1  1  1  1  1  1  1  1  1  1  1  1  1  1  1     37
                                                                                                        
