-------------------------------------------------------------------------------------------------       
 1971-2000 Daily/Monthly Station Normals                                                                
 Provided by National Climatic Data Center/NESDIS/NOAA                                                  
-------------------------------------------------------------------------------------------------       
 Station COOP ID:                           390296                                                      
 Station Name, State, Division, Call:       ARMOUR                             SD 09                    
 Latitude, Longitude, Elevation, Elements:  43 19 30 -098 20 42  1510 XNP                               
-------------------------------------------------------------------------------------------------       
 Minimum Temperature (deg F [tenths deg F for monthly])                                                 
 DAY  1  2  3  4  5  6  7  8  9 10 11 12 13 14 15 16 17 18 19 20 21 22 23 24 25 26 27 28 29 30 31  MONTH
-------------------------------------------------------------------------------------------------       
JAN   8  8  8  8  8  8  8  8  8  7  7  7  7  7  8  8  8  8  8  8  8  8  8  9  9  9  9  9 10 10 10     82
FEB  10 11 11 11 12 12 12 13 13 13 13 14 14 14 15 15 15 16 16 16 17 17 17 18 18 18 19 19             146
MAR  19 20 20 20 21 21 21 22 22 23 23 23 24 24 24 25 25 25 26 26 27 27 27 28 28 28 29 29 29 30 30    247
APR  31 31 31 32 32 32 33 33 34 34 34 35 35 35 36 36 37 37 37 38 38 39 39 39 40 40 41 41 41 42       361
MAY  42 43 43 43 44 44 45 45 45 46 46 46 47 47 48 48 48 49 49 49 50 50 50 51 51 51 52 52 52 53 53    478
JUN  53 54 54 54 55 55 55 56 56 56 56 57 57 57 58 58 58 58 59 59 59 59 59 60 60 60 60 61 61 61       575
JUL  61 61 62 62 62 62 62 62 62 63 63 63 63 63 63 63 63 63 63 63 63 63 63 63 63 63 64 64 63 63 63    627
AUG  63 63 63 63 63 63 63 63 63 62 62 62 62 62 62 61 61 61 61 60 60 60 60 59 59 59 58 58 58 57 57    609
SEP  56 56 56 55 55 54 54 53 53 53 52 52 51 51 51 50 50 49 49 49 48 48 48 47 47 46 46 46 45 45       505
OCT  44 44 44 43 43 42 42 42 41 41 40 40 40 39 39 38 38 37 37 36 36 36 35 35 34 34 33 33 32 32 31    381
NOV  31 30 30 30 29 29 28 28 27 27 26 26 25 25 24 24 24 23 23 22 22 21 21 20 20 20 19 19 18 18       243
DEC  17 17 17 16 16 15 15 15 14 14 14 13 13 13 12 12 12 11 11 11 11 10 10 10 10 10  9  9  9  9  9    124
                                                                                                        
-------------------------------------------------------------------------------------------------       
 Maximum Temperature (deg F [tenths deg F for monthly])                                                 
 DAY  1  2  3  4  5  6  7  8  9 10 11 12 13 14 15 16 17 18 19 20 21 22 23 24 25 26 27 28 29 30 31  MONTH
-------------------------------------------------------------------------------------------------       
JAN  30 30 30 30 29 29 29 29 29 29 29 29 29 29 29 29 30 30 30 30 30 30 30 31 31 31 31 32 32 32 32    300
FEB  33 33 33 34 34 34 35 35 35 36 36 36 37 37 37 38 38 38 39 39 39 40 40 40 41 41 42 42             372
MAR  42 43 43 44 44 44 45 45 46 46 46 47 47 48 48 48 49 49 50 50 51 51 52 52 53 53 53 54 54 55 55    486
APR  56 56 57 57 58 58 59 59 60 60 61 61 62 62 62 63 63 64 64 64 65 65 66 66 66 67 67 68 68 68       624
MAY  69 69 69 70 70 70 71 71 71 72 72 72 73 73 73 74 74 74 75 75 75 76 76 76 77 77 77 78 78 79 79    737
JUN  79 80 80 80 81 81 81 81 82 82 82 83 83 83 84 84 84 84 85 85 85 85 86 86 86 86 86 87 87 87       835
JUL  87 87 88 88 88 88 88 88 89 89 89 89 89 89 89 89 89 89 89 89 90 90 90 90 90 90 90 90 90 90 89    890
AUG  90 89 89 89 89 89 89 89 89 89 89 88 88 88 88 88 87 87 87 87 87 86 86 86 86 85 85 85 84 84 84    873
SEP  84 83 83 83 82 82 82 81 81 80 80 80 79 79 79 78 78 78 77 77 77 76 76 75 75 75 74 74 74 73       785
OCT  73 72 72 72 71 71 70 70 69 69 68 68 67 67 66 65 65 64 64 63 62 62 61 60 59 59 58 57 57 56 55    649
NOV  54 53 53 52 51 50 50 49 48 48 47 46 46 45 44 44 43 43 42 42 41 41 40 40 40 39 39 38 38 38       448
DEC  37 37 37 36 36 36 35 35 35 35 34 34 34 33 33 33 33 33 32 32 32 32 31 31 31 31 31 30 30 30 30    332
                                                                                                        
-------------------------------------------------------------------------------------------------       
 Average Temperature (deg F [tenths deg F for monthly])                                                 
 DAY  1  2  3  4  5  6  7  8  9 10 11 12 13 14 15 16 17 18 19 20 21 22 23 24 25 26 27 28 29 30 31  MONTH
-------------------------------------------------------------------------------------------------       
JAN  19 19 19 19 19 19 19 18 18 18 18 18 18 18 18 19 19 19 19 19 19 19 19 20 20 20 20 20 21 21 21    191
FEB  22 22 22 22 23 23 23 24 24 24 25 25 25 26 26 26 27 27 27 28 28 28 29 29 29 30 30 31             259
MAR  31 31 32 32 32 33 33 34 34 34 35 35 35 36 36 37 37 37 38 38 39 39 39 40 40 41 41 42 42 42 43    367
APR  43 44 44 45 45 45 46 46 47 47 48 48 48 49 49 50 50 50 51 51 52 52 52 53 53 53 54 54 55 55       493
MAY  55 56 56 57 57 57 58 58 58 59 59 59 60 60 60 61 61 62 62 62 63 63 63 64 64 64 65 65 65 66 66    608
JUN  66 67 67 67 68 68 68 69 69 69 69 70 70 70 71 71 71 71 72 72 72 72 72 73 73 73 73 74 74 74       705
JUL  74 74 75 75 75 75 75 75 75 76 76 76 76 76 76 76 76 76 76 76 76 77 77 77 77 77 77 77 77 76 76    759
AUG  76 76 76 76 76 76 76 76 76 76 75 75 75 75 75 75 74 74 74 74 73 73 73 73 72 72 72 71 71 71 70    741
SEP  70 70 69 69 68 68 68 67 67 67 66 66 65 65 65 64 64 64 63 63 62 62 62 61 61 61 60 60 59 59       645
OCT  59 58 58 57 57 57 56 56 55 55 54 54 53 53 52 52 51 51 50 50 49 49 48 47 47 46 46 45 44 44 43    515
NOV  43 42 41 41 40 39 39 38 38 37 37 36 36 35 34 34 33 33 33 32 32 31 31 30 30 29 29 29 28 28       346
DEC  27 27 27 26 26 26 25 25 25 24 24 24 23 23 23 23 22 22 22 21 21 21 21 21 20 20 20 20 20 19 19    228
                                                                                                        
-------------------------------------------------------------------------------------------------       
 Heating Degree Days                                                                                    
 DAY  1  2  3  4  5  6  7  8  9 10 11 12 13 14 15 16 17 18 19 20 21 22 23 24 25 26 27 28 29 30 31  MONTH
-------------------------------------------------------------------------------------------------       
JAN  46 46 46 46 46 46 47 47 47 47 47 47 47 47 47 46 46 46 46 46 46 46 46 45 45 45 45 45 44 44 44   1424
FEB  43 43 43 43 42 42 42 41 41 41 40 40 40 39 39 39 38 38 38 37 37 37 36 36 36 35 35 35            1096
MAR  34 34 33 33 33 32 32 32 31 31 30 30 30 29 29 28 28 28 27 27 26 26 26 25 25 24 24 24 23 23 22    879
APR  22 21 21 21 20 20 19 19 18 18 18 17 17 16 16 16 15 15 14 14 14 13 13 13 12 12 12 11 11 10       478
MAY  10 10  9  9  9  8  8  8  7  7  7  7  6  6  6  6  5  5  5  5  4  4  4  4  4  3  3  3  3  3  3    181
JUN   2  2  2  2  2  2  2  2  2  1  1  1  1  1  1  1  1  1  1  1  1  1  1  0  0  0  0  0  0  0        32
JUL -99-99-99-99-99-99-99  0  0  0  0  0  0  0  0  0  0  0  0  0  0  0  0  0  0  0  0  0  0  0  0      7
AUG   0  0  0  0  0  0  0  0  0  0  0  0  0  0  0  0  0  0  0  1  1  1  1  1  1  1  1  1  1  1  1     12
SEP   1  1  1  2  2  2  2  2  2  2  2  3  3  3  3  3  4  4  4  4  4  5  5  5  5  6  6  6  6  7       105
OCT   7  7  8  8  8  9  9 10 10 10 11 11 12 12 13 13 13 14 15 15 16 16 17 17 18 18 19 20 20 21 22    419
NOV  22 23 24 24 25 25 26 27 27 28 28 29 29 30 31 31 32 32 33 33 34 34 34 35 35 36 36 37 37 37       914
DEC  38 38 38 39 39 39 40 40 40 41 41 41 42 42 42 42 43 43 43 44 44 44 44 44 45 45 45 45 45 46 46   1308
                                                                                                        
-------------------------------------------------------------------------------------------------       
 Cooling Degree Days                                                                                    
 DAY  1  2  3  4  5  6  7  8  9 10 11 12 13 14 15 16 17 18 19 20 21 22 23 24 25 26 27 28 29 30 31  MONTH
-------------------------------------------------------------------------------------------------       
JAN   0  0  0  0  0  0  0  0  0  0  0  0  0  0  0  0  0  0  0  0  0  0  0  0  0  0  0  0  0  0  0      0
FEB   0  0  0  0  0  0  0  0  0  0  0  0  0  0  0  0  0  0  0  0  0  0  0  0  0  0  0  0               0
MAR   0  0  0  0  0  0  0  0  0  0  0  0  0  0  0  0  0  0  0  0  0  0  0  0  0  0  0  0  0  0  0      0
APR   0  0  0  0  0  0  0  0  0  0  0  0  0  0  0  0  0  0  0  0  0  0  0  0  0  0-99-99-99-99         4
MAY   0  0  0  0  1  1  1  1  1  1  1  1  1  1  1  1  1  2  2  2  2  2  2  2  3  3  3  3  3  3  4     49
JUN   4  4  4  4  5  5  5  5  5  5  6  6  6  6  6  7  7  7  7  7  8  8  8  8  8  9  9  9  9  9       196
JUL   9 10 10 10 10 10 10 11 11 11 11 11 11 11 11 11 11 11 11 12 12 12 12 12 12 12 12 12 12 12 11    344
AUG  12 11 11 11 11 11 11 11 11 11 11 10 10 10 10 10 10  9  9  9  9  9  8  8  8  8  8  7  7  7  6    294
SEP   6  6  6  5  5  5  5  4  4  4  4  3  3  3  3  3  2  2  2  2  2  2  2  1  1  1  1  1  1  1        90
OCT   1  0  0  0  0  0  0  0  0  0  0  0  0  0  0  0  0  0  0  0  0  0  0  0  0  0  0  0  0  0  0      1
NOV   0  0  0  0  0  0  0  0  0  0  0  0  0  0  0  0  0  0  0  0  0  0  0  0  0  0  0  0  0  0         0
DEC   0  0  0  0  0  0  0  0  0  0  0  0  0  0  0  0  0  0  0  0  0  0  0  0  0  0  0  0  0  0  0      0
                                                                                                        
-------------------------------------------------------------------------------------------------       
 Total  Precipitation (Hundreths of an Inch)                                                            
 DAY  1  2  3  4  5  6  7  8  9 10 11 12 13 14 15 16 17 18 19 20 21 22 23 24 25 26 27 28 29 30 31  MONTH
-------------------------------------------------------------------------------------------------       
JAN   1  1  2  2  2  2  2  2  2  2  2  2  2  2  2  2  2  2  2  2  2  2  2  2  2  2  2  2  2  2  2     60
FEB   2  2  2  2  2  2  2  2  2  2  2  2  2  2  2  2  2  3  3  3  3  3  3  3  3  3  4  4              69
MAR   4  4  4  4  4  5  5  5  5  5  5  5  5  5  6  6  6  6  6  6  6  6  6  6  6  7  7  7  7  7  7    173
APR   7  7  7  7  7  7  7  8  8  8  8  8  8  8  8  8  8  9  9  9  9  9  9  9 10 10 10 10 10 11       253
MAY  11 11 11 11 11 12 12 12 12 12 12 12 12 12 12 12 12 12 13 13 13 13 12 12 12 12 12 12 12 12 12    371
JUN  12 12 11 11 11 11 11 11 11 11 11 11 11 11 11 11 11 11 11 11 11 11 11 11 11 10 11 11 11 11       331
JUL  11 11 11 11 11 11 11 11 11 11 11 10 10 10 10 10 10 10 10 10 10 10 10 10  9  9  9  9  9  9  9    314
AUG   9  9  8  8  8  8  8  8  8  8  7  7  7  7  7  7  7  7  7  7  7  7  7  7  7  7  7  7  7  7  7    229
SEP   7  7  7  7  7  8  8  8  8  8  8  8  8  8  8  8  8  8  8  8  7  7  7  7  7  7  7  7  7  7       225
OCT   7  7  7  7  6  6  6  6  6  6  6  6  6  6  6  6  5  5  5  5  5  5  5  5  5  5  5  5  5  5  5    175
NOV   5  5  4  4  4  4  4  4  4  4  4  4  4  4  4  4  4  4  4  3  3  3  3  3  3  3  3  3  3  3       111
DEC   2  2  2  2  2  2  2  2  2  2  2  2  2  2  2  2  2  2  2  2  2  2  2  2  1  2  2  2  2  2  2     61
                                                                                                        
