-------------------------------------------------------------------------------------------------       
 1971-2000 Daily/Monthly Station Normals                                                                
 Provided by National Climatic Data Center/NESDIS/NOAA                                                  
-------------------------------------------------------------------------------------------------       
 Station COOP ID:                           395733                                                      
 Station Name, State, Division, Call:       MONTROSE                           SD 09                    
 Latitude, Longitude, Elevation, Elements:  43 41 54 -097 11 04  1470   P                               
-------------------------------------------------------------------------------------------------       
 Total  Precipitation (Hundreths of an Inch)                                                            
 DAY  1  2  3  4  5  6  7  8  9 10 11 12 13 14 15 16 17 18 19 20 21 22 23 24 25 26 27 28 29 30 31  MONTH
-------------------------------------------------------------------------------------------------       
JAN   1  1  1  1  1  1  1  1  1  1  1  1  1  1  1  1  1  1  1  1  2  2  2  2  2  2  2  2  1  1  1     39
FEB   1  1  1  1  1  1  1  1  1  1  2  2  2  2  2  2  2  2  2  2  2  2  2  2  2  3  3  3              49
MAR   3  3  3  3  3  3  3  4  4  4  4  4  4  4  4  5  5  5  5  5  5  5  5  6  6  6  6  6  6  7  7    143
APR   7  7  7  7  7  8  8  8  8  8  8  8  9  9  9  9  9  9  9  9  9  9 10 10 10 10 10 10 10 10       261
MAY  10 10 10 10 10 10 10 11 11 11 11 11 11 11 11 11 11 11 11 11 11 11 11 11 12 12 12 12 12 12 12    341
JUN  12 12 12 12 12 12 12 12 12 12 12 12 12 12 12 12 12 12 12 12 12 12 12 11 11 11 11 11 11 11       353
JUL  11 11 11 11 10 10 10 10 10 10 10 10 10  9  9  9  9  9  9  9  9  9  9  9  9  8  8  8  8  8  8    290
AUG   8  8  8  8  8  8  8  8  8  8  7  7  7  7  7  7  7  7  8  8  8  8  8  8  8  8  8  8  8  8  8    240
SEP   8  8  8  8  8  9  9  9  9  9  9  9  9  9  8  8  8  8  8  8  8  8  8  8  8  8  7  7  7  7       245
OCT   7  7  6  6  6  6  6  6  6  6  6  5  5  5  5  5  5  5  5  5  5  5  5  5  5  5  5  5  5  5  5    168
NOV   5  5  5  5  5  5  5  5  5  5  5  5  5  5  5  5  5  5  5  4  4  4  4  4  4  4  4  4  3  3       137
DEC   3  3  3  3  2  2  2  2  2  2  2  2  1  1  1  1  1  1  1  1  1  1  1  1  1  1  1  1  1  1  1     47
                                                                                                        
