-------------------------------------------------------------------------------------------------       
 1971-2000 Daily/Monthly Station Normals                                                                
 Provided by National Climatic Data Center/NESDIS/NOAA                                                  
-------------------------------------------------------------------------------------------------       
 Station COOP ID:                           393316                                                      
 Station Name, State, Division, Call:       GLAD VALLEY 2 W                    SD 01                    
 Latitude, Longitude, Elevation, Elements:  45 25 04 -101 48 36  2910 XNP                               
-------------------------------------------------------------------------------------------------       
 Minimum Temperature (deg F [tenths deg F for monthly])                                                 
 DAY  1  2  3  4  5  6  7  8  9 10 11 12 13 14 15 16 17 18 19 20 21 22 23 24 25 26 27 28 29 30 31  MONTH
-------------------------------------------------------------------------------------------------       
JAN   3  3  3  3  3  3  3  2  2  2  2  2  2  2  3  3  3  3  3  3  3  3  4  4  4  4  4  5  5  5  5     32
FEB   6  6  6  7  7  7  8  8  8  8  9  9  9 10 10 10 11 11 11 11 12 12 12 13 13 13 13 14              98
MAR  14 14 15 15 15 15 16 16 16 17 17 17 18 18 18 19 19 19 20 20 20 21 21 21 22 22 22 23 23 23 24    187
APR  24 25 25 25 26 26 27 27 27 28 28 29 29 29 30 30 31 31 32 32 32 33 33 34 34 34 35 35 36 36       301
MAY  37 37 37 38 38 39 39 39 40 40 41 41 41 42 42 43 43 43 44 44 44 45 45 45 46 46 46 47 47 47 48    424
JUN  48 48 48 49 49 49 50 50 50 50 51 51 51 52 52 52 52 53 53 53 53 54 54 54 54 55 55 55 56 56       519
JUL  56 56 56 57 57 57 57 57 57 58 58 58 58 58 58 58 58 58 59 59 59 59 59 59 59 59 59 58 58 58 58    579
AUG  58 58 58 58 58 58 57 57 57 57 57 57 56 56 56 56 55 55 55 54 54 54 54 53 53 53 52 52 51 51 51    552
SEP  50 50 49 49 49 48 48 47 47 46 46 46 45 45 44 44 44 43 43 42 42 42 41 41 41 40 40 39 39 39       443
OCT  38 38 37 37 37 36 36 35 35 35 34 34 33 33 33 32 32 31 31 31 30 30 29 29 28 28 27 27 27 26 26    321
NOV  25 25 24 24 23 23 23 22 22 21 21 20 20 19 19 18 18 18 17 17 16 16 15 15 15 14 14 13 13 12       187
DEC  12 12 11 11 10 10 10  9  9  9  8  8  8  7  7  7  6  6  6  6  5  5  5  5  5  4  4  4  4  4  3     71
                                                                                                        
-------------------------------------------------------------------------------------------------       
 Maximum Temperature (deg F [tenths deg F for monthly])                                                 
 DAY  1  2  3  4  5  6  7  8  9 10 11 12 13 14 15 16 17 18 19 20 21 22 23 24 25 26 27 28 29 30 31  MONTH
-------------------------------------------------------------------------------------------------       
JAN  25 25 25 24 24 24 24 24 24 24 24 24 24 24 24 24 24 24 25 25 25 25 25 25 26 26 26 26 26 27 27    248
FEB  27 27 28 28 28 29 29 29 29 30 30 30 31 31 31 31 32 32 32 33 33 33 33 34 34 34 35 35             310
MAR  35 35 36 36 36 37 37 37 38 38 38 39 39 39 40 40 41 41 42 42 42 43 43 44 44 45 45 46 46 47 48    406
APR  48 49 49 50 50 51 51 52 52 53 53 54 54 55 55 56 56 57 57 58 58 58 59 59 60 60 61 61 61 62       553
MAY  62 62 63 63 63 64 64 65 65 65 66 66 66 67 67 67 68 68 68 69 69 70 70 70 71 71 71 72 72 72 73    674
JUN  73 73 74 74 74 75 75 75 75 76 76 76 77 77 77 78 78 78 79 79 79 79 80 80 80 80 81 81 81 82       774
JUL  82 82 82 83 83 83 83 83 84 84 84 84 84 85 85 85 85 85 85 85 85 85 86 86 86 86 86 86 86 86 86    845
AUG  86 86 86 86 86 86 86 86 86 85 85 85 85 85 85 84 84 84 84 83 83 83 83 82 82 81 81 81 80 80 79    838
SEP  79 79 78 78 77 77 76 76 75 75 75 74 74 73 73 73 72 72 71 71 70 70 70 69 69 68 68 68 67 67       728
OCT  66 66 66 65 65 64 64 63 63 62 62 61 61 60 60 59 58 58 57 57 56 55 55 54 54 53 52 51 51 50 49    586
NOV  49 48 47 46 46 45 44 44 43 42 42 41 41 40 40 39 38 38 37 37 37 36 36 35 35 34 34 34 33 33       398
DEC  32 32 32 31 31 31 31 30 30 30 29 29 29 28 28 28 28 27 27 27 27 27 26 26 26 26 26 25 25 25 25    282
                                                                                                        
-------------------------------------------------------------------------------------------------       
 Average Temperature (deg F [tenths deg F for monthly])                                                 
 DAY  1  2  3  4  5  6  7  8  9 10 11 12 13 14 15 16 17 18 19 20 21 22 23 24 25 26 27 28 29 30 31  MONTH
-------------------------------------------------------------------------------------------------       
JAN  14 14 14 14 14 13 13 13 13 13 13 13 13 13 13 13 14 14 14 14 14 14 14 15 15 15 15 15 16 16 16    140
FEB  16 17 17 17 18 18 18 19 19 19 19 20 20 20 21 21 21 21 22 22 22 23 23 23 23 24 24 24             204
MAR  25 25 25 25 26 26 26 27 27 27 28 28 28 29 29 29 30 30 31 31 31 32 32 33 33 34 34 34 35 35 36    297
APR  36 37 37 38 38 39 39 39 40 40 41 41 42 42 43 43 43 44 44 45 45 46 46 46 47 47 48 48 48 49       427
MAY  49 50 50 51 51 51 52 52 52 53 53 54 54 54 55 55 55 56 56 56 57 57 57 58 58 59 59 59 59 60 60    549
JUN  60 61 61 61 62 62 62 63 63 63 63 64 64 64 65 65 65 66 66 66 66 67 67 67 67 68 68 68 68 69       647
JUL  69 69 69 70 70 70 70 70 71 71 71 71 71 71 72 72 72 72 72 72 72 72 72 72 72 72 72 72 72 72 72    712
AUG  72 72 72 72 72 72 72 71 71 71 71 71 71 70 70 70 70 70 69 69 69 68 68 68 67 67 67 66 66 65 65    695
SEP  65 64 64 63 63 62 62 62 61 61 60 60 60 59 59 58 58 58 57 57 56 56 55 55 55 54 54 54 53 53       586
OCT  52 52 52 51 51 50 50 49 49 48 48 48 47 47 46 46 45 45 44 44 43 43 42 41 41 40 40 39 39 38 37    454
NOV  37 36 36 35 35 34 34 33 32 32 31 31 30 30 29 29 28 28 27 27 26 26 26 25 25 24 24 23 23 23       293
DEC  22 22 22 21 21 20 20 20 20 19 19 19 18 18 18 17 17 17 17 16 16 16 16 15 15 15 15 15 15 14 14    177
                                                                                                        
-------------------------------------------------------------------------------------------------       
 Heating Degree Days                                                                                    
 DAY  1  2  3  4  5  6  7  8  9 10 11 12 13 14 15 16 17 18 19 20 21 22 23 24 25 26 27 28 29 30 31  MONTH
-------------------------------------------------------------------------------------------------       
JAN  51 51 51 51 51 52 52 52 52 52 52 52 52 52 52 51 51 51 51 51 51 51 51 50 50 50 50 50 49 49 49   1580
FEB  49 48 48 48 47 47 47 46 46 46 46 45 45 45 44 44 44 44 43 43 43 42 42 42 42 41 41 41            1249
MAR  41 40 40 40 39 39 39 38 38 38 37 37 37 36 36 36 35 35 34 34 34 33 33 32 32 32 31 31 30 30 29   1096
APR  29 28 28 27 27 27 26 26 25 25 24 24 23 23 22 22 22 21 21 20 20 19 19 19 18 18 17 17 16 16       669
MAY  16 15 15 14 14 14 13 13 13 12 12 12 11 11 11 10 10 10  9  9  9  9  8  8  8  8  7  7  7  7  7    329
JUN   6  6  6  6  6  5  5  5  5  5  5  4  4  4  4  4  4  3  3  3  3  3  3  3  3  2  2  2  2  2       118
JUL   2  2  2  1  1  1  1  1  1  1  1  1  1  1  1  1  1  1  1  1  1  1  1  1  1  1  0  1  1  1  1     33
AUG   1  1  1  1  1  1  1  1  1  1  1  1  1  1  2  2  2  2  2  2  2  2  3  3  3  3  3  3  3  4  4     59
SEP   4  4  5  5  5  5  5  6  6  6  6  7  7  7  8  8  8  8  9  9  9 10 10 10 11 11 11 12 12 12       236
OCT  13 13 14 14 14 15 15 16 16 17 17 17 18 18 19 19 20 20 21 21 22 22 23 24 24 25 25 26 26 27 28    609
NOV  28 29 29 30 30 31 32 32 33 33 34 34 35 35 36 36 37 37 38 38 39 39 40 40 40 41 41 42 42 42      1073
DEC  43 43 44 44 44 45 45 45 46 46 46 47 47 47 47 48 48 48 48 49 49 49 49 50 50 50 50 50 50 51 51   1469
                                                                                                        
-------------------------------------------------------------------------------------------------       
 Cooling Degree Days                                                                                    
 DAY  1  2  3  4  5  6  7  8  9 10 11 12 13 14 15 16 17 18 19 20 21 22 23 24 25 26 27 28 29 30 31  MONTH
-------------------------------------------------------------------------------------------------       
JAN   0  0  0  0  0  0  0  0  0  0  0  0  0  0  0  0  0  0  0  0  0  0  0  0  0  0  0  0  0  0  0      0
FEB   0  0  0  0  0  0  0  0  0  0  0  0  0  0  0  0  0  0  0  0  0  0  0  0  0  0  0  0               0
MAR   0  0  0  0  0  0  0  0  0  0  0  0  0  0  0  0  0  0  0  0  0  0  0  0  0  0  0  0  0  0  0      0
APR   0  0  0  0  0  0  0  0  0  0  0  0  0  0  0  0  0  0  0  0  0  0  0  0  0  0  0  0  0  0         0
MAY   0  0  0  0  0  0  0  0  0  0  0  0  0  0  0  0  0  0  1  1  1  1  1  1  1  1  1  1  1  2  2     15
JUN   2  2  2  2  2  2  2  3  3  3  3  3  3  3  3  4  4  4  4  4  4  4  5  5  5  5  5  5  5  6       107
JUL   6  6  6  6  6  6  7  7  7  7  7  7  7  7  7  7  8  8  8  8  8  8  8  8  8  8  8  8  8  8  8    226
AUG   8  8  8  8  8  8  8  7  7  7  7  7  7  7  7  7  6  6  6  6  6  6  6  5  5  5  5  5  4  4  4    198
SEP   4  4  3  3  3  3  2  2  2  2  2  2  1  1  1  1  1  1  1  1  1  1  0  0  0  0  0  0  0  0        42
OCT   0  0  0  0  0  0  0  0  0  0  0  0  0  0  0  0  0  0  0  0  0  0  0  0  0  0  0  0  0  0  0      0
NOV   0  0  0  0  0  0  0  0  0  0  0  0  0  0  0  0  0  0  0  0  0  0  0  0  0  0  0  0  0  0         0
DEC   0  0  0  0  0  0  0  0  0  0  0  0  0  0  0  0  0  0  0  0  0  0  0  0  0  0  0  0  0  0  0      0
                                                                                                        
-------------------------------------------------------------------------------------------------       
 Total  Precipitation (Hundreths of an Inch)                                                            
 DAY  1  2  3  4  5  6  7  8  9 10 11 12 13 14 15 16 17 18 19 20 21 22 23 24 25 26 27 28 29 30 31  MONTH
-------------------------------------------------------------------------------------------------       
JAN   1  1  1  1  1  1  1  1  1  1  1  1  1  1  1  1  1  1  1  1  1  1  1  1  2  2  2  2  2  2  2     38
FEB   1  1  1  2  2  2  2  2  2  2  2  2  2  2  2  2  2  2  2  2  2  2  2  2  2  2  2  2              53
MAR   2  2  2  2  3  3  3  3  3  3  3  3  3  3  3  3  3  3  3  4  4  4  4  4  4  4  4  4  4  5  5    103
APR   5  5  5  5  5  5  5  6  6  6  6  6  6  6  7  7  7  7  7  7  7  8  8  8  8  8  8  8  9  9       200
MAY   9  9  9  9  9 10 10 10 10 10 10 10 10 10 10 10 10 10 10 11 11 11 11 11 11 11 11 10 10 10 10    313
JUN  10 10 10 10 10 10 10 10 10 10 10 10 10 10 10 10 10 10 10 10 10  9  9  9  9  9  9  9  9  9       291
JUL   9  9  9  9  9  9  9  9  9  9  9  8  8  8  8  8  8  8  8  8  8  8  7  7  7  7  7  7  7  6  6    248
AUG   6  6  6  6  6  5  5  5  5  5  5  5  5  5  4  4  4  4  4  4  4  4  4  4  4  4  4  4  4  4  4    143
SEP   4  4  4  3  4  4  4  4  4  4  4  4  4  4  4  4  4  4  4  4  4  4  4  4  4  4  4  4  4  5       120
OCT   5  5  5  5  5  5  5  5  5  5  5  5  5  5  5  5  5  5  5  5  5  5  5  5  4  4  4  4  4  4  4    148
NOV   3  3  3  3  3  3  3  2  2  2  2  2  2  2  2  2  2  2  2  1  1  1  1  1  1  1  1  1  1  1        56
DEC   1  1  1  1  1  1  1  1  1  1  1  1  1  2  2  2  2  2  2  2  2  1  1  1  1  1  1  1  1  1  1     39
                                                                                                        
