-------------------------------------------------------------------------------------------------       
 1971-2000 Daily/Monthly Station Normals                                                                
 Provided by National Climatic Data Center/NESDIS/NOAA                                                  
-------------------------------------------------------------------------------------------------       
 Station COOP ID:                           425969                                                      
 Station Name, State, Division, Call:       MYTON                              UT 06                    
 Latitude, Longitude, Elevation, Elements:  40 11 46 -110 03 43  5080 XNP                               
-------------------------------------------------------------------------------------------------       
 Minimum Temperature (deg F [tenths deg F for monthly])                                                 
 DAY  1  2  3  4  5  6  7  8  9 10 11 12 13 14 15 16 17 18 19 20 21 22 23 24 25 26 27 28 29 30 31  MONTH
-------------------------------------------------------------------------------------------------       
JAN   4  4  4  4  4  4  4  4  4  3  3  3  3  3  3  3  4  4  4  4  4  4  4  4  4  4  4  5  5  5  5     39
FEB   5  6  6  6  6  6  7  7  7  8  8  8  9  9 10 10 10 11 11 12 12 13 13 14 14 15 15 16              98
MAR  16 17 18 18 19 19 20 20 21 21 22 22 22 23 23 24 24 24 25 25 25 26 26 26 26 27 27 27 27 28 28    231
APR  28 28 28 28 29 29 29 29 30 30 30 30 30 31 31 31 31 32 32 32 32 33 33 33 34 34 34 35 35 35       312
MAY  36 36 36 36 37 37 37 38 38 38 39 39 39 40 40 40 40 41 41 41 41 42 42 42 43 43 43 43 44 44 44    400
JUN  44 45 45 45 45 46 46 46 46 46 47 47 47 47 48 48 48 48 49 49 49 50 50 50 50 51 51 51 51 52       479
JUL  52 52 52 53 53 53 53 53 54 54 54 54 54 54 55 55 55 55 55 55 55 55 55 55 55 55 55 55 55 55 55    542
AUG  55 55 55 55 55 55 55 54 54 54 54 54 54 53 53 53 53 53 52 52 52 52 51 51 51 51 50 50 50 49 49    527
SEP  49 48 48 48 47 47 47 46 46 46 45 45 44 44 44 43 43 43 42 42 42 41 41 40 40 40 39 39 38 38       435
OCT  38 37 37 37 36 36 35 35 35 34 34 33 33 33 32 32 32 31 31 30 30 30 29 29 28 28 28 27 27 26 26    319
NOV  26 25 25 25 24 24 23 23 22 22 22 21 21 20 20 20 19 19 18 18 17 17 17 16 16 15 15 14 14 13       197
DEC  13 13 12 12 11 11 11 10 10  9  9  9  8  8  8  7  7  7  7  6  6  6  6  6  5  5  5  5  5  4  4     79
                                                                                                        
-------------------------------------------------------------------------------------------------       
 Maximum Temperature (deg F [tenths deg F for monthly])                                                 
 DAY  1  2  3  4  5  6  7  8  9 10 11 12 13 14 15 16 17 18 19 20 21 22 23 24 25 26 27 28 29 30 31  MONTH
-------------------------------------------------------------------------------------------------       
JAN  31 31 31 31 31 31 31 31 30 30 30 30 30 31 31 31 31 31 31 31 31 31 31 31 32 32 32 32 32 32 33    311
FEB  33 33 33 34 34 35 35 35 35 36 36 36 37 37 38 38 39 39 39 40 40 41 42 42 43 43 44 45             379
MAR  45 46 46 47 48 48 49 49 50 50 51 51 52 52 53 53 54 54 55 55 56 56 56 57 57 57 58 58 59 59 59    529
APR  59 60 60 60 61 61 61 61 62 62 62 63 63 63 63 64 64 64 64 65 65 65 66 66 66 66 67 67 67 68       635
MAY  68 68 68 69 69 69 69 70 70 70 71 71 71 72 72 72 73 73 73 74 74 74 75 75 76 76 76 77 77 77 78    725
JUN  78 79 79 79 80 80 81 81 81 82 82 82 83 83 83 84 84 84 84 85 85 85 86 86 86 86 87 87 87 87       832
JUL  88 88 88 88 89 89 89 89 89 90 90 90 90 90 90 90 90 90 90 90 90 90 90 90 90 90 90 90 90 90 90    896
AUG  90 90 90 90 90 89 89 89 89 89 89 89 88 88 88 88 88 87 87 87 87 86 86 86 86 85 85 85 84 84 84    875
SEP  84 83 83 82 82 82 81 81 81 80 80 80 79 79 79 78 78 77 77 77 76 76 76 75 75 74 74 74 73 73       783
OCT  72 72 71 71 71 70 70 69 69 68 68 67 67 66 66 65 65 64 63 63 62 62 61 61 60 59 59 58 57 57 56    648
NOV  56 55 54 54 53 52 52 51 51 50 49 49 48 48 47 47 46 46 45 44 44 43 43 43 42 42 41 41 40 40       472
DEC  39 39 39 38 38 37 37 37 36 36 36 35 35 35 34 34 34 34 33 33 33 33 32 32 32 32 32 32 31 31 31    345
                                                                                                        
-------------------------------------------------------------------------------------------------       
 Average Temperature (deg F [tenths deg F for monthly])                                                 
 DAY  1  2  3  4  5  6  7  8  9 10 11 12 13 14 15 16 17 18 19 20 21 22 23 24 25 26 27 28 29 30 31  MONTH
-------------------------------------------------------------------------------------------------       
JAN  18 18 17 17 17 17 17 17 17 17 17 17 17 17 17 17 17 17 17 17 17 18 18 18 18 18 18 18 19 19 19    175
FEB  19 19 20 20 20 21 21 21 21 22 22 22 23 23 24 24 25 25 25 26 26 27 27 28 29 29 30 30             239
MAR  31 31 32 33 33 34 34 35 35 36 36 37 37 38 38 39 39 39 40 40 40 41 41 41 42 42 42 43 43 43 43    380
APR  44 44 44 44 45 45 45 45 46 46 46 46 47 47 47 47 48 48 48 49 49 49 49 50 50 50 51 51 51 51       474
MAY  52 52 52 53 53 53 53 54 54 54 55 55 55 56 56 56 57 57 57 58 58 58 58 59 59 59 60 60 60 61 61    563
JUN  61 62 62 62 63 63 63 63 64 64 64 65 65 65 66 66 66 66 67 67 67 67 68 68 68 69 69 69 69 70       656
JUL  70 70 70 70 71 71 71 71 71 72 72 72 72 72 72 72 72 72 72 73 73 73 73 73 73 73 73 73 73 73 72    719
AUG  73 72 72 72 72 72 72 72 72 72 71 71 71 71 71 70 70 70 70 70 69 69 69 69 68 68 68 67 67 67 66    701
SEP  66 66 65 65 65 64 64 64 63 63 63 62 62 62 61 61 60 60 60 59 59 59 58 58 57 57 57 56 56 55       609
OCT  55 55 54 54 53 53 52 52 52 51 51 50 50 49 49 49 48 48 47 47 46 46 45 45 44 44 43 43 42 42 41    484
NOV  41 40 40 39 39 38 38 37 36 36 36 35 35 34 34 33 33 32 32 31 31 30 30 29 29 28 28 27 27 27       335
DEC  26 26 25 25 25 24 24 23 23 23 22 22 22 21 21 21 21 20 20 20 19 19 19 19 19 18 18 18 18 18 18    212
                                                                                                        
-------------------------------------------------------------------------------------------------       
 Heating Degree Days                                                                                    
 DAY  1  2  3  4  5  6  7  8  9 10 11 12 13 14 15 16 17 18 19 20 21 22 23 24 25 26 27 28 29 30 31  MONTH
-------------------------------------------------------------------------------------------------       
JAN  47 47 48 48 48 48 48 48 48 48 48 48 48 48 48 48 48 48 48 48 47 47 47 47 47 47 47 47 46 46 46   1472
FEB  46 46 45 45 45 45 44 44 44 43 43 43 42 42 41 41 41 40 40 39 39 38 38 37 36 36 35 35            1153
MAR  34 34 33 32 32 31 31 30 30 29 29 28 28 27 27 26 26 26 25 25 25 24 24 24 23 23 23 22 22 22 22    837
APR  21 21 21 21 20 20 20 20 19 19 19 19 18 18 18 18 17 17 17 17 16 16 16 15 15 15 14 14 14 14       529
MAY  13 13 13 12 12 12 11 11 11 10 10 10 10  9  9  9  9  8  8  8  8  7  7  7  7  6  6  6  6  5  5    278
JUN   5  5  5  4  4  4  4  4  4  3  3  3  3  3  3  2  2  2  2  2  2  2  2  2  1  1  1  1  1  1        81
JUL   1  1  1  1  1  1  0  0  0  0  0  0  0  0  0  0  0  0  0  0  0  0  0  0  0  0  0  0  0  0  0      6
AUG   0  0  0  0  0  0  0  0  0  0  0  0  0  0  0  0  0  0  0  0  1  1  1  1  1  1  1  1  1  1  2     12
SEP   2  2  2  2  3  3  3  3  3  4  4  4  4  4  5  5  5  6  6  6  6  7  7  7  8  8  8  9  9 10       155
OCT  10 10 11 11 12 12 13 13 13 14 14 15 15 16 16 17 17 17 18 18 19 19 20 20 21 21 22 22 23 23 24    516
NOV  24 25 25 26 26 27 28 28 29 29 30 30 31 31 31 32 32 33 33 34 34 35 35 36 36 37 37 38 38 38       948
DEC  39 39 40 40 41 41 41 42 42 42 43 43 43 44 44 44 44 45 45 45 45 46 46 46 46 47 47 47 47 47 47   1358
                                                                                                        
-------------------------------------------------------------------------------------------------       
 Cooling Degree Days                                                                                    
 DAY  1  2  3  4  5  6  7  8  9 10 11 12 13 14 15 16 17 18 19 20 21 22 23 24 25 26 27 28 29 30 31  MONTH
-------------------------------------------------------------------------------------------------       
JAN   0  0  0  0  0  0  0  0  0  0  0  0  0  0  0  0  0  0  0  0  0  0  0  0  0  0  0  0  0  0  0      0
FEB   0  0  0  0  0  0  0  0  0  0  0  0  0  0  0  0  0  0  0  0  0  0  0  0  0  0  0  0               0
MAR   0  0  0  0  0  0  0  0  0  0  0  0  0  0  0  0  0  0  0  0  0  0  0  0  0  0  0  0  0  0  0      0
APR   0  0  0  0  0  0  0  0  0  0  0  0  0  0  0  0  0  0  0  0  0  0  0  0  0  0  0  0  0  0         0
MAY   0  0  0  0  0  0  0  0  0  0  0  0  0  0  0  0  0  0  0  0  0  0  0  0  1  1  1  1  1  1  1      7
JUN   1  1  2  2  2  2  2  2  2  2  3  3  3  3  3  3  3  3  4  4  4  4  4  4  5  5  5  5  5  6        97
JUL   6  6  6  6  6  6  7  7  7  7  7  7  7  7  7  7  7  8  8  8  8  8  8  8  8  8  7  7  7  7  7    220
AUG   7  7  7  7  7  7  7  7  6  6  6  6  6  6  6  6  5  5  5  5  5  5  5  4  4  4  4  4  4  3  3    169
SEP   3  3  3  2  2  2  2  2  2  2  1  1  1  1  1  1  1  1  1  0  0  0  0  0  0  0  0  0  0  0        32
OCT   0  0  0  0  0  0  0  0  0  0  0  0  0  0  0  0  0  0  0  0  0  0  0  0  0  0  0  0  0  0  0      0
NOV   0  0  0  0  0  0  0  0  0  0  0  0  0  0  0  0  0  0  0  0  0  0  0  0  0  0  0  0  0  0         0
DEC   0  0  0  0  0  0  0  0  0  0  0  0  0  0  0  0  0  0  0  0  0  0  0  0  0  0  0  0  0  0  0      0
                                                                                                        
-------------------------------------------------------------------------------------------------       
 Total  Precipitation (Hundreths of an Inch)                                                            
 DAY  1  2  3  4  5  6  7  8  9 10 11 12 13 14 15 16 17 18 19 20 21 22 23 24 25 26 27 28 29 30 31  MONTH
-------------------------------------------------------------------------------------------------       
JAN   1  1  1  1  1  1  1  1  1  1  1  1  1  1  1  1  1  1  1  1  1  1  1  1  1  1  2  2  2  1  1     34
FEB   1  1  1  1  1  1  1  1  1  1  1  1  1  1  1  1  1  1  1  1  1  1  2  2  2  2  2  2              34
MAR   1  1  1  1  1  1  1  1  1  1  1  1  2  2  2  2  2  2  2  2  2  2  2  2  2  2  2  2  2  2  2     50
APR   2  2  2  2  2  2  2  2  2  2  2  2  2  2  2  2  2  2  3  3  3  3  3  3  3  3  3  3  3  3        72
MAY   3  3  3  3  3  3  3  3  3  3  3  3  3  3  3  3  3  3  3  3  3  3  3  3  3  3  3  3  3  3  3     93
JUN   2  2  2  2  2  2  2  2  2  2  2  2  2  2  2  2  2  2  2  2  2  1  1  1  1  1  2  2  2  2        55
JUL   1  2  2  2  2  2  2  2  2  2  2  2  2  2  2  2  2  2  2  2  2  2  2  2  2  2  2  2  2  2  2     61
AUG   2  2  2  2  2  2  2  2  2  2  2  2  2  2  2  2  2  2  2  2  2  3  3  3  3  3  3  3  3  3  3     72
SEP   2  2  2  2  2  2  2  2  2  2  2  3  3  3  3  3  3  3  3  3  3  3  3  3  3  3  3  3  3  3        79
OCT   3  3  3  3  3  3  3  3  3  3  3  3  3  3  3  3  3  3  3  3  3  3  3  3  3  3  2  2  2  2  2     88
NOV   2  2  2  2  2  2  2  2  2  2  2  1  1  1  1  1  1  1  1  1  1  1  1  1  1  1  1  1  1  1        41
DEC   1  1  1  1  1  1  1  1  1  1  0  0  0  0  0  0  1  1  1  1  1  1  1  1  1  1  1  1  1  1  1     25
                                                                                                        
