-------------------------------------------------------------------------------------------------       
 1971-2000 Daily/Monthly Station Normals                                                                
 Provided by National Climatic Data Center/NESDIS/NOAA                                                  
-------------------------------------------------------------------------------------------------       
 Station COOP ID:                           427686                                                      
 Station Name, State, Division, Call:       SANTAQUIN CHLORINATOR              UT 03                    
 Latitude, Longitude, Elevation, Elements:  39 57 28 -111 46 46  5160 XNP                               
-------------------------------------------------------------------------------------------------       
 Minimum Temperature (deg F [tenths deg F for monthly])                                                 
 DAY  1  2  3  4  5  6  7  8  9 10 11 12 13 14 15 16 17 18 19 20 21 22 23 24 25 26 27 28 29 30 31  MONTH
-------------------------------------------------------------------------------------------------       
JAN  18 18 18 18 18 18 18 18 18 18 18 18 18 18 18 18 18 18 18 18 19 19 19 19 19 19 19 19 19 19 20    184
FEB  20 20 20 20 20 20 21 21 21 21 21 21 22 22 22 22 23 23 23 23 24 24 24 24 25 25 25 25             222
MAR  26 26 26 27 27 27 28 28 28 28 29 29 29 29 30 30 30 30 30 31 31 31 31 31 31 32 32 32 32 32 32    295
APR  32 33 33 33 33 33 33 34 34 34 34 34 34 35 35 35 35 36 36 36 36 37 37 37 37 38 38 38 38 39       352
MAY  39 39 40 40 40 41 41 41 41 42 42 42 43 43 43 43 44 44 44 45 45 45 45 46 46 46 46 47 47 47 48    434
JUN  48 48 48 49 49 49 49 50 50 50 50 51 51 51 52 52 52 53 53 53 53 54 54 54 55 55 55 56 56 57       519
JUL  57 57 57 58 58 58 59 59 59 59 59 60 60 60 60 60 60 61 61 61 61 61 61 61 61 61 61 61 61 61 61    598
AUG  61 60 60 60 60 60 60 60 59 59 59 59 59 58 58 58 58 58 57 57 57 57 56 56 56 55 55 55 54 54 54    577
SEP  53 53 52 52 52 51 51 51 50 50 50 49 49 49 48 48 47 47 47 46 46 46 45 45 45 44 44 44 43 43       480
OCT  43 42 42 42 41 41 40 40 40 39 39 39 38 38 38 37 37 37 36 36 36 35 35 34 34 34 33 33 33 32 32    373
NOV  32 31 31 31 30 30 30 29 29 28 28 28 27 27 27 27 26 26 26 25 25 25 24 24 24 23 23 23 23 22       268
DEC  22 22 22 21 21 21 21 20 20 20 20 20 19 19 19 19 19 19 19 18 18 18 18 18 18 18 18 18 18 18 18    193
                                                                                                        
-------------------------------------------------------------------------------------------------       
 Maximum Temperature (deg F [tenths deg F for monthly])                                                 
 DAY  1  2  3  4  5  6  7  8  9 10 11 12 13 14 15 16 17 18 19 20 21 22 23 24 25 26 27 28 29 30 31  MONTH
-------------------------------------------------------------------------------------------------       
JAN  36 37 37 37 37 37 37 37 37 37 37 37 37 37 37 37 37 38 38 38 38 38 38 38 39 39 39 39 39 40 40    377
FEB  40 40 41 41 41 41 41 42 42 42 42 43 43 43 44 44 44 44 45 45 45 46 46 46 46 47 47 47             435
MAR  48 48 48 49 49 49 50 50 50 50 51 51 51 52 52 52 52 53 53 53 54 54 54 54 55 55 55 55 56 56 56    521
APR  56 57 57 57 57 58 58 58 59 59 59 59 60 60 60 61 61 61 61 62 62 62 63 63 63 64 64 64 65 65       605
MAY  65 66 66 66 67 67 68 68 68 69 69 69 70 70 70 71 71 72 72 72 73 73 73 74 74 74 75 75 76 76 76    708
JUN  77 77 77 78 78 79 79 79 80 80 80 81 81 81 82 82 82 83 83 83 84 84 85 85 85 86 86 86 87 87       819
JUL  87 88 88 88 89 89 89 89 89 90 90 90 90 90 91 91 91 91 91 91 91 91 91 91 91 91 91 91 91 91 91    901
AUG  91 91 91 91 91 91 91 90 90 90 90 90 90 90 89 89 89 89 88 88 88 88 87 87 87 86 86 86 86 85 85    887
SEP  84 84 84 83 83 83 82 82 81 81 81 80 80 79 79 79 78 78 77 77 77 76 76 75 75 74 74 73 73 73       787
OCT  72 72 71 71 70 70 69 69 68 68 68 67 67 66 66 65 64 64 63 63 62 62 61 61 60 60 59 59 58 57 57    648
NOV  56 56 55 55 54 53 53 52 52 51 51 50 50 49 49 48 48 48 47 47 46 46 45 45 44 44 44 43 43 43       489
DEC  42 42 41 41 41 40 40 40 40 39 39 39 39 38 38 38 38 38 37 37 37 37 37 37 37 37 37 37 37 37 37    385
                                                                                                        
-------------------------------------------------------------------------------------------------       
 Average Temperature (deg F [tenths deg F for monthly])                                                 
 DAY  1  2  3  4  5  6  7  8  9 10 11 12 13 14 15 16 17 18 19 20 21 22 23 24 25 26 27 28 29 30 31  MONTH
-------------------------------------------------------------------------------------------------       
JAN  27 27 27 27 27 27 27 27 27 28 28 28 28 28 28 28 28 28 28 28 28 29 29 29 29 29 29 29 29 30 30    281
FEB  30 30 30 30 31 31 31 31 32 32 32 32 32 33 33 33 33 34 34 34 34 35 35 35 36 36 36 36             329
MAR  37 37 37 38 38 38 39 39 39 39 40 40 40 40 41 41 41 41 42 42 42 42 43 43 43 43 44 44 44 44 44    408
APR  44 45 45 45 45 45 46 46 46 46 47 47 47 47 48 48 48 48 49 49 49 50 50 50 50 51 51 51 52 52       479
MAY  52 53 53 53 54 54 54 55 55 55 55 56 56 56 57 57 57 58 58 58 59 59 59 60 60 60 61 61 61 62 62    571
JUN  62 63 63 63 64 64 64 64 65 65 65 66 66 66 67 67 67 68 68 68 69 69 69 70 70 70 71 71 71 72       669
JUL  72 72 73 73 73 74 74 74 74 75 75 75 75 75 75 76 76 76 76 76 76 76 76 76 76 76 76 76 76 76 76    750
AUG  76 76 76 76 75 75 75 75 75 75 75 74 74 74 74 74 73 73 73 73 72 72 72 71 71 71 71 70 70 69 69    732
SEP  69 68 68 68 67 67 67 66 66 66 65 65 64 64 64 63 63 62 62 62 61 61 61 60 60 59 59 59 58 58       634
OCT  57 57 57 56 56 55 55 55 54 54 53 53 53 52 52 51 51 50 50 49 49 49 48 48 47 47 46 46 45 45 44    511
NOV  44 44 43 43 42 42 41 41 40 40 40 39 39 38 38 38 37 37 36 36 36 35 35 34 34 34 33 33 33 32       379
DEC  32 32 32 31 31 31 30 30 30 30 29 29 29 29 29 29 28 28 28 28 28 28 28 28 27 27 27 27 27 27 27    289
                                                                                                        
-------------------------------------------------------------------------------------------------       
 Heating Degree Days                                                                                    
 DAY  1  2  3  4  5  6  7  8  9 10 11 12 13 14 15 16 17 18 19 20 21 22 23 24 25 26 27 28 29 30 31  MONTH
-------------------------------------------------------------------------------------------------       
JAN  38 38 38 38 38 38 38 38 38 38 37 37 37 37 37 37 37 37 37 37 37 37 36 36 36 36 36 36 36 35 35   1146
FEB  35 35 35 35 34 34 34 34 34 33 33 33 33 32 32 32 32 31 31 31 31 30 30 30 29 29 29 29             900
MAR  28 28 28 27 27 27 26 26 26 26 25 25 25 24 24 24 24 24 23 23 23 23 22 22 22 22 22 21 21 21 21    750
APR  21 20 20 20 20 20 19 19 19 19 19 18 18 18 18 17 17 17 17 16 16 16 15 15 15 14 14 14 14 13       518
MAY  13 13 12 12 12 11 11 11 10 10 10  9  9  9  9  8  8  8  8  7  7  7  7  7  6  6  6  6  6  5  5    268
JUN   5  5  5  5  4  4  4  4  4  4  3  3  3  3  3  3  3  3  2  2  2  2  2  2  2  2  2  1  1  1        89
JUL   1  1  1  1  1  1  0  0  0  0  0  0  0  0  0  0  0  0  0  0  0  0  0  0  0  0  0  0  0  0  0      6
AUG   0  0  0  0  0  0  0  0  0  0  0  0  0  0  0  0  0  0  0  0  0  0  0  1  1  1  1  1  1  1  1      8
SEP   1  1  2  2  2  2  2  2  2  3  3  3  3  3  4  4  4  4  5  5  5  5  6  6  6  7  7  7  8  8       122
OCT   8  9  9  9 10 10 10 11 11 12 12 12 13 13 14 14 14 15 15 16 16 17 17 17 18 18 19 19 20 20 21    439
NOV  21 22 22 22 23 23 24 24 25 25 25 26 26 27 27 27 28 28 29 29 29 30 30 31 31 31 32 32 32 33       814
DEC  33 33 33 34 34 34 35 35 35 35 36 36 36 36 36 37 37 37 37 37 37 37 37 37 38 38 38 38 38 38 38   1120
                                                                                                        
-------------------------------------------------------------------------------------------------       
 Cooling Degree Days                                                                                    
 DAY  1  2  3  4  5  6  7  8  9 10 11 12 13 14 15 16 17 18 19 20 21 22 23 24 25 26 27 28 29 30 31  MONTH
-------------------------------------------------------------------------------------------------       
JAN   0  0  0  0  0  0  0  0  0  0  0  0  0  0  0  0  0  0  0  0  0  0  0  0  0  0  0  0  0  0  0      0
FEB   0  0  0  0  0  0  0  0  0  0  0  0  0  0  0  0  0  0  0  0  0  0  0  0  0  0  0  0               0
MAR   0  0  0  0  0  0  0  0  0  0  0  0  0  0  0  0  0  0  0  0  0  0  0  0  0  0  0  0  0  0  0      0
APR   0  0  0  0  0  0  0  0  0  0  0  0  0  0-99-99-99  0  0  0  0  0  0  0  0  0  0  0  0  0         3
MAY   0  0  0  0  0  0  0  0  0  0  0  0  0  0  1  1  1  1  1  1  1  1  1  1  1  2  2  2  2  2  2     23
JUN   2  2  3  3  3  3  3  3  4  4  4  4  4  4  5  5  5  5  5  6  6  6  6  6  7  7  7  7  8  8       145
JUL   8  8  9  9  9  9  9  9 10 10 10 10 10 10 10 10 11 11 11 11 11 11 11 11 11 11 11 11 11 11 11    315
AUG  11 11 10 10 10 10 10 10 10 10  9  9  9  9  9  9  9  8  8  8  8  8  7  7  7  7  6  6  6  6  5    262
SEP   5  5  5  4  4  4  4  3  3  3  3  3  3  2  2  2  2  2  2  1  1  1  1  1  1  1  1  1  1  1        72
OCT   1  1  1  1  1  1  0  0  0  0  0  0  0  0  0  0  0  0  0  0  0  0  0  0  0  0  0  0  0  0  0      6
NOV   0  0  0  0  0  0  0  0  0  0  0  0  0  0  0  0  0  0  0  0  0  0  0  0  0  0  0  0  0  0         0
DEC   0  0  0  0  0  0  0  0  0  0  0  0  0  0  0  0  0  0  0  0  0  0  0  0  0  0  0  0  0  0  0      0
                                                                                                        
-------------------------------------------------------------------------------------------------       
 Total  Precipitation (Hundreths of an Inch)                                                            
 DAY  1  2  3  4  5  6  7  8  9 10 11 12 13 14 15 16 17 18 19 20 21 22 23 24 25 26 27 28 29 30 31  MONTH
-------------------------------------------------------------------------------------------------       
JAN   4  5  5  5  5  5  5  5  5  5  5  5  5  5  5  5  5  5  5  5  5  5  5  5  5  5  5  5  5  5  5    154
FEB   5  5  5  5  5  5  5  5  5  5  6  6  6  6  6  6  6  6  6  6  6  6  6  6  6  6  6  6             158
MAR   6  6  6  6  6  6  6  6  6  6  6  6  6  6  6  6  6  6  6  6  7  7  7  7  7  6  6  6  6  6  6    191
APR   6  6  6  6  6  6  6  6  6  6  6  6  6  6  6  6  7  7  7  7  7  7  7  7  7  7  7  7  7  7       194
MAY   7  7  7  7  7  7  8  8  8  8  7  7  7  7  7  7  7  7  7  7  7  7  6  6  6  6  6  6  5  5  5    209
JUN   5  5  4  4  4  4  4  3  3  3  3  3  3  3  2  2  2  2  2  2  2  2  2  2  2  2  2  2  2  2        83
JUL   2  2  2  2  2  2  2  2  2  2  2  2  2  2  2  2  2  2  2  3  3  3  3  3  3  3  3  3  3  3  3     74
AUG   3  3  3  3  3  3  3  3  3  3  3  3  3  3  3  3  3  3  3  3  3  3  3  3  3  3  4  4  4  4  4     98
SEP   4  4  4  4  4  4  4  4  4  4  4  4  5  5  5  5  5  5  5  5  5  5  5  5  5  5  6  6  6  6       142
OCT   6  6  6  6  6  6  6  6  6  6  6  7  7  7  7  7  7  7  7  7  7  7  7  7  7  7  7  7  7  7  7    206
NOV   7  7  7  7  7  7  7  6  6  6  6  6  6  6  6  6  6  6  6  6  6  6  6  5  5  5  5  5  5  5       180
DEC   5  5  5  5  5  5  5  5  5  4  4  4  4  4  4  4  4  4  4  4  4  4  4  4  4  4  4  4  4  4  4    133
                                                                                                        
