-------------------------------------------------------------------------------------------------       
 1971-2000 Daily/Monthly Station Normals                                                                
 Provided by National Climatic Data Center/NESDIS/NOAA                                                  
-------------------------------------------------------------------------------------------------       
 Station COOP ID:                           426538                                                      
 Station Name, State, Division, Call:       OREM TREATMENT PLANT               UT 03                    
 Latitude, Longitude, Elevation, Elements:  40 16 40 -111 44 19  4510 XNP                               
-------------------------------------------------------------------------------------------------       
 Minimum Temperature (deg F [tenths deg F for monthly])                                                 
 DAY  1  2  3  4  5  6  7  8  9 10 11 12 13 14 15 16 17 18 19 20 21 22 23 24 25 26 27 28 29 30 31  MONTH
-------------------------------------------------------------------------------------------------       
JAN  21 21 21 21 20 20 20 20 20 20 20 20 20 20 20 20 20 20 20 20 20 20 20 20 20 20 21 21 21 21 21    203
FEB  21 21 22 22 22 22 22 23 23 23 23 23 24 24 24 24 25 25 25 26 26 26 27 27 27 27 28 28             243
MAR  29 29 29 30 30 30 31 31 31 31 32 32 32 33 33 33 33 34 34 34 34 35 35 35 35 35 36 36 36 36 36    329
APR  37 37 37 37 37 38 38 38 38 38 38 39 39 39 39 40 40 40 40 40 41 41 41 41 41 42 42 42 42 43       395
MAY  43 43 43 44 44 44 44 45 45 45 45 46 46 46 46 47 47 47 47 48 48 48 48 49 49 49 49 50 50 50 50    466
JUN  51 51 51 51 51 52 52 52 52 53 53 53 53 54 54 54 54 55 55 55 55 56 56 56 57 57 57 57 58 58       541
JUL  58 58 58 59 59 59 59 60 60 60 60 61 61 61 61 61 61 61 61 61 61 61 62 62 62 62 62 62 62 62 62    606
AUG  62 62 62 62 62 61 61 61 61 61 61 61 61 61 60 60 60 60 60 59 59 59 59 58 58 58 58 57 57 57 56    598
SEP  56 56 56 55 55 55 54 54 53 53 53 52 52 52 52 51 51 50 50 50 49 49 48 48 48 47 47 46 46 46       511
OCT  45 45 45 44 44 43 43 43 42 42 41 41 41 40 40 40 39 39 39 38 38 38 37 37 36 36 36 35 35 35 34    397
NOV  34 34 33 33 33 33 32 32 32 31 31 31 31 30 30 30 29 29 29 29 28 28 28 28 28 27 27 27 27 26       300
DEC  26 26 26 26 25 25 25 25 25 25 24 24 24 24 24 23 23 23 23 23 23 22 22 22 22 22 22 21 21 21 21    235
                                                                                                        
-------------------------------------------------------------------------------------------------       
 Maximum Temperature (deg F [tenths deg F for monthly])                                                 
 DAY  1  2  3  4  5  6  7  8  9 10 11 12 13 14 15 16 17 18 19 20 21 22 23 24 25 26 27 28 29 30 31  MONTH
-------------------------------------------------------------------------------------------------       
JAN  36 36 36 36 36 36 36 36 36 36 36 36 36 36 36 36 36 37 37 37 37 37 37 38 38 38 38 38 39 39 39    368
FEB  40 40 40 40 41 41 41 42 42 42 43 43 43 44 44 44 45 45 46 46 46 47 47 48 48 49 49 49             441
MAR  50 50 51 51 52 52 52 53 53 54 54 54 55 55 56 56 56 57 57 57 58 58 58 59 59 59 60 60 60 60 61    557
APR  61 61 62 62 62 63 63 63 63 64 64 64 65 65 65 65 66 66 66 67 67 67 68 68 68 69 69 69 70 70       654
MAY  70 71 71 71 72 72 72 73 73 73 74 74 74 75 75 75 76 76 76 77 77 78 78 78 79 79 80 80 80 81 81    755
JUN  82 82 82 83 83 83 84 84 84 85 85 85 86 86 86 87 87 87 88 88 88 88 89 89 89 89 90 90 90 90       863
JUL  90 91 91 91 91 91 92 92 92 92 92 92 92 92 92 93 93 93 93 93 93 93 93 93 93 93 93 93 93 93 93    923
AUG  93 93 93 92 92 92 92 92 92 92 91 91 91 91 91 90 90 90 90 89 89 89 89 88 88 88 87 87 86 86 86    900
SEP  85 85 85 84 84 83 83 82 82 82 81 81 80 80 79 79 79 78 78 77 77 76 76 76 75 75 74 74 73 73       792
OCT  72 72 71 71 70 70 70 69 69 68 68 67 66 66 65 65 64 64 63 63 62 62 61 61 60 59 59 58 58 57 56    647
NOV  56 55 55 54 53 53 52 52 51 51 50 50 49 49 48 48 47 47 46 46 46 45 45 44 44 43 43 43 42 42       483
DEC  42 41 41 41 40 40 40 39 39 39 39 38 38 38 38 38 37 37 37 37 37 37 37 36 36 36 36 36 36 36 36    380
                                                                                                        
-------------------------------------------------------------------------------------------------       
 Average Temperature (deg F [tenths deg F for monthly])                                                 
 DAY  1  2  3  4  5  6  7  8  9 10 11 12 13 14 15 16 17 18 19 20 21 22 23 24 25 26 27 28 29 30 31  MONTH
-------------------------------------------------------------------------------------------------       
JAN  29 28 28 28 28 28 28 28 28 28 28 28 28 28 28 28 28 28 29 29 29 29 29 29 29 29 30 30 30 30 30    286
FEB  30 31 31 31 31 32 32 32 32 33 33 33 34 34 34 34 35 35 35 36 36 37 37 37 38 38 38 39             342
MAR  39 40 40 40 41 41 41 42 42 43 43 43 44 44 44 44 45 45 45 46 46 46 47 47 47 47 48 48 48 48 49    443
APR  49 49 49 50 50 50 50 51 51 51 51 52 52 52 52 53 53 53 53 54 54 54 54 55 55 55 55 56 56 56       525
MAY  57 57 57 58 58 58 58 59 59 59 60 60 60 60 61 61 61 62 62 62 63 63 63 63 64 64 64 65 65 65 66    611
JUN  66 66 67 67 67 68 68 68 68 69 69 69 70 70 70 70 71 71 71 71 72 72 72 73 73 73 73 74 74 74       702
JUL  74 75 75 75 75 75 76 76 76 76 76 77 77 77 77 77 77 77 77 77 77 77 77 77 77 78 77 77 77 77 77    765
AUG  77 77 77 77 77 77 77 77 77 76 76 76 76 76 76 75 75 75 75 74 74 74 74 73 73 73 72 72 72 71 71    749
SEP  71 70 70 70 69 69 69 68 68 67 67 67 66 66 66 65 65 64 64 63 63 63 62 62 61 61 61 60 60 59       652
OCT  59 58 58 58 57 57 56 56 55 55 54 54 54 53 53 52 52 51 51 50 50 50 49 49 48 48 47 47 46 46 45    522
NOV  45 45 44 44 43 43 42 42 41 41 41 40 40 40 39 39 38 38 38 37 37 37 36 36 36 35 35 35 35 34       392
DEC  34 34 33 33 33 33 32 32 32 32 32 31 31 31 31 31 30 30 30 30 30 30 29 29 29 29 29 29 29 29 28    308
                                                                                                        
-------------------------------------------------------------------------------------------------       
 Heating Degree Days                                                                                    
 DAY  1  2  3  4  5  6  7  8  9 10 11 12 13 14 15 16 17 18 19 20 21 22 23 24 25 26 27 28 29 30 31  MONTH
-------------------------------------------------------------------------------------------------       
JAN  37 37 37 37 37 37 37 37 37 37 37 37 37 37 37 37 37 37 37 36 36 36 36 36 36 36 36 35 35 35 35   1131
FEB  35 34 34 34 34 33 33 33 33 32 32 32 31 31 31 31 30 30 30 29 29 29 28 28 27 27 27 26             863
MAR  26 25 25 25 24 24 24 23 23 23 22 22 21 21 21 21 20 20 20 19 19 19 18 18 18 18 17 17 17 17 16    643
APR  16 16 16 15 15 15 15 15 14 14 14 14 13 13 13 13 12 12 12 12 11 11 11 11 11 10 10 10 10  9       383
MAY   9  9  9  8  8  8  8  7  7  7  7  7  6  6  6  6  6  5  5  5  5  5  4  4  4  4  4  3  3  3  3    181
JUN   3  2  2  2  2  2  2  2  1  1  1  1  1  1  1  1  1  0  0  0  0  0  0  0  0  0  0  0  0  0        26
JUL   0  0  0  0  0  0  0  0  0  0  0  0  0  0  0  0  0  0  0  0  0  0  0  0  0  0  0  0  0  0  0      0
AUG   0  0  0  0  0  0  0  0  0  0  0  0  0  0  0  0  0  0  0  0  0  0  0  0  0  0  1  1  1  1  1      5
SEP   1  1  1  1  1  1  1  2  2  2  2  2  2  3  3  3  3  3  4  4  4  4  5  5  5  5  6  6  6  7        95
OCT   7  7  8  8  8  9  9 10 10 10 11 11 11 12 12 13 13 13 14 14 15 15 16 16 17 17 18 18 18 19 19    398
NOV  20 20 21 21 22 22 23 23 24 24 24 25 25 26 26 26 27 27 27 28 28 29 29 29 29 30 30 30 31 31       777
DEC  31 31 32 32 32 32 33 33 33 33 34 34 34 34 34 35 35 35 35 35 35 35 36 36 36 36 36 36 36 36 37   1062
                                                                                                        
-------------------------------------------------------------------------------------------------       
 Cooling Degree Days                                                                                    
 DAY  1  2  3  4  5  6  7  8  9 10 11 12 13 14 15 16 17 18 19 20 21 22 23 24 25 26 27 28 29 30 31  MONTH
-------------------------------------------------------------------------------------------------       
JAN   0  0  0  0  0  0  0  0  0  0  0  0  0  0  0  0  0  0  0  0  0  0  0  0  0  0  0  0  0  0  0      0
FEB   0  0  0  0  0  0  0  0  0  0  0  0  0  0  0  0  0  0  0  0  0  0  0  0  0  0  0  0               0
MAR   0  0  0  0  0  0  0  0  0  0  0  0  0  0  0  0  0  0  0  0  0  0  0  0  0  0  0  0  0  0  0      0
APR   0  0  0  0  0  0  0  0  0  0  0  0  0  0  0  0  0  0  0  0  0  0  1  1  1  1  1  1  1  1         8
MAY   1  1  1  1  1  1  1  1  1  1  1  1  1  2  2  2  2  2  2  2  2  2  2  3  3  3  3  3  3  3  3     57
JUN   4  4  4  4  4  4  4  5  5  5  5  5  6  6  6  6  6  6  7  7  7  7  7  8  8  8  8  9  9  9       183
JUL   9 10 10 10 10 11 11 11 11 11 11 12 12 12 12 12 12 12 12 12 12 12 12 12 12 12 12 12 12 12 12    355
AUG  12 12 12 12 12 12 12 12 11 11 11 11 11 11 11 10 10 10 10 10  9  9  9  9  8  8  8  8  7  7  7    312
SEP   7  6  6  6  5  5  5  5  4  4  4  4  4  3  3  3  3  3  2  2  2  2  2  2  2  1  1  1  1  1        99
OCT   1  1  0  0  0  0  0  0  0  0  0  0  0  0  0  0  0  0  0  0  0  0  0  0  0  0  0  0  0  0  0      2
NOV   0  0  0  0  0  0  0  0  0  0  0  0  0  0  0  0  0  0  0  0  0  0  0  0  0  0  0  0  0  0         0
DEC   0  0  0  0  0  0  0  0  0  0  0  0  0  0  0  0  0  0  0  0  0  0  0  0  0  0  0  0  0  0  0      0
                                                                                                        
-------------------------------------------------------------------------------------------------       
 Total  Precipitation (Hundreths of an Inch)                                                            
 DAY  1  2  3  4  5  6  7  8  9 10 11 12 13 14 15 16 17 18 19 20 21 22 23 24 25 26 27 28 29 30 31  MONTH
-------------------------------------------------------------------------------------------------       
JAN   3  3  4  4  4  4  4  4  4  4  4  4  4  4  4  4  4  4  4  4  4  4  4  4  4  4  4  4  4  4  4    122
FEB   4  4  4  4  4  4  4  4  4  4  4  4  4  4  4  4  4  4  4  4  4  4  4  4  4  4  4  3             111
MAR   4  4  4  4  4  4  4  3  3  3  3  3  3  3  3  3  4  4  4  4  4  4  4  4  4  4  4  4  4  4  4    115
APR   4  4  4  4  4  4  4  4  4  4  4  4  4  4  4  4  4  4  4  4  5  5  5  5  5  5  5  5  5  5       130
MAY   5  5  5  5  5  5  5  5  5  5  5  5  5  5  5  4  4  4  4  4  4  4  4  4  4  4  4  4  4  4  3    138
JUN   4  4  3  3  3  3  3  3  3  3  3  3  3  3  3  3  2  2  2  2  2  2  2  2  2  2  2  2  2  2        78
JUL   2  2  2  2  2  2  2  2  2  2  2  2  2  2  2  2  2  2  2  2  2  2  2  2  2  2  3  3  3  3  3     67
AUG   2  2  2  2  2  2  2  2  2  2  2  2  2  2  2  2  3  3  3  3  3  3  3  3  3  3  3  3  3  3  3     77
SEP   3  3  3  3  3  3  3  3  4  4  4  4  4  4  4  4  4  4  4  4  4  4  4  4  4  4  4  5  5  5       115
OCT   4  5  5  5  5  5  5  5  5  5  5  5  5  5  5  5  5  5  5  5  5  5  5  5  5  5  4  4  4  4  4    149
NOV   4  4  4  4  4  4  4  4  4  4  4  4  4  3  3  3  3  3  3  3  3  3  3  3  3  3  3  3  3  3       103
DEC   3  3  3  3  2  2  2  2  2  2  2  2  2  2  2  2  2  2  3  3  3  3  3  3  3  3  3  3  3  3  3     79
                                                                                                        
