-------------------------------------------------------------------------------------------------       
 1971-2000 Daily/Monthly Station Normals                                                                
 Provided by National Climatic Data Center/NESDIS/NOAA                                                  
-------------------------------------------------------------------------------------------------       
 Station COOP ID:                           429165                                                      
 Station Name, State, Division, Call:       WANSHIP DAM                        UT 05                    
 Latitude, Longitude, Elevation, Elements:  40 47 26 -111 24 28  5940 XNP                               
-------------------------------------------------------------------------------------------------       
 Minimum Temperature (deg F [tenths deg F for monthly])                                                 
 DAY  1  2  3  4  5  6  7  8  9 10 11 12 13 14 15 16 17 18 19 20 21 22 23 24 25 26 27 28 29 30 31  MONTH
-------------------------------------------------------------------------------------------------       
JAN  11 11 11 11 11 11 11 11 11 11 11 11 11 11 11 11 11 11 11 11 11 11 11 11 11 12 12 12 12 12 12    112
FEB  12 12 12 12 12 12 13 13 13 13 13 13 14 14 14 14 14 15 15 15 16 16 16 16 17 17 17 18             142
MAR  18 19 19 19 20 20 20 21 21 21 21 22 22 22 23 23 23 23 24 24 24 24 24 25 25 25 25 25 25 25 26    225
APR  26 26 26 26 26 26 26 27 27 27 27 27 27 28 28 28 28 28 29 29 29 29 30 30 30 30 30 31 31 31       281
MAY  31 32 32 32 33 33 33 33 34 34 34 34 34 35 35 35 35 36 36 36 36 36 37 37 37 37 37 37 38 38 38    350
JUN  38 38 38 39 39 39 39 39 40 40 40 40 40 40 41 41 41 41 42 42 42 42 42 43 43 43 43 44 44 44       409
JUL  44 45 45 45 45 45 46 46 46 46 46 46 47 47 47 47 47 47 47 47 47 47 47 47 47 47 47 47 47 47 47    464
AUG  47 47 47 47 47 47 47 47 46 46 46 46 46 46 46 45 45 45 45 45 44 44 44 44 44 43 43 43 42 42 42    451
SEP  42 41 41 41 40 40 40 40 39 39 39 38 38 38 37 37 37 37 36 36 36 35 35 35 34 34 34 34 33 33       373
OCT  33 32 32 32 31 31 31 30 30 30 30 29 29 29 28 28 28 28 27 27 27 27 26 26 26 26 25 25 25 25 24    283
NOV  24 24 24 23 23 23 23 22 22 22 21 21 21 21 20 20 20 19 19 19 19 18 18 18 17 17 17 16 16 16       201
DEC  15 15 15 14 14 14 14 13 13 13 13 12 12 12 12 12 11 11 11 11 11 11 11 11 11 11 11 11 11 11 11    122
                                                                                                        
-------------------------------------------------------------------------------------------------       
 Maximum Temperature (deg F [tenths deg F for monthly])                                                 
 DAY  1  2  3  4  5  6  7  8  9 10 11 12 13 14 15 16 17 18 19 20 21 22 23 24 25 26 27 28 29 30 31  MONTH
-------------------------------------------------------------------------------------------------       
JAN  35 35 35 35 35 35 35 35 35 35 35 35 35 36 36 36 36 36 36 36 36 36 36 36 37 37 37 37 37 37 37    358
FEB  38 38 38 38 38 38 39 39 39 39 40 40 40 40 40 41 41 41 41 42 42 42 43 43 43 43 44 44             405
MAR  44 45 45 45 45 46 46 46 47 47 47 48 48 48 49 49 49 50 50 50 50 51 51 51 52 52 52 53 53 53 54    489
APR  54 54 55 55 55 56 56 57 57 57 58 58 58 59 59 59 60 60 60 61 61 61 61 62 62 62 63 63 63 64       590
MAY  64 64 65 65 65 66 66 66 67 67 67 68 68 69 69 69 70 70 70 71 71 71 72 72 73 73 73 74 74 74 75    693
JUN  75 76 76 76 77 77 78 78 78 79 79 79 80 80 80 81 81 81 82 82 82 83 83 83 84 84 84 84 85 85       804
JUL  85 86 86 86 86 87 87 87 87 88 88 88 88 88 88 88 89 89 89 89 89 89 89 89 89 89 89 89 89 89 89    880
AUG  89 89 89 89 89 89 89 89 89 88 88 88 88 88 88 87 87 87 87 86 86 86 86 85 85 85 84 84 84 83 83    869
SEP  83 82 82 82 81 81 80 80 80 79 79 79 78 78 77 77 77 76 76 75 75 75 74 74 74 73 73 72 72 72       772
OCT  71 71 71 70 70 69 69 68 68 68 67 67 66 66 65 64 64 63 63 62 62 61 61 60 59 59 58 57 57 56 55    641
NOV  55 54 53 53 52 51 51 50 50 49 49 48 48 47 46 46 46 45 45 44 44 43 43 43 42 42 42 41 41 41       468
DEC  40 40 40 40 39 39 39 39 38 38 38 38 38 37 37 37 37 37 36 36 36 36 36 36 36 36 36 36 35 35 35    373
                                                                                                        
-------------------------------------------------------------------------------------------------       
 Average Temperature (deg F [tenths deg F for monthly])                                                 
 DAY  1  2  3  4  5  6  7  8  9 10 11 12 13 14 15 16 17 18 19 20 21 22 23 24 25 26 27 28 29 30 31  MONTH
-------------------------------------------------------------------------------------------------       
JAN  23 23 23 23 23 23 23 23 23 23 23 23 23 23 23 23 23 23 24 24 24 24 24 24 24 24 24 24 24 25 25    235
FEB  25 25 25 25 25 25 26 26 26 26 26 27 27 27 27 27 28 28 28 29 29 29 29 30 30 30 31 31             274
MAR  31 32 32 32 33 33 33 33 34 34 34 35 35 35 36 36 36 36 37 37 37 37 38 38 38 39 39 39 39 39 40    357
APR  40 40 40 41 41 41 41 42 42 42 42 43 43 43 43 44 44 44 44 45 45 45 46 46 46 46 47 47 47 48       436
MAY  48 48 48 49 49 49 50 50 50 50 51 51 51 52 52 52 53 53 53 53 54 54 54 55 55 55 55 56 56 56 56    522
JUN  57 57 57 58 58 58 58 59 59 59 59 60 60 60 61 61 61 61 62 62 62 62 63 63 63 64 64 64 64 65       607
JUL  65 65 65 66 66 66 66 66 67 67 67 67 67 67 68 68 68 68 68 68 68 68 68 68 68 68 68 68 68 68 68    672
AUG  68 68 68 68 68 68 68 68 67 67 67 67 67 67 67 66 66 66 66 66 65 65 65 65 64 64 64 63 63 63 62    660
SEP  62 62 62 61 61 61 60 60 60 59 59 59 58 58 57 57 57 56 56 56 55 55 55 54 54 54 53 53 53 52       573
OCT  52 52 51 51 51 50 50 49 49 49 48 48 48 47 47 46 46 45 45 45 44 44 43 43 43 42 42 41 41 40 40    462
NOV  39 39 39 38 38 37 37 36 36 35 35 35 34 34 33 33 33 32 32 32 31 31 31 30 30 30 29 29 29 28       335
DEC  28 28 27 27 27 27 26 26 26 26 25 25 25 25 25 24 24 24 24 24 24 24 24 23 23 23 23 23 23 23 23    248
                                                                                                        
-------------------------------------------------------------------------------------------------       
 Heating Degree Days                                                                                    
 DAY  1  2  3  4  5  6  7  8  9 10 11 12 13 14 15 16 17 18 19 20 21 22 23 24 25 26 27 28 29 30 31  MONTH
-------------------------------------------------------------------------------------------------       
JAN  42 42 42 42 42 42 42 42 42 42 42 42 42 42 42 42 42 41 41 41 41 41 41 41 41 41 41 41 41 40 40   1286
FEB  40 40 40 40 40 40 39 39 39 39 39 38 38 38 38 38 37 37 37 37 36 36 36 35 35 35 34 34            1054
MAR  34 33 33 33 32 32 32 32 31 31 31 30 30 30 29 29 29 29 28 28 28 28 27 27 27 26 26 26 26 26 25    908
APR  25 25 25 24 24 24 24 23 23 23 23 22 22 22 22 21 21 21 21 20 20 20 19 19 19 19 18 18 18 17       642
MAY  17 17 17 16 16 16 15 15 15 15 14 14 14 13 13 13 13 12 12 12 12 11 11 11 10 10 10 10  9  9  9    401
JUN   9  8  8  8  8  7  7  7  7  6  6  6  6  6  5  5  5  5  5  4  4  4  4  4  4  4  3  3  3  3       164
JUL   3  3  2  2  2  2  2  2  2  2  2  1  1  1  1  1  1  1  1  1  1  1  1  1  1  1  1  1  1  1  1     44
AUG   1  1  1  1  1  1  1  1  1  1  1  1  1  1  1  1  1  2  2  2  2  2  2  2  3  3  3  3  3  3  4     53
SEP   4  4  5  5  5  5  6  6  6  6  7  7  7  7  8  8  8  9  9  9  9 10 10 10 11 11 11 12 12 13       240
OCT  13 13 14 14 14 15 15 16 16 16 17 17 17 18 18 19 19 20 20 20 21 21 22 22 23 23 23 24 24 25 25    584
NOV  26 26 27 27 27 28 28 29 29 30 30 30 31 31 32 32 32 33 33 33 34 34 34 35 35 36 36 36 36 37       947
DEC  37 37 38 38 38 39 39 39 39 39 40 40 40 40 40 41 41 41 41 41 41 41 41 42 42 42 42 42 42 42 42   1247
                                                                                                        
-------------------------------------------------------------------------------------------------       
 Cooling Degree Days                                                                                    
 DAY  1  2  3  4  5  6  7  8  9 10 11 12 13 14 15 16 17 18 19 20 21 22 23 24 25 26 27 28 29 30 31  MONTH
-------------------------------------------------------------------------------------------------       
JAN   0  0  0  0  0  0  0  0  0  0  0  0  0  0  0  0  0  0  0  0  0  0  0  0  0  0  0  0  0  0  0      0
FEB   0  0  0  0  0  0  0  0  0  0  0  0  0  0  0  0  0  0  0  0  0  0  0  0  0  0  0  0               0
MAR   0  0  0  0  0  0  0  0  0  0  0  0  0  0  0  0  0  0  0  0  0  0  0  0  0  0  0  0  0  0  0      0
APR   0  0  0  0  0  0  0  0  0  0  0  0  0  0  0  0  0  0  0  0  0  0  0  0  0  0  0  0  0  0         0
MAY   0  0  0  0  0  0  0  0  0  0  0  0  0  0  0  0  0  0  0  0  0  0  0  0  0  0  0  0  0-99-99      2
JUN   0  0  0  0  0  0  1  1  1  1  1  1  1  1  1  1  1  1  1  1  1  2  2  2  2  2  2  2  2  2        33
JUL   2  3  3  3  3  3  3  3  3  3  3  4  4  4  4  4  4  4  4  4  4  4  4  4  4  4  4  4  4  4  4    112
AUG   4  4  4  4  4  3  3  3  3  3  3  3  3  3  3  3  3  3  3  2  2  2  2  2  2  2  2  2  2  1  1     84
SEP   1  1  1  1  1  1  1  1  0  0  0  0  0  0  0  0  0  0  0  0  0  0  0  0  0  0  0  0  0  0         8
OCT   0  0  0  0  0  0  0  0  0  0  0  0  0  0  0  0  0  0  0  0  0  0  0  0  0  0  0  0  0  0  0      0
NOV   0  0  0  0  0  0  0  0  0  0  0  0  0  0  0  0  0  0  0  0  0  0  0  0  0  0  0  0  0  0         0
DEC   0  0  0  0  0  0  0  0  0  0  0  0  0  0  0  0  0  0  0  0  0  0  0  0  0  0  0  0  0  0  0      0
                                                                                                        
-------------------------------------------------------------------------------------------------       
 Total  Precipitation (Hundreths of an Inch)                                                            
 DAY  1  2  3  4  5  6  7  8  9 10 11 12 13 14 15 16 17 18 19 20 21 22 23 24 25 26 27 28 29 30 31  MONTH
-------------------------------------------------------------------------------------------------       
JAN   3  3  4  4  4  4  4  4  4  4  4  4  4  4  4  4  4  4  4  4  4  4  4  4  4  4  4  4  4  4  4    122
FEB   4  4  4  4  4  4  4  4  4  3  3  3  3  4  4  4  4  4  4  4  4  4  4  4  4  4  4  4             108
MAR   4  4  4  4  4  5  5  5  5  5  5  5  5  5  5  5  5  5  5  5  5  5  5  5  5  5  5  5  5  5  5    150
APR   5  5  5  5  5  5  5  6  6  6  6  6  6  6  6  6  6  6  6  6  6  6  6  6  6  6  6  7  7  7       176
MAY   7  7  7  7  7  7  7  7  7  7  7  7  7  7  7  7  7  7  7  7  6  6  6  6  6  6  6  5  5  5  5    202
JUN   5  5  4  4  4  4  4  4  4  3  3  3  3  3  3  3  3  3  3  3  3  3  3  3  3  3  3  3  3  3       101
JUL   3  3  3  3  3  3  3  3  3  3  3  4  4  4  4  4  4  4  4  4  4  4  4  4  4  3  3  3  3  3  3    107
AUG   3  3  3  3  3  3  3  3  3  3  3  3  3  3  3  3  3  3  3  3  3  4  4  4  4  4  4  4  4  4  4    103
SEP   4  4  4  4  5  5  5  5  5  5  5  5  5  5  5  5  5  5  5  5  5  5  5  5  5  5  5  6  6  6       149
OCT   5  5  5  5  5  5  5  5  5  5  5  5  5  5  5  6  6  6  6  6  6  6  6  6  6  6  6  6  6  6  6    171
NOV   6  6  6  6  6  6  6  6  6  6  6  6  6  6  6  6  6  6  6  5  5  5  5  5  5  5  5  5  5  4       168
DEC   5  4  4  4  4  4  4  4  4  4  4  3  3  3  3  3  3  3  3  3  3  3  3  3  3  3  3  3  3  3  3    105
                                                                                                        
