-------------------------------------------------------------------------------------------------       
 1971-2000 Daily/Monthly Station Normals                                                                
 Provided by National Climatic Data Center/NESDIS/NOAA                                                  
-------------------------------------------------------------------------------------------------       
 Station COOP ID:                           425733                                                      
 Station Name, State, Division, Call:       MOAB                               UT 07                    
 Latitude, Longitude, Elevation, Elements:  38 34 26 -109 32 45  4073 XNP                               
-------------------------------------------------------------------------------------------------       
 Minimum Temperature (deg F [tenths deg F for monthly])                                                 
 DAY  1  2  3  4  5  6  7  8  9 10 11 12 13 14 15 16 17 18 19 20 21 22 23 24 25 26 27 28 29 30 31  MONTH
-------------------------------------------------------------------------------------------------       
JAN  19 19 19 19 19 19 19 19 19 19 19 19 19 19 19 19 19 19 19 20 20 20 20 20 20 21 21 21 21 21 22    196
FEB  22 22 22 23 23 23 24 24 24 24 25 25 25 26 26 26 27 27 27 28 28 28 28 29 29 30 30 30             259
MAR  31 31 31 32 32 32 33 33 33 34 34 34 34 35 35 35 35 36 36 36 36 37 37 37 37 38 38 38 38 38 39    350
APR  39 39 39 39 40 40 40 40 40 41 41 41 41 42 42 42 42 42 43 43 43 43 44 44 44 45 45 45 45 46       420
MAY  46 46 46 47 47 47 48 48 48 48 49 49 49 49 50 50 50 50 51 51 51 52 52 52 52 53 53 53 53 53 54    499
JUN  54 54 55 55 55 55 55 56 56 56 56 57 57 57 57 58 58 58 58 59 59 59 60 60 60 60 61 61 61 61       576
JUL  62 62 62 62 63 63 63 63 63 64 64 64 64 64 64 65 65 65 65 65 65 65 65 65 65 65 65 65 65 65 65    641
AUG  65 65 65 65 65 65 65 65 65 65 65 65 64 64 64 64 64 64 63 63 63 63 62 62 62 61 61 61 60 60 60    634
SEP  59 59 58 58 58 57 57 57 56 56 55 55 55 54 54 53 53 52 52 52 51 51 50 50 49 49 49 48 48 47       534
OCT  47 46 46 46 45 45 44 44 43 43 43 42 42 41 41 40 40 40 39 39 39 38 38 37 37 37 36 36 35 35 35    406
NOV  34 34 34 33 33 33 32 32 32 31 31 31 30 30 30 29 29 29 28 28 28 27 27 27 26 26 26 25 25 25       295
DEC  25 24 24 24 24 23 23 23 23 22 22 22 22 21 21 21 21 21 21 20 20 20 20 20 20 20 20 19 19 19 19    214
                                                                                                        
-------------------------------------------------------------------------------------------------       
 Maximum Temperature (deg F [tenths deg F for monthly])                                                 
 DAY  1  2  3  4  5  6  7  8  9 10 11 12 13 14 15 16 17 18 19 20 21 22 23 24 25 26 27 28 29 30 31  MONTH
-------------------------------------------------------------------------------------------------       
JAN  43 43 42 42 42 42 42 42 42 42 42 42 43 43 43 43 43 43 43 44 44 44 44 45 45 45 45 46 46 46 47    435
FEB  47 48 48 48 49 49 49 50 50 51 51 51 52 52 53 53 53 54 54 55 55 56 56 56 57 57 58 58             525
MAR  58 59 59 60 60 61 61 61 62 62 63 63 63 64 64 64 65 65 65 66 66 66 67 67 67 67 68 68 68 69 69    641
APR  69 69 70 70 70 70 71 71 71 72 72 72 72 73 73 73 74 74 74 74 75 75 75 76 76 76 77 77 77 78       732
MAY  78 78 79 79 79 80 80 81 81 81 82 82 82 83 83 84 84 84 85 85 85 86 86 87 87 87 88 88 89 89 90    836
JUN  90 90 91 91 92 92 92 93 93 93 94 94 95 95 95 95 96 96 96 97 97 97 97 98 98 98 98 99 99 99       950
JUL  99 99 99100100100100100100100100100101101101101101101101101101101101101101101101101101101101   1005
AUG 101100100100100100100100100100 99 99 99 99 99 98 98 98 98 98 97 97 97 97 96 96 96 95 95 95 94    981
SEP  94 94 93 93 93 92 92 92 91 91 91 90 90 89 89 89 88 88 88 87 87 86 86 86 85 85 84 84 84 83       888
OCT  83 82 82 81 81 80 80 79 79 79 78 77 77 76 76 75 75 74 74 73 72 72 71 71 70 69 69 68 68 67 66    750
NOV  65 65 64 63 63 62 62 61 60 60 59 59 58 58 57 57 56 56 55 55 54 54 53 53 52 52 51 51 51 50       572
DEC  50 50 49 49 48 48 48 48 47 47 47 46 46 46 46 45 45 45 45 45 44 44 44 44 44 43 43 43 43 43 43    457
                                                                                                        
-------------------------------------------------------------------------------------------------       
 Average Temperature (deg F [tenths deg F for monthly])                                                 
 DAY  1  2  3  4  5  6  7  8  9 10 11 12 13 14 15 16 17 18 19 20 21 22 23 24 25 26 27 28 29 30 31  MONTH
-------------------------------------------------------------------------------------------------       
JAN  31 31 31 31 31 31 30 30 30 31 31 31 31 31 31 31 31 31 31 32 32 32 32 32 33 33 33 33 34 34 34    316
FEB  35 35 35 36 36 36 36 37 37 38 38 38 39 39 39 40 40 40 41 41 41 42 42 43 43 43 44 44             392
MAR  45 45 45 46 46 46 47 47 48 48 48 49 49 49 49 50 50 50 51 51 51 52 52 52 52 53 53 53 53 54 54    496
APR  54 54 54 55 55 55 55 56 56 56 56 57 57 57 57 58 58 58 58 59 59 59 60 60 60 60 61 61 61 62       576
MAY  62 62 63 63 63 64 64 64 65 65 65 66 66 66 66 67 67 67 68 68 68 69 69 69 70 70 70 71 71 71 72    668
JUN  72 72 73 73 73 74 74 74 75 75 75 75 76 76 76 77 77 77 77 78 78 78 78 79 79 79 79 80 80 80       763
JUL  80 81 81 81 81 81 81 82 82 82 82 82 82 82 83 83 83 83 83 83 83 83 83 83 83 83 83 83 83 83 83    823
AUG  83 83 83 83 83 83 83 82 82 82 82 82 82 82 81 81 81 81 81 80 80 80 80 79 79 79 78 78 78 77 77    808
SEP  77 76 76 76 75 75 74 74 74 73 73 73 72 72 71 71 71 70 70 69 69 69 68 68 67 67 66 66 66 65       711
OCT  65 64 64 63 63 63 62 62 61 61 60 60 59 59 58 58 57 57 56 56 55 55 55 54 54 53 53 52 52 51 50    578
NOV  50 49 49 48 48 47 47 47 46 46 45 45 44 44 43 43 43 42 42 41 41 41 40 40 39 39 39 38 38 38       434
DEC  37 37 37 36 36 36 36 35 35 35 34 34 34 34 34 33 33 33 33 33 32 32 32 32 32 32 31 31 31 31 31    336
                                                                                                        
-------------------------------------------------------------------------------------------------       
 Heating Degree Days                                                                                    
 DAY  1  2  3  4  5  6  7  8  9 10 11 12 13 14 15 16 17 18 19 20 21 22 23 24 25 26 27 28 29 30 31  MONTH
-------------------------------------------------------------------------------------------------       
JAN  34 34 34 34 34 35 35 35 35 35 34 34 34 34 34 34 34 34 34 34 33 33 33 33 32 32 32 32 31 31 31   1038
FEB  30 30 30 30 29 29 29 28 28 27 27 27 26 26 26 25 25 25 24 24 23 23 23 22 22 22 21 21             722
MAR  20 20 20 19 19 19 18 18 17 17 17 16 16 16 16 15 15 15 14 14 14 14 13 13 13 13 12 12 12 12 12    481
APR  11 11 11 11 11 11 10 10 10 10  9  9  9  9  9  8  8  8  8  7  7  7  7  7  6  6  6  6  5  5       252
MAY   5  5  4  4  4  4  3  3  3  3  3  2  2  2  2  2  2  2  1  1  1  1  1  1  1  1  1  1  0  0  0     65
JUN -99-99-99  0  0  0  0  0  0  0  0  0  0  0  0  0  0  0  0  0  0  0  0  0  0  0  0  0  0  0         3
JUL   0  0  0  0  0  0  0  0  0  0  0  0  0  0  0  0  0  0  0  0  0  0  0  0  0  0  0  0  0  0  0      0
AUG   0  0  0  0  0  0  0  0  0  0  0  0  0  0  0  0  0  0  0  0  0  0  0  0  0  0  0  0  0  0  0      0
SEP   0  0  0  0  0  0  0  0  0  0  0  0  0  0  0  0  1  1  1  1  1  1  1  2  2  2  2  2  2  3        22
OCT   3  3  4  4  4  4  5  5  5  5  6  6  7  7  7  8  8  8  9  9 10 10 10 11 11 12 12 13 13 14 14    247
NOV  15 15 16 17 17 18 18 18 19 19 20 20 21 21 22 22 23 23 23 24 24 25 25 25 26 26 26 27 27 27       649
DEC  28 28 28 29 29 29 30 30 30 30 31 31 31 31 32 32 32 32 32 33 33 33 33 33 33 33 34 34 34 34 34    976
                                                                                                        
-------------------------------------------------------------------------------------------------       
 Cooling Degree Days                                                                                    
 DAY  1  2  3  4  5  6  7  8  9 10 11 12 13 14 15 16 17 18 19 20 21 22 23 24 25 26 27 28 29 30 31  MONTH
-------------------------------------------------------------------------------------------------       
JAN   0  0  0  0  0  0  0  0  0  0  0  0  0  0  0  0  0  0  0  0  0  0  0  0  0  0  0  0  0  0  0      0
FEB   0  0  0  0  0  0  0  0  0  0  0  0  0  0  0  0  0  0  0  0  0  0  0  0  0  0  0  0               0
MAR   0  0  0  0  0  0  0  0  0  0  0  0  0  0  0  0  0  0  0  0  0  0  0  0  0  0  0  0  0  0-99      1
APR   0  0  0  0  1  1  1  1  1  1  1  1  1  1  1  1  1  1  1  1  1  1  1  1  1  1  1  2  2  2        29
MAY   2  2  2  2  2  2  2  2  2  3  3  3  3  3  3  4  4  4  4  4  4  5  5  5  5  6  6  6  7  7  7    119
JUN   7  8  8  8  9  9  9  9 10 10 10 11 11 11 11 12 12 12 12 13 13 13 13 14 14 14 14 15 15 15       342
JUL  15 16 16 16 16 16 16 17 17 17 17 17 17 17 18 18 18 18 18 18 18 18 18 18 18 18 18 18 18 18 18    536
AUG  18 18 18 18 18 18 18 17 17 17 17 17 17 17 16 16 16 16 15 15 15 15 14 14 14 14 13 13 13 12 12    488
SEP  11 11 11 10 10 10  9  9  9  8  8  8  7  7  7  7  6  6  6  5  5  5  5  4  4  4  4  3  3  3       205
OCT   3  2  2  2  2  2  2  1  1  1  1  1  1  1  1  0  0  0  0  0  0  0  0  0  0  0  0  0  0  0  0     23
NOV   0  0  0  0  0  0  0  0  0  0  0  0  0  0  0  0  0  0  0  0  0  0  0  0  0  0  0  0  0  0         0
DEC   0  0  0  0  0  0  0  0  0  0  0  0  0  0  0  0  0  0  0  0  0  0  0  0  0  0  0  0  0  0  0      0
                                                                                                        
-------------------------------------------------------------------------------------------------       
 Total  Precipitation (Hundreths of an Inch)                                                            
 DAY  1  2  3  4  5  6  7  8  9 10 11 12 13 14 15 16 17 18 19 20 21 22 23 24 25 26 27 28 29 30 31  MONTH
-------------------------------------------------------------------------------------------------       
JAN   2  2  2  2  2  2  2  3  3  3  3  3  2  2  2  2  2  2  2  2  2  2  2  2  2  2  2  2  2  2  2     67
FEB   2  2  2  2  2  2  2  2  1  1  1  1  1  1  2  2  2  2  2  2  2  2  2  2  2  2  2  2              50
MAR   2  2  2  3  3  3  3  3  3  3  3  3  3  3  3  3  3  3  3  3  3  3  3  3  3  3  3  3  3  3  3     90
APR   3  3  3  3  3  3  4  4  4  4  4  4  4  4  4  3  3  3  3  3  3  3  3  3  3  3  3  3  3  3        99
MAY   3  3  3  3  3  3  3  3  3  3  3  3  3  3  3  3  3  3  3  2  2  2  2  2  2  2  2  2  2  2  2     81
JUN   2  2  1  1  1  1  1  1  1  1  1  1  1  1  1  1  1  1  1  1  1  1  1  1  1  2  2  2  2  2        37
JUL   2  2  2  2  3  3  3  3  3  3  3  3  3  3  3  3  3  3  3  3  3  3  3  4  4  3  3  3  3  3  3     91
AUG   3  3  3  3  3  3  3  3  3  3  3  3  3  3  3  3  3  3  3  3  3  2  2  2  2  2  2  2  2  2  2     83
SEP   2  2  2  2  2  2  2  2  2  2  2  2  2  2  2  2  3  3  3  3  3  3  3  3  3  3  3  3  3  4        75
OCT   4  4  4  4  4  4  4  4  4  4  4  4  4  4  4  5  5  4  4  4  4  4  4  4  4  4  4  4  4  4  4    126
NOV   4  4  3  3  3  3  3  3  3  3  3  3  3  3  3  2  2  2  2  2  2  2  2  2  2  2  2  2  2  2        77
DEC   2  2  2  2  2  2  2  2  2  2  2  2  2  2  2  2  2  2  2  2  2  2  2  2  2  2  2  2  2  2  3     63
                                                                                                        
