-------------------------------------------------------------------------------------------------       
 1971-2000 Daily/Monthly Station Normals                                                                
 Provided by National Climatic Data Center/NESDIS/NOAA                                                  
-------------------------------------------------------------------------------------------------       
 Station COOP ID:                           420050                                                      
 Station Name, State, Division, Call:       ALLEN'S RANCH                      UT 05                    
 Latitude, Longitude, Elevation, Elements:  40 53 59 -109 09 10  5490 XNP                               
-------------------------------------------------------------------------------------------------       
 Minimum Temperature (deg F [tenths deg F for monthly])                                                 
 DAY  1  2  3  4  5  6  7  8  9 10 11 12 13 14 15 16 17 18 19 20 21 22 23 24 25 26 27 28 29 30 31  MONTH
-------------------------------------------------------------------------------------------------       
JAN  11 11 11 11 11 11 11 11 11 11 11 11 11 11 11 11 11 12 12 12 12 12 12 12 12 12 13 13 13 13 13    116
FEB  13 14 14 14 14 14 15 15 15 15 15 16 16 16 16 17 17 17 18 18 18 18 19 19 19 20 20 20             165
MAR  21 21 21 21 22 22 22 23 23 23 23 24 24 24 24 25 25 25 25 26 26 26 26 26 26 27 27 27 27 27 27    244
APR  28 28 28 28 28 28 29 29 29 29 29 29 30 30 30 30 31 31 31 31 32 32 32 32 33 33 33 34 34 34       305
MAY  34 35 35 35 36 36 36 37 37 37 37 38 38 38 38 39 39 39 39 40 40 40 40 41 41 41 41 41 42 42 42    385
JUN  42 42 42 43 43 43 43 44 44 44 44 44 45 45 45 45 46 46 46 46 46 47 47 47 48 48 48 48 49 49       453
JUL  49 50 50 50 50 50 51 51 51 51 51 51 52 52 52 52 52 52 52 52 52 52 52 52 52 52 52 52 52 52 52    514
AUG  52 52 51 51 51 51 51 51 51 51 50 50 50 50 50 49 49 49 49 49 48 48 48 48 47 47 47 47 46 46 46    492
SEP  45 45 45 45 44 44 44 43 43 43 42 42 42 41 41 41 40 40 40 39 39 39 38 38 38 37 37 37 36 36       408
OCT  36 35 35 35 34 34 34 33 33 33 32 32 32 31 31 31 30 30 30 29 29 29 29 28 28 28 27 27 27 27 26    308
NOV  26 26 25 25 25 25 24 24 24 23 23 23 23 22 22 22 21 21 21 21 20 20 20 19 19 19 18 18 18 17       218
DEC  17 17 16 16 16 16 15 15 15 15 14 14 14 14 13 13 13 13 13 13 12 12 12 12 12 12 12 12 12 11 11    136
                                                                                                        
-------------------------------------------------------------------------------------------------       
 Maximum Temperature (deg F [tenths deg F for monthly])                                                 
 DAY  1  2  3  4  5  6  7  8  9 10 11 12 13 14 15 16 17 18 19 20 21 22 23 24 25 26 27 28 29 30 31  MONTH
-------------------------------------------------------------------------------------------------       
JAN  38 38 38 38 38 38 38 38 38 38 38 38 39 39 39 39 39 39 39 39 39 39 40 40 40 40 40 40 41 41 41    390
FEB  41 41 41 42 42 42 42 43 43 43 43 44 44 44 44 45 45 45 45 46 46 46 46 47 47 47 48 48             443
MAR  48 48 49 49 49 50 50 50 51 51 51 51 52 52 52 53 53 53 54 54 54 55 55 55 56 56 56 56 57 57 57    527
APR  58 58 58 59 59 59 60 60 60 61 61 61 61 62 62 62 63 63 63 64 64 64 65 65 65 66 66 66 67 67       623
MAY  67 68 68 68 68 69 69 69 70 70 71 71 71 72 72 72 73 73 73 74 74 75 75 75 76 76 77 77 78 78 78    725
JUN  79 79 80 80 80 81 81 82 82 82 83 83 84 84 84 85 85 85 86 86 86 87 87 87 87 88 88 88 88 89       842
JUL  89 89 89 90 90 90 90 90 91 91 91 91 91 91 92 92 92 92 92 92 92 92 92 92 92 92 92 92 92 92 92    912
AUG  92 92 92 92 92 92 92 91 91 91 91 91 91 90 90 90 90 90 89 89 89 89 88 88 88 87 87 87 86 86 85    896
SEP  85 85 84 84 83 83 83 82 82 82 81 81 80 80 80 79 79 78 78 78 77 77 76 76 76 75 75 75 74 74       794
OCT  73 73 73 72 72 71 71 71 70 70 69 69 68 68 67 67 66 66 65 64 64 63 63 62 62 61 60 60 59 58 58    663
NOV  57 57 56 55 55 54 53 53 52 52 51 51 50 50 49 49 48 48 47 47 46 46 46 45 45 45 44 44 44 43       494
DEC  43 43 42 42 42 42 41 41 41 41 41 40 40 40 40 40 40 39 39 39 39 39 39 39 39 39 38 38 38 38 38    400
                                                                                                        
-------------------------------------------------------------------------------------------------       
 Average Temperature (deg F [tenths deg F for monthly])                                                 
 DAY  1  2  3  4  5  6  7  8  9 10 11 12 13 14 15 16 17 18 19 20 21 22 23 24 25 26 27 28 29 30 31  MONTH
-------------------------------------------------------------------------------------------------       
JAN  25 25 25 25 24 24 24 25 25 25 25 25 25 25 25 25 25 25 25 25 25 25 26 26 26 26 26 26 27 27 27    253
FEB  27 27 28 28 28 28 29 29 29 29 29 30 30 30 30 31 31 31 31 32 32 32 33 33 33 33 34 34             304
MAR  34 35 35 35 36 36 36 36 37 37 37 38 38 38 38 39 39 39 40 40 40 40 41 41 41 41 42 42 42 42 42    386
APR  43 43 43 43 44 44 44 44 45 45 45 45 46 46 46 46 47 47 47 48 48 48 48 49 49 49 50 50 50 50       464
MAY  51 51 51 52 52 52 53 53 53 54 54 54 55 55 55 55 56 56 56 57 57 57 58 58 58 59 59 59 60 60 60    555
JUN  61 61 61 61 62 62 62 63 63 63 64 64 64 64 65 65 65 66 66 66 66 67 67 67 67 68 68 68 69 69       648
JUL  69 69 70 70 70 70 70 71 71 71 71 71 71 72 72 72 72 72 72 72 72 72 72 72 72 72 72 72 72 72 72    713
AUG  72 72 72 72 71 71 71 71 71 71 71 70 70 70 70 70 70 69 69 69 69 68 68 68 67 67 67 67 66 66 66    694
SEP  65 65 65 64 64 63 63 63 62 62 62 61 61 61 60 60 60 59 59 59 58 58 57 57 57 56 56 56 55 55       601
OCT  55 54 54 53 53 53 52 52 52 51 51 50 50 50 49 49 48 48 47 47 47 46 46 45 45 44 44 44 43 43 42    486
NOV  42 41 41 40 40 39 39 38 38 38 37 37 36 36 36 35 35 34 34 34 33 33 33 32 32 32 31 31 31 30       356
DEC  30 30 29 29 29 29 28 28 28 28 27 27 27 27 27 27 26 26 26 26 26 26 25 25 25 25 25 25 25 25 25    268
                                                                                                        
-------------------------------------------------------------------------------------------------       
 Heating Degree Days                                                                                    
 DAY  1  2  3  4  5  6  7  8  9 10 11 12 13 14 15 16 17 18 19 20 21 22 23 24 25 26 27 28 29 30 31  MONTH
-------------------------------------------------------------------------------------------------       
JAN  40 40 40 40 40 41 40 40 40 40 40 40 40 40 40 40 40 40 40 40 40 40 39 39 39 39 39 39 39 38 38   1230
FEB  38 38 37 37 37 37 37 36 36 36 36 35 35 35 35 34 34 34 34 33 33 33 32 32 32 32 31 31             970
MAR  31 30 30 30 29 29 29 29 28 28 28 27 27 27 27 26 26 26 26 25 25 25 24 24 24 24 24 23 23 23 23    820
APR  22 22 22 22 22 21 21 21 21 20 20 20 19 19 19 19 18 18 18 17 17 17 17 16 16 16 15 15 15 14       559
MAY  14 14 13 13 13 12 12 12 12 11 11 11 10 10 10 10  9  9  9  8  8  8  8  7  7  7  7  6  6  6  6    299
JUN   6  5  5  5  5  5  4  4  4  4  4  4  3  3  3  3  3  3  2  2  2  2  2  2  2  2  2  1  1  1        94
JUL   1  1  1  1  1  1  1  1  1  1  0  0  0  0  0  0  0  0  0  0  0  0  0  0  0  0  0  0  0  0  0     10
AUG   0  0  0  0  0  0  0  0  0  0  0  0  0  0  0  0  0  0  0  1  1  1  1  1  1  1  1  2  2  2  2     16
SEP   2  3  3  3  3  3  4  4  4  4  5  5  5  5  6  6  6  6  7  7  7  8  8  8  8  9  9  9 10 10       177
OCT  11 11 11 12 12 12 13 13 14 14 14 15 15 15 16 16 17 17 18 18 18 19 19 20 20 21 21 22 22 22 23    511
NOV  23 24 24 25 25 26 26 27 27 27 28 28 29 29 29 30 30 31 31 31 32 32 32 33 33 33 34 34 34 35       882
DEC  35 35 36 36 36 36 37 37 37 37 38 38 38 38 38 38 39 39 39 39 39 39 40 40 40 40 40 40 40 40 40   1184
                                                                                                        
-------------------------------------------------------------------------------------------------       
 Cooling Degree Days                                                                                    
 DAY  1  2  3  4  5  6  7  8  9 10 11 12 13 14 15 16 17 18 19 20 21 22 23 24 25 26 27 28 29 30 31  MONTH
-------------------------------------------------------------------------------------------------       
JAN   0  0  0  0  0  0  0  0  0  0  0  0  0  0  0  0  0  0  0  0  0  0  0  0  0  0  0  0  0  0  0      0
FEB   0  0  0  0  0  0  0  0  0  0  0  0  0  0  0  0  0  0  0  0  0  0  0  0  0  0  0  0               0
MAR   0  0  0  0  0  0  0  0  0  0  0  0  0  0  0  0  0  0  0  0  0  0  0  0  0  0  0  0  0  0  0      0
APR   0  0  0  0  0  0  0  0  0  0  0  0  0  0  0  0  0  0  0  0  0  0  0  0  0  0  0  0  0  0         0
MAY   0  0  0  0  0  0  0  0  0  0  0  0  0  0  0  0  0  0  0  0  0  0  0  0  0  1  1  1  1  1  1      6
JUN   1  1  1  1  1  2  2  2  2  2  2  2  2  3  3  3  3  3  3  3  4  4  4  4  4  4  5  5  5  5        86
JUL   5  5  6  6  6  6  6  6  6  6  7  7  7  7  7  7  7  7  7  7  7  7  7  7  7  7  7  7  7  7  7    205
AUG   7  7  6  6  6  6  6  6  6  6  6  6  5  5  5  5  5  5  5  4  4  4  4  4  4  4  3  3  3  3  3    152
SEP   3  3  2  2  2  2  2  2  2  1  1  1  1  1  1  1  1  1  1  0  0  0  0  0  0  0  0  0  0  0        30
OCT   0  0  0  0  0  0  0  0  0  0  0  0  0  0  0  0  0  0  0  0  0  0  0  0  0  0  0  0  0  0  0      0
NOV   0  0  0  0  0  0  0  0  0  0  0  0  0  0  0  0  0  0  0  0  0  0  0  0  0  0  0  0  0  0         0
DEC   0  0  0  0  0  0  0  0  0  0  0  0  0  0  0  0  0  0  0  0  0  0  0  0  0  0  0  0  0  0  0      0
                                                                                                        
-------------------------------------------------------------------------------------------------       
 Total  Precipitation (Hundreths of an Inch)                                                            
 DAY  1  2  3  4  5  6  7  8  9 10 11 12 13 14 15 16 17 18 19 20 21 22 23 24 25 26 27 28 29 30 31  MONTH
-------------------------------------------------------------------------------------------------       
JAN   2  1  1  1  1  1  1  1  1  1  1  1  1  1  1  1  1  1  1  1  1  1  1  1  1  1  1  1  1  1  1     32
FEB   1  1  1  1  1  1  1  1  1  1  1  1  1  2  2  2  2  2  2  2  2  2  2  2  2  2  2  2              43
MAR   2  2  2  2  2  2  2  2  2  2  2  2  2  2  2  2  3  3  3  3  3  3  3  3  3  3  3  3  3  3  3     77
APR   3  3  3  3  3  3  3  3  3  3  3  3  3  3  3  3  3  3  3  3  3  3  3  3  3  4  4  4  4  4        95
MAY   4  4  4  4  4  4  4  4  4  4  5  5  5  5  5  5  4  4  4  4  4  4  4  4  4  4  4  4  4  4  4    130
JUN   3  3  3  3  3  3  3  3  3  3  3  3  3  2  2  2  2  2  2  2  2  2  2  2  2  2  2  2  2  2        73
JUL   2  2  2  2  2  2  2  2  2  2  2  2  3  3  3  2  2  2  2  2  2  2  2  2  2  2  2  2  2  2  2     65
AUG   2  2  2  2  2  2  2  2  2  2  2  2  2  2  2  2  2  2  2  2  2  2  2  2  2  2  2  3  3  3  3     66
SEP   3  3  3  3  3  3  3  3  3  3  3  3  3  3  3  3  3  4  4  4  4  4  4  4  4  4  4  4  4  4       103
OCT   4  4  4  4  4  4  4  4  4  4  4  4  4  4  3  3  3  3  3  3  3  3  3  3  3  3  3  3  3  3  3    107
NOV   3  2  2  2  2  2  2  2  2  2  2  2  2  2  2  2  2  2  2  2  2  2  2  2  1  1  1  1  1  1        55
DEC   2  2  2  2  2  2  2  2  2  2  2  2  2  1  1  1  1  1  1  1  1  1  1  1  1  1  1  1  1  1  1     44
                                                                                                        
