-------------------------------------------------------------------------------------------------       
 1971-2000 Daily/Monthly Station Normals                                                                
 Provided by National Climatic Data Center/NESDIS/NOAA                                                  
-------------------------------------------------------------------------------------------------       
 Station COOP ID:                           427260                                                      
 Station Name, State, Division, Call:       RICHFIELD RADIO KSVC               UT 04                    
 Latitude, Longitude, Elevation, Elements:  38 45 43 -112 04 41  5300 XNP                               
-------------------------------------------------------------------------------------------------       
 Minimum Temperature (deg F [tenths deg F for monthly])                                                 
 DAY  1  2  3  4  5  6  7  8  9 10 11 12 13 14 15 16 17 18 19 20 21 22 23 24 25 26 27 28 29 30 31  MONTH
-------------------------------------------------------------------------------------------------       
JAN  14 14 14 14 15 15 15 15 15 15 15 15 15 15 15 15 15 16 16 16 16 16 16 16 16 17 17 17 17 17 17    155
FEB  17 18 18 18 18 18 19 19 19 19 19 20 20 20 20 20 21 21 21 21 22 22 22 22 23 23 23 23             202
MAR  24 24 24 24 24 25 25 25 25 26 26 26 26 26 27 27 27 27 27 27 28 28 28 28 28 28 28 28 28 29 29    265
APR  29 29 29 29 29 29 29 30 30 30 30 30 30 31 31 31 31 31 32 32 32 32 32 33 33 33 34 34 34 34       311
MAY  35 35 35 36 36 36 36 37 37 37 37 38 38 38 38 39 39 39 39 40 40 40 40 41 41 41 41 42 42 42 42    386
JUN  42 43 43 43 43 44 44 44 44 44 45 45 45 45 46 46 46 46 47 47 47 47 48 48 48 48 49 49 49 49       458
JUL  50 50 50 51 51 51 51 51 52 52 52 52 52 52 53 53 53 53 53 53 53 53 53 53 53 53 53 53 53 53 53    522
AUG  53 53 53 53 53 53 53 53 52 52 52 52 52 52 52 51 51 51 51 51 50 50 50 50 49 49 49 48 48 48 47    510
SEP  47 47 47 46 46 46 45 45 45 44 44 43 43 43 42 42 42 41 41 41 40 40 40 39 39 38 38 38 37 37       422
OCT  37 36 36 36 35 35 34 34 34 33 33 33 32 32 32 31 31 31 31 30 30 30 29 29 29 29 28 28 28 27 27    316
NOV  27 27 26 26 26 26 25 25 25 24 24 24 24 23 23 23 23 22 22 22 21 21 21 20 20 20 20 19 19 19       229
DEC  19 18 18 18 17 17 17 17 16 16 16 16 16 16 15 15 15 15 15 15 15 15 15 14 14 14 14 14 14 14 14    156
                                                                                                        
-------------------------------------------------------------------------------------------------       
 Maximum Temperature (deg F [tenths deg F for monthly])                                                 
 DAY  1  2  3  4  5  6  7  8  9 10 11 12 13 14 15 16 17 18 19 20 21 22 23 24 25 26 27 28 29 30 31  MONTH
-------------------------------------------------------------------------------------------------       
JAN  40 40 40 40 40 40 40 40 40 40 40 40 40 40 40 40 40 40 40 40 41 41 41 41 41 42 42 42 42 43 43    406
FEB  43 43 44 44 44 45 45 45 45 46 46 46 47 47 47 48 48 48 48 49 49 49 50 50 50 51 51 51             471
MAR  52 52 52 52 53 53 53 54 54 54 55 55 55 55 56 56 56 57 57 57 57 58 58 58 58 59 59 59 59 60 60    559
APR  60 60 61 61 61 61 62 62 62 62 63 63 63 63 64 64 64 64 65 65 65 65 66 66 66 67 67 67 67 68       638
MAY  68 68 68 69 69 69 69 70 70 70 71 71 71 72 72 72 73 73 73 74 74 74 75 75 76 76 76 77 77 77 78    725
JUN  78 79 79 79 80 80 81 81 81 82 82 82 83 83 83 84 84 84 84 85 85 85 86 86 86 86 87 87 87 87       832
JUL  87 88 88 88 88 88 88 89 89 89 89 89 89 89 89 89 89 89 90 90 90 90 90 90 90 90 90 90 90 89 89    891
AUG  89 89 89 89 89 89 89 89 89 89 88 88 88 88 88 88 87 87 87 87 87 86 86 86 86 86 85 85 85 84 84    873
SEP  84 84 83 83 83 82 82 82 82 81 81 81 80 80 80 79 79 79 78 78 78 78 77 77 77 76 76 75 75 75       795
OCT  74 74 74 73 73 72 72 72 71 71 70 70 70 69 69 68 68 67 67 66 66 65 65 64 63 63 62 62 61 61 60    678
NOV  59 59 58 58 57 57 56 55 55 54 54 53 53 52 52 51 51 51 50 50 49 49 48 48 48 47 47 47 46 46       520
DEC  46 45 45 45 44 44 44 44 43 43 43 43 43 42 42 42 42 42 41 41 41 41 41 41 40 40 40 40 40 40 40    422
                                                                                                        
-------------------------------------------------------------------------------------------------       
 Average Temperature (deg F [tenths deg F for monthly])                                                 
 DAY  1  2  3  4  5  6  7  8  9 10 11 12 13 14 15 16 17 18 19 20 21 22 23 24 25 26 27 28 29 30 31  MONTH
-------------------------------------------------------------------------------------------------       
JAN  27 27 27 27 27 27 27 27 27 27 27 28 28 28 28 28 28 28 28 28 28 29 29 29 29 29 29 30 30 30 30    281
FEB  30 31 31 31 31 32 32 32 32 33 33 33 33 33 34 34 34 35 35 35 35 36 36 36 36 37 37 37             337
MAR  38 38 38 38 39 39 39 39 40 40 40 40 41 41 41 41 42 42 42 42 42 43 43 43 43 43 44 44 44 44 44    412
APR  45 45 45 45 45 45 46 46 46 46 46 47 47 47 47 47 48 48 48 48 49 49 49 49 50 50 50 50 51 51       475
MAY  51 52 52 52 52 53 53 53 54 54 54 54 55 55 55 56 56 56 56 57 57 57 58 58 58 59 59 59 59 60 60    556
JUN  60 61 61 61 62 62 62 62 63 63 63 64 64 64 64 65 65 65 66 66 66 66 67 67 67 67 68 68 68 68       645
JUL  69 69 69 69 69 70 70 70 70 70 71 71 71 71 71 71 71 71 71 71 71 71 72 72 72 72 72 72 71 71 71    707
AUG  71 71 71 71 71 71 71 71 71 70 70 70 70 70 70 70 69 69 69 69 69 68 68 68 68 67 67 67 66 66 66    692
SEP  66 65 65 65 64 64 64 63 63 63 62 62 62 62 61 61 61 60 60 59 59 59 58 58 58 57 57 57 56 56       609
OCT  56 55 55 54 54 54 53 53 52 52 52 51 51 51 50 50 49 49 49 48 48 47 47 47 46 46 45 45 44 44 44    497
NOV  43 43 42 42 42 41 41 40 40 39 39 39 38 38 38 37 37 36 36 36 35 35 35 34 34 34 33 33 33 32       375
DEC  32 32 32 31 31 31 30 30 30 30 29 29 29 29 29 29 28 28 28 28 28 28 28 28 27 27 27 27 27 27 27    289
                                                                                                        
-------------------------------------------------------------------------------------------------       
 Heating Degree Days                                                                                    
 DAY  1  2  3  4  5  6  7  8  9 10 11 12 13 14 15 16 17 18 19 20 21 22 23 24 25 26 27 28 29 30 31  MONTH
-------------------------------------------------------------------------------------------------       
JAN  38 38 38 38 38 38 38 38 38 38 38 38 38 37 37 37 37 37 37 37 37 37 36 36 36 36 36 35 35 35 35   1147
FEB  35 34 34 34 34 34 33 33 33 33 32 32 32 32 31 31 31 31 30 30 30 29 29 29 29 28 28 28             879
MAR  28 27 27 27 26 26 26 26 25 25 25 25 24 24 24 24 23 23 23 23 23 22 22 22 22 22 21 21 21 21 21    739
APR  21 20 20 20 20 20 20 19 19 19 19 18 18 18 18 18 17 17 17 17 16 16 16 16 15 15 15 15 14 14       527
MAY  14 13 13 13 13 12 12 12 12 11 11 11 10 10 10 10  9  9  9  9  8  8  8  8  7  7  7  6  6  6  6    300
JUN   5  5  5  5  5  4  4  4  4  4  3  3  3  3  3  2  2  2  2  2  2  2  2  1  1  1  1  1  1  1        83
JUL   1  1  1  1  0  0  0  0  0  0  0  0  0  0  0  0  0  0  0  0  0  0  0  0  0  0  0  0  0  0  0      4
AUG   0  0  0  0  0  0  0  0  0  0  0  0  0  0  0  0  0  0  0  0  1  1  1  1  1  1  1  1  1  2  2     13
SEP   2  2  2  2  2  3  3  3  3  3  4  4  4  4  5  5  5  5  6  6  6  6  7  7  7  8  8  8  9  9       148
OCT   9 10 10 11 11 11 12 12 12 13 13 14 14 14 15 15 16 16 16 17 17 18 18 19 19 19 20 20 21 21 22    475
NOV  22 22 23 23 24 24 24 25 25 26 26 26 27 27 28 28 28 29 29 29 30 30 30 31 31 31 32 32 32 33       827
DEC  33 33 34 34 34 34 35 35 35 35 35 36 36 36 36 36 37 37 37 37 37 37 37 37 38 38 38 38 38 38 38   1119
                                                                                                        
-------------------------------------------------------------------------------------------------       
 Cooling Degree Days                                                                                    
 DAY  1  2  3  4  5  6  7  8  9 10 11 12 13 14 15 16 17 18 19 20 21 22 23 24 25 26 27 28 29 30 31  MONTH
-------------------------------------------------------------------------------------------------       
JAN   0  0  0  0  0  0  0  0  0  0  0  0  0  0  0  0  0  0  0  0  0  0  0  0  0  0  0  0  0  0  0      0
FEB   0  0  0  0  0  0  0  0  0  0  0  0  0  0  0  0  0  0  0  0  0  0  0  0  0  0  0  0               0
MAR   0  0  0  0  0  0  0  0  0  0  0  0  0  0  0  0  0  0  0  0  0  0  0  0  0  0  0  0  0  0  0      0
APR   0  0  0  0  0  0  0  0  0  0  0  0  0  0  0  0  0  0  0  0  0  0  0  0  0  0  0  0  0  0         0
MAY   0  0  0  0  0  0  0  0  0  0  0  0  0  0  0  0  0  0  0  0  0  0  0  0  1  1  1  1  1  1  1      7
JUN   1  1  1  1  1  1  1  1  1  1  2  2  2  2  2  2  2  2  3  3  3  3  3  3  3  4  4  4  4  4        67
JUL   5  5  5  5  5  5  5  6  6  6  6  6  6  6  6  6  6  6  6  6  6  6  6  6  6  6  6  6  6  6  6    179
AUG   6  6  6  6  6  6  6  5  5  5  5  5  5  5  5  5  5  4  4  4  4  4  4  4  3  3  3  3  3  3  3    141
SEP   2  2  2  2  2  2  2  1  1  1  1  1  1  1  1  1  1  0  0  0  0  0  0  0  0  0  0  0  0  0        24
OCT   0  0  0  0  0  0  0  0  0  0  0  0  0  0  0  0  0  0  0  0  0  0  0  0  0  0  0  0  0  0  0      0
NOV   0  0  0  0  0  0  0  0  0  0  0  0  0  0  0  0  0  0  0  0  0  0  0  0  0  0  0  0  0  0         0
DEC   0  0  0  0  0  0  0  0  0  0  0  0  0  0  0  0  0  0  0  0  0  0  0  0  0  0  0  0  0  0  0      0
                                                                                                        
-------------------------------------------------------------------------------------------------       
 Total  Precipitation (Hundreths of an Inch)                                                            
 DAY  1  2  3  4  5  6  7  8  9 10 11 12 13 14 15 16 17 18 19 20 21 22 23 24 25 26 27 28 29 30 31  MONTH
-------------------------------------------------------------------------------------------------       
JAN   2  2  2  2  2  2  2  2  2  2  2  2  2  2  2  2  2  2  2  2  2  2  2  2  2  2  2  2  2  2  2     62
FEB   2  2  2  2  2  2  2  2  1  1  1  1  1  1  2  2  2  2  2  2  2  2  2  2  2  2  2  2              50
MAR   2  2  2  2  2  2  2  2  3  3  3  3  3  3  3  3  3  3  3  3  3  3  3  2  2  2  2  2  2  2  2     77
APR   2  2  2  2  2  2  2  2  2  2  2  2  2  2  2  2  2  2  2  2  2  2  2  2  2  2  2  3  3  3        63
MAY   3  3  3  3  3  3  3  3  3  3  4  4  4  4  4  4  4  4  4  4  4  3  3  3  3  3  3  3  3  3  3    104
JUN   3  2  2  2  2  2  2  2  2  2  2  2  2  2  2  2  2  2  2  1  1  2  2  2  2  2  2  2  2  2        59
JUL   2  2  2  2  2  2  2  2  2  2  2  2  2  2  2  2  3  3  3  3  3  3  3  3  3  3  2  2  2  2  2     72
AUG   3  2  2  2  2  2  2  2  2  2  2  2  2  2  2  2  2  2  2  2  2  2  2  2  2  3  3  3  3  3  3     69
SEP   2  2  2  2  3  3  3  3  3  3  3  3  3  3  3  3  3  3  3  3  3  3  3  3  3  3  3  3  3  3        86
OCT   3  3  3  3  3  3  4  4  4  4  4  4  3  3  3  3  3  3  3  3  3  3  3  3  3  3  3  3  3  3  3     99
NOV   3  3  3  3  3  2  2  2  2  2  2  2  2  2  2  2  2  2  2  2  2  2  2  2  2  2  2  2  2  2        65
DEC   2  2  2  2  2  1  1  1  1  1  1  1  1  1  1  1  1  1  1  1  1  1  2  2  2  2  2  2  2  2  2     45
                                                                                                        
