-------------------------------------------------------------------------------------------------       
 1971-2000 Daily/Monthly Station Normals                                                                
 Provided by National Climatic Data Center/NESDIS/NOAA                                                  
-------------------------------------------------------------------------------------------------       
 Station COOP ID:                           329430                                                      
 Station Name, State, Division, Call:       WILLISTON EXP FARM                 ND 01                    
 Latitude, Longitude, Elevation, Elements:  48 08 16 -103 44 16  2105 XNP                               
-------------------------------------------------------------------------------------------------       
 Minimum Temperature (deg F [tenths deg F for monthly])                                                 
 DAY  1  2  3  4  5  6  7  8  9 10 11 12 13 14 15 16 17 18 19 20 21 22 23 24 25 26 27 28 29 30 31  MONTH
-------------------------------------------------------------------------------------------------       
JAN   2  2  1  1  1  1  1  1  1  1  1  1  1  1  1  1  1  1  1  1  1  2  2  2  2  2  3  3  3  4  4     16
FEB   5  5  5  6  6  7  7  7  8  8  9  9  9 10 10 10 11 11 12 12 12 13 13 13 14 14 14 15              98
MAR  15 15 15 16 16 17 17 17 18 18 18 19 19 19 20 20 20 21 21 21 22 22 23 23 23 24 24 24 25 25 26    201
APR  26 26 27 27 28 28 28 29 29 30 30 30 31 31 32 32 32 33 33 34 34 34 35 35 36 36 36 37 37 38       318
MAY  38 39 39 39 40 40 40 41 41 42 42 42 43 43 43 44 44 45 45 45 46 46 46 47 47 47 48 48 48 48 49    437
JUN  49 49 50 50 50 50 51 51 51 51 52 52 52 52 53 53 53 53 54 54 54 54 54 55 55 55 55 55 55 56       526
JUL  56 56 56 56 56 56 56 57 57 57 57 57 57 57 57 57 57 58 58 58 58 58 58 58 58 58 58 58 58 58 58    572
AUG  58 58 58 58 58 58 58 58 57 57 57 57 57 57 56 56 56 56 55 55 55 55 54 54 53 53 53 52 52 52 51    556
SEP  51 50 50 49 49 48 48 48 47 47 46 46 45 45 45 44 44 44 43 43 43 42 42 42 41 41 41 40 40 40       448
OCT  39 39 39 39 38 38 38 37 37 36 36 36 35 35 34 34 34 33 33 32 32 31 31 30 30 30 29 28 28 27 27    337
NOV  26 26 25 25 24 24 23 23 22 22 21 21 20 20 19 19 18 18 17 17 16 16 15 15 15 14 14 13 13 12       191
DEC  12 12 11 11 10 10 10  9  9  9  8  8  8  7  7  6  6  6  6  5  5  5  4  4  4  3  3  3  3  2  2     67
                                                                                                        
-------------------------------------------------------------------------------------------------       
 Maximum Temperature (deg F [tenths deg F for monthly])                                                 
 DAY  1  2  3  4  5  6  7  8  9 10 11 12 13 14 15 16 17 18 19 20 21 22 23 24 25 26 27 28 29 30 31  MONTH
-------------------------------------------------------------------------------------------------       
JAN  21 21 21 21 20 20 20 20 20 20 20 20 20 20 20 20 20 20 20 21 21 21 21 21 22 22 22 23 23 23 24    209
FEB  24 24 25 25 26 26 27 27 27 28 28 29 29 29 30 30 31 31 31 32 32 32 33 33 34 34 34 35             295
MAR  35 36 36 37 37 37 38 38 39 39 40 40 40 41 41 42 42 43 43 44 44 45 45 46 46 47 48 48 49 49 50    421
APR  50 51 52 52 53 53 54 54 55 55 56 56 57 57 58 58 59 59 60 60 61 61 62 62 63 63 63 64 64 65       579
MAY  65 65 66 66 67 67 67 68 68 69 69 69 70 70 70 71 71 71 72 72 72 72 73 73 73 74 74 74 74 75 75    704
JUN  75 76 76 76 76 77 77 77 77 78 78 78 78 78 79 79 79 79 80 80 80 80 81 81 81 81 81 82 82 82       788
JUL  82 83 83 83 83 83 84 84 84 84 84 84 85 85 85 85 85 85 85 86 86 86 86 86 86 86 86 87 87 87 87    849
AUG  87 87 87 87 87 87 87 87 87 87 87 86 86 86 86 86 85 85 85 84 84 84 83 83 83 82 82 81 81 80 80    848
SEP  79 79 78 78 77 77 76 76 75 75 74 74 74 73 73 72 72 72 71 71 70 70 70 69 69 69 68 68 68 67       728
OCT  67 67 67 66 66 65 65 65 64 64 63 63 62 62 61 60 60 59 59 58 57 56 56 55 54 53 52 52 51 50 49    596
NOV  48 47 46 45 45 44 43 42 41 41 40 39 39 38 37 37 36 36 35 34 34 33 33 32 32 32 31 31 30 30       377
DEC  30 29 29 29 29 28 28 28 27 27 27 26 26 26 26 25 25 25 24 24 24 24 23 23 23 23 22 22 22 22 21    254
                                                                                                        
-------------------------------------------------------------------------------------------------       
 Average Temperature (deg F [tenths deg F for monthly])                                                 
 DAY  1  2  3  4  5  6  7  8  9 10 11 12 13 14 15 16 17 18 19 20 21 22 23 24 25 26 27 28 29 30 31  MONTH
-------------------------------------------------------------------------------------------------       
JAN  12 11 11 11 11 11 11 11 10 10 10 10 10 10 10 10 11 11 11 11 11 11 12 12 12 12 13 13 13 14 14    113
FEB  14 15 15 16 16 16 17 17 18 18 18 19 19 20 20 20 21 21 22 22 22 23 23 23 24 24 24 25             197
MAR  25 25 26 26 27 27 27 28 28 28 29 29 30 30 31 31 31 32 32 33 33 34 34 34 35 35 36 36 37 37 38    311
APR  38 39 39 40 40 41 41 42 42 42 43 43 44 44 45 45 46 46 47 47 47 48 48 49 49 50 50 50 51 51       449
MAY  52 52 52 53 53 54 54 54 55 55 55 56 56 57 57 57 58 58 58 59 59 59 60 60 60 60 61 61 61 62 62    571
JUN  62 62 63 63 63 64 64 64 64 65 65 65 65 65 66 66 66 66 67 67 67 67 67 68 68 68 68 68 69 69       657
JUL  69 69 70 70 70 70 70 70 70 71 71 71 71 71 71 71 71 72 72 72 72 72 72 72 72 72 72 72 72 72 72    711
AUG  72 73 72 72 72 72 72 72 72 72 72 72 72 71 71 71 71 70 70 70 70 69 69 69 68 68 67 67 66 66 66    702
SEP  65 64 64 64 63 63 62 62 61 61 60 60 60 59 59 58 58 58 57 57 56 56 56 55 55 55 54 54 54 54       588
OCT  53 53 53 52 52 52 51 51 51 50 50 49 49 48 48 47 47 46 46 45 45 44 43 43 42 41 41 40 39 39 38    467
NOV  37 36 36 35 34 34 33 32 32 31 31 30 29 29 28 28 27 27 26 26 25 25 24 24 23 23 22 22 22 21       284
DEC  21 21 20 20 19 19 19 18 18 18 18 17 17 17 16 16 16 15 15 15 14 14 14 14 13 13 13 13 12 12 12    161
                                                                                                        
-------------------------------------------------------------------------------------------------       
 Heating Degree Days                                                                                    
 DAY  1  2  3  4  5  6  7  8  9 10 11 12 13 14 15 16 17 18 19 20 21 22 23 24 25 26 27 28 29 30 31  MONTH
-------------------------------------------------------------------------------------------------       
JAN  53 54 54 54 54 54 54 55 55 55 55 55 55 55 55 55 54 54 54 54 54 54 53 53 53 53 52 52 52 51 51   1666
FEB  51 50 50 49 49 49 48 48 47 47 47 46 46 46 45 45 44 44 44 43 43 42 42 42 41 41 41 40            1270
MAR  40 40 39 39 38 38 38 37 37 37 36 36 35 35 34 34 34 33 33 32 32 31 31 31 30 30 29 29 28 28 27   1051
APR  27 26 26 25 25 24 24 24 23 23 22 22 21 21 20 20 20 19 19 18 18 17 17 17 16 16 15 15 14 14       608
MAY  14 13 13 13 12 12 11 11 11 10 10 10 10  9  9  9  8  8  8  8  7  7  7  7  6  6  6  6  6  6  5    278
JUN   5  5  5  5  5  4  4  4  4  4  4  4  3  3  3  3  3  3  3  3  3  3  2  2  2  2  2  2  2  2        99
JUL   2  2  2  2  1  1  1  1  1  1  1  1  1  1  1  1  1  1  1  1  1  1  1  1  1  1  1  1  1  1  1     35
AUG   1  1  1  1  1  1  1  1  1  1  1  1  1  1  1  2  2  2  2  2  2  2  2  3  3  3  3  3  4  4  4     58
SEP   4  5  5  5  5  5  6  6  6  6  7  7  7  7  8  8  8  8  9  9  9  9 10 10 10 10 11 11 11 12       234
OCT  12 12 12 13 13 14 14 14 15 15 15 16 16 17 17 18 18 19 19 20 21 21 22 22 23 24 24 25 26 26 27    570
NOV  28 29 29 30 31 31 32 33 33 34 34 35 36 36 37 37 38 38 39 39 40 40 41 41 42 42 43 43 43 44      1098
DEC  44 45 45 45 46 46 46 47 47 47 48 48 48 49 49 49 49 50 50 50 51 51 51 51 52 52 52 52 53 53 53   1519
                                                                                                        
-------------------------------------------------------------------------------------------------       
 Cooling Degree Days                                                                                    
 DAY  1  2  3  4  5  6  7  8  9 10 11 12 13 14 15 16 17 18 19 20 21 22 23 24 25 26 27 28 29 30 31  MONTH
-------------------------------------------------------------------------------------------------       
JAN   0  0  0  0  0  0  0  0  0  0  0  0  0  0  0  0  0  0  0  0  0  0  0  0  0  0  0  0  0  0  0      0
FEB   0  0  0  0  0  0  0  0  0  0  0  0  0  0  0  0  0  0  0  0  0  0  0  0  0  0  0  0               0
MAR   0  0  0  0  0  0  0  0  0  0  0  0  0  0  0  0  0  0  0  0  0  0  0  0  0  0  0  0  0  0  0      0
APR   0  0  0  0  0  0  0  0  0  0  0  0  0  0  0  0  0  0  0  0  0  0  0  0  0  0  0-99-99-99         3
MAY   0  0  0  0  0  0  0  1  1  1  1  1  1  1  1  1  1  1  1  1  1  1  1  2  2  2  2  2  2  2  2     32
JUN   2  2  3  3  3  3  3  3  3  3  3  4  4  4  4  4  4  4  4  5  5  5  5  5  5  5  5  6  6  6       121
JUL   6  6  6  6  6  6  7  7  7  7  7  7  7  7  7  7  7  7  8  8  8  8  8  8  8  8  8  8  8  8  8    224
AUG   8  8  8  8  8  8  8  8  8  8  8  8  8  8  8  7  7  7  7  7  7  7  6  6  6  6  6  5  5  5  5    219
SEP   4  4  4  4  3  3  3  3  2  2  2  2  2  2  1  1  1  1  1  1  1  1  1  0  0  0  0  0  0  0        49
OCT   0  0  0  0  0  0  0  0  0  0  0  0  0  0  0  0  0  0  0  0  0  0  0  0  0  0  0  0  0  0  0      0
NOV   0  0  0  0  0  0  0  0  0  0  0  0  0  0  0  0  0  0  0  0  0  0  0  0  0  0  0  0  0  0         0
DEC   0  0  0  0  0  0  0  0  0  0  0  0  0  0  0  0  0  0  0  0  0  0  0  0  0  0  0  0  0  0  0      0
                                                                                                        
-------------------------------------------------------------------------------------------------       
 Total  Precipitation (Hundreths of an Inch)                                                            
 DAY  1  2  3  4  5  6  7  8  9 10 11 12 13 14 15 16 17 18 19 20 21 22 23 24 25 26 27 28 29 30 31  MONTH
-------------------------------------------------------------------------------------------------       
JAN   1  1  1  2  2  2  2  2  2  2  2  2  2  2  2  2  2  2  2  2  1  1  1  1  1  1  1  1  1  1  1     48
FEB   2  2  1  1  1  1  1  1  1  1  1  1  1  1  1  1  1  1  1  1  1  1  1  1  2  2  2  2              34
MAR   1  1  1  1  2  2  2  2  2  2  2  2  2  2  2  2  2  2  2  2  2  2  2  2  2  2  2  3  3  3  3     62
APR   3  3  3  3  3  3  3  3  3  3  3  3  3  4  4  4  4  4  4  4  4  4  4  4  5  5  5  5  5  5       113
MAY   5  5  5  6  6  6  6  6  6  6  6  6  6  7  7  7  7  7  7  7  7  7  7  8  8  8  8  8  8  8  8    209
JUN   9  9  9  9  9  9  9  9  9  9  9  9  9  9  9  9  9  9  9 10 10  9  9  9  9  9  9  9  9  9       272
JUL   9  9  9  9  9  9  9  9  9  8  8  8  8  8  8  8  8  8  8  8  8  7  7  7  7  7  7  7  7  6  6    245
AUG   6  6  6  6  6  6  6  6  5  5  5  5  5  5  5  5  5  5  5  5  5  5  5  5  5  5  5  5  5  5  5    163
SEP   5  5  5  5  5  5  5  6  6  6  6  6  6  6  5  5  5  5  5  5  5  5  5  5  5  5  5  5  5  4       156
OCT   4  4  4  4  4  4  4  4  3  3  3  3  3  3  3  3  3  3  3  3  3  3  3  3  2  2  2  2  2  2  2     94
NOV   2  2  2  2  2  2  2  2  2  2  2  2  2  2  2  2  2  2  2  2  2  2  2  2  2  2  2  2  1  1        58
DEC   2  2  2  2  2  2  2  2  2  1  1  1  1  1  1  1  1  1  1  1  1  1  1  1  1  1  2  2  2  2  2     45
                                                                                                        
