-------------------------------------------------------------------------------------------------       
 1971-2000 Daily/Monthly Station Normals                                                                
 Provided by National Climatic Data Center/NESDIS/NOAA                                                  
-------------------------------------------------------------------------------------------------       
 Station COOP ID:                           322525                                                      
 Station Name, State, Division, Call:       EDMORE 1 NW                        ND 03                    
 Latitude, Longitude, Elevation, Elements:  48 25 36 -098 28 12  1535 XNP                               
-------------------------------------------------------------------------------------------------       
 Minimum Temperature (deg F [tenths deg F for monthly])                                                 
 DAY  1  2  3  4  5  6  7  8  9 10 11 12 13 14 15 16 17 18 19 20 21 22 23 24 25 26 27 28 29 30 31  MONTH
-------------------------------------------------------------------------------------------------       
JAN  -8 -9 -9 -9 -9-10-10-10-10-10-10-10-10-10-10-10-10-10-10-10-10-10-10-10 -9 -9 -9 -9 -8 -8 -8    -95
FEB  -7 -7 -7 -6 -6 -6 -5 -5 -5 -4 -4 -3 -3 -3 -2 -2 -1 -1  0  0  1  1  2  2  2  3  3  4             -21
MAR   4  5  5  6  7  7  8  8  9  9 10 10 11 11 12 12 13 13 14 14 15 15 16 16 17 17 18 18 19 19 20    122
APR  21 21 22 22 23 23 24 24 25 25 26 26 27 27 28 28 28 29 29 30 30 31 31 32 32 33 33 33 34 34       277
MAY  35 35 36 36 36 37 37 38 38 38 39 39 40 40 40 41 41 41 42 42 43 43 43 44 44 44 45 45 45 46 46    406
JUN  46 47 47 47 47 48 48 48 49 49 49 49 50 50 50 50 50 51 51 51 51 51 52 52 52 52 52 52 53 53       499
JUL  53 53 53 53 54 54 54 54 54 54 54 54 54 54 54 54 54 54 54 54 54 54 55 54 54 54 54 54 54 54 54    539
AUG  54 54 54 54 54 54 54 53 53 53 53 53 53 52 52 52 52 52 51 51 51 51 50 50 50 49 49 49 48 48 47    516
SEP  47 47 46 46 46 45 45 44 44 44 43 43 43 42 42 41 41 41 40 40 40 39 39 39 38 38 38 37 37 36       417
OCT  36 36 35 35 35 34 34 33 33 33 32 32 31 31 30 30 29 29 28 28 27 27 26 26 25 25 24 23 23 22 22    295
NOV  21 20 20 19 19 18 18 17 16 16 15 15 14 13 13 12 12 11 11 10 10  9  8  8  7  7  6  6  5  5       127
DEC   4  4  3  3  2  2  1  1  0  0 -1 -1 -2 -2 -2 -3 -3 -4 -4 -4 -5 -5 -5 -6 -6 -7 -7 -7 -7 -8 -8    -25
                                                                                                        
-------------------------------------------------------------------------------------------------       
 Maximum Temperature (deg F [tenths deg F for monthly])                                                 
 DAY  1  2  3  4  5  6  7  8  9 10 11 12 13 14 15 16 17 18 19 20 21 22 23 24 25 26 27 28 29 30 31  MONTH
-------------------------------------------------------------------------------------------------       
JAN  11 11 11 11 11 11 10 10 10 10 10 10 10 10 10 10 10 10 10 10 11 11 11 11 11 12 12 12 13 13 13    108
FEB  13 14 14 15 15 15 16 16 16 17 17 17 18 18 18 19 19 20 20 20 21 21 21 22 22 22 23 23             183
MAR  24 24 24 25 25 26 26 26 27 27 28 28 29 29 30 31 31 32 32 33 33 34 35 35 36 37 37 38 39 40 40    310
APR  41 42 42 43 44 45 45 46 47 47 48 49 49 50 51 51 52 53 53 54 55 55 56 56 57 57 58 59 59 60       508
MAY  60 61 61 62 62 63 63 64 64 65 65 66 66 66 67 67 68 68 68 69 69 69 69 70 70 70 71 71 71 71 72    667
JUN  72 72 72 72 72 73 73 73 73 73 74 74 74 74 74 75 75 75 75 75 75 76 76 76 76 76 76 77 77 77       744
JUL  77 77 77 78 78 78 78 78 78 78 79 79 79 79 79 79 79 79 79 80 80 80 80 80 80 80 80 80 80 80 81    790
AUG  81 81 81 81 81 81 81 81 81 80 80 80 80 80 80 79 79 79 79 78 78 78 78 77 77 76 76 76 75 75 74    788
SEP  74 73 73 72 72 71 71 70 70 70 69 69 68 68 67 67 67 66 66 65 65 64 64 64 63 63 63 62 62 61       673
OCT  61 61 60 60 59 59 59 58 58 57 57 56 55 55 54 54 53 52 52 51 50 50 49 48 47 47 46 45 44 43 43    530
NOV  42 41 40 39 38 38 37 36 35 34 34 33 32 32 31 30 30 29 28 28 27 27 26 25 25 24 24 23 23 22       311
DEC  22 21 21 21 20 20 19 19 18 18 18 17 17 17 16 16 16 15 15 15 14 14 14 13 13 13 13 12 12 12 11    162
                                                                                                        
-------------------------------------------------------------------------------------------------       
 Average Temperature (deg F [tenths deg F for monthly])                                                 
 DAY  1  2  3  4  5  6  7  8  9 10 11 12 13 14 15 16 17 18 19 20 21 22 23 24 25 26 27 28 29 30 31  MONTH
-------------------------------------------------------------------------------------------------       
JAN   2  1  1  1  1  1  0  0  0  0  0  0  0  0  0  0  0  0  0  0  0  1  1  1  1  1  2  2  2  2  3      7
FEB   3  3  4  4  4  5  5  6  6  6  7  7  7  8  8  9  9  9 10 10 11 11 11 12 12 13 13 14              81
MAR  14 14 15 15 16 16 17 17 18 18 19 19 20 20 21 21 22 22 23 24 24 25 25 26 27 27 28 28 29 30 30    216
APR  31 31 32 33 33 34 35 35 36 36 37 37 38 39 39 40 40 41 41 42 42 43 44 44 45 45 46 46 47 47       393
MAY  48 48 49 49 49 50 50 51 51 52 52 52 53 53 54 54 54 55 55 55 56 56 56 57 57 57 58 58 58 59 59    537
JUN  59 59 60 60 60 60 60 61 61 61 61 62 62 62 62 62 63 63 63 63 63 64 64 64 64 64 64 65 65 65       622
JUL  65 65 65 66 66 66 66 66 66 66 66 66 66 67 67 67 67 67 67 67 67 67 67 67 67 67 67 67 67 67 67    665
AUG  67 67 67 67 67 67 67 67 67 67 67 67 66 66 66 66 66 65 65 65 65 64 64 64 63 63 63 62 62 61 61    652
SEP  60 60 60 59 59 58 58 57 57 57 56 56 55 55 55 54 54 53 53 53 52 52 52 51 51 50 50 50 49 49       545
OCT  49 48 48 47 47 47 46 46 45 45 44 44 43 43 42 42 41 41 40 40 39 38 38 37 36 36 35 34 34 33 32    413
NOV  31 31 30 29 29 28 27 26 26 25 24 24 23 22 22 21 21 20 19 19 18 18 17 17 16 16 15 15 14 14       219
DEC  13 13 12 12 11 11 10 10  9  9  9  8  8  7  7  7  6  6  5  5  5  4  4  4  4  3  3  3  2  2  2     69
                                                                                                        
-------------------------------------------------------------------------------------------------       
 Heating Degree Days                                                                                    
 DAY  1  2  3  4  5  6  7  8  9 10 11 12 13 14 15 16 17 18 19 20 21 22 23 24 25 26 27 28 29 30 31  MONTH
-------------------------------------------------------------------------------------------------       
JAN  64 64 64 64 65 65 65 65 65 65 65 65 65 65 65 65 65 65 65 65 65 65 65 64 64 64 64 63 63 63 62   1998
FEB  62 62 61 61 61 60 60 60 59 59 58 58 58 57 57 57 56 56 55 55 54 54 54 53 53 52 52 51            1595
MAR  51 51 50 50 49 49 48 48 47 47 46 46 45 45 44 44 43 43 42 41 41 40 40 39 38 38 37 37 36 35 35   1345
APR  34 34 33 32 32 31 30 30 29 29 28 27 27 26 26 25 25 24 24 23 23 22 22 21 20 20 20 19 19 18       773
MAY  18 17 17 16 16 15 15 15 14 14 13 13 13 12 12 12 11 11 11 10 10 10  9  9  9  9  8  8  8  8  8    371
JUN   7  7  7  7  7  6  6  6  6  6  5  5  5  5  5  5  5  4  4  4  4  4  4  4  4  3  3  3  3  3       147
JUL   3  3  3  3  3  3  3  3  2  2  2  2  2  2  2  2  2  2  2  2  2  2  2  2  2  2  2  2  2  2  2     70
AUG   2  2  2  2  2  2  2  2  2  2  2  2  2  2  3  3  3  3  3  3  4  4  4  4  4  5  5  5  5  6  6     98
SEP   6  6  7  7  7  8  8  8  9  9  9 10 10 10 11 11 11 12 12 12 13 13 13 14 14 14 15 15 15 16       325
OCT  16 17 17 17 18 18 19 19 20 20 21 21 22 22 23 23 24 24 25 26 26 27 27 28 29 29 30 31 32 32 33    736
NOV  34 34 35 36 37 37 38 39 39 40 41 41 42 42 43 44 44 45 46 46 47 47 48 48 49 49 50 50 51 51      1293
DEC  52 52 53 53 54 54 55 55 56 56 57 57 57 58 58 59 59 59 60 60 60 61 61 61 62 62 62 63 63 63 63   1805
                                                                                                        
-------------------------------------------------------------------------------------------------       
 Cooling Degree Days                                                                                    
 DAY  1  2  3  4  5  6  7  8  9 10 11 12 13 14 15 16 17 18 19 20 21 22 23 24 25 26 27 28 29 30 31  MONTH
-------------------------------------------------------------------------------------------------       
JAN   0  0  0  0  0  0  0  0  0  0  0  0  0  0  0  0  0  0  0  0  0  0  0  0  0  0  0  0  0  0  0      0
FEB   0  0  0  0  0  0  0  0  0  0  0  0  0  0  0  0  0  0  0  0  0  0  0  0  0  0  0  0               0
MAR   0  0  0  0  0  0  0  0  0  0  0  0  0  0  0  0  0  0  0  0  0  0  0  0  0  0  0  0  0  0  0      0
APR   0  0  0  0  0  0  0  0  0  0  0  0  0  0  0  0  0  0  0  0  0  0  0  0  0  0  0  0  0-99         1
MAY   0  0  0  0  0  0  0  0  0  0  0  0  1  1  1  1  1  1  1  1  1  1  1  1  1  1  1  1  1  1  1     19
JUN   1  1  1  1  1  1  2  2  2  2  2  2  2  2  2  2  2  2  2  2  2  2  2  2  3  3  3  3  3  3        60
JUL   3  3  3  3  3  3  3  3  3  4  4  4  4  4  4  4  4  4  4  4  4  4  4  4  4  4  4  4  4  4  4    115
AUG   4  4  4  4  4  4  4  4  4  4  4  4  4  4  4  4  4  3  3  3  3  3  3  3  3  3  2  2  2  2  2    105
SEP   2  1  1  1  1  1  1  1  1  0  0  0  0  0  0  0  0  0  0  0  0  0  0  0  0  0  0  0  0  0        10
OCT   0  0  0  0  0  0  0  0  0  0  0  0  0  0  0  0  0  0  0  0  0  0  0  0  0  0  0  0  0  0  0      0
NOV   0  0  0  0  0  0  0  0  0  0  0  0  0  0  0  0  0  0  0  0  0  0  0  0  0  0  0  0  0  0         0
DEC   0  0  0  0  0  0  0  0  0  0  0  0  0  0  0  0  0  0  0  0  0  0  0  0  0  0  0  0  0  0  0      0
                                                                                                        
-------------------------------------------------------------------------------------------------       
 Total  Precipitation (Hundreths of an Inch)                                                            
 DAY  1  2  3  4  5  6  7  8  9 10 11 12 13 14 15 16 17 18 19 20 21 22 23 24 25 26 27 28 29 30 31  MONTH
-------------------------------------------------------------------------------------------------       
JAN   1  1  1  2  2  2  2  2  2  2  2  2  2  2  2  2  2  2  2  2  2  2  1  1  1  1  1  1  1  1  1     50
FEB   2  2  2  1  1  1  1  1  1  1  1  1  1  1  1  1  1  1  1  2  2  2  2  2  2  2  2  2              40
MAR   2  2  2  2  2  2  2  2  2  2  2  2  2  2  2  2  2  2  2  2  2  2  2  2  2  2  2  2  3  3  3     65
APR   2  2  3  3  3  3  3  3  3  3  3  3  3  3  3  3  3  3  4  4  4  4  4  4  4  4  4  4  5  5       102
MAY   5  5  5  5  5  6  6  6  6  6  6  6  6  7  7  7  7  7  7  7  8  8  8  8  8  8  9  9  9  9  9    215
JUN   9 10 10 10 10 10 10 10 11 11 11 11 11 11 11 11 11 11 11 11 11 11 11 11 11 11 11 11 11 11       321
JUL  11 11 11 11 11 11 11 11 11 11 11 11 11 11 11 11 11 11 11 11 11 11 10 10 10 10 10 10 10 10 10    332
AUG  10 10 10  9  9  9  9  9  9  9  9  9  9  9  8  8  8  8  8  8  8  8  8  8  8  7  7  7  7  7  7    259
SEP   7  7  7  7  6  6  6  6  6  6  6  6  6  6  6  6  6  5  5  5  5  5  5  5  5  5  5  5  5  5       171
OCT   5  5  5  5  5  5  5  5  5  5  5  5  5  5  5  5  4  4  4  4  4  4  4  4  4  4  4  4  4  4  3    139
NOV   3  3  3  3  3  3  3  3  3  3  3  3  3  3  2  2  2  2  2  2  2  2  2  2  2  2  2  2  2  2        74
DEC   2  2  2  2  2  2  2  2  2  2  2  2  2  1  1  1  1  1  1  1  1  1  1  1  1  1  1  2  2  2  2     48
                                                                                                        
