-------------------------------------------------------------------------------------------------       
 1971-2000 Daily/Monthly Station Normals                                                                
 Provided by National Climatic Data Center/NESDIS/NOAA                                                  
-------------------------------------------------------------------------------------------------       
 Station COOP ID:                           325660                                                      
 Station Name, State, Division, Call:       MAYVILLE                           ND 06                    
 Latitude, Longitude, Elevation, Elements:  47 30 00 -097 19 00   935 XNP                               
-------------------------------------------------------------------------------------------------       
 Minimum Temperature (deg F [tenths deg F for monthly])                                                 
 DAY  1  2  3  4  5  6  7  8  9 10 11 12 13 14 15 16 17 18 19 20 21 22 23 24 25 26 27 28 29 30 31  MONTH
-------------------------------------------------------------------------------------------------       
JAN  -3 -3 -4 -4 -4 -4 -4 -4 -4 -4 -5 -5 -5 -5 -5 -5 -5 -4 -4 -4 -4 -4 -4 -4 -4 -3 -3 -3 -3 -2 -2    -39
FEB  -2 -2 -1 -1 -1  0  0  1  1  1  2  2  3  3  3  4  4  5  5  5  6  6  7  7  8  8  9  9              33
MAR  10 10 10 11 11 12 12 13 13 14 14 15 15 16 16 17 17 17 18 18 19 19 20 20 21 21 22 22 22 23 23    165
APR  24 24 25 25 26 26 27 27 27 28 28 29 29 30 30 31 31 31 32 32 33 33 34 34 35 35 36 36 37 37       304
MAY  38 38 38 39 39 40 40 41 41 41 42 42 43 43 43 44 44 45 45 45 46 46 46 47 47 47 48 48 48 49 49    436
JUN  49 50 50 50 50 51 51 51 51 52 52 52 52 53 53 53 53 54 54 54 54 54 55 55 55 55 55 55 55 56       528
JUL  56 56 56 56 56 56 57 57 57 57 57 57 57 57 57 57 57 57 57 57 57 57 57 57 58 58 58 57 57 57 57    569
AUG  57 57 57 57 57 57 57 57 57 56 56 56 56 56 56 55 55 55 55 54 54 54 54 53 53 53 52 52 52 51 51    549
SEP  50 50 50 49 49 49 48 48 47 47 47 46 46 46 45 45 45 44 44 43 43 43 42 42 42 41 41 41 41 40       451
OCT  40 40 39 39 39 38 38 38 37 37 36 36 36 35 35 34 34 33 33 32 32 31 31 30 30 29 29 28 28 27 27    339
NOV  26 25 25 24 24 23 23 22 21 21 20 20 19 19 18 18 17 16 16 15 15 14 14 13 12 12 11 11 10 10       178
DEC   9  9  8  8  7  6  6  6  5  5  4  4  3  3  2  2  2  1  1  0  0  0 -1 -1 -1 -2 -2 -2 -2 -3 -3     24
                                                                                                        
-------------------------------------------------------------------------------------------------       
 Maximum Temperature (deg F [tenths deg F for monthly])                                                 
 DAY  1  2  3  4  5  6  7  8  9 10 11 12 13 14 15 16 17 18 19 20 21 22 23 24 25 26 27 28 29 30 31  MONTH
-------------------------------------------------------------------------------------------------       
JAN  17 16 16 16 16 16 16 16 16 15 15 15 15 15 16 16 16 16 16 16 16 16 17 17 17 17 18 18 18 19 19    164
FEB  20 20 20 21 21 22 22 22 23 23 23 24 24 24 25 25 26 26 26 27 27 27 28 28 28 29 29 29             246
MAR  30 30 30 31 31 31 32 32 33 33 33 34 34 35 35 36 36 37 38 38 39 39 40 41 41 42 43 43 44 45 46    365
APR  46 47 48 49 49 50 51 52 52 53 54 54 55 56 56 57 57 58 59 59 60 60 61 62 62 63 63 64 64 65       562
MAY  65 66 66 67 67 68 68 69 69 69 70 70 71 71 71 72 72 72 73 73 73 74 74 74 74 75 75 75 75 76 76    713
JUN  76 76 76 77 77 77 77 77 78 78 78 78 78 79 79 79 79 79 80 80 80 80 80 80 81 81 81 81 81 81       788
JUL  82 82 82 82 82 82 82 83 83 83 83 83 83 83 83 84 84 84 84 84 84 84 84 84 84 84 84 84 84 84 84    833
AUG  84 85 84 84 84 84 84 84 84 84 84 84 84 83 83 83 83 83 82 82 82 81 81 81 80 80 80 79 79 78 78    823
SEP  77 77 76 76 76 75 75 74 74 73 73 73 72 72 71 71 70 70 70 69 69 68 68 68 67 67 67 66 66 66       712
OCT  65 65 64 64 64 63 63 62 62 61 61 60 60 59 58 58 57 57 56 55 55 54 53 52 52 51 50 49 48 48 47    572
NOV  46 45 44 43 43 42 41 40 40 39 38 37 37 36 35 35 34 33 33 32 32 31 31 30 30 29 29 28 28 27       356
DEC  27 26 26 26 25 25 24 24 24 23 23 23 22 22 22 21 21 21 20 20 20 19 19 19 19 18 18 18 17 17 17    215
                                                                                                        
-------------------------------------------------------------------------------------------------       
 Average Temperature (deg F [tenths deg F for monthly])                                                 
 DAY  1  2  3  4  5  6  7  8  9 10 11 12 13 14 15 16 17 18 19 20 21 22 23 24 25 26 27 28 29 30 31  MONTH
-------------------------------------------------------------------------------------------------       
JAN   7  7  6  6  6  6  6  6  6  6  5  5  5  5  5  5  6  6  6  6  6  6  6  7  7  7  7  8  8  8  9     63
FEB   9  9 10 10 10 11 11 12 12 12 13 13 13 14 14 15 15 15 16 16 16 17 17 18 18 18 19 19             140
MAR  20 20 20 21 21 22 22 22 23 23 24 24 25 25 26 26 27 27 28 28 29 29 30 30 31 32 32 33 33 34 34    265
APR  35 36 36 37 38 38 39 39 40 40 41 42 42 43 43 44 44 45 45 46 46 47 47 48 48 49 50 50 50 51       433
MAY  51 52 52 53 53 54 54 55 55 55 56 56 57 57 57 58 58 59 59 59 60 60 60 61 61 61 61 62 62 62 62    575
JUN  63 63 63 63 64 64 64 64 65 65 65 65 65 66 66 66 66 66 67 67 67 67 67 68 68 68 68 68 68 68       658
JUL  69 69 69 69 69 69 69 70 70 70 70 70 70 70 70 70 70 70 70 70 71 71 71 71 71 71 71 71 71 71 71    701
AUG  71 71 71 71 71 71 70 70 70 70 70 70 70 70 69 69 69 69 68 68 68 68 67 67 67 66 66 66 65 65 64    686
SEP  64 63 63 63 62 62 61 61 61 60 60 59 59 59 58 58 58 57 57 56 56 56 55 55 55 54 54 54 53 53       582
OCT  53 52 52 52 51 51 50 50 49 49 49 48 48 47 47 46 46 45 44 44 43 43 42 41 41 40 40 39 38 37 37    456
NOV  36 35 35 34 33 33 32 31 30 30 29 29 28 27 27 26 25 25 24 24 23 23 22 22 21 21 20 19 19 18       267
DEC  18 18 17 17 16 16 15 15 14 14 14 13 13 12 12 12 11 11 11 10 10 10  9  9  9  8  8  8  8  7  7    120
                                                                                                        
-------------------------------------------------------------------------------------------------       
 Heating Degree Days                                                                                    
 DAY  1  2  3  4  5  6  7  8  9 10 11 12 13 14 15 16 17 18 19 20 21 22 23 24 25 26 27 28 29 30 31  MONTH
-------------------------------------------------------------------------------------------------       
JAN  58 58 59 59 59 59 59 59 59 60 60 60 60 60 60 60 60 59 59 59 59 59 59 58 58 58 58 57 57 57 56   1822
FEB  56 56 55 55 55 54 54 54 53 53 52 52 52 51 51 51 50 50 49 49 49 48 48 47 47 47 46 46            1430
MAR  46 45 45 44 44 43 43 43 42 42 41 41 40 40 39 39 38 38 37 37 36 36 35 35 34 33 33 32 32 31 30   1194
APR  30 29 29 28 28 27 26 26 25 25 24 24 23 22 22 21 21 20 20 19 19 18 18 17 17 16 16 15 15 14       654
MAY  14 14 13 13 12 12 12 11 11 10 10 10  9  9  9  8  8  8  8  7  7  7  6  6  6  6  6  5  5  5  5    272
JUN   5  5  4  4  4  4  4  4  4  3  3  3  3  3  3  3  3  2  2  2  2  2  2  2  2  2  2  2  2  2        88
JUL   1  1  1  1  1  1  1  1  1  1  1  1  1  1  1  1  1  1  1  1  1  1  1  1  1  1  1  1  0  0  0     28
AUG   0  0  0  1  1  1  1  1  1  1  1  1  1  1  1  1  1  2  2  2  2  2  2  2  3  3  3  3  3  4  4     51
SEP   4  4  5  5  5  5  5  6  6  6  6  7  7  7  8  8  8  8  9  9  9 10 10 10 10 11 11 11 12 12       234
OCT  12 13 13 13 14 14 15 15 16 16 16 17 17 18 18 19 19 20 21 21 22 22 23 24 24 25 26 26 27 28 28    602
NOV  29 30 30 31 32 32 33 34 35 35 36 36 37 38 38 39 39 40 41 41 42 42 43 43 44 45 45 46 46 47      1149
DEC  47 48 48 48 49 49 50 50 51 51 51 52 52 53 53 53 54 54 54 55 55 55 56 56 56 57 57 57 57 58 58   1644
                                                                                                        
-------------------------------------------------------------------------------------------------       
 Cooling Degree Days                                                                                    
 DAY  1  2  3  4  5  6  7  8  9 10 11 12 13 14 15 16 17 18 19 20 21 22 23 24 25 26 27 28 29 30 31  MONTH
-------------------------------------------------------------------------------------------------       
JAN   0  0  0  0  0  0  0  0  0  0  0  0  0  0  0  0  0  0  0  0  0  0  0  0  0  0  0  0  0  0  0      0
FEB   0  0  0  0  0  0  0  0  0  0  0  0  0  0  0  0  0  0  0  0  0  0  0  0  0  0  0  0               0
MAR   0  0  0  0  0  0  0  0  0  0  0  0  0  0  0  0  0  0  0  0  0  0  0  0  0  0  0  0  0  0  0      0
APR   0  0  0  0  0  0  0  0  0  0  0  0  0  0  0  0  0  0  0  0  0  0  0  0  0  0  0-99-99-99         3
MAY   0  0  0  0  1  1  1  1  1  1  1  1  1  1  1  1  1  1  1  1  1  2  2  2  2  2  2  2  2  2  2     37
JUN   2  2  3  3  3  3  3  3  3  3  3  3  3  4  4  4  4  4  4  4  4  4  4  4  5  5  5  5  5  5       111
JUL   5  5  5  6  6  6  6  6  6  6  6  6  6  6  6  6  6  6  6  6  6  6  6  6  6  6  7  7  7  6  6    186
AUG   6  6  6  6  6  6  6  6  6  6  6  6  6  6  6  6  5  5  5  5  5  5  5  4  4  4  4  4  4  3  3    161
SEP   3  3  3  2  2  2  2  2  2  1  1  1  1  1  1  1  1  1  0  0  0  0  0  0  0  0  0  0  0  0        30
OCT   0  0  0  0  0  0  0  0  0  0  0  0  0  0  0  0  0  0  0  0  0  0  0  0  0  0  0  0  0  0  0      0
NOV   0  0  0  0  0  0  0  0  0  0  0  0  0  0  0  0  0  0  0  0  0  0  0  0  0  0  0  0  0  0         0
DEC   0  0  0  0  0  0  0  0  0  0  0  0  0  0  0  0  0  0  0  0  0  0  0  0  0  0  0  0  0  0  0      0
                                                                                                        
-------------------------------------------------------------------------------------------------       
 Total  Precipitation (Hundreths of an Inch)                                                            
 DAY  1  2  3  4  5  6  7  8  9 10 11 12 13 14 15 16 17 18 19 20 21 22 23 24 25 26 27 28 29 30 31  MONTH
-------------------------------------------------------------------------------------------------       
JAN   2  2  2  2  2  2  2  2  2  2  2  3  3  3  3  3  3  3  3  3  3  2  2  2  2  2  2  2  2  2  2     72
FEB   2  2  2  2  2  2  2  2  2  2  2  2  2  2  2  2  2  2  2  2  2  2  3  3  3  3  3  3              62
MAR   3  3  3  3  3  3  3  3  3  3  3  3  3  3  3  3  4  4  4  4  4  4  4  4  4  4  4  4  4  4  4    108
APR   4  4  4  4  4  4  4  4  4  4  4  4  5  5  5  5  5  5  5  5  5  5  5  5  5  5  5  5  5  5       138
MAY   5  6  6  6  6  6  6  6  6  6  6  7  7  7  7  7  7  7  8  8  8  8  8  9  9  9  9  9 10 10 10    229
JUN  10 11 11 11 11 12 12 12 12 12 12 12 12 12 12 12 12 12 12 12 12 12 12 12 12 12 11 11 11 11       350
JUL  11 10 10 10 10 10  9  9  9  9  9  9  9  9  8  8  8  8  8  8  8  8  8  8  8  8  8  9  9  9  9    273
AUG   9  9  9  9  9  9  9  9 10 10 10 10 10 10 10 10 10  9  9  9  9  9  9  9  9  9  9  9  8  8  8    285
SEP   8  8  8  8  7  7  7  7  7  7  7  7  7  7  6  6  6  6  6  6  6  6  6  6  6  6  6  6  6  6       198
OCT   6  6  6  6  6  6  6  6  6  6  6  6  6  6  6  6  6  6  6  6  6  6  5  5  5  5  5  5  5  5  5    177
NOV   4  4  4  4  4  4  4  3  3  3  3  3  3  3  3  3  3  3  3  2  2  2  2  2  2  2  2  2  2  2        86
DEC   2  2  2  2  2  2  2  2  2  2  2  1  1  2  2  2  2  2  2  2  2  2  2  2  2  2  2  2  2  2  2     60
                                                                                                        
