-------------------------------------------------------------------------------------------------       
 1971-2000 Daily/Monthly Station Normals                                                                
 Provided by National Climatic Data Center/NESDIS/NOAA                                                  
-------------------------------------------------------------------------------------------------       
 Station COOP ID:                           328937                                                      
 Station Name, State, Division, Call:       VALLEY CITY 3 NNW                  ND 06                    
 Latitude, Longitude, Elevation, Elements:  46 57 21 -098 01 13  1210 XNP                               
-------------------------------------------------------------------------------------------------       
 Minimum Temperature (deg F [tenths deg F for monthly])                                                 
 DAY  1  2  3  4  5  6  7  8  9 10 11 12 13 14 15 16 17 18 19 20 21 22 23 24 25 26 27 28 29 30 31  MONTH
-------------------------------------------------------------------------------------------------       
JAN  -4 -4 -4 -4 -5 -5 -5 -5 -5 -5 -5 -6 -6 -6 -6 -6 -6 -6 -6 -5 -5 -5 -5 -5 -5 -5 -4 -4 -4 -3 -3    -49
FEB  -3 -3 -2 -2 -2 -1 -1  0  0  0  1  1  2  2  2  3  3  4  4  4  5  5  6  6  7  7  8  8              23
MAR   9  9 10 10 11 11 12 12 13 13 13 14 14 15 15 16 16 17 17 17 18 18 19 19 20 20 20 21 21 22 22    156
APR  23 23 23 24 24 25 25 25 26 26 27 27 28 28 29 29 29 30 30 31 31 32 32 33 33 33 34 34 35 35       288
MAY  36 36 37 37 38 38 39 39 39 40 40 41 41 41 42 42 43 43 43 44 44 45 45 45 46 46 46 47 47 47 48    421
JUN  48 48 49 49 49 49 50 50 50 50 51 51 51 52 52 52 52 52 53 53 53 53 54 54 54 54 54 54 55 55       517
JUL  55 55 55 55 56 56 56 56 56 56 56 56 56 56 56 56 57 57 57 57 57 57 57 57 57 57 56 56 56 56 56    562
AUG  56 56 56 56 56 56 56 55 55 55 55 55 54 54 54 54 53 53 53 53 52 52 52 51 51 51 50 50 50 49 49    533
SEP  48 48 48 47 47 46 46 45 45 45 44 44 43 43 43 42 42 42 41 41 40 40 40 39 39 39 38 38 38 37       426
OCT  37 37 36 36 35 35 35 34 34 34 33 33 32 32 32 31 31 30 30 29 29 28 28 27 27 27 26 26 25 25 24    309
NOV  24 23 23 22 22 21 21 20 20 19 18 18 17 17 16 16 15 15 14 14 13 13 13 12 12 11 11 10 10  9       163
DEC   9  8  8  7  7  6  6  5  5  4  4  4  3  3  2  2  2  1  1  0  0  0 -1 -1 -1 -2 -2 -3 -3 -3 -3     22
                                                                                                        
-------------------------------------------------------------------------------------------------       
 Maximum Temperature (deg F [tenths deg F for monthly])                                                 
 DAY  1  2  3  4  5  6  7  8  9 10 11 12 13 14 15 16 17 18 19 20 21 22 23 24 25 26 27 28 29 30 31  MONTH
-------------------------------------------------------------------------------------------------       
JAN  17 17 16 16 16 16 16 16 16 16 15 15 15 15 15 16 16 16 16 16 16 16 16 17 17 17 17 18 18 18 18    163
FEB  19 19 19 20 20 21 21 21 22 22 22 23 23 23 24 24 24 25 25 25 26 26 26 27 27 28 28 28             235
MAR  29 29 29 30 30 30 31 31 32 32 33 33 33 34 34 35 35 36 37 37 38 38 39 39 40 41 41 42 42 43 44    354
APR  44 45 46 46 47 48 48 49 49 50 51 51 52 53 53 54 54 55 55 56 57 57 58 58 59 59 60 60 61 61       532
MAY  62 62 63 63 64 64 65 65 66 66 67 67 67 68 68 69 69 69 70 70 70 70 71 71 71 72 72 72 72 73 73    681
JUN  73 73 73 74 74 74 74 74 75 75 75 75 75 76 76 76 76 76 76 77 77 77 77 77 78 78 78 78 78 79       758
JUL  79 79 79 79 79 80 80 80 80 80 80 81 81 81 81 81 81 81 81 81 81 82 82 82 82 82 82 82 82 82 82    808
AUG  82 82 82 82 82 82 82 82 82 81 81 81 81 81 81 80 80 80 80 80 79 79 79 78 78 78 77 77 76 76 76    799
SEP  75 75 74 74 74 73 73 72 72 71 71 71 70 70 70 69 69 68 68 68 67 67 67 66 66 66 65 65 65 64       695
OCT  64 64 63 63 63 62 62 61 61 60 60 59 59 58 58 57 57 56 55 55 54 53 53 52 51 51 50 49 48 47 47    565
NOV  46 45 44 43 43 42 41 40 39 39 38 37 37 36 35 35 34 34 33 32 32 31 31 30 30 29 29 28 28 27       356
DEC  27 27 26 26 25 25 25 24 24 23 23 23 22 22 22 21 21 21 20 20 20 20 19 19 19 18 18 18 18 17 17    216
                                                                                                        
-------------------------------------------------------------------------------------------------       
 Average Temperature (deg F [tenths deg F for monthly])                                                 
 DAY  1  2  3  4  5  6  7  8  9 10 11 12 13 14 15 16 17 18 19 20 21 22 23 24 25 26 27 28 29 30 31  MONTH
-------------------------------------------------------------------------------------------------       
JAN   7  6  6  6  6  6  5  5  5  5  5  5  5  5  5  5  5  5  5  5  5  5  6  6  6  6  7  7  7  7  8     57
FEB   8  8  9  9  9 10 10 10 11 11 11 12 12 13 13 13 14 14 15 15 15 16 16 17 17 17 18 18             129
MAR  19 19 19 20 20 21 21 22 22 23 23 24 24 24 25 25 26 26 27 27 28 28 29 29 30 30 31 31 32 32 33    255
APR  34 34 35 35 36 36 37 37 38 38 39 39 40 40 41 41 42 42 43 43 44 44 45 45 46 46 47 47 48 48       410
MAY  49 49 50 50 51 51 52 52 53 53 53 54 54 55 55 55 56 56 57 57 57 58 58 58 58 59 59 59 60 60 60    551
JUN  60 61 61 61 62 62 62 62 62 63 63 63 63 64 64 64 64 64 65 65 65 65 65 66 66 66 66 66 67 67       638
JUL  67 67 67 67 68 68 68 68 68 68 68 68 69 69 69 69 69 69 69 69 69 69 69 69 69 69 69 69 69 69 69    685
AUG  69 69 69 69 69 69 69 69 68 68 68 68 68 68 67 67 67 67 66 66 66 65 65 65 65 64 64 63 63 63 62    666
SEP  62 61 61 61 60 60 59 59 59 58 58 57 57 57 56 56 55 55 55 54 54 54 53 53 52 52 52 51 51 51       561
OCT  50 50 50 49 49 49 48 48 47 47 47 46 46 45 45 44 44 43 43 42 41 41 40 40 39 39 38 37 37 36 35    437
NOV  35 34 33 33 32 31 31 30 30 29 28 28 27 27 26 25 25 24 24 23 23 22 22 21 21 20 20 19 19 18       260
DEC  18 17 17 16 16 16 15 15 14 14 14 13 13 12 12 12 11 11 11 10 10 10  9  9  9  8  8  8  7  7  7    119
                                                                                                        
-------------------------------------------------------------------------------------------------       
 Heating Degree Days                                                                                    
 DAY  1  2  3  4  5  6  7  8  9 10 11 12 13 14 15 16 17 18 19 20 21 22 23 24 25 26 27 28 29 30 31  MONTH
-------------------------------------------------------------------------------------------------       
JAN  58 59 59 59 59 60 60 60 60 60 60 60 60 60 60 60 60 60 60 60 60 60 59 59 59 59 59 58 58 58 57   1840
FEB  57 57 56 56 56 55 55 55 54 54 54 53 53 52 52 52 51 51 50 50 50 49 49 48 48 48 47 47            1459
MAR  46 46 46 45 45 44 44 43 43 42 42 41 41 41 40 40 39 39 38 38 37 37 36 36 35 35 34 34 33 33 32   1225
APR  31 31 30 30 29 29 28 28 27 27 26 26 25 25 24 24 23 23 22 22 21 21 20 20 19 19 18 18 17 17       720
MAY  16 16 15 15 15 14 14 13 13 12 12 12 11 11 11 10 10 10  9  9  9  8  8  8  8  7  7  7  7  7  6    330
JUN   6  6  6  6  5  5  5  5  5  5  4  4  4  4  4  4  3  3  3  3  3  3  3  3  2  2  2  2  2  2       114
JUL   2  2  2  2  1  1  1  1  1  1  1  1  1  1  1  1  1  1  1  1  1  1  1  1  1  1  1  1  1  1  1     35
AUG   1  1  1  1  1  1  1  1  1  1  1  2  2  2  2  2  2  2  3  3  3  3  3  3  4  4  4  4  5  5  5     74
SEP   5  6  6  6  6  7  7  7  8  8  8  8  9  9  9 10 10 10 10 11 11 11 12 12 12 13 13 13 14 14       285
OCT  14 15 15 16 16 16 17 17 18 18 19 19 19 20 20 21 21 22 22 23 24 24 25 25 26 27 27 28 28 29 30    661
NOV  30 31 32 32 33 34 34 35 36 36 37 37 38 39 39 40 40 41 41 42 42 43 43 44 44 45 45 46 46 47      1172
DEC  47 48 48 49 49 49 50 50 51 51 51 52 52 53 53 53 54 54 54 55 55 55 56 56 56 57 57 57 58 58 58   1646
                                                                                                        
-------------------------------------------------------------------------------------------------       
 Cooling Degree Days                                                                                    
 DAY  1  2  3  4  5  6  7  8  9 10 11 12 13 14 15 16 17 18 19 20 21 22 23 24 25 26 27 28 29 30 31  MONTH
-------------------------------------------------------------------------------------------------       
JAN   0  0  0  0  0  0  0  0  0  0  0  0  0  0  0  0  0  0  0  0  0  0  0  0  0  0  0  0  0  0  0      0
FEB   0  0  0  0  0  0  0  0  0  0  0  0  0  0  0  0  0  0  0  0  0  0  0  0  0  0  0  0               0
MAR   0  0  0  0  0  0  0  0  0  0  0  0  0  0  0  0  0  0  0  0  0  0  0  0  0  0  0  0  0  0  0      0
APR   0  0  0  0  0  0  0  0  0  0  0  0  0  0  0  0  0  0  0  0  0  0  0  0  0  0  0  0  0-99         1
MAY   0  0  0  0  0  0  0  0  0  1  1  1  1  1  1  1  1  1  1  1  1  1  1  1  1  1  1  1  1  1  2     23
JUN   1  2  2  2  2  2  2  2  2  2  2  2  2  2  2  3  3  3  3  3  3  3  3  3  3  3  3  4  4  4        77
JUL   4  4  4  4  4  4  4  4  4  4  4  4  5  5  5  5  5  5  5  5  5  5  5  5  5  5  5  5  5  5  5    143
AUG   5  5  5  5  5  5  5  5  5  5  5  4  4  4  4  4  4  4  4  4  4  3  3  3  3  3  3  3  3  2  2    123
SEP   2  2  2  2  1  1  1  1  1  1  1  1  0  0  0  0  0  0  0  0  0  0  0  0  0  0  0  0  0  0        16
OCT   0  0  0  0  0  0  0  0  0  0  0  0  0  0  0  0  0  0  0  0  0  0  0  0  0  0  0  0  0  0  0      0
NOV   0  0  0  0  0  0  0  0  0  0  0  0  0  0  0  0  0  0  0  0  0  0  0  0  0  0  0  0  0  0         0
DEC   0  0  0  0  0  0  0  0  0  0  0  0  0  0  0  0  0  0  0  0  0  0  0  0  0  0  0  0  0  0  0      0
                                                                                                        
-------------------------------------------------------------------------------------------------       
 Total  Precipitation (Hundreths of an Inch)                                                            
 DAY  1  2  3  4  5  6  7  8  9 10 11 12 13 14 15 16 17 18 19 20 21 22 23 24 25 26 27 28 29 30 31  MONTH
-------------------------------------------------------------------------------------------------       
JAN   1  1  1  1  1  1  1  2  2  2  2  2  2  2  2  2  2  2  2  2  2  2  2  2  2  2  2  2  2  2  1     54
FEB   2  2  2  2  2  1  1  1  1  1  1  1  1  1  1  2  2  2  2  2  2  2  2  2  2  2  2  2              46
MAR   2  2  2  2  2  2  2  2  2  2  2  2  2  3  3  3  3  3  3  3  3  3  3  3  3  3  3  3  3  3  3     80
APR   3  3  3  3  3  3  3  3  3  3  3  4  4  4  4  4  4  4  4  4  5  5  5  5  5  5  5  6  6  6       122
MAY   6  6  6  7  7  7  7  7  7  8  8  8  8  8  8  9  9  9  9  9  9  9  9 10 10 10 10 10 10 10 10    260
JUN  10 11 11 11 11 11 11 11 11 11 11 11 11 11 11 11 11 11 11 11 11 11 11 11 11 11 11 11 10 10       327
JUL  10 10 10 10 10 10 10  9  9  9  9  9  9  9  9  9  9  9  9  9  8  8  8  8  8  8  8  8  8  8  8    275
AUG   8  8  8  8  8  8  8  8  8  8  8  8  8  8  8  8  8  8  8  8  8  8  8  8  8  8  7  7  7  7  7    243
SEP   8  8  8  8  8  7  7  7  7  7  7  7  7  7  7  7  7  7  7  7  7  7  7  7  7  6  6  6  6  6       210
OCT   6  6  6  6  6  6  6  6  5  5  5  5  5  5  5  5  5  5  5  5  5  4  4  4  4  4  4  4  4  4  4    153
NOV   4  4  4  3  3  3  3  3  3  3  3  3  3  3  3  3  3  2  2  2  2  2  2  2  2  2  2  2  2  2        80
DEC   2  2  2  2  2  2  1  1  1  1  1  1  1  1  1  1  1  1  1  1  1  1  1  1  1  1  1  1  1  2  2     39
                                                                                                        
