-------------------------------------------------------------------------------------------------       
 1971-2000 Daily/Monthly Station Normals                                                                
 Provided by National Climatic Data Center/NESDIS/NOAA                                                  
-------------------------------------------------------------------------------------------------       
 Station COOP ID:                           329233                                                      
 Station Name, State, Division, Call:       WATFORD CITY                       ND 04                    
 Latitude, Longitude, Elevation, Elements:  47 48 00 -103 17 00  2170 XNP                               
-------------------------------------------------------------------------------------------------       
 Minimum Temperature (deg F [tenths deg F for monthly])                                                 
 DAY  1  2  3  4  5  6  7  8  9 10 11 12 13 14 15 16 17 18 19 20 21 22 23 24 25 26 27 28 29 30 31  MONTH
-------------------------------------------------------------------------------------------------       
JAN  -2 -2 -3 -3 -3 -3 -3 -3 -4 -4 -4 -4 -4 -4 -4 -4 -4 -4 -3 -3 -3 -3 -3 -2 -2 -2 -2 -1 -1  0  0    -28
FEB   0  1  1  2  2  2  3  3  4  4  4  5  5  5  6  6  6  7  7  8  8  8  9  9  9 10 10 10              55
MAR  11 11 11 12 12 12 12 13 13 13 14 14 15 15 15 16 16 16 17 17 17 18 18 19 19 19 20 20 20 21 21    157
APR  22 22 22 23 23 24 24 24 25 25 26 26 27 27 27 28 28 29 29 29 30 30 31 31 32 32 32 33 33 34       276
MAY  34 35 35 35 36 36 37 37 37 38 38 39 39 39 40 40 40 41 41 41 42 42 43 43 43 44 44 44 44 45 45    399
JUN  45 46 46 46 47 47 47 47 48 48 48 48 49 49 49 49 49 50 50 50 50 51 51 51 51 51 51 52 52 52       490
JUL  52 52 53 53 53 53 53 53 53 53 54 54 54 54 54 54 54 54 54 54 54 54 54 54 54 54 54 54 54 54 54    536
AUG  54 54 54 54 54 54 54 54 54 54 53 53 53 53 53 52 52 52 51 51 51 50 50 50 49 49 48 48 48 47 47    516
SEP  46 45 45 45 44 44 43 43 42 42 41 41 41 40 40 39 39 39 38 38 38 37 37 37 36 36 36 35 35 35       399
OCT  35 34 34 34 33 33 33 32 32 32 31 31 31 30 30 29 29 29 28 28 27 27 26 26 25 25 25 24 24 23 22    291
NOV  22 21 21 20 20 19 19 18 18 17 17 16 16 16 15 15 14 14 13 13 12 12 12 11 11 10 10 10  9  9       150
DEC   8  8  8  7  7  6  6  6  5  5  5  4  4  4  3  3  3  2  2  2  1  1  1  0  0 -1 -1 -1 -1 -2 -2     30
                                                                                                        
-------------------------------------------------------------------------------------------------       
 Maximum Temperature (deg F [tenths deg F for monthly])                                                 
 DAY  1  2  3  4  5  6  7  8  9 10 11 12 13 14 15 16 17 18 19 20 21 22 23 24 25 26 27 28 29 30 31  MONTH
-------------------------------------------------------------------------------------------------       
JAN  20 19 19 19 19 19 18 18 18 18 18 18 18 18 18 18 18 18 18 19 19 19 19 20 20 20 21 21 21 22 22    191
FEB  23 23 24 24 25 25 25 26 26 27 27 28 28 28 29 29 30 30 30 31 31 31 32 32 32 33 33 33             284
MAR  34 34 34 34 35 35 35 36 36 37 37 37 38 38 39 39 39 40 40 41 41 42 42 43 43 44 44 45 46 46 47    394
APR  47 48 48 49 50 50 51 51 52 52 53 53 54 54 55 56 56 57 57 57 58 58 59 59 60 60 61 61 62 62       550
MAY  62 63 63 64 64 64 65 65 66 66 66 67 67 67 68 68 68 69 69 70 70 70 70 71 71 71 72 72 72 73 73    679
JUN  73 73 74 74 74 74 75 75 75 75 76 76 76 77 77 77 77 78 78 78 78 79 79 79 79 80 80 80 80 81       769
JUL  81 81 81 82 82 82 82 82 83 83 83 83 83 83 84 84 84 84 84 84 85 85 85 85 85 85 85 85 85 86 86    836
AUG  86 86 86 86 86 86 86 85 85 85 85 85 85 85 84 84 84 84 83 83 83 82 82 81 81 81 80 80 79 79 78    834
SEP  78 77 76 76 75 75 74 74 73 73 72 72 71 71 70 70 70 69 69 68 68 67 67 67 66 66 66 65 65 65       705
OCT  64 64 64 63 63 63 62 62 61 61 60 60 59 59 58 58 57 56 56 55 55 54 53 53 52 51 50 50 49 48 47    570
NOV  47 46 45 44 43 43 42 41 41 40 39 39 38 37 37 36 36 35 35 34 34 33 33 32 32 32 31 31 30 30       372
DEC  30 29 29 29 28 28 28 27 27 27 27 26 26 26 25 25 25 24 24 24 23 23 23 22 22 22 21 21 21 20 20    249
                                                                                                        
-------------------------------------------------------------------------------------------------       
 Average Temperature (deg F [tenths deg F for monthly])                                                 
 DAY  1  2  3  4  5  6  7  8  9 10 11 12 13 14 15 16 17 18 19 20 21 22 23 24 25 26 27 28 29 30 31  MONTH
-------------------------------------------------------------------------------------------------       
JAN   9  9  8  8  8  8  8  7  7  7  7  7  7  7  7  7  7  7  8  8  8  8  8  9  9  9 10 10 10 11 11     82
FEB  12 12 12 13 13 14 14 15 15 15 16 16 17 17 17 18 18 18 19 19 20 20 20 21 21 21 21 22             170
MAR  22 22 23 23 23 24 24 24 25 25 25 26 26 27 27 27 28 28 29 29 29 30 30 31 31 32 32 33 33 34 34    276
APR  35 35 35 36 36 37 37 38 38 39 39 40 40 41 41 42 42 43 43 43 44 44 45 45 46 46 47 47 47 48       413
MAY  48 49 49 49 50 50 51 51 51 52 52 53 53 53 54 54 54 55 55 56 56 56 57 57 57 57 58 58 58 59 59    539
JUN  59 60 60 60 60 61 61 61 61 62 62 62 63 63 63 63 63 64 64 64 64 65 65 65 65 66 66 66 66 66       630
JUL  66 67 67 67 67 67 68 68 68 68 68 68 68 69 69 69 69 69 69 69 69 69 69 70 70 70 70 70 70 70 70    686
AUG  70 70 70 70 70 70 70 70 70 69 69 69 69 69 68 68 68 68 67 67 67 66 66 66 65 65 64 64 63 63 62    675
SEP  62 61 61 60 60 59 59 58 58 57 57 56 56 56 55 55 54 54 53 53 53 52 52 52 51 51 51 50 50 50       552
OCT  49 49 49 48 48 48 47 47 47 46 46 45 45 45 44 44 43 43 42 42 41 40 40 39 39 38 38 37 36 36 35    431
NOV  34 34 33 32 32 31 30 30 29 29 28 28 27 26 26 25 25 24 24 24 23 23 22 22 21 21 21 20 20 19       261
DEC  19 19 18 18 18 17 17 17 16 16 16 15 15 15 14 14 14 13 13 13 12 12 12 11 11 11 10 10 10  9  9    140
                                                                                                        
-------------------------------------------------------------------------------------------------       
 Heating Degree Days                                                                                    
 DAY  1  2  3  4  5  6  7  8  9 10 11 12 13 14 15 16 17 18 19 20 21 22 23 24 25 26 27 28 29 30 31  MONTH
-------------------------------------------------------------------------------------------------       
JAN  56 56 57 57 57 57 58 58 58 58 58 58 58 58 58 58 58 58 58 57 57 57 57 56 56 56 56 55 55 54 54   1764
FEB  54 53 53 52 52 51 51 50 50 50 49 49 48 48 48 47 47 47 46 46 46 45 45 44 44 44 44 43            1346
MAR  43 43 42 42 42 41 41 41 40 40 40 39 39 38 38 38 37 37 36 36 36 35 35 34 34 33 33 32 32 32 31   1160
APR  31 30 30 29 29 28 28 27 27 26 26 25 25 24 24 23 23 22 22 22 21 21 20 20 19 19 18 18 18 17       712
MAY  17 16 16 16 15 15 14 14 14 13 13 12 12 12 11 11 11 11 10 10 10  9  9  9  9  8  8  8  8  8  7    356
JUN   7  7  7  7  6  6  6  6  6  6  5  5  5  5  5  5  5  4  4  4  4  4  4  4  4  3  3  3  3  3       146
JUL   3  3  3  3  3  3  3  3  3  2  2  2  2  2  2  2  2  2  2  2  2  2  2  2  2  1  1  1  1  1  1     65
AUG   1  1  1  1  1  1  1  1  1  1  1  2  2  2  2  2  2  2  3  3  3  3  3  4  4  4  4  5  5  5  5     76
SEP   6  6  6  7  7  7  8  8  8  9  9  9 10 10 10 11 11 11 12 12 12 13 13 13 14 14 14 14 15 15       314
OCT  15 16 16 16 17 17 18 18 18 19 19 20 20 21 21 22 22 23 23 24 24 25 25 26 26 27 28 28 29 29 30    682
NOV  31 31 32 33 33 34 35 35 36 36 37 37 38 39 39 40 40 41 41 41 42 42 43 43 44 44 44 45 45 46      1167
DEC  46 46 47 47 47 48 48 48 49 49 49 50 50 51 51 51 52 52 52 52 53 53 53 54 54 54 55 55 55 56 56   1583
                                                                                                        
-------------------------------------------------------------------------------------------------       
 Cooling Degree Days                                                                                    
 DAY  1  2  3  4  5  6  7  8  9 10 11 12 13 14 15 16 17 18 19 20 21 22 23 24 25 26 27 28 29 30 31  MONTH
-------------------------------------------------------------------------------------------------       
JAN   0  0  0  0  0  0  0  0  0  0  0  0  0  0  0  0  0  0  0  0  0  0  0  0  0  0  0  0  0  0  0      0
FEB   0  0  0  0  0  0  0  0  0  0  0  0  0  0  0  0  0  0  0  0  0  0  0  0  0  0  0  0               0
MAR   0  0  0  0  0  0  0  0  0  0  0  0  0  0  0  0  0  0  0  0  0  0  0  0  0  0  0  0  0  0  0      0
APR   0  0  0  0  0  0  0  0  0  0  0  0  0  0  0  0  0  0  0  0  0  0  0  0  0  0  0  0  0  0         0
MAY   0  0  0  0  0  0  0  0  0  0  0  0  0  0  0  0  0  0  0  1  1  1  1  1  1  1  1  1  1  1  1     12
JUN   1  1  2  2  2  2  2  2  2  2  2  2  2  3  3  3  3  3  3  3  3  3  4  4  4  4  4  4  4  4        83
JUL   5  5  5  5  5  5  5  5  5  6  6  6  6  6  6  6  6  6  6  6  6  6  6  6  6  6  6  6  6  6  6    177
AUG   6  6  6  6  6  6  6  6  6  6  6  6  5  5  5  5  5  5  5  5  4  4  4  4  4  4  4  3  3  3  3    152
SEP   3  2  2  2  2  2  1  1  1  1  1  1  1  1  0  0  0  0  0  0  0  0  0  0  0  0  0  0  0  0        21
OCT   0  0  0  0  0  0  0  0  0  0  0  0  0  0  0  0  0  0  0  0  0  0  0  0  0  0  0  0  0  0  0      0
NOV   0  0  0  0  0  0  0  0  0  0  0  0  0  0  0  0  0  0  0  0  0  0  0  0  0  0  0  0  0  0         0
DEC   0  0  0  0  0  0  0  0  0  0  0  0  0  0  0  0  0  0  0  0  0  0  0  0  0  0  0  0  0  0  0      0
                                                                                                        
-------------------------------------------------------------------------------------------------       
 Total  Precipitation (Hundreths of an Inch)                                                            
 DAY  1  2  3  4  5  6  7  8  9 10 11 12 13 14 15 16 17 18 19 20 21 22 23 24 25 26 27 28 29 30 31  MONTH
-------------------------------------------------------------------------------------------------       
JAN   1  1  1  1  1  1  1  1  1  1  1  1  1  1  2  2  2  2  2  2  2  2  2  2  2  2  2  2  1  1  1     45
FEB   2  2  2  2  2  2  1  1  1  1  1  1  1  1  1  1  1  1  1  1  1  1  1  2  2  2  2  2              39
MAR   1  1  1  1  1  1  2  2  2  2  2  2  2  2  2  2  2  2  2  2  2  2  2  2  2  2  2  2  2  2  2     56
APR   2  2  3  3  3  3  3  3  3  3  3  3  3  3  3  3  3  4  4  4  4  4  4  4  4  4  4  5  5  5       104
MAY   5  5  5  5  5  5  6  6  6  6  6  6  6  6  7  7  7  7  7  7  8  8  8  8  8  8  9  9  9  9  9    213
JUN   9 10 10 10 10 10 10 10 10 10 11 11 11 11 11 11 11 11 11 10 10 10 10 10 10 10 10  9  9  9       305
JUL   9  9  9  8  8  8  8  8  8  7  7  7  7  7  7  7  6  6  6  6  6  6  6  6  6  6  6  6  5  5  5    211
AUG   5  5  5  5  5  5  5  5  5  5  5  5  5  5  5  5  5  5  5  5  5  5  5  5  5  5  5  5  5  5  5    155
SEP   5  5  5  5  5  5  5  5  5  5  5  5  4  4  4  4  4  4  4  4  4  4  4  4  4  4  4  4  3  3       130
OCT   3  3  3  3  3  3  3  3  3  3  3  3  3  3  3  2  2  2  2  2  2  2  2  2  2  2  2  2  2  2  2     77
NOV   2  2  2  2  2  2  3  3  3  3  3  2  2  2  2  2  2  2  2  2  2  2  2  2  2  2  2  2  2  2        65
DEC   2  2  2  2  2  2  2  2  2  2  1  1  1  1  1  1  1  1  1  1  1  1  1  1  1  1  1  1  1  1  1     41
                                                                                                        
