-------------------------------------------------------------------------------------------------       
 1971-2000 Daily/Monthly Station Normals                                                                
 Provided by National Climatic Data Center/NESDIS/NOAA                                                  
-------------------------------------------------------------------------------------------------       
 Station COOP ID:                           355641                                                      
 Station Name, State, Division, Call:       MITCHELL 2 NW                      OR 07                    
 Latitude, Longitude, Elevation, Elements:  44 35 00 -120 11 00  2645 XNP                               
-------------------------------------------------------------------------------------------------       
 Minimum Temperature (deg F [tenths deg F for monthly])                                                 
 DAY  1  2  3  4  5  6  7  8  9 10 11 12 13 14 15 16 17 18 19 20 21 22 23 24 25 26 27 28 29 30 31  MONTH
-------------------------------------------------------------------------------------------------       
JAN  23 23 23 23 23 24 24 24 24 24 24 24 24 24 24 24 24 24 24 24 24 24 24 25 25 25 25 25 25 25 25    241
FEB  25 26 26 26 26 26 26 26 26 27 27 27 27 27 27 27 28 28 28 28 28 28 28 28 29 29 29 29             272
MAR  29 29 29 30 30 30 30 30 30 30 30 30 31 31 31 31 31 31 31 31 31 31 32 32 32 32 32 32 32 32 32    308
APR  32 32 33 33 33 33 33 33 33 33 33 34 34 34 34 34 34 34 35 35 35 35 35 35 36 36 36 36 36 37       342
MAY  37 37 37 38 38 38 38 38 39 39 39 39 39 40 40 40 40 41 41 41 41 42 42 42 42 42 43 43 43 43 44    402
JUN  44 44 44 45 45 45 45 45 46 46 46 46 46 47 47 47 47 48 48 48 48 48 49 49 49 49 49 50 50 50       470
JUL  50 50 51 51 51 51 51 51 51 52 52 52 52 52 52 52 52 53 53 53 53 53 53 53 53 53 53 53 53 53 53    521
AUG  53 53 53 53 53 53 53 53 53 53 53 53 53 52 52 52 52 52 52 51 51 51 51 51 50 50 50 50 49 49 49    517
SEP  48 48 48 48 47 47 47 46 46 46 46 45 45 45 44 44 44 44 43 43 43 42 42 42 42 41 41 41 41 40       443
OCT  40 40 40 39 39 39 38 38 38 38 38 37 37 37 37 36 36 36 36 35 35 35 35 34 34 34 34 34 33 33 33    364
NOV  33 32 32 32 32 32 31 31 31 31 31 30 30 30 30 30 29 29 29 29 29 28 28 28 28 28 27 27 27 27       297
DEC  27 26 26 26 26 26 25 25 25 25 25 25 25 25 24 24 24 24 24 24 24 24 24 24 24 24 24 24 24 23 23    246
                                                                                                        
-------------------------------------------------------------------------------------------------       
 Maximum Temperature (deg F [tenths deg F for monthly])                                                 
 DAY  1  2  3  4  5  6  7  8  9 10 11 12 13 14 15 16 17 18 19 20 21 22 23 24 25 26 27 28 29 30 31  MONTH
-------------------------------------------------------------------------------------------------       
JAN  41 41 41 41 41 41 41 41 41 41 41 41 41 41 41 41 42 42 42 42 42 42 43 43 43 43 43 43 43 44 44    418
FEB  44 44 45 45 45 45 46 46 46 46 47 47 47 47 47 48 48 48 48 49 49 49 49 49 50 50 50 50             473
MAR  51 51 51 51 52 52 52 52 52 53 53 53 53 53 54 54 54 54 54 55 55 55 55 55 56 56 56 56 56 57 57    538
APR  57 57 57 58 58 58 58 58 59 59 59 59 60 60 60 60 60 61 61 61 62 62 62 62 63 63 63 64 64 64       603
MAY  65 65 65 65 66 66 66 67 67 67 68 68 68 68 69 69 69 69 70 70 70 70 71 71 71 72 72 72 72 72 73    688
JUN  73 73 73 74 74 74 75 75 75 75 76 76 76 76 77 77 77 78 78 78 79 79 79 80 80 80 81 81 82 82       771
JUL  82 83 83 83 84 84 84 85 85 85 85 86 86 86 86 86 87 87 87 87 87 87 87 88 88 88 88 88 88 88 88    860
AUG  88 88 88 88 88 88 88 88 87 87 87 87 87 87 87 87 86 86 86 86 85 85 85 85 84 84 84 84 83 83 83    861
SEP  82 82 82 81 81 80 80 80 79 79 79 78 78 78 77 77 77 76 76 76 75 75 74 74 74 73 73 73 72 72       771
OCT  72 71 71 71 70 70 69 69 68 68 68 67 67 66 66 65 65 64 64 63 63 62 62 61 60 60 59 59 58 57 57    649
NOV  56 55 55 54 54 53 52 52 51 51 50 50 50 49 49 48 48 47 47 47 46 46 46 46 45 45 45 45 44 44       490
DEC  44 44 44 43 43 43 43 43 43 43 43 42 42 42 42 42 42 42 42 42 41 41 41 41 41 41 41 41 41 41 41    421
                                                                                                        
-------------------------------------------------------------------------------------------------       
 Average Temperature (deg F [tenths deg F for monthly])                                                 
 DAY  1  2  3  4  5  6  7  8  9 10 11 12 13 14 15 16 17 18 19 20 21 22 23 24 25 26 27 28 29 30 31  MONTH
-------------------------------------------------------------------------------------------------       
JAN  32 32 32 32 32 32 32 32 32 32 32 33 33 33 33 33 33 33 33 33 33 33 34 34 34 34 34 34 34 35 35    330
FEB  35 35 35 35 36 36 36 36 36 36 37 37 37 37 37 38 38 38 38 38 38 39 39 39 39 39 40 40             373
MAR  40 40 40 40 41 41 41 41 41 41 42 42 42 42 42 42 42 43 43 43 43 43 43 44 44 44 44 44 44 44 45    423
APR  45 45 45 45 45 45 46 46 46 46 46 47 47 47 47 47 47 48 48 48 48 49 49 49 49 49 50 50 50 50       473
MAY  51 51 51 51 52 52 52 53 53 53 53 54 54 54 54 55 55 55 55 56 56 56 56 56 57 57 57 57 58 58 58    545
JUN  58 59 59 59 59 60 60 60 60 61 61 61 61 62 62 62 62 63 63 63 64 64 64 64 65 65 65 65 66 66       621
JUL  66 67 67 67 67 68 68 68 68 68 69 69 69 69 69 69 70 70 70 70 70 70 70 70 70 70 70 71 71 71 71    691
AUG  71 71 71 71 70 70 70 70 70 70 70 70 70 70 69 69 69 69 69 69 68 68 68 68 67 67 67 67 66 66 66    689
SEP  65 65 65 64 64 64 63 63 63 62 62 62 61 61 61 61 60 60 60 59 59 59 58 58 58 57 57 57 57 56       607
OCT  56 56 55 55 55 54 54 54 53 53 53 52 52 52 51 51 50 50 50 49 49 49 48 48 47 47 47 46 46 45 45    507
NOV  44 44 44 43 43 42 42 42 41 41 41 40 40 40 39 39 39 38 38 38 37 37 37 37 37 36 36 36 36 35       394
DEC  35 35 35 35 35 34 34 34 34 34 34 34 34 33 33 33 33 33 33 33 33 33 33 33 33 32 32 32 32 32 32    334
                                                                                                        
-------------------------------------------------------------------------------------------------       
 Heating Degree Days                                                                                    
 DAY  1  2  3  4  5  6  7  8  9 10 11 12 13 14 15 16 17 18 19 20 21 22 23 24 25 26 27 28 29 30 31  MONTH
-------------------------------------------------------------------------------------------------       
JAN  33 33 33 33 33 33 33 33 33 33 33 33 32 32 32 32 32 32 32 32 32 32 32 31 31 31 31 31 31 30 30    994
FEB  30 30 30 30 29 29 29 29 29 29 28 28 28 28 28 27 27 27 27 27 27 26 26 26 26 26 26 25             777
MAR  25 25 25 25 24 24 24 24 24 24 23 23 23 23 23 23 22 22 22 22 22 22 22 21 21 21 21 21 21 21 20    703
APR  20 20 20 20 20 20 20 19 19 19 19 19 18 18 18 18 18 17 17 17 17 17 16 16 16 16 15 15 15 15       534
MAY  14 14 14 13 13 13 13 12 12 12 12 11 11 11 11 11 10 10 10 10 10  9  9  9  9  9  8  8  8  8  8    332
JUN   7  7  7  7  7  7  7  6  6  6  6  6  6  5  5  5  5  5  5  4  4  4  4  4  4  3  3  3  3  3       154
JUL   3  2  2  2  2  2  2  2  2  1  1  1  1  1  1  1  1  1  1  1  1  1  1  1  1  1  1  0  0  0-99     38
AUG   0  1  1  1  1  1  1  1  1  1  1  1  1  1  1  1  1  1  2  2  2  2  2  2  2  2  3  3  3  3  3     48
SEP   3  4  4  4  4  4  4  5  5  5  5  5  6  6  6  6  6  7  7  7  7  8  8  8  8  8  9  9  9  9       186
OCT  10 10 10 10 11 11 11 12 12 12 13 13 13 13 14 14 15 15 15 16 16 16 17 17 18 18 18 19 19 20 20    448
NOV  21 21 21 22 22 23 23 23 24 24 24 25 25 26 26 26 26 27 27 27 28 28 28 28 29 29 29 29 29 30       770
DEC  30 30 30 30 30 31 31 31 31 31 31 31 32 32 32 32 32 32 32 32 32 32 32 32 33 33 33 33 33 33 33    982
                                                                                                        
-------------------------------------------------------------------------------------------------       
 Cooling Degree Days                                                                                    
 DAY  1  2  3  4  5  6  7  8  9 10 11 12 13 14 15 16 17 18 19 20 21 22 23 24 25 26 27 28 29 30 31  MONTH
-------------------------------------------------------------------------------------------------       
JAN   0  0  0  0  0  0  0  0  0  0  0  0  0  0  0  0  0  0  0  0  0  0  0  0  0  0  0  0  0  0  0      0
FEB   0  0  0  0  0  0  0  0  0  0  0  0  0  0  0  0  0  0  0  0  0  0  0  0  0  0  0  0               0
MAR   0  0  0  0  0  0  0  0  0  0  0  0  0  0  0  0  0  0  0  0  0  0  0  0  0  0  0  0  0  0  0      0
APR   0  0  0  0  0  0  0  0  0  0  0  0  0  0  0  0  0  0  0  0  0  0  0  0  0  0  0  0  0  0         0
MAY   0  0  0  0  0  0  0  0  0  0  0  0  0  0  0  0  0  0  0  0  0  0  0  0  0  1  1  1  1  1  1      6
JUN   1  1  1  1  1  1  1  1  1  2  2  2  2  2  2  2  2  2  2  3  3  3  3  3  3  3  3  4  4  4        65
JUL   4  4  4  4  4  4  5  5  5  5  5  5  5  5  5  5  6  6  6  6  6  6  6  6  6  6  6  6  6  6  6    164
AUG   6  6  6  6  6  6  6  6  6  6  6  6  6  6  6  6  6  6  6  5  5  5  5  5  5  5  5  4  4  4  4    170
SEP   4  4  3  3  3  3  3  3  2  2  2  2  2  2  2  2  2  1  1  1  1  1  1  1  1  1  1  1  1  1        57
OCT   1  1  1  0  0  0  0  0  0  0  0  0  0  0  0  0  0  0  0  0  0  0  0  0  0  0  0  0  0  0  0      3
NOV   0  0  0  0  0  0  0  0  0  0  0  0  0  0  0  0  0  0  0  0  0  0  0  0  0  0  0  0  0  0         0
DEC   0  0  0  0  0  0  0  0  0  0  0  0  0  0  0  0  0  0  0  0  0  0  0  0  0  0  0  0  0  0  0      0
                                                                                                        
-------------------------------------------------------------------------------------------------       
 Total  Precipitation (Hundreths of an Inch)                                                            
 DAY  1  2  3  4  5  6  7  8  9 10 11 12 13 14 15 16 17 18 19 20 21 22 23 24 25 26 27 28 29 30 31  MONTH
-------------------------------------------------------------------------------------------------       
JAN   3  3  3  3  3  3  3  3  3  3  3  3  3  3  3  3  3  3  3  3  3  3  3  3  3  2  2  2  2  2  2     87
FEB   3  2  2  2  2  2  2  2  2  2  2  2  2  2  2  2  2  2  2  2  2  2  2  3  3  3  3  3              62
MAR   3  3  3  3  3  3  3  3  3  3  3  3  3  3  3  3  3  3  3  3  3  3  3  3  4  4  4  4  4  4  4    100
APR   3  3  4  4  4  4  4  4  4  4  4  4  4  4  4  4  4  4  4  4  4  4  4  4  4  4  5  5  5  5       122
MAY   5  5  5  5  5  5  5  5  5  5  5  6  6  6  6  6  6  6  6  6  6  5  5  5  5  5  5  5  5  5  5    165
JUN   5  5  5  5  5  4  4  4  4  4  4  4  4  4  4  4  4  4  3  3  3  3  3  3  3  3  3  3  3  3       113
JUL   2  2  2  2  2  2  2  2  2  2  2  2  2  2  2  2  2  2  2  2  2  2  2  1  2  2  2  2  2  2  2     61
AUG   2  2  2  2  2  2  2  2  2  2  2  2  2  2  2  2  2  2  2  2  2  2  2  2  2  2  2  2  3  3  3     65
SEP   2  2  2  2  2  2  2  2  2  2  2  2  2  2  2  2  2  2  2  2  2  2  3  3  3  3  3  3  3  2        67
OCT   2  2  2  2  2  2  2  2  2  2  2  2  2  3  3  3  3  3  3  3  3  3  3  3  3  3  3  3  3  3  3     80
NOV   3  3  3  3  3  3  3  4  4  4  4  4  4  4  4  4  4  4  4  4  4  4  4  4  4  4  4  4  4  3       112
DEC   4  4  4  4  4  4  3  3  3  3  3  3  3  3  3  3  3  3  3  3  3  3  3  3  3  3  3  3  3  3  3     99
                                                                                                        
