-------------------------------------------------------------------------------------------------       
 1971-2000 Daily/Monthly Station Normals                                                                
 Provided by National Climatic Data Center/NESDIS/NOAA                                                  
-------------------------------------------------------------------------------------------------       
 Station COOP ID:                           354411                                                      
 Station Name, State, Division, Call:       KENT                               OR 06                    
 Latitude, Longitude, Elevation, Elements:  45 11 48 -120 41 58  2710 XNP                               
-------------------------------------------------------------------------------------------------       
 Minimum Temperature (deg F [tenths deg F for monthly])                                                 
 DAY  1  2  3  4  5  6  7  8  9 10 11 12 13 14 15 16 17 18 19 20 21 22 23 24 25 26 27 28 29 30 31  MONTH
-------------------------------------------------------------------------------------------------       
JAN  23 23 23 23 23 23 23 24 24 24 24 24 24 24 24 24 24 24 24 24 24 25 25 25 25 25 25 25 25 25 25    241
FEB  25 25 26 26 26 26 26 26 26 26 26 26 27 27 27 27 27 27 27 28 28 28 28 28 28 28 29 29             269
MAR  29 29 29 29 30 30 30 30 30 30 31 31 31 31 31 31 31 31 31 32 32 32 32 32 32 32 32 32 32 33 33    310
APR  33 33 33 33 33 33 33 33 33 34 34 34 34 34 34 34 34 34 35 35 35 35 35 35 36 36 36 36 36 36       343
MAY  37 37 37 37 37 37 38 38 38 38 38 39 39 39 39 39 40 40 40 40 40 41 41 41 41 41 41 42 42 42 42    394
JUN  42 43 43 43 43 43 44 44 44 44 44 45 45 45 45 46 46 46 46 46 47 47 47 47 48 48 48 48 49 49       455
JUL  49 49 49 50 50 50 50 50 51 51 51 51 51 51 51 52 52 52 52 52 52 52 52 52 53 53 53 53 53 53 53    514
AUG  53 53 53 53 53 53 53 53 53 53 53 52 52 52 52 52 52 52 52 52 51 51 51 51 51 51 50 50 50 50 49    518
SEP  49 49 49 49 48 48 48 48 47 47 47 47 46 46 46 46 45 45 45 44 44 44 44 43 43 43 42 42 42 42       456
OCT  41 41 41 41 40 40 40 39 39 39 39 38 38 38 38 37 37 37 36 36 36 36 35 35 35 35 34 34 34 34 33    373
NOV  33 33 33 32 32 32 32 32 31 31 31 31 30 30 30 30 29 29 29 29 28 28 28 28 27 27 27 27 26 26       297
DEC  26 26 25 25 25 25 25 25 24 24 24 24 24 24 24 23 23 23 23 23 23 23 23 23 23 23 23 23 23 23 23    238
                                                                                                        
-------------------------------------------------------------------------------------------------       
 Maximum Temperature (deg F [tenths deg F for monthly])                                                 
 DAY  1  2  3  4  5  6  7  8  9 10 11 12 13 14 15 16 17 18 19 20 21 22 23 24 25 26 27 28 29 30 31  MONTH
-------------------------------------------------------------------------------------------------       
JAN  38 38 38 38 38 38 38 38 38 38 38 38 38 38 38 39 39 39 39 39 39 39 39 40 40 40 40 40 40 40 41    388
FEB  41 41 41 41 41 42 42 42 42 43 43 43 43 43 44 44 44 45 45 45 45 46 46 46 47 47 47 47             438
MAR  48 48 48 49 49 49 50 50 50 50 51 51 51 52 52 52 52 53 53 53 53 54 54 54 54 54 55 55 55 55 55    519
APR  55 56 56 56 56 56 57 57 57 57 58 58 58 58 58 59 59 59 60 60 60 60 61 61 61 62 62 62 62 63       588
MAY  63 63 64 64 64 65 65 65 66 66 66 66 67 67 67 67 68 68 68 69 69 69 69 70 70 70 70 71 71 71 71    674
JUN  71 72 72 72 72 73 73 73 73 74 74 74 75 75 75 76 76 76 76 77 77 78 78 78 79 79 79 80 80 81       756
JUL  81 81 82 82 83 83 83 84 84 84 84 85 85 85 86 86 86 86 86 86 87 87 87 87 87 87 87 87 87 87 87    851
AUG  87 87 87 87 87 87 87 87 87 87 87 86 86 86 86 86 86 85 85 85 85 84 84 84 84 83 83 83 82 82 82    853
SEP  81 81 81 80 80 80 79 79 79 78 78 78 77 77 76 76 76 75 75 75 74 74 74 73 73 73 72 72 72 71       763
OCT  71 71 70 70 69 69 69 68 68 67 67 67 66 66 65 65 64 64 63 62 62 61 61 60 60 59 58 58 57 57 56    642
NOV  55 55 54 53 53 52 52 51 50 50 49 49 48 48 47 47 46 46 46 45 45 44 44 44 43 43 43 42 42 42       476
DEC  41 41 41 41 41 40 40 40 40 40 39 39 39 39 39 39 38 38 38 38 38 38 38 38 38 38 38 38 38 38 38    390
                                                                                                        
-------------------------------------------------------------------------------------------------       
 Average Temperature (deg F [tenths deg F for monthly])                                                 
 DAY  1  2  3  4  5  6  7  8  9 10 11 12 13 14 15 16 17 18 19 20 21 22 23 24 25 26 27 28 29 30 31  MONTH
-------------------------------------------------------------------------------------------------       
JAN  30 30 31 31 31 31 31 31 31 31 31 31 31 31 31 31 31 32 32 32 32 32 32 32 32 32 32 33 33 33 33    315
FEB  33 33 33 34 34 34 34 34 34 34 35 35 35 35 35 36 36 36 36 36 37 37 37 37 37 38 38 38             354
MAR  38 39 39 39 39 40 40 40 40 40 41 41 41 41 41 42 42 42 42 42 43 43 43 43 43 43 43 44 44 44 44    415
APR  44 44 44 45 45 45 45 45 45 45 46 46 46 46 46 47 47 47 47 47 48 48 48 48 48 49 49 49 49 50       466
MAY  50 50 50 51 51 51 51 52 52 52 52 52 53 53 53 53 54 54 54 54 55 55 55 55 55 56 56 56 56 57 57    534
JUN  57 57 57 58 58 58 58 59 59 59 59 60 60 60 60 61 61 61 61 62 62 62 63 63 63 63 64 64 64 65       606
JUL  65 65 66 66 66 67 67 67 67 67 68 68 68 68 69 69 69 69 69 69 69 69 70 70 70 70 70 70 70 70 70    683
AUG  70 70 70 70 70 70 70 70 70 70 70 69 69 69 69 69 69 69 68 68 68 68 68 68 67 67 67 67 66 66 66    686
SEP  65 65 65 65 64 64 64 63 63 63 62 62 62 61 61 61 61 60 60 60 59 59 59 58 58 58 57 57 57 57       610
OCT  56 56 56 55 55 55 54 54 54 53 53 52 52 52 51 51 51 50 50 49 49 49 48 48 47 47 46 46 46 45 45    508
NOV  44 44 43 43 43 42 42 41 41 40 40 40 39 39 39 38 38 38 37 37 37 36 36 36 35 35 35 35 34 34       387
DEC  34 34 33 33 33 33 32 32 32 32 32 32 31 31 31 31 31 31 31 31 31 31 31 30 30 30 30 30 30 30 30    314
                                                                                                        
-------------------------------------------------------------------------------------------------       
 Heating Degree Days                                                                                    
 DAY  1  2  3  4  5  6  7  8  9 10 11 12 13 14 15 16 17 18 19 20 21 22 23 24 25 26 27 28 29 30 31  MONTH
-------------------------------------------------------------------------------------------------       
JAN  35 35 34 34 34 34 34 34 34 34 34 34 34 34 34 34 34 34 33 33 33 33 33 33 33 33 33 33 32 32 32   1040
FEB  32 32 32 32 31 31 31 31 31 31 30 30 30 30 30 30 29 29 29 29 28 28 28 28 28 27 27 27             831
MAR  27 26 26 26 26 25 25 25 25 25 24 24 24 24 24 23 23 23 23 23 22 22 22 22 22 22 22 21 21 21 21    729
APR  21 21 21 20 20 20 20 20 20 20 19 19 19 19 19 18 18 18 18 18 18 17 17 17 17 16 16 16 16 15       553
MAY  15 15 15 14 14 14 14 14 13 13 13 13 12 12 12 12 11 11 11 11 11 10 10 10 10 10  9  9  9  9  9    365
JUN   8  8  8  8  8  8  7  7  7  7  7  6  6  6  6  6  6  5  5  5  5  5  5  5  4  4  4  4  4  4       178
JUL   3  3  3  3  3  3  3  3  2  2  2  2  2  2  2  2  2  1  1  1  1  1  1  1  1  1  1  1  1  1  1     56
AUG   1  1  1  1  0  1  1  1  1  1  1  1  1  1  1  1  1  1  1  1  1  1  2  2  2  2  2  2  2  3  3     41
SEP   3  3  3  4  4  4  4  4  5  5  5  5  5  6  6  6  6  6  7  7  7  7  8  8  8  8  8  9  9  9       179
OCT   9 10 10 10 11 11 11 11 12 12 12 13 13 13 14 14 14 15 15 16 16 16 17 17 18 18 18 19 19 20 20    444
NOV  21 21 22 22 22 23 23 24 24 25 25 25 26 26 26 27 27 27 28 28 28 29 29 29 30 30 30 31 31 31       790
DEC  31 31 32 32 32 32 33 33 33 33 33 33 34 34 34 34 34 34 34 34 34 34 34 34 35 35 35 35 35 35 35   1041
                                                                                                        
-------------------------------------------------------------------------------------------------       
 Cooling Degree Days                                                                                    
 DAY  1  2  3  4  5  6  7  8  9 10 11 12 13 14 15 16 17 18 19 20 21 22 23 24 25 26 27 28 29 30 31  MONTH
-------------------------------------------------------------------------------------------------       
JAN   0  0  0  0  0  0  0  0  0  0  0  0  0  0  0  0  0  0  0  0  0  0  0  0  0  0  0  0  0  0  0      0
FEB   0  0  0  0  0  0  0  0  0  0  0  0  0  0  0  0  0  0  0  0  0  0  0  0  0  0  0  0               0
MAR   0  0  0  0  0  0  0  0  0  0  0  0  0  0  0  0  0  0  0  0  0  0  0  0  0  0  0  0  0  0  0      0
APR   0  0  0  0  0  0  0  0  0  0  0  0  0  0  0  0  0  0  0  0  0  0  0  0  0  0  0  0  0  0         0
MAY   0  0  0  0  0  0  0  0  0  0  0  0  0  0  0  0  0  0  0  0  0  0  0  0  0  0-99-99-99-99-99      5
JUN   0  0  0  1  1  1  1  1  1  1  1  1  1  1  1  1  1  2  2  2  2  2  2  2  2  3  3  3  3  3        45
JUL   3  4  4  4  4  4  4  4  4  5  5  5  5  5  5  5  5  5  5  5  6  6  6  6  6  6  6  6  6  6  6    156
AUG   6  6  6  6  6  6  6  5  5  5  5  5  5  5  5  5  5  5  5  5  5  4  4  4  4  4  4  4  4  4  4    152
SEP   3  3  3  3  3  3  3  3  2  2  2  2  2  2  2  2  2  2  2  1  1  1  1  1  1  1  1  1  1  1        57
OCT   1  1  0  0  0  0  0  0  0  0  0  0  0  0  0  0  0  0  0  0  0  0  0  0  0  0  0  0  0  0  0      2
NOV   0  0  0  0  0  0  0  0  0  0  0  0  0  0  0  0  0  0  0  0  0  0  0  0  0  0  0  0  0  0         0
DEC   0  0  0  0  0  0  0  0  0  0  0  0  0  0  0  0  0  0  0  0  0  0  0  0  0  0  0  0  0  0  0      0
                                                                                                        
-------------------------------------------------------------------------------------------------       
 Total  Precipitation (Hundreths of an Inch)                                                            
 DAY  1  2  3  4  5  6  7  8  9 10 11 12 13 14 15 16 17 18 19 20 21 22 23 24 25 26 27 28 29 30 31  MONTH
-------------------------------------------------------------------------------------------------       
JAN   4  4  4  5  5  5  5  5  5  5  5  5  5  5  5  5  5  5  5  5  5  5  5  5  5  4  4  4  4  4  4    146
FEB   5  5  5  5  5  5  5  5  5  5  5  4  4  4  4  4  4  4  4  4  4  4  4  4  4  4  4  4             123
MAR   4  4  4  4  4  4  4  4  4  4  4  4  4  4  4  4  4  4  4  4  4  4  4  4  4  3  3  3  3  3  3    118
APR   4  4  4  4  3  3  3  3  3  3  3  3  3  3  3  4  4  4  4  4  4  4  4  4  4  4  4  4  4  4       109
MAY   4  4  4  4  4  4  4  4  4  4  4  4  4  4  4  4  4  4  4  4  4  3  3  3  3  3  3  3  3  3  3    114
JUN   3  3  3  3  3  3  3  3  3  3  3  3  3  3  3  3  3  3  3  3  3  3  3  3  3  2  2  2  2  2        85
JUL   2  2  2  2  2  2  2  2  2  2  2  2  2  2  2  2  2  2  1  1  1  1  1  1  1  1  1  1  1  1  1     49
AUG   1  1  1  1  1  1  1  1  1  1  1  1  1  1  1  2  2  2  2  2  2  2  2  2  2  2  2  2  2  2  2     47
SEP   1  1  1  1  2  2  2  2  2  2  2  2  2  2  2  2  2  2  2  2  2  2  2  2  2  2  2  2  2  2        56
OCT   2  2  2  2  2  2  2  2  2  2  2  2  3  3  3  3  3  3  3  3  3  3  3  4  4  4  4  4  4  4  4     89
NOV   4  5  5  5  5  5  5  5  5  5  5  5  6  6  6  6  6  6  6  6  6  6  6  6  6  6  6  6  6  5       166
DEC   5  5  5  5  5  5  5  5  5  5  5  5  5  5  5  5  5  5  5  5  5  5  5  5  5  4  4  4  5  5  5    152
                                                                                                        
