-------------------------------------------------------------------------------------------------       
 1971-2000 Daily/Monthly Station Normals                                                                
 Provided by National Climatic Data Center/NESDIS/NOAA                                                  
-------------------------------------------------------------------------------------------------       
 Station COOP ID:                           355515                                                      
 Station Name, State, Division, Call:       METOLIUS 1 W                       OR 07                    
 Latitude, Longitude, Elevation, Elements:  44 35 00 -121 11 00  2503 XNP                               
-------------------------------------------------------------------------------------------------       
 Minimum Temperature (deg F [tenths deg F for monthly])                                                 
 DAY  1  2  3  4  5  6  7  8  9 10 11 12 13 14 15 16 17 18 19 20 21 22 23 24 25 26 27 28 29 30 31  MONTH
-------------------------------------------------------------------------------------------------       
JAN  23 23 23 23 23 24 24 24 24 24 24 24 24 24 24 24 24 24 24 24 25 25 25 25 25 25 25 25 25 25 25    242
FEB  25 25 26 26 26 26 26 26 26 26 26 26 26 26 26 27 27 27 27 27 27 27 27 27 27 27 27 27             264
MAR  27 28 28 28 28 28 28 28 28 28 28 28 28 28 28 28 29 29 29 29 29 29 29 29 29 29 29 29 29 30 30    285
APR  30 30 30 30 30 30 30 30 30 31 31 31 31 31 31 31 31 32 32 32 32 32 32 33 33 33 33 33 33 34       314
MAY  34 34 34 35 35 35 35 35 36 36 36 36 36 36 37 37 37 37 37 38 38 38 38 38 38 39 39 39 39 39 40    368
JUN  40 40 40 40 40 41 41 41 41 41 41 41 42 42 42 42 42 42 43 43 43 43 43 43 43 44 44 44 44 44       420
JUL  44 45 45 45 45 45 45 45 45 46 46 46 46 46 46 46 46 46 46 46 46 46 46 46 46 46 46 47 47 47 47    458
AUG  47 46 46 46 46 46 46 46 46 46 46 46 46 46 46 46 45 45 45 45 45 45 45 44 44 44 44 44 43 43 43    452
SEP  43 42 42 42 42 42 41 41 41 41 40 40 40 40 40 39 39 39 39 39 38 38 38 38 37 37 37 37 37 36       395
OCT  36 36 36 35 35 35 35 35 34 34 34 34 34 34 33 33 33 33 33 33 33 32 32 32 32 32 32 32 31 31 31    334
NOV  31 31 31 31 31 31 30 30 30 30 30 30 29 29 29 29 29 29 28 28 28 28 28 27 27 27 27 27 26 26       289
DEC  26 26 25 25 25 25 25 24 24 24 24 24 24 23 23 23 23 23 23 23 23 23 23 23 23 23 23 23 23 23 23    237
                                                                                                        
-------------------------------------------------------------------------------------------------       
 Maximum Temperature (deg F [tenths deg F for monthly])                                                 
 DAY  1  2  3  4  5  6  7  8  9 10 11 12 13 14 15 16 17 18 19 20 21 22 23 24 25 26 27 28 29 30 31  MONTH
-------------------------------------------------------------------------------------------------       
JAN  40 40 40 40 40 40 40 40 40 40 41 41 41 41 41 41 41 41 41 42 42 42 42 42 42 42 42 43 43 43 43    412
FEB  43 44 44 44 44 44 44 45 45 45 45 46 46 46 46 47 47 47 47 48 48 48 48 49 49 49 49 50             463
MAR  50 50 51 51 51 51 52 52 52 53 53 53 53 54 54 54 54 54 55 55 55 55 55 56 56 56 56 56 57 57 57    538
APR  57 57 57 58 58 58 58 58 59 59 59 59 59 60 60 60 60 61 61 61 61 61 62 62 62 63 63 63 63 64       601
MAY  64 64 64 65 65 65 65 66 66 66 67 67 67 67 68 68 68 68 69 69 69 69 70 70 70 70 71 71 71 71 72    678
JUN  72 72 72 73 73 73 73 74 74 74 74 75 75 75 76 76 76 77 77 77 77 78 78 78 79 79 79 80 80 81       759
JUL  81 81 82 82 82 83 83 83 83 84 84 84 84 85 85 85 85 85 86 86 86 86 86 86 86 86 86 86 86 86 86    845
AUG  86 86 86 86 86 86 86 86 86 86 86 86 86 86 85 85 85 85 85 84 84 84 84 84 83 83 83 82 82 82 82    847
SEP  81 81 81 80 80 80 79 79 79 78 78 77 77 77 76 76 76 75 75 75 74 74 74 73 73 72 72 72 71 71       762
OCT  71 70 70 69 69 69 68 68 67 67 66 66 65 65 65 64 64 63 62 62 61 61 60 60 59 59 58 58 57 56 56    637
NOV  55 55 54 53 53 52 52 51 51 50 50 49 49 48 48 47 47 47 46 46 46 45 45 45 44 44 44 44 43 43       482
DEC  43 43 42 42 42 42 42 42 41 41 41 41 41 41 41 40 40 40 40 40 40 40 40 40 40 40 40 40 40 40 40    408
                                                                                                        
-------------------------------------------------------------------------------------------------       
 Average Temperature (deg F [tenths deg F for monthly])                                                 
 DAY  1  2  3  4  5  6  7  8  9 10 11 12 13 14 15 16 17 18 19 20 21 22 23 24 25 26 27 28 29 30 31  MONTH
-------------------------------------------------------------------------------------------------       
JAN  32 32 32 32 32 32 32 32 32 32 32 32 32 32 32 33 33 33 33 33 33 33 33 33 33 34 34 34 34 34 34    327
FEB  34 35 35 35 35 35 35 35 35 36 36 36 36 36 36 37 37 37 37 37 37 38 38 38 38 38 38 39             364
MAR  39 39 39 39 40 40 40 40 40 40 40 41 41 41 41 41 41 42 42 42 42 42 42 42 43 43 43 43 43 43 43    412
APR  43 44 44 44 44 44 44 44 45 45 45 45 45 45 46 46 46 46 46 46 47 47 47 47 48 48 48 48 48 49       458
MAY  49 49 49 50 50 50 50 51 51 51 51 51 52 52 52 52 53 53 53 53 53 54 54 54 54 54 55 55 55 55 56    523
JUN  56 56 56 56 57 57 57 57 57 58 58 58 58 59 59 59 59 60 60 60 60 61 61 61 61 61 62 62 62 62       590
JUL  63 63 63 63 64 64 64 64 64 65 65 65 65 65 65 66 66 66 66 66 66 66 66 66 66 66 66 66 67 67 67    652
AUG  67 66 66 66 66 66 66 66 66 66 66 66 66 66 66 65 65 65 65 65 65 64 64 64 64 64 63 63 63 63 62    650
SEP  62 62 61 61 61 61 60 60 60 59 59 59 59 58 58 58 58 57 57 57 56 56 56 55 55 55 55 54 54 54       579
OCT  53 53 53 52 52 52 52 51 51 51 50 50 50 49 49 49 48 48 48 47 47 47 46 46 46 45 45 45 44 44 44    486
NOV  43 43 42 42 42 41 41 41 40 40 40 40 39 39 39 38 38 38 37 37 37 37 36 36 36 36 35 35 35 35       386
DEC  34 34 34 34 34 33 33 33 33 33 33 32 32 32 32 32 32 32 32 32 32 32 32 31 31 31 31 31 31 31 32    323
                                                                                                        
-------------------------------------------------------------------------------------------------       
 Heating Degree Days                                                                                    
 DAY  1  2  3  4  5  6  7  8  9 10 11 12 13 14 15 16 17 18 19 20 21 22 23 24 25 26 27 28 29 30 31  MONTH
-------------------------------------------------------------------------------------------------       
JAN  34 33 33 33 33 33 33 33 33 33 33 33 33 33 33 32 32 32 32 32 32 32 32 32 32 31 31 31 31 31 31   1002
FEB  31 31 30 30 30 30 30 30 30 29 29 29 29 29 29 28 28 28 28 28 28 28 27 27 27 27 27 26             803
MAR  26 26 26 26 26 25 25 25 25 25 25 24 24 24 24 24 24 23 23 23 23 23 23 23 22 22 22 22 22 22 22    739
APR  22 21 21 21 21 21 21 21 20 20 20 20 20 20 19 19 19 19 19 19 18 18 18 18 18 17 17 17 17 16       577
MAY  16 16 16 15 15 15 15 14 14 14 14 14 13 13 13 13 12 12 12 12 12 11 11 11 11 11 10 10 10 10  9    394
JUN   9  9  9  9  9  8  8  8  8  8  7  7  7  7  7  6  6  6  6  6  6  5  5  5  5  5  5  4  4  4       198
JUL   4  4  4  3  3  3  3  3  3  3  3  3  2  2  2  2  2  2  2  2  2  2  2  2  2  2  2  2  2  2  1     76
AUG   1  2  2  2  2  2  2  2  2  2  2  2  2  2  2  2  2  2  2  3  3  3  3  3  3  3  4  4  4  4  4     78
SEP   5  5  5  5  5  6  6  6  6  6  7  7  7  7  8  8  8  8  8  9  9  9  9 10 10 10 11 11 11 11       233
OCT  12 12 12 13 13 13 14 14 14 14 15 15 15 16 16 16 17 17 17 18 18 18 19 19 19 20 20 20 21 21 21    509
NOV  22 22 23 23 23 24 24 24 25 25 25 26 26 26 26 27 27 27 28 28 28 28 29 29 29 30 30 30 30 30       794
DEC  31 31 31 31 32 32 32 32 32 32 33 33 33 33 33 33 33 33 33 33 33 33 34 34 34 34 34 34 34 33 33   1016
                                                                                                        
-------------------------------------------------------------------------------------------------       
 Cooling Degree Days                                                                                    
 DAY  1  2  3  4  5  6  7  8  9 10 11 12 13 14 15 16 17 18 19 20 21 22 23 24 25 26 27 28 29 30 31  MONTH
-------------------------------------------------------------------------------------------------       
JAN   0  0  0  0  0  0  0  0  0  0  0  0  0  0  0  0  0  0  0  0  0  0  0  0  0  0  0  0  0  0  0      0
FEB   0  0  0  0  0  0  0  0  0  0  0  0  0  0  0  0  0  0  0  0  0  0  0  0  0  0  0  0               0
MAR   0  0  0  0  0  0  0  0  0  0  0  0  0  0  0  0  0  0  0  0  0  0  0  0  0  0  0  0  0  0  0      0
APR   0  0  0  0  0  0  0  0  0  0  0  0  0  0  0  0  0  0  0  0  0  0  0  0  0  0  0  0  0  0         0
MAY   0  0  0  0  0  0  0  0  0  0  0  0  0  0  0  0  0  0  0  0  0  0  0  0  0  0  0  0  0  0  0      0
JUN   0  0  0  0  0  0  0  0  0  0  0  0  0  0  0  0  1  1  1  1  1  1  1  1  1  1  1  1  2  2        16
JUL   2  2  2  2  2  2  2  2  2  2  2  2  3  3  3  3  3  3  3  3  3  3  3  3  3  3  3  3  3  3  3     81
AUG   3  3  3  3  3  3  3  3  3  3  3  3  3  3  3  2  2  2  2  2  2  2  2  2  2  2  2  2  2  2  2     77
SEP   2  1  1  1  1  1  1  1  1  1  1  1  1  1  1  1  1  1  0  0  0  0  0  0  0  0  0  0  0  0        19
OCT   0  0  0  0  0  0  0  0  0  0  0  0  0  0  0  0  0  0  0  0  0  0  0  0  0  0  0  0  0  0  0      0
NOV   0  0  0  0  0  0  0  0  0  0  0  0  0  0  0  0  0  0  0  0  0  0  0  0  0  0  0  0  0  0         0
DEC   0  0  0  0  0  0  0  0  0  0  0  0  0  0  0  0  0  0  0  0  0  0  0  0  0  0  0  0  0  0  0      0
                                                                                                        
-------------------------------------------------------------------------------------------------       
 Total  Precipitation (Hundreths of an Inch)                                                            
 DAY  1  2  3  4  5  6  7  8  9 10 11 12 13 14 15 16 17 18 19 20 21 22 23 24 25 26 27 28 29 30 31  MONTH
-------------------------------------------------------------------------------------------------       
JAN   4  4  4  4  4  4  4  5  5  5  5  5  5  5  5  5  5  5  5  5  5  4  4  4  4  4  4  4  4  4  4    138
FEB   4  4  4  4  4  4  4  4  4  4  3  3  3  3  3  3  3  3  3  3  3  3  3  3  3  3  3  3              94
MAR   3  3  3  3  3  3  3  4  4  3  3  3  3  3  3  3  3  3  3  3  3  3  3  3  3  3  3  3  3  3  3     95
APR   3  3  3  3  3  3  3  3  3  3  3  2  2  2  2  2  2  2  2  2  2  2  3  3  3  3  3  3  3  3        79
MAY   2  2  2  3  3  3  3  3  3  3  3  3  3  3  3  3  3  3  3  3  3  3  3  3  3  3  3  3  3  2  2     88
JUN   3  3  3  3  3  3  3  2  2  2  2  2  2  2  2  2  2  2  2  2  2  2  2  2  2  2  2  2  2  2        67
JUL   2  2  2  2  2  2  1  1  1  1  1  1  1  1  1  1  1  1  1  1  1  1  1  1  1  1  1  2  2  2  2     41
AUG   1  1  1  1  1  2  2  2  2  2  2  2  2  2  2  2  2  2  2  2  2  2  2  2  2  2  2  2  2  2  2     57
SEP   2  2  2  2  2  2  2  2  2  2  2  2  2  1  1  1  1  1  1  1  1  1  1  1  1  1  1  1  1  1        43
OCT   1  1  1  1  1  2  2  2  2  2  2  2  2  2  2  2  2  2  2  2  2  3  3  3  3  3  3  3  3  4  4     69
NOV   4  4  4  4  4  4  4  4  5  5  5  5  5  5  5  5  5  5  5  5  5  5  5  5  5  5  5  5  5  4       141
DEC   4  4  4  4  4  4  4  4  4  4  4  4  4  4  4  4  4  3  3  4  4  4  4  4  4  4  4  4  4  4  4    122
                                                                                                        
