-------------------------------------------------------------------------------------------------       
 1971-2000 Daily/Monthly Station Normals                                                                
 Provided by National Climatic Data Center/NESDIS/NOAA                                                  
-------------------------------------------------------------------------------------------------       
 Station COOP ID:                           356546                                                      
 Station Name, State, Division, Call:       PENDLETON MUNICIPAL AP             OR 06 PDT                
 Latitude, Longitude, Elevation, Elements:  45 41 54 -118 50 03  1482 XNP                               
-------------------------------------------------------------------------------------------------       
 Minimum Temperature (deg F [tenths deg F for monthly])                                                 
 DAY  1  2  3  4  5  6  7  8  9 10 11 12 13 14 15 16 17 18 19 20 21 22 23 24 25 26 27 28 29 30 31  MONTH
-------------------------------------------------------------------------------------------------       
JAN  26 26 27 27 27 27 27 27 27 27 27 27 27 27 27 27 27 27 27 28 28 28 28 28 28 28 28 28 28 29 29    274
FEB  29 29 29 29 29 30 30 30 30 30 30 30 31 31 31 31 31 31 32 32 32 32 32 32 33 33 33 33             309
MAR  33 33 34 34 34 34 34 34 34 35 35 35 35 35 35 35 36 36 36 36 36 36 36 37 37 37 37 37 37 37 37    354
APR  37 38 38 38 38 38 38 38 39 39 39 39 39 39 39 40 40 40 40 40 41 41 41 41 41 42 42 42 42 42       397
MAY  43 43 43 43 44 44 44 44 44 45 45 45 45 45 46 46 46 46 47 47 47 47 47 48 48 48 48 48 49 49 49    459
JUN  49 49 50 50 50 50 50 50 51 51 51 51 51 52 52 52 52 52 53 53 53 53 54 54 54 54 54 55 55 55       520
JUL  55 55 56 56 56 56 56 57 57 57 57 57 57 58 58 58 58 58 58 58 58 58 58 58 59 59 59 59 59 59 59    575
AUG  59 59 59 59 59 59 59 58 58 58 58 58 58 58 58 58 58 57 57 57 57 57 56 56 56 56 55 55 55 55 54    573
SEP  54 54 54 53 53 53 52 52 52 51 51 51 51 50 50 50 49 49 49 48 48 48 47 47 47 46 46 46 45 45       497
OCT  45 45 44 44 44 43 43 43 42 42 42 42 41 41 41 41 40 40 40 40 39 39 39 39 38 38 38 38 37 37 37    407
NOV  37 37 37 36 36 36 36 35 35 35 35 35 34 34 34 34 34 33 33 33 33 32 32 32 32 31 31 31 31 30       338
DEC  30 30 30 29 29 29 29 29 28 28 28 28 28 28 27 27 27 27 27 27 27 27 27 27 27 27 27 27 26 26 26    277
                                                                                                        
-------------------------------------------------------------------------------------------------       
 Maximum Temperature (deg F [tenths deg F for monthly])                                                 
 DAY  1  2  3  4  5  6  7  8  9 10 11 12 13 14 15 16 17 18 19 20 21 22 23 24 25 26 27 28 29 30 31  MONTH
-------------------------------------------------------------------------------------------------       
JAN  39 39 39 39 39 39 39 39 39 39 39 39 39 40 40 40 40 40 40 40 40 41 41 41 41 41 42 42 42 42 43    401
FEB  43 43 43 44 44 44 44 45 45 45 46 46 46 46 47 47 47 47 48 48 48 49 49 49 49 50 50 50             465
MAR  51 51 51 52 52 52 52 53 53 53 54 54 54 54 55 55 55 55 56 56 56 56 57 57 57 57 58 58 58 58 59    548
APR  59 59 59 59 60 60 60 60 61 61 61 61 61 62 62 62 62 63 63 63 64 64 64 64 65 65 65 65 66 66       622
MAY  66 66 67 67 67 68 68 68 68 69 69 69 69 70 70 70 70 71 71 71 72 72 72 72 73 73 73 73 74 74 74    702
JUN  74 75 75 75 75 76 76 76 77 77 77 77 78 78 78 79 79 79 80 80 80 81 81 81 82 82 83 83 83 84       787
JUL  84 85 85 85 86 86 86 87 87 87 87 88 88 88 88 88 88 89 89 89 89 89 89 89 89 89 89 89 89 89 89    877
AUG  89 89 89 89 89 89 88 88 88 88 88 88 88 87 87 87 87 87 86 86 86 86 85 85 85 84 84 84 83 83 83    866
SEP  83 82 82 81 81 81 80 80 80 79 79 79 78 78 77 77 77 76 76 75 75 75 74 74 73 73 73 72 72 71       771
OCT  71 71 70 70 69 69 68 68 67 67 66 66 65 65 65 64 64 63 62 62 61 61 60 60 59 59 58 58 57 57 56    638
NOV  55 55 54 54 53 53 52 52 51 51 50 50 49 49 48 48 47 47 47 46 46 46 45 45 44 44 44 44 43 43       485
DEC  43 42 42 42 42 41 41 41 41 40 40 40 40 40 40 40 39 39 39 39 39 39 39 39 39 39 39 39 39 39 39    400
                                                                                                        
-------------------------------------------------------------------------------------------------       
 Average Temperature (deg F [tenths deg F for monthly])                                                 
 DAY  1  2  3  4  5  6  7  8  9 10 11 12 13 14 15 16 17 18 19 20 21 22 23 24 25 26 27 28 29 30 31  MONTH
-------------------------------------------------------------------------------------------------       
JAN  33 33 33 33 33 33 33 33 33 33 33 33 33 33 33 34 34 34 34 34 34 34 34 35 35 35 35 35 35 35 36    338
FEB  36 36 36 37 37 37 37 37 37 38 38 38 38 39 39 39 39 39 40 40 40 40 41 41 41 41 41 42             387
MAR  42 42 42 43 43 43 43 43 44 44 44 44 45 45 45 45 45 46 46 46 46 46 47 47 47 47 47 47 48 48 48    451
APR  48 48 48 49 49 49 49 49 50 50 50 50 50 51 51 51 51 51 52 52 52 52 53 53 53 53 54 54 54 54       510
MAY  55 55 55 55 55 56 56 56 56 57 57 57 57 58 58 58 58 59 59 59 59 60 60 60 60 60 61 61 61 61 62    581
JUN  62 62 62 62 63 63 63 63 64 64 64 64 65 65 65 65 66 66 66 67 67 67 67 68 68 68 69 69 69 69       654
JUL  70 70 70 71 71 71 71 72 72 72 72 72 72 73 73 73 73 73 73 73 74 74 74 74 74 74 74 74 74 74 74    726
AUG  74 74 74 74 74 74 74 73 73 73 73 73 73 73 72 72 72 72 72 72 71 71 71 71 70 70 70 70 69 69 69    720
SEP  68 68 68 67 67 67 66 66 66 65 65 65 64 64 64 63 63 63 62 62 62 61 61 60 60 60 59 59 59 58       634
OCT  58 58 57 57 56 56 56 55 55 55 54 54 53 53 53 52 52 52 51 51 50 50 50 49 49 48 48 48 47 47 47    523
NOV  46 46 45 45 45 44 44 44 43 43 43 42 42 41 41 41 41 40 40 40 39 39 39 38 38 38 38 37 37 37       412
DEC  36 36 36 36 35 35 35 35 35 34 34 34 34 34 34 33 33 33 33 33 33 33 33 33 33 33 33 33 33 33 33    339
                                                                                                        
-------------------------------------------------------------------------------------------------       
 Heating Degree Days                                                                                    
 DAY  1  2  3  4  5  6  7  8  9 10 11 12 13 14 15 16 17 18 19 20 21 22 23 24 25 26 27 28 29 30 31  MONTH
-------------------------------------------------------------------------------------------------       
JAN  32 32 32 32 32 32 32 32 32 32 32 32 32 32 32 32 31 31 31 31 31 31 31 31 31 30 30 30 30 30 30    971
FEB  29 29 29 29 29 28 28 28 28 28 28 27 27 27 27 26 26 26 26 26 25 25 25 25 24 24 24 24             747
MAR  23 23 23 23 22 22 22 22 22 21 21 21 21 20 20 20 20 20 19 19 19 19 19 18 18 18 18 18 18 17 17    623
APR  17 17 17 17 16 16 16 16 16 16 15 15 15 15 15 14 14 14 14 14 13 13 13 13 13 12 12 12 12 11       433
MAY  11 11 11 11 10 10 10 10  9  9  9  9  9  8  8  8  8  7  7  7  7  7  6  6  6  6  6  6  5  5  5    247
JUN   5  5  4  4  4  4  4  4  4  3  3  3  3  3  3  3  2  2  2  2  2  2  2  2  2  2  1  1  1  1        83
JUL   1  1  1  1  1  1  1  1  1  1  1  1  1  1  0  0  0  0  0  0  0  0  0  0  0  0  0  0  0  0  0     14
AUG   0  0  0  0  0  0  0  0  0  0  0  0  0  0  0  0  1  1  1  1  1  1  1  1  1  1  1  1  1  1  1     15
SEP   1  1  2  2  2  2  2  2  2  3  3  3  3  3  3  4  4  4  4  5  5  5  5  6  6  6  6  7  7  7       115
OCT   8  8  8  9  9  9 10 10 10 11 11 11 12 12 13 13 13 14 14 14 15 15 15 16 16 16 17 17 18 18 18    400
NOV  19 19 19 20 20 21 21 21 22 22 22 23 23 23 24 24 24 25 25 25 26 26 26 26 27 27 27 28 28 28       711
DEC  29 29 29 29 29 30 30 30 30 31 31 31 31 31 31 31 32 32 32 32 32 32 32 32 32 32 32 32 32 32 32    962
                                                                                                        
-------------------------------------------------------------------------------------------------       
 Cooling Degree Days                                                                                    
 DAY  1  2  3  4  5  6  7  8  9 10 11 12 13 14 15 16 17 18 19 20 21 22 23 24 25 26 27 28 29 30 31  MONTH
-------------------------------------------------------------------------------------------------       
JAN   0  0  0  0  0  0  0  0  0  0  0  0  0  0  0  0  0  0  0  0  0  0  0  0  0  0  0  0  0  0  0      0
FEB   0  0  0  0  0  0  0  0  0  0  0  0  0  0  0  0  0  0  0  0  0  0  0  0  0  0  0  0               0
MAR   0  0  0  0  0  0  0  0  0  0  0  0  0  0  0  0  0  0  0  0  0  0  0  0  0  0  0  0  0  0  0      0
APR   0  0  0  0  0  0  0  0  0  0  0  0  0  0  0  0  0  0  0  0  0  0  0  0  0  0  0  0-99-99         2
MAY   0  0  0  0  0  0  0  0  1  1  1  1  1  1  1  1  1  1  1  1  1  1  1  1  1  1  1  1  1  1  1     23
JUN   1  1  1  1  2  2  2  2  2  2  2  2  2  2  3  3  3  3  3  3  4  4  4  4  4  4  5  5  5  5        86
JUL   6  6  6  6  6  7  7  7  7  7  7  8  8  8  8  8  8  8  8  8  9  9  9  9  9  9  9  9  9  9  9    243
AUG   9  9  9  9  9  8  8  8  8  8  8  8  8  8  8  7  7  7  7  7  7  7  6  6  6  6  6  5  5  5  5    224
SEP   4  4  4  4  4  3  3  3  3  3  3  2  2  2  2  2  2  2  1  1  1  1  1  1  1  1  1  1  1  0        63
OCT -99-99-99  0  0  0  0  0  0  0  0  0  0  0  0  0  0  0  0  0  0  0  0  0  0  0  0  0  0  0  0      3
NOV   0  0  0  0  0  0  0  0  0  0  0  0  0  0  0  0  0  0  0  0  0  0  0  0  0  0  0  0  0  0         0
DEC   0  0  0  0  0  0  0  0  0  0  0  0  0  0  0  0  0  0  0  0  0  0  0  0  0  0  0  0  0  0  0      0
                                                                                                        
-------------------------------------------------------------------------------------------------       
 Total  Precipitation (Hundreths of an Inch)                                                            
 DAY  1  2  3  4  5  6  7  8  9 10 11 12 13 14 15 16 17 18 19 20 21 22 23 24 25 26 27 28 29 30 31  MONTH
-------------------------------------------------------------------------------------------------       
JAN   4  4  4  4  5  5  5  5  5  5  5  5  5  5  5  5  5  5  5  5  5  5  5  5  5  4  4  4  4  4  4    145
FEB   5  5  5  5  5  5  5  5  5  5  4  4  4  4  4  4  4  4  4  4  4  4  4  4  4  4  4  4             122
MAR   5  5  4  4  4  4  4  4  4  4  4  4  4  4  4  4  4  4  4  4  4  4  4  4  4  4  4  4  4  4  4    126
APR   4  4  4  4  4  4  4  4  4  3  3  3  3  3  3  3  4  4  4  4  4  4  4  4  4  4  4  4  4  4       113
MAY   4  4  4  4  4  4  4  4  4  4  4  4  4  4  4  4  4  4  4  4  4  4  4  4  4  4  4  4  4  3  3    122
JUN   3  3  3  3  3  3  3  3  3  3  3  3  3  3  3  3  3  3  2  2  2  2  2  2  2  2  2  2  2  2        78
JUL   2  2  2  2  2  2  2  2  1  1  1  1  1  1  1  1  1  1  1  1  1  1  1  1  1  1  1  1  1  2  2     41
AUG   1  1  1  1  1  1  2  2  2  2  2  2  2  2  2  2  2  2  2  2  2  2  2  2  2  2  2  2  2  2  2     56
SEP   2  2  2  2  2  2  2  2  2  2  2  2  2  2  2  2  2  2  2  2  2  2  2  2  2  2  2  3  3  3        63
OCT   2  2  2  2  2  3  3  3  3  3  3  3  3  3  3  3  3  3  3  3  3  4  4  4  4  4  4  4  4  4  5     99
NOV   5  5  5  5  5  5  5  5  5  5  5  5  5  6  6  6  6  6  6  6  6  6  6  6  6  6  5  5  5  5       163
DEC   5  5  5  5  5  5  5  5  5  5  5  5  5  5  5  5  5  5  5  5  5  4  4  4  4  4  4  4  5  5  5    148
                                                                                                        
