-------------------------------------------------------------------------------------------------       
 1971-2000 Daily/Monthly Station Normals                                                                
 Provided by National Climatic Data Center/NESDIS/NOAA                                                  
-------------------------------------------------------------------------------------------------       
 Station COOP ID:                           351574                                                      
 Station Name, State, Division, Call:       CHILOQUIN 7 NW                     OR 07                    
 Latitude, Longitude, Elevation, Elements:  42 39 04 -121 56 53  4155 XNP                               
-------------------------------------------------------------------------------------------------       
 Minimum Temperature (deg F [tenths deg F for monthly])                                                 
 DAY  1  2  3  4  5  6  7  8  9 10 11 12 13 14 15 16 17 18 19 20 21 22 23 24 25 26 27 28 29 30 31  MONTH
-------------------------------------------------------------------------------------------------       
JAN  20 20 20 20 20 20 20 20 20 20 20 20 20 20 20 20 20 20 21 21 21 21 21 21 21 21 21 21 22 22 22    205
FEB  22 22 22 22 23 23 23 23 23 23 23 24 24 24 24 24 24 24 25 25 25 25 25 25 25 25 26 26             239
MAR  26 26 26 26 26 26 27 27 27 27 27 27 27 27 27 28 28 28 28 28 28 28 28 28 28 28 28 28 28 29 29    274
APR  29 29 29 29 29 29 29 29 29 29 29 29 30 30 30 30 30 30 30 30 30 30 31 31 31 31 31 31 31 32       299
MAY  32 32 32 32 32 32 33 33 33 33 33 33 34 34 34 34 34 34 35 35 35 35 35 35 36 36 36 36 36 36 37    341
JUN  37 37 37 37 37 38 38 38 38 38 38 39 39 39 39 39 40 40 40 40 40 40 41 41 41 41 41 42 42 42       393
JUL  42 42 43 43 43 43 43 43 43 44 44 44 44 44 44 44 44 44 44 44 44 44 44 44 44 44 45 45 44 44 44    437
AUG  44 44 44 44 44 44 44 44 44 44 44 44 43 43 43 43 43 43 43 43 42 42 42 42 42 41 41 41 41 41 40    428
SEP  40 40 40 39 39 39 39 38 38 38 38 38 37 37 37 37 36 36 36 36 35 35 35 35 34 34 34 34 34 33       367
OCT  33 33 33 32 32 32 32 32 31 31 31 31 30 30 30 30 30 30 29 29 29 29 29 29 28 28 28 28 28 28 28    301
NOV  28 27 27 27 27 27 27 27 26 26 26 26 26 26 25 25 25 25 25 25 24 24 24 24 24 24 23 23 23 23       253
DEC  23 22 22 22 22 22 22 22 21 21 21 21 21 21 21 21 20 20 20 20 20 20 20 20 20 20 20 20 20 20 20    208
                                                                                                        
-------------------------------------------------------------------------------------------------       
 Maximum Temperature (deg F [tenths deg F for monthly])                                                 
 DAY  1  2  3  4  5  6  7  8  9 10 11 12 13 14 15 16 17 18 19 20 21 22 23 24 25 26 27 28 29 30 31  MONTH
-------------------------------------------------------------------------------------------------       
JAN  36 35 35 35 35 35 36 36 36 36 36 36 36 36 36 36 36 36 36 37 37 37 37 37 37 37 38 38 38 38 38    364
FEB  39 39 39 39 40 40 40 40 41 41 41 41 41 42 42 42 42 43 43 43 43 43 44 44 44 44 45 45             418
MAR  45 45 46 46 46 46 46 47 47 47 47 48 48 48 48 49 49 49 49 50 50 50 50 51 51 51 51 51 52 52 52    486
APR  52 53 53 53 54 54 54 54 55 55 55 55 56 56 56 56 57 57 57 57 58 58 58 59 59 59 59 60 60 60       563
MAY  61 61 61 61 62 62 62 62 63 63 63 64 64 64 64 65 65 65 65 66 66 66 66 67 67 67 68 68 68 68 69    646
JUN  69 69 69 70 70 70 70 71 71 71 72 72 72 72 73 73 73 74 74 74 75 75 75 76 76 76 77 77 77 77       730
JUL  78 78 78 79 79 79 80 80 80 80 81 81 81 81 81 81 82 82 82 82 82 82 82 82 82 82 82 83 83 83 83    810
AUG  82 82 82 82 82 82 82 82 82 82 82 82 82 81 81 81 81 81 81 81 80 80 80 80 80 79 79 79 79 78 78    808
SEP  78 77 77 77 77 76 76 76 76 75 75 75 74 74 74 74 73 73 73 72 72 72 71 71 71 70 70 70 70 69       736
OCT  69 69 68 68 68 67 67 66 66 66 65 65 64 64 63 63 62 62 61 61 60 59 59 58 58 57 56 56 55 55 54    623
NOV  53 52 52 51 51 50 49 49 48 48 47 47 46 46 45 45 44 44 43 43 43 42 42 42 41 41 41 40 40 40       455
DEC  40 39 39 39 39 38 38 38 38 38 38 37 37 37 37 37 37 37 36 36 36 36 36 36 36 36 36 36 36 36 35    371
                                                                                                        
-------------------------------------------------------------------------------------------------       
 Average Temperature (deg F [tenths deg F for monthly])                                                 
 DAY  1  2  3  4  5  6  7  8  9 10 11 12 13 14 15 16 17 18 19 20 21 22 23 24 25 26 27 28 29 30 31  MONTH
-------------------------------------------------------------------------------------------------       
JAN  28 28 28 28 28 28 28 28 28 28 28 28 28 28 28 28 28 28 28 29 29 29 29 29 29 29 29 30 30 30 30    285
FEB  30 31 31 31 31 31 32 32 32 32 32 32 33 33 33 33 33 34 34 34 34 34 34 35 35 35 35 35             329
MAR  35 36 36 36 36 36 37 37 37 37 37 37 38 38 38 38 38 38 39 39 39 39 39 39 39 40 40 40 40 40 40    380
APR  41 41 41 41 41 41 42 42 42 42 42 42 43 43 43 43 43 43 44 44 44 44 44 45 45 45 45 45 46 46       431
MAY  46 46 47 47 47 47 47 48 48 48 48 49 49 49 49 49 50 50 50 50 50 51 51 51 51 52 52 52 52 52 53    494
JUN  53 53 53 54 54 54 54 54 55 55 55 55 56 56 56 56 57 57 57 57 57 58 58 58 58 59 59 59 59 60       562
JUL  60 60 61 61 61 61 61 62 62 62 62 62 62 63 63 63 63 63 63 63 63 63 63 63 63 63 64 64 64 63 63    624
AUG  63 63 63 63 63 63 63 63 63 63 63 63 63 62 62 62 62 62 62 62 61 61 61 61 61 60 60 60 60 59 59    618
SEP  59 59 58 58 58 58 57 57 57 57 56 56 56 56 55 55 55 55 54 54 54 54 53 53 53 52 52 52 52 51       552
OCT  51 51 50 50 50 50 49 49 49 48 48 48 47 47 47 46 46 46 45 45 45 44 44 43 43 43 42 42 42 41 41    462
NOV  40 40 40 39 39 38 38 38 37 37 37 36 36 36 35 35 35 34 34 34 34 33 33 33 32 32 32 32 32 31       354
DEC  31 31 31 31 30 30 30 30 30 30 29 29 29 29 29 29 29 28 28 28 28 28 28 28 28 28 28 28 28 28 28    290
                                                                                                        
-------------------------------------------------------------------------------------------------       
 Heating Degree Days                                                                                    
 DAY  1  2  3  4  5  6  7  8  9 10 11 12 13 14 15 16 17 18 19 20 21 22 23 24 25 26 27 28 29 30 31  MONTH
-------------------------------------------------------------------------------------------------       
JAN  37 37 38 37 37 37 37 37 37 37 37 37 37 37 37 37 37 37 37 37 36 36 36 36 36 36 36 35 35 35 35   1133
FEB  35 34 34 34 34 34 34 33 33 33 33 33 32 32 32 32 32 32 31 31 31 31 31 30 30 30 30 30             901
MAR  30 29 29 29 29 29 29 28 28 28 28 28 27 27 27 27 27 27 27 26 26 26 26 26 26 25 25 25 25 25 25    839
APR  24 24 24 24 24 24 24 23 23 23 23 23 22 22 22 22 22 22 21 21 21 21 21 20 20 20 20 20 19 19       658
MAY  19 19 18 18 18 18 18 17 17 17 17 17 16 16 16 16 15 15 15 15 15 14 14 14 14 13 13 13 13 13 12    485
JUN  12 12 12 11 11 11 11 10 10 10 10 10  9  9  9  9  9  8  8  8  8  8  8  7  7  7  7  7  6  6       270
JUL   6  6  6  6  5  5  5  5  5  5  5  5  4  4  4  4  4  4  4  4  4  4  4  4  3  3  3  3  3  3  3    133
AUG   3  3  3  3  3  3  3  3  3  3  3  3  4  4  4  4  4  4  4  4  5  5  5  5  5  5  6  6  6  6  6    128
SEP   7  7  7  7  8  8  8  8  9  9  9  9  9 10 10 10 10 11 11 11 12 12 12 12 13 13 13 13 14 14       306
OCT  14 14 15 15 15 15 16 16 16 17 17 17 18 18 18 19 19 19 20 20 20 21 21 21 22 22 23 23 23 24 24    582
NOV  25 25 25 26 26 27 27 27 28 28 28 29 29 29 30 30 30 31 31 31 31 32 32 32 33 33 33 33 33 34       888
DEC  34 34 34 35 35 35 35 35 35 36 36 36 36 36 36 36 36 37 37 37 37 37 37 37 37 37 37 37 37 37 37   1118
                                                                                                        
-------------------------------------------------------------------------------------------------       
 Cooling Degree Days                                                                                    
 DAY  1  2  3  4  5  6  7  8  9 10 11 12 13 14 15 16 17 18 19 20 21 22 23 24 25 26 27 28 29 30 31  MONTH
-------------------------------------------------------------------------------------------------       
JAN   0  0  0  0  0  0  0  0  0  0  0  0  0  0  0  0  0  0  0  0  0  0  0  0  0  0  0  0  0  0  0      0
FEB   0  0  0  0  0  0  0  0  0  0  0  0  0  0  0  0  0  0  0  0  0  0  0  0  0  0  0  0               0
MAR   0  0  0  0  0  0  0  0  0  0  0  0  0  0  0  0  0  0  0  0  0  0  0  0  0  0  0  0  0  0  0      0
APR   0  0  0  0  0  0  0  0  0  0  0  0  0  0  0  0  0  0  0  0  0  0  0  0  0  0  0  0  0  0         0
MAY   0  0  0  0  0  0  0  0  0  0  0  0  0  0  0  0  0  0  0  0  0  0  0  0  0  0  0  0  0  0  0      0
JUN   0  0  0  0  0  0  0  0  0  0  0  0  0  0  0  0  0  0  0  0  0  0  0  0  0  1  1  1  1  1         5
JUL   1  1  1  1  1  1  1  1  1  2  2  2  2  2  2  2  2  2  2  2  2  2  2  2  2  2  2  2  2  1  1     51
AUG   1  1  1  1  1  1  1  1  1  1  1  1  1  1  1  1  1  1  1  1  1  1  1  1  1  1  1  1  1  0  0     29
SEP -99-99-99-99-99-99-99-99-99-99-99  0  0  0  0  0  0  0  0  0  0  0  0  0  0  0  0  0  0  0        11
OCT   0  0  0  0  0  0  0  0  0  0  0  0  0  0  0  0  0  0  0  0  0  0  0  0  0  0  0  0  0  0  0      0
NOV   0  0  0  0  0  0  0  0  0  0  0  0  0  0  0  0  0  0  0  0  0  0  0  0  0  0  0  0  0  0         0
DEC   0  0  0  0  0  0  0  0  0  0  0  0  0  0  0  0  0  0  0  0  0  0  0  0  0  0  0  0  0  0  0      0
                                                                                                        
-------------------------------------------------------------------------------------------------       
 Total  Precipitation (Hundreths of an Inch)                                                            
 DAY  1  2  3  4  5  6  7  8  9 10 11 12 13 14 15 16 17 18 19 20 21 22 23 24 25 26 27 28 29 30 31  MONTH
-------------------------------------------------------------------------------------------------       
JAN  11 11 11 11 11 10 10 10 10 10 10 10 10 10 10 10 10 10 10 10 10 10 10 10 10 10 10 10 10 10 10    315
FEB  10 10 10 10 10 10 10  9  9  9  9  9  9  9  9  9  9  9  9  9  9  9  9  9  9  9  8  8             257
MAR   8  8  8  8  8  8  8  8  8  8  8  8  7  7  7  7  7  7  7  7  7  7  7  6  6  6  6  6  6  6  6    221
APR   6  6  6  5  5  5  5  5  5  5  5  5  5  5  5  5  5  5  4  4  4  4  4  4  4  4  4  4  4  4       141
MAY   4  4  4  4  4  4  4  4  4  4  4  4  4  4  4  4  4  4  4  4  4  4  4  4  4  3  3  3  3  3  3    118
JUN   3  3  3  3  2  2  2  2  2  2  2  2  2  2  2  2  2  2  2  2  2  2  2  2  2  1  1  1  1  1        59
JUL   1  1  1  1  1  1  1  1  1  1  1  1  1  1  1  2  2  2  2  2  2  2  2  2  2  2  2  2  2  2  2     47
AUG   1  1  1  1  2  2  2  2  2  2  2  2  2  2  2  2  2  2  2  2  2  2  2  2  2  2  2  2  2  2  2     58
SEP   2  2  2  2  2  2  2  2  2  2  2  2  2  2  2  2  2  2  2  2  2  2  2  2  2  2  2  2  3  3        62
OCT   2  2  2  2  2  2  2  3  3  3  3  3  3  3  3  3  4  4  4  4  4  5  5  5  5  5  6  6  6  6  7    117
NOV   7  7  7  8  8  8  8  9  9  9  9  9  9 10 10 10 10 10 10 10 11 11 11 11 11 11 11 11 11 11       287
DEC  11 11 11 11 11 11 11 11 11 11 11 11 11 11 11 11 11 11 11 11 11 11 11 11 11 11 11 10 10 10 10    337
                                                                                                        
