-------------------------------------------------------------------------------------------------       
 1971-2000 Daily/Monthly Station Normals                                                                
 Provided by National Climatic Data Center/NESDIS/NOAA                                                  
-------------------------------------------------------------------------------------------------       
 Station COOP ID:                           353971                                                      
 Station Name, State, Division, Call:       HOLLEY                             OR 02                    
 Latitude, Longitude, Elevation, Elements:  44 21 09 -122 47 03   610   P                               
-------------------------------------------------------------------------------------------------       
 Total  Precipitation (Hundreths of an Inch)                                                            
 DAY  1  2  3  4  5  6  7  8  9 10 11 12 13 14 15 16 17 18 19 20 21 22 23 24 25 26 27 28 29 30 31  MONTH
-------------------------------------------------------------------------------------------------       
JAN  23 23 23 23 23 23 23 23 23 23 23 23 23 23 23 23 23 22 22 22 22 22 22 22 23 23 23 23 23 23 23    706
FEB  23 23 23 23 23 23 23 23 23 23 23 23 23 23 22 22 22 22 22 22 22 22 21 21 21 21 21 21             624
MAR  21 20 20 20 20 20 19 19 19 19 19 18 18 18 18 18 18 18 17 17 17 17 17 17 16 16 16 16 16 16 16    556
APR  16 15 15 15 15 15 15 15 15 14 14 14 14 14 14 14 14 13 13 13 13 13 13 13 13 12 12 12 12 12       412
MAY  12 12 12 11 11 11 11 11 11 11 11 10 10 10 10 10 10 10 10 10 10 10  9  9  9  9  9  9  9  9  9    315
JUN   9  9  9  8  8  8  8  8  8  8  8  8  7  7  7  7  7  7  6  6  6  6  6  6  5  5  5  5  4  4       205
JUL   4  4  3  3  3  3  3  3  2  2  2  2  2  2  2  2  2  2  2  2  2  2  1  2  2  2  2  2  2  2  2     71
AUG   2  2  2  2  2  3  3  3  3  3  3  3  3  3  3  3  3  3  4  4  4  4  4  4  4  4  4  4  4  4  4    101
SEP   4  4  4  5  5  5  5  5  5  5  5  5  5  5  5  6  6  6  6  6  6  6  6  6  6  7  7  7  7  7       167
OCT   7  7  7  8  8  8  8  9  9  9  9 10 10 10 11 11 12 12 13 13 14 14 15 15 16 16 17 18 18 19 20    373
NOV  20 21 22 22 23 24 24 25 25 26 26 26 27 27 27 28 28 28 28 28 28 28 29 29 29 29 28 28 28 28       789
DEC  28 28 27 27 27 27 27 27 26 26 26 26 26 26 26 25 25 25 25 25 25 25 24 24 24 24 24 24 24 24 24    791
                                                                                                        
