-------------------------------------------------------------------------------------------------       
 1971-2000 Daily/Monthly Station Normals                                                                
 Provided by National Climatic Data Center/NESDIS/NOAA                                                  
-------------------------------------------------------------------------------------------------       
 Station COOP ID:                           351862                                                      
 Station Name, State, Division, Call:       CORVALLIS STATE UNIV               OR 02                    
 Latitude, Longitude, Elevation, Elements:  44 38 00 -123 11 22   225 XNP                               
-------------------------------------------------------------------------------------------------       
 Minimum Temperature (deg F [tenths deg F for monthly])                                                 
 DAY  1  2  3  4  5  6  7  8  9 10 11 12 13 14 15 16 17 18 19 20 21 22 23 24 25 26 27 28 29 30 31  MONTH
-------------------------------------------------------------------------------------------------       
JAN  33 33 33 33 33 33 33 33 33 33 33 33 34 34 34 34 34 34 34 34 34 34 34 34 34 34 34 34 34 34 34    336
FEB  34 35 35 35 35 35 35 35 35 35 35 35 35 35 35 35 36 36 36 36 36 36 36 36 36 36 36 36             354
MAR  37 37 37 37 37 37 37 37 37 37 37 37 37 37 38 38 38 38 38 38 38 38 38 38 38 38 38 38 38 39 39    376
APR  39 39 39 39 39 39 39 39 39 39 39 39 40 40 40 40 40 40 40 40 40 40 41 41 41 41 41 41 41 42       399
MAY  42 42 42 42 42 42 43 43 43 43 43 43 44 44 44 44 44 44 44 45 45 45 45 45 45 46 46 46 46 46 46    440
JUN  46 47 47 47 47 47 47 48 48 48 48 48 48 48 48 49 49 49 49 49 49 49 50 50 50 50 50 50 50 51       485
JUL  51 51 51 51 51 51 51 52 52 52 52 52 52 52 52 52 52 52 52 52 52 52 52 52 52 52 52 52 52 52 52    518
AUG  52 52 52 52 52 52 52 52 52 52 52 52 52 52 52 52 52 51 51 51 51 51 51 51 51 51 51 51 51 51 50    515
SEP  50 50 50 50 50 50 50 50 50 49 49 49 49 49 49 48 48 48 48 48 47 47 47 47 46 46 46 46 45 45       482
OCT  45 45 44 44 44 44 43 43 43 43 42 42 42 42 42 42 41 41 41 41 41 41 40 40 40 40 40 40 40 40 40    418
NOV  40 40 39 39 39 39 39 39 39 39 39 39 38 38 38 38 38 38 38 38 37 37 37 37 37 37 36 36 36 36       380
DEC  36 35 35 35 35 35 35 34 34 34 34 34 34 34 34 34 34 33 33 33 33 33 33 33 33 33 33 33 33 33 33    338
                                                                                                        
-------------------------------------------------------------------------------------------------       
 Maximum Temperature (deg F [tenths deg F for monthly])                                                 
 DAY  1  2  3  4  5  6  7  8  9 10 11 12 13 14 15 16 17 18 19 20 21 22 23 24 25 26 27 28 29 30 31  MONTH
-------------------------------------------------------------------------------------------------       
JAN  46 46 46 46 46 46 46 46 46 46 46 47 47 47 47 47 47 47 47 47 47 47 48 48 48 48 48 48 48 49 49    470
FEB  49 49 49 49 49 50 50 50 50 50 50 51 51 51 51 51 51 52 52 52 52 52 52 53 53 53 53 53             510
MAR  54 54 54 54 54 55 55 55 55 55 55 56 56 56 56 56 56 56 57 57 57 57 57 57 57 58 58 58 58 58 58    561
APR  58 59 59 59 59 59 59 59 59 60 60 60 60 60 60 61 61 61 61 61 62 62 62 62 62 63 63 63 63 64       607
MAY  64 64 64 65 65 65 65 65 66 66 66 66 67 67 67 67 67 68 68 68 68 68 69 69 69 69 69 69 70 70 70    671
JUN  70 70 71 71 71 71 71 71 72 72 72 72 73 73 73 73 74 74 74 74 75 75 75 76 76 76 76 77 77 77       734
JUL  78 78 78 79 79 79 80 80 80 80 81 81 81 81 81 82 82 82 82 82 82 82 83 83 83 83 83 83 83 83 83    812
AUG  83 83 83 83 83 83 83 83 83 83 83 83 83 83 83 83 83 82 82 82 82 82 82 82 82 82 81 81 81 81 81    824
SEP  81 81 80 80 80 80 80 79 79 79 79 78 78 78 78 77 77 77 76 76 76 75 75 75 74 74 73 73 73 72       771
OCT  72 71 71 71 70 70 69 69 68 68 68 67 67 66 66 65 65 65 64 64 63 63 62 62 61 61 61 60 60 59 59    654
NOV  58 58 57 57 57 56 56 55 55 55 54 54 53 53 53 52 52 52 51 51 51 51 50 50 50 50 49 49 49 49       529
DEC  48 48 48 48 47 47 47 47 47 47 46 46 46 46 46 46 46 46 46 46 46 46 46 46 45 45 46 46 46 46 46    464
                                                                                                        
-------------------------------------------------------------------------------------------------       
 Average Temperature (deg F [tenths deg F for monthly])                                                 
 DAY  1  2  3  4  5  6  7  8  9 10 11 12 13 14 15 16 17 18 19 20 21 22 23 24 25 26 27 28 29 30 31  MONTH
-------------------------------------------------------------------------------------------------       
JAN  39 39 39 40 40 40 40 40 40 40 40 40 40 40 40 40 40 40 40 40 41 41 41 41 41 41 41 41 41 41 42    403
FEB  42 42 42 42 42 42 42 42 42 43 43 43 43 43 43 43 43 44 44 44 44 44 44 44 45 45 45 45             432
MAR  45 45 45 46 46 46 46 46 46 46 46 47 47 47 47 47 47 47 47 47 48 48 48 48 48 48 48 48 48 48 48    469
APR  49 49 49 49 49 49 49 49 49 49 50 50 50 50 50 50 50 50 51 51 51 51 51 51 52 52 52 52 52 53       503
MAY  53 53 53 53 54 54 54 54 54 55 55 55 55 55 55 56 56 56 56 56 57 57 57 57 57 57 58 58 58 58 58    556
JUN  58 58 59 59 59 59 59 60 60 60 60 60 60 61 61 61 61 61 62 62 62 62 62 63 63 63 63 64 64 64       610
JUL  64 64 65 65 65 65 65 66 66 66 66 66 66 67 67 67 67 67 67 67 67 67 67 67 68 68 68 68 68 68 68    665
AUG  68 68 68 68 68 68 68 68 67 67 67 67 67 67 67 67 67 67 67 67 67 67 67 66 66 66 66 66 66 66 66    670
SEP  66 65 65 65 65 65 65 65 64 64 64 64 64 63 63 63 63 62 62 62 62 61 61 61 60 60 60 59 59 59       627
OCT  58 58 58 57 57 57 56 56 56 55 55 55 54 54 54 54 53 53 53 52 52 52 51 51 51 51 50 50 50 50 49    536
NOV  49 49 48 48 48 48 47 47 47 47 47 46 46 46 46 45 45 45 45 44 44 44 44 44 43 43 43 43 42 42       455
DEC  42 42 42 41 41 41 41 41 41 41 40 40 40 40 40 40 40 40 40 40 40 39 39 39 39 39 39 39 39 39 39    401
                                                                                                        
-------------------------------------------------------------------------------------------------       
 Heating Degree Days                                                                                    
 DAY  1  2  3  4  5  6  7  8  9 10 11 12 13 14 15 16 17 18 19 20 21 22 23 24 25 26 27 28 29 30 31  MONTH
-------------------------------------------------------------------------------------------------       
JAN  26 26 26 25 25 25 25 25 25 25 25 25 25 25 25 25 25 25 25 25 24 24 24 24 24 24 24 24 24 24 23    766
FEB  23 23 23 23 23 23 23 23 23 22 22 22 22 22 22 22 22 21 21 21 21 21 21 21 20 20 20 20             610
MAR  20 20 20 19 19 19 19 19 19 19 19 18 18 18 18 18 18 18 18 18 18 17 17 17 17 17 17 17 17 17 17    562
APR  17 16 16 16 16 16 16 16 16 16 15 15 15 15 15 15 15 15 14 14 14 14 14 14 13 13 13 13 13 12       442
MAY  12 12 12 12 12 11 11 11 11 11 10 10 10 10 10 10  9  9  9  9  9  8  8  8  8  8  8  7  7  7  7    296
JUN   7  7  7  6  6  6  6  6  6  5  5  5  5  5  5  5  5  4  4  4  4  4  4  4  3  3  3  3  3  3       143
JUL   3  3  2  2  2  2  2  2  2  2  2  1  1  1  1  1  1  1  1  1  1  1  1  1  1  1  1  1  1  1  1     44
AUG   1  1  1  1  1  1  1  1  1  1  1  1  1  1  1  1  1  1  1  1  1  1  1  1  1  1  1  1  1  2  2     33
SEP   2  2  2  2  2  2  2  2  2  2  3  3  3  3  3  3  4  4  4  4  4  5  5  5  5  6  6  6  6  7       109
OCT   7  7  8  8  8  8  9  9  9 10 10 10 11 11 11 11 12 12 12 13 13 13 13 14 14 14 15 15 15 15 16    353
NOV  16 16 16 17 17 17 18 18 18 18 19 19 19 19 19 20 20 20 20 21 21 21 21 22 22 22 22 22 23 23       586
DEC  23 23 23 24 24 24 24 24 24 24 25 25 25 25 25 25 25 25 25 25 25 25 26 26 26 26 26 26 26 26 26    771
                                                                                                        
-------------------------------------------------------------------------------------------------       
 Cooling Degree Days                                                                                    
 DAY  1  2  3  4  5  6  7  8  9 10 11 12 13 14 15 16 17 18 19 20 21 22 23 24 25 26 27 28 29 30 31  MONTH
-------------------------------------------------------------------------------------------------       
JAN   0  0  0  0  0  0  0  0  0  0  0  0  0  0  0  0  0  0  0  0  0  0  0  0  0  0  0  0  0  0  0      0
FEB   0  0  0  0  0  0  0  0  0  0  0  0  0  0  0  0  0  0  0  0  0  0  0  0  0  0  0  0               0
MAR   0  0  0  0  0  0  0  0  0  0  0  0  0  0  0  0  0  0  0  0  0  0  0  0  0  0  0  0  0  0  0      0
APR   0  0  0  0  0  0  0  0  0  0  0  0  0  0  0  0  0  0  0  0  0  0  0  0  0  0  0  0  0  0         0
MAY   0  0  0  0  0  0  0  0  0  0  0  0  0  0  0  0  0  0  0  0  0  0  0  0  0  0  0  0-99-99-99      3
JUN   0  0  0  0  0  0  0  0  0  0  0  0  1  1  1  1  1  1  1  1  1  1  1  1  1  1  2  2  2  2        22
JUL   2  2  2  2  2  2  3  3  3  3  3  3  3  3  3  3  3  3  3  3  3  3  3  3  3  3  3  4  4  4  4     91
AUG   4  4  4  3  3  3  3  3  3  3  3  3  3  3  3  3  3  3  3  3  3  3  3  3  3  3  3  3  2  2  2     93
SEP   2  2  2  2  2  2  2  2  2  2  1  1  1  1  1  1  1  1  1  1  1  1  1  1  1  1  1  1  0  0        38
OCT   0  0  0  0  0  0  0  0  0  0  0  0  0  0  0  0  0  0  0  0  0  0  0  0  0  0  0  0  0  0  0      0
NOV   0  0  0  0  0  0  0  0  0  0  0  0  0  0  0  0  0  0  0  0  0  0  0  0  0  0  0  0  0  0         0
DEC   0  0  0  0  0  0  0  0  0  0  0  0  0  0  0  0  0  0  0  0  0  0  0  0  0  0  0  0  0  0  0      0
                                                                                                        
-------------------------------------------------------------------------------------------------       
 Total  Precipitation (Hundreths of an Inch)                                                            
 DAY  1  2  3  4  5  6  7  8  9 10 11 12 13 14 15 16 17 18 19 20 21 22 23 24 25 26 27 28 29 30 31  MONTH
-------------------------------------------------------------------------------------------------       
JAN  22 22 22 21 21 21 21 21 21 21 21 21 21 21 21 21 20 20 20 20 20 20 20 20 21 21 21 21 21 21 21    646
FEB  21 21 21 21 21 21 21 21 21 21 21 21 21 21 21 21 21 20 20 20 20 20 20 19 19 19 19 18             571
MAR  18 18 18 17 17 17 17 16 16 16 16 16 15 15 15 15 14 14 14 14 14 14 13 13 13 13 13 12 12 12 12    459
APR  12 12 11 11 11 11 11 11 11 10 10 10 10 10 10 10 10 10  9  9  9  9  9  9  9  9  9  9  9  8       298
MAY   8  8  8  8  8  8  8  8  8  8  8  8  8  8  8  7  7  7  7  7  7  7  7  7  7  7  7  7  7  6  6    230
JUN   6  6  6  6  6  6  6  6  6  6  5  5  5  5  5  5  5  5  5  4  4  4  4  4  4  4  4  3  3  3       146
JUL   3  3  3  3  3  2  2  2  2  2  2  2  2  2  2  2  2  2  2  2  1  1  1  1  1  1  1  1  1  1  2     57
AUG   1  1  2  2  2  2  2  2  2  2  2  2  2  2  2  2  2  2  2  3  3  3  3  3  3  3  3  3  3  3  4     73
SEP   4  4  4  4  4  4  4  4  4  5  5  5  5  5  5  5  5  5  5  5  5  5  5  5  6  6  6  6  6  6       147
OCT   6  6  6  6  6  6  7  7  7  7  7  8  8  8  9  9  9 10 10 11 11 11 12 12 13 13 14 15 15 16 17    302
NOV  17 18 18 19 20 20 21 21 22 22 22 23 23 24 24 24 24 25 25 25 25 25 25 26 26 26 26 26 26 26       694
DEC  26 26 25 25 25 25 25 25 25 25 25 25 24 24 24 24 24 24 24 24 23 23 23 23 23 23 23 22 22 22 22    743
                                                                                                        
