-------------------------------------------------------------------------------------------------       
 1971-2000 Daily/Monthly Station Normals                                                                
 Provided by National Climatic Data Center/NESDIS/NOAA                                                  
-------------------------------------------------------------------------------------------------       
 Station COOP ID:                           357631                                                      
 Station Name, State, Division, Call:       SCOTTS MILLS 9 SE                  OR 02                    
 Latitude, Longitude, Elevation, Elements:  44 56 50 -122 31 29  2315 XNP                               
-------------------------------------------------------------------------------------------------       
 Minimum Temperature (deg F [tenths deg F for monthly])                                                 
 DAY  1  2  3  4  5  6  7  8  9 10 11 12 13 14 15 16 17 18 19 20 21 22 23 24 25 26 27 28 29 30 31  MONTH
-------------------------------------------------------------------------------------------------       
JAN  32 32 32 32 32 32 32 32 32 32 32 32 32 32 32 32 32 32 32 32 32 32 32 32 32 32 32 32 32 32 32    320
FEB  33 33 33 33 33 33 33 33 33 33 33 33 33 33 33 33 33 33 33 33 33 33 34 34 34 34 34 34             332
MAR  34 34 34 34 34 34 34 34 34 34 34 34 34 34 34 34 34 34 34 34 34 34 34 34 34 34 34 34 35 35 35    341
APR  35 35 35 35 35 35 35 35 36 36 36 36 36 36 36 36 36 36 37 37 37 37 37 37 37 38 38 38 38 38       363
MAY  38 39 39 39 39 39 39 40 40 40 40 40 40 41 41 41 41 41 41 41 42 42 42 42 42 42 42 43 43 43 43    408
JUN  43 43 43 44 44 44 44 44 44 45 45 45 45 45 45 45 46 46 46 46 46 46 47 47 47 47 47 47 48 48       454
JUL  48 48 48 48 49 49 49 49 49 49 49 49 50 50 50 50 50 50 50 50 50 50 50 50 50 50 50 51 51 51 51    496
AUG  51 51 51 51 51 51 50 50 50 50 50 50 50 50 50 50 50 50 50 50 50 50 50 50 50 50 50 50 50 50 50    502
SEP  50 50 49 49 49 49 49 49 49 49 49 49 49 48 48 48 48 48 48 48 47 47 47 47 47 46 46 46 46 46       480
OCT  45 45 45 45 45 44 44 44 44 43 43 43 43 43 42 42 42 42 41 41 41 41 41 40 40 40 40 39 39 39 39    421
NOV  38 38 38 38 38 37 37 37 37 37 36 36 36 36 36 35 35 35 35 35 35 35 34 34 34 34 34 34 34 33       357
DEC  33 33 33 33 33 33 33 33 33 32 32 32 32 32 32 32 32 32 32 32 32 32 32 32 32 32 32 32 32 32 32    323
                                                                                                        
-------------------------------------------------------------------------------------------------       
 Maximum Temperature (deg F [tenths deg F for monthly])                                                 
 DAY  1  2  3  4  5  6  7  8  9 10 11 12 13 14 15 16 17 18 19 20 21 22 23 24 25 26 27 28 29 30 31  MONTH
-------------------------------------------------------------------------------------------------       
JAN  43 43 43 43 43 43 43 43 43 43 44 44 44 44 44 44 44 44 44 44 44 44 44 44 45 45 45 45 45 45 45    439
FEB  45 45 45 46 46 46 46 46 46 46 46 46 46 46 47 47 47 47 47 47 47 47 47 47 47 47 47 47             464
MAR  47 48 48 48 48 48 48 48 48 48 48 48 48 48 49 49 49 49 49 49 49 49 49 50 50 50 50 50 50 50 51    488
APR  51 51 51 51 51 52 52 52 52 52 52 53 53 53 53 53 54 54 54 54 54 54 55 55 55 55 55 56 56 56       533
MAY  56 57 57 57 57 57 58 58 58 58 58 59 59 59 59 59 59 60 60 60 60 60 60 61 61 61 61 61 61 62 62    592
JUN  62 62 62 62 63 63 63 63 63 63 64 64 64 64 65 65 65 65 66 66 66 66 67 67 67 67 68 68 68 69       649
JUL  69 69 70 70 70 70 71 71 71 71 72 72 72 72 72 72 73 73 73 73 73 73 73 73 73 73 73 73 73 73 73    719
AUG  73 73 73 73 73 73 73 73 73 73 73 73 73 73 73 73 73 73 72 72 72 72 72 72 72 72 72 72 71 71 71    725
SEP  71 71 71 71 70 70 70 70 70 70 69 69 69 69 69 68 68 68 68 67 67 67 67 66 66 66 65 65 65 64       682
OCT  64 64 63 63 63 62 62 62 61 61 61 60 60 59 59 59 58 58 57 57 57 56 56 55 55 55 54 54 53 53 52    585
NOV  52 52 51 51 50 50 50 49 49 49 48 48 48 47 47 47 47 46 46 46 46 45 45 45 45 45 45 45 44 44       474
DEC  44 44 44 44 44 44 44 44 44 43 43 43 43 43 43 43 43 43 43 43 43 43 43 43 43 43 43 43 43 43 43    433
                                                                                                        
-------------------------------------------------------------------------------------------------       
 Average Temperature (deg F [tenths deg F for monthly])                                                 
 DAY  1  2  3  4  5  6  7  8  9 10 11 12 13 14 15 16 17 18 19 20 21 22 23 24 25 26 27 28 29 30 31  MONTH
-------------------------------------------------------------------------------------------------       
JAN  37 37 37 37 37 38 38 38 38 38 38 38 38 38 38 38 38 38 38 38 38 38 38 38 38 38 39 39 39 39 39    380
FEB  39 39 39 39 39 39 39 39 40 40 40 40 40 40 40 40 40 40 40 40 40 40 40 40 40 40 41 41             398
MAR  41 41 41 41 41 41 41 41 41 41 41 41 41 41 41 41 41 42 42 42 42 42 42 42 42 42 42 42 42 43 43    415
APR  43 43 43 43 43 43 44 44 44 44 44 44 44 44 45 45 45 45 45 45 46 46 46 46 46 46 47 47 47 47       448
MAY  47 48 48 48 48 48 48 49 49 49 49 49 50 50 50 50 50 50 51 51 51 51 51 51 52 52 52 52 52 52 52    500
JUN  53 53 53 53 53 53 54 54 54 54 54 54 55 55 55 55 55 56 56 56 56 56 57 57 57 57 57 58 58 58       552
JUL  58 59 59 59 59 60 60 60 60 60 60 61 61 61 61 61 61 61 61 61 62 62 62 62 62 62 62 62 62 62 62    608
AUG  62 62 62 62 62 62 62 62 62 62 62 62 62 62 61 61 61 61 61 61 61 61 61 61 61 61 61 61 61 60 60    614
SEP  60 60 60 60 60 60 60 60 59 59 59 59 59 59 58 58 58 58 58 57 57 57 57 57 56 56 56 56 55 55       581
OCT  55 54 54 54 54 53 53 53 52 52 52 52 51 51 51 50 50 50 49 49 49 48 48 48 48 47 47 47 46 46 46    503
NOV  45 45 45 44 44 44 44 43 43 43 42 42 42 42 41 41 41 41 41 40 40 40 40 40 40 39 39 39 39 39       416
DEC  39 39 39 39 38 38 38 38 38 38 38 38 38 38 38 38 38 38 38 38 38 37 37 37 37 37 37 37 37 37 37    378
                                                                                                        
-------------------------------------------------------------------------------------------------       
 Heating Degree Days                                                                                    
 DAY  1  2  3  4  5  6  7  8  9 10 11 12 13 14 15 16 17 18 19 20 21 22 23 24 25 26 27 28 29 30 31  MONTH
-------------------------------------------------------------------------------------------------       
JAN  28 28 27 27 27 27 27 27 27 27 27 27 27 27 27 27 27 27 27 27 27 27 27 27 27 27 27 27 27 27 27    839
FEB  27 26 26 26 26 26 26 26 26 26 26 26 26 26 26 26 26 25 25 25 25 25 25 25 25 25 25 25             718
MAR  24 24 24 24 24 24 24 24 24 24 23 23 23 23 23 23 23 23 23 23 23 22 22 22 22 22 22 22 22 22 22    713
APR  22 22 22 22 22 21 21 21 21 21 21 21 21 21 20 20 20 20 20 20 20 19 19 19 19 19 19 18 18 18       607
MAY  18 18 17 17 17 17 17 16 16 16 16 16 15 15 15 15 15 15 14 14 14 14 14 14 13 13 13 13 13 13 13    466
JUN  12 12 12 12 12 12 11 11 11 11 11 11 10 10 10 10 10 10  9  9  9  9  9  9  8  8  8  8  8  7       299
JUL   7  7  7  7  6  6  6  6  6  6  6  5  5  5  5  5  5  5  5  5  5  4  4  4  4  4  4  4  4  4  4    160
AUG   4  4  4  4  4  4  4  4  4  4  4  4  5  5  5  5  5  5  5  5  5  5  5  5  5  5  5  5  5  6  6    145
SEP   6  6  6  6  6  6  6  6  7  7  7  7  7  7  7  8  8  8  8  8  8  9  9  9  9  9 10 10 10 10       230
OCT  11 11 11 11 12 12 12 12 13 13 13 14 14 14 14 15 15 15 16 16 16 16 17 17 17 18 18 18 19 19 19    458
NOV  20 20 20 21 21 21 22 22 22 22 23 23 23 23 24 24 24 24 24 25 25 25 25 25 26 26 26 26 26 26       704
DEC  26 26 26 27 27 27 27 27 27 27 27 27 27 27 27 27 27 27 27 27 28 28 28 28 28 28 28 28 28 28 27    844
                                                                                                        
-------------------------------------------------------------------------------------------------       
 Cooling Degree Days                                                                                    
 DAY  1  2  3  4  5  6  7  8  9 10 11 12 13 14 15 16 17 18 19 20 21 22 23 24 25 26 27 28 29 30 31  MONTH
-------------------------------------------------------------------------------------------------       
JAN   0  0  0  0  0  0  0  0  0  0  0  0  0  0  0  0  0  0  0  0  0  0  0  0  0  0  0  0  0  0  0      0
FEB   0  0  0  0  0  0  0  0  0  0  0  0  0  0  0  0  0  0  0  0  0  0  0  0  0  0  0  0               0
MAR   0  0  0  0  0  0  0  0  0  0  0  0  0  0  0  0  0  0  0  0  0  0  0  0  0  0  0  0  0  0  0      0
APR   0  0  0  0  0  0  0  0  0  0  0  0  0  0  0  0  0  0  0  0  0  0  0  0  0  0  0  0  0  0         0
MAY   0  0  0  0  0  0  0  0  0  0  0  0  0  0  0  0  0  0  0  0  0  0  0  0  0  0  0  0  0  0  0      0
JUN   0  0  0  0  0  0  0  0  0  0  0  0  0  0  0  0  0  0  0  0  0  0  0  0  0  0  0-99-99-99         3
JUL   0  0  0  0  1  1  1  1  1  1  1  1  1  1  1  1  1  1  1  1  1  1  1  1  1  1  1  1  1  1  1     27
AUG   1  1  1  1  1  2  2  1  1  1  1  1  1  1  1  1  1  1  1  1  1  1  1  1  1  1  1  1  1  1  1     33
SEP   1  1  1  1  1  1  1  1  1  1  1  1  1  1  1  1  1  1  1  1  1  1  0  0  0  0  0  0  0  0        22
OCT -99  0  0  0  0  0  0  0  0  0  0  0  0  0  0  0  0  0  0  0  0  0  0  0  0  0  0  0  0  0  0      1
NOV   0  0  0  0  0  0  0  0  0  0  0  0  0  0  0  0  0  0  0  0  0  0  0  0  0  0  0  0  0  0         0
DEC   0  0  0  0  0  0  0  0  0  0  0  0  0  0  0  0  0  0  0  0  0  0  0  0  0  0  0  0  0  0  0      0
                                                                                                        
-------------------------------------------------------------------------------------------------       
 Total  Precipitation (Hundreths of an Inch)                                                            
 DAY  1  2  3  4  5  6  7  8  9 10 11 12 13 14 15 16 17 18 19 20 21 22 23 24 25 26 27 28 29 30 31  MONTH
-------------------------------------------------------------------------------------------------       
JAN  38 38 38 38 38 38 38 38 38 38 38 38 38 38 38 38 38 37 37 37 37 37 37 37 37 37 37 37 37 37 37   1164
FEB  37 37 37 37 36 36 36 36 36 36 36 36 36 36 35 35 35 35 35 35 34 34 34 34 34 33 33 33             987
MAR  33 32 32 32 32 31 31 31 31 30 30 30 30 30 29 29 29 29 28 28 28 28 28 27 27 27 27 26 26 26 26    903
APR  26 25 25 25 25 25 24 24 24 24 24 23 23 23 23 23 23 22 22 22 22 22 21 21 21 21 21 21 20 20       685
MAY  20 20 20 19 19 19 19 19 19 18 18 18 18 18 18 17 17 17 17 17 17 16 16 16 16 16 16 16 15 15 15    541
JUN  15 15 15 14 14 14 14 14 14 13 13 13 13 12 12 12 12 11 11 11 11 10 10 10  9  9  9  9  8  8       355
JUL   8  7  7  7  6  6  6  6  5  5  5  5  4  4  4  4  4  4  4  4  3  3  3  3  3  3  3  3  3  3  3    138
AUG   3  3  3  3  3  3  4  4  4  4  4  4  4  4  5  5  5  5  5  5  6  6  6  6  6  7  7  7  7  8  8    154
SEP   8  8  9  9  9  9 10 10 10 10 11 11 11 11 11 12 12 12 12 12 12 12 13 13 13 13 13 13 13 13       335
OCT  13 14 14 14 14 14 15 15 15 16 16 17 17 18 18 19 19 20 21 21 22 23 24 24 25 26 27 28 29 30 31    619
NOV  32 33 34 35 36 37 37 38 39 40 40 41 41 42 42 43 43 43 44 44 44 44 44 44 44 44 44 44 44 43      1223
DEC  43 43 43 42 42 42 42 41 41 41 41 41 40 40 40 40 40 40 40 39 39 39 39 39 39 39 39 39 38 38 38   1247
                                                                                                        
