-------------------------------------------------------------------------------------------------       
 1971-2000 Daily/Monthly Station Normals                                                                
 Provided by National Climatic Data Center/NESDIS/NOAA                                                  
-------------------------------------------------------------------------------------------------       
 Station COOP ID:                           350328                                                      
 Station Name, State, Division, Call:       ASTORIA CLATSOP CO AP              OR 01 AST                
 Latitude, Longitude, Elevation, Elements:  46 09 24 -123 52 55     9 XNP                               
-------------------------------------------------------------------------------------------------       
 Minimum Temperature (deg F [tenths deg F for monthly])                                                 
 DAY  1  2  3  4  5  6  7  8  9 10 11 12 13 14 15 16 17 18 19 20 21 22 23 24 25 26 27 28 29 30 31  MONTH
-------------------------------------------------------------------------------------------------       
JAN  36 36 36 36 36 36 36 36 36 37 37 37 37 37 37 37 37 37 37 37 37 37 37 37 37 37 37 37 37 37 37    367
FEB  37 37 37 37 37 37 37 37 37 37 37 38 38 38 38 38 38 38 38 38 38 38 38 38 38 38 38 38             376
MAR  38 38 38 38 38 38 38 38 38 38 38 38 39 39 39 39 39 39 39 39 39 39 39 39 39 39 39 39 39 39 39    386
APR  39 39 40 40 40 40 40 40 40 40 40 40 40 40 41 41 41 41 41 41 41 41 42 42 42 42 42 42 43 43       408
MAY  43 43 43 43 44 44 44 44 44 44 45 45 45 45 45 45 46 46 46 46 46 46 47 47 47 47 47 47 47 48 48    454
JUN  48 48 48 48 48 49 49 49 49 49 49 49 50 50 50 50 50 50 50 50 51 51 51 51 51 51 51 51 51 52       498
JUL  52 52 52 52 52 52 52 52 52 53 53 53 53 53 53 53 53 53 53 53 53 53 53 53 53 54 54 54 54 54 54    529
AUG  54 54 54 54 54 54 54 54 54 54 54 54 53 53 53 53 53 53 53 53 53 53 53 53 53 52 52 52 52 52 52    532
SEP  52 52 52 51 51 51 51 51 51 50 50 50 50 50 50 50 49 49 49 49 49 48 48 48 48 48 47 47 47 47       495
OCT  47 46 46 46 46 46 46 45 45 45 45 45 44 44 44 44 44 44 44 43 43 43 43 43 43 43 42 42 42 42 42    441
NOV  42 42 42 41 41 41 41 41 41 41 41 41 40 40 40 40 40 40 40 40 39 39 39 39 39 39 39 39 38 38       401
DEC  38 38 38 38 38 38 38 38 37 37 37 37 37 37 37 37 37 37 37 37 37 37 37 37 37 37 36 36 36 36 36    371
                                                                                                        
-------------------------------------------------------------------------------------------------       
 Maximum Temperature (deg F [tenths deg F for monthly])                                                 
 DAY  1  2  3  4  5  6  7  8  9 10 11 12 13 14 15 16 17 18 19 20 21 22 23 24 25 26 27 28 29 30 31  MONTH
-------------------------------------------------------------------------------------------------       
JAN  47 47 47 47 48 48 48 48 48 48 48 48 48 48 48 48 48 48 48 48 48 48 48 48 49 49 49 49 49 49 49    481
FEB  49 49 50 50 50 50 50 50 50 50 50 51 51 51 51 51 51 51 51 51 51 52 52 52 52 52 52 52             508
MAR  52 52 52 52 52 53 53 53 53 53 53 53 53 53 53 53 53 53 54 54 54 54 54 54 54 54 54 54 54 54 55    533
APR  55 55 55 55 55 55 55 55 55 55 55 56 56 56 56 56 56 56 56 57 57 57 57 57 57 57 57 58 58 58       561
MAY  58 58 58 58 59 59 59 59 59 59 59 60 60 60 60 60 60 60 60 61 61 61 61 61 61 61 61 61 62 62 62    600
JUN  62 62 62 62 62 62 63 63 63 63 63 63 63 63 63 64 64 64 64 64 64 64 65 65 65 65 65 65 65 66       636
JUL  66 66 66 66 66 66 66 67 67 67 67 67 67 67 67 67 67 67 68 68 68 68 68 68 68 68 68 68 68 68 68    672
AUG  68 68 68 68 68 68 68 68 68 68 68 68 68 68 68 68 68 68 68 68 68 68 69 69 69 69 69 69 69 69 69    683
SEP  69 69 69 69 69 69 68 68 68 68 68 68 68 68 68 68 68 67 67 67 67 67 67 67 66 66 66 66 65 65       675
OCT  65 65 64 64 64 64 63 63 63 63 62 62 62 62 61 61 61 61 60 60 60 59 59 59 59 58 58 58 57 57 57    610
NOV  57 56 56 56 56 55 55 55 54 54 54 54 54 53 53 53 53 52 52 52 52 52 51 51 51 51 51 50 50 50       531
DEC  50 50 50 49 49 49 49 49 49 49 49 49 48 48 48 48 48 48 48 48 48 48 48 48 48 48 48 48 47 47 47    484
                                                                                                        
-------------------------------------------------------------------------------------------------       
 Average Temperature (deg F [tenths deg F for monthly])                                                 
 DAY  1  2  3  4  5  6  7  8  9 10 11 12 13 14 15 16 17 18 19 20 21 22 23 24 25 26 27 28 29 30 31  MONTH
-------------------------------------------------------------------------------------------------       
JAN  42 42 42 42 42 42 42 42 42 42 42 42 42 42 42 42 42 42 42 43 43 43 43 43 43 43 43 43 43 43 43    424
FEB  43 43 43 43 44 44 44 44 44 44 44 44 44 44 44 44 44 44 45 45 45 45 45 45 45 45 45 45             442
MAR  45 45 45 45 45 45 45 46 46 46 46 46 46 46 46 46 46 46 46 46 46 46 46 46 47 47 47 47 47 47 47    460
APR  47 47 47 47 47 47 48 48 48 48 48 48 48 48 48 48 49 49 49 49 49 49 49 50 50 50 50 50 50 50       485
MAY  51 51 51 51 51 51 51 52 52 52 52 52 52 52 53 53 53 53 53 53 53 54 54 54 54 54 54 54 54 55 55    527
JUN  55 55 55 55 55 55 56 56 56 56 56 56 56 57 57 57 57 57 57 57 57 58 58 58 58 58 58 58 58 59       567
JUL  59 59 59 59 59 59 59 59 60 60 60 60 60 60 60 60 60 60 60 60 61 61 61 61 61 61 61 61 61 61 61    601
AUG  61 61 61 61 61 61 61 61 61 61 61 61 61 61 61 61 61 61 61 61 61 61 61 61 61 60 60 60 60 60 60    608
SEP  60 60 60 60 60 60 60 60 60 59 59 59 59 59 59 59 58 58 58 58 58 58 57 57 57 57 57 57 56 56       585
OCT  56 56 55 55 55 55 55 54 54 54 54 53 53 53 53 53 52 52 52 52 52 51 51 51 51 50 50 50 50 50 49    526
NOV  49 49 49 49 48 48 48 48 48 48 47 47 47 47 47 46 46 46 46 46 46 45 45 45 45 45 45 45 44 44       466
DEC  44 44 44 44 44 44 43 43 43 43 43 43 43 43 43 43 43 43 43 42 42 42 42 42 42 42 42 42 42 42 42    428
                                                                                                        
-------------------------------------------------------------------------------------------------       
 Heating Degree Days                                                                                    
 DAY  1  2  3  4  5  6  7  8  9 10 11 12 13 14 15 16 17 18 19 20 21 22 23 24 25 26 27 28 29 30 31  MONTH
-------------------------------------------------------------------------------------------------       
JAN  23 23 23 23 23 23 23 23 23 23 23 23 23 22 22 22 22 22 22 22 22 22 22 22 22 22 22 22 22 22 22    695
FEB  22 22 22 22 22 21 21 21 21 21 21 21 21 21 21 21 21 21 20 20 20 20 20 20 20 20 20 20             583
MAR  20 19 19 19 19 19 19 19 19 19 19 19 19 19 18 18 18 18 18 18 18 18 18 18 18 18 18 18 18 18 18    573
APR  18 18 17 17 17 17 17 17 17 17 17 17 17 17 17 17 16 16 16 16 16 16 16 16 15 15 15 15 15 15       492
MAY  14 14 14 14 14 14 13 13 13 13 13 13 13 12 12 12 12 12 12 11 11 11 11 11 11 11 11 10 10 10 10    375
JUN  10 10 10 10  9  9  9  9  9  9  9  9  8  8  8  8  8  8  8  8  7  7  7  7  7  7  7  7  6  6       244
JUL   6  6  6  6  6  6  6  5  5  5  5  5  5  5  5  5  5  5  5  5  4  4  4  4  4  4  4  4  4  4  4    151
AUG   4  4  4  4  4  4  4  4  4  4  4  4  4  4  4  4  4  4  4  4  4  4  4  4  4  5  5  5  5  5  5    130
SEP   5  5  5  5  5  5  5  5  6  6  6  6  6  6  6  6  7  7  7  7  7  7  8  8  8  8  8  9  9  9       197
OCT   9 10 10 10 10 10 11 11 11 11 11 12 12 12 12 13 13 13 13 13 14 14 14 14 14 14 15 15 15 15 15    386
NOV  16 16 16 16 16 16 17 17 17 17 17 17 18 18 18 18 18 19 19 19 19 19 19 20 20 20 20 20 20 20       542
DEC  21 21 21 21 21 21 21 22 22 22 22 22 22 22 22 22 22 22 23 23 23 23 23 23 23 23 23 23 23 23 23    688
                                                                                                        
-------------------------------------------------------------------------------------------------       
 Cooling Degree Days                                                                                    
 DAY  1  2  3  4  5  6  7  8  9 10 11 12 13 14 15 16 17 18 19 20 21 22 23 24 25 26 27 28 29 30 31  MONTH
-------------------------------------------------------------------------------------------------       
JAN   0  0  0  0  0  0  0  0  0  0  0  0  0  0  0  0  0  0  0  0  0  0  0  0  0  0  0  0  0  0  0      0
FEB   0  0  0  0  0  0  0  0  0  0  0  0  0  0  0  0  0  0  0  0  0  0  0  0  0  0  0  0               0
MAR   0  0  0  0  0  0  0  0  0  0  0  0  0  0  0  0  0  0  0  0  0  0  0  0  0  0  0  0  0  0  0      0
APR   0  0  0  0  0  0  0  0  0  0  0  0  0  0  0  0  0  0  0  0  0  0  0  0  0  0  0  0  0  0         0
MAY   0  0  0  0  0  0  0  0  0  0  0  0  0  0  0  0  0  0  0  0  0  0  0  0  0  0  0  0  0  0-99      1
JUN   0  0  0  0  0  0  0  0  0  0  0  0  0  0  0  0  0  0  0  0  0  0  0  0  0  0  0  0-99-99         2
JUL   0  0  0  0  0  0  0  0  0  0  0  0  0  0  0  0  0  0  0  0  0  0  0  0  0  0  0-99-99-99-99      4
AUG   0  0  0  0  0  0  0  0  0  0  0  0  0  0  0  0  0  0  0  0  0  0  0  0  1  1  1  1  1  1  1      7
SEP   0-99-99-99-99-99-99-99  0  0  0  0  0  0  0  0  0  0  0  0  0  0  0  0  0  0  0  0  0  0         7
OCT -99  0  0  0  0  0  0  0  0  0  0  0  0  0  0  0  0  0  0  0  0  0  0  0  0  0  0  0  0  0  0      1
NOV   0  0  0  0  0  0  0  0  0  0  0  0  0  0  0  0  0  0  0  0  0  0  0  0  0  0  0  0  0  0         0
DEC   0  0  0  0  0  0  0  0  0  0  0  0  0  0  0  0  0  0  0  0  0  0  0  0  0  0  0  0  0  0  0      0
                                                                                                        
-------------------------------------------------------------------------------------------------       
 Total  Precipitation (Hundreths of an Inch)                                                            
 DAY  1  2  3  4  5  6  7  8  9 10 11 12 13 14 15 16 17 18 19 20 21 22 23 24 25 26 27 28 29 30 31  MONTH
-------------------------------------------------------------------------------------------------       
JAN  32 32 32 32 32 32 32 32 32 31 31 31 31 31 31 31 31 31 31 31 31 31 31 30 30 30 30 30 30 30 30    962
FEB  30 30 29 29 29 29 29 29 29 29 29 28 28 28 28 28 28 28 28 27 27 27 27 27 27 27 27 26             787
MAR  26 26 26 26 26 26 26 25 25 25 25 25 25 24 24 24 24 24 23 23 23 23 22 22 22 22 22 21 21 21 20    737
APR  20 20 20 19 19 19 19 18 18 18 18 17 17 17 16 16 16 16 15 15 15 15 15 14 14 14 14 13 13 13       493
MAY  13 12 12 12 12 12 11 11 11 11 11 11 11 10 10 10 10 10 10 10 10 10 10 10 10 10 10 10  9  9 10    328
JUN  10 10 10 10 10 10 10  9  9  9  9  9  9  9  9  9  9  9  8  8  8  8  8  8  7  7  7  7  6  6       257
JUL   6  6  5  5  5  5  5  4  4  4  4  4  4  4  3  3  3  3  3  3  3  3  3  3  3  3  3  3  3  3  3    116
AUG   3  3  3  3  3  3  3  3  3  3  3  3  3  3  4  4  4  4  4  4  4  4  5  5  5  5  5  5  5  6  6    121
SEP   6  6  6  7  7  7  7  7  7  8  8  8  8  8  9  9  9  9  9 10 10 10 10 10 10 11 11 11 11 12       261
OCT  12 12 12 12 13 13 13 14 14 15 15 15 16 16 17 17 18 18 19 20 20 21 21 22 23 24 24 25 26 27 27    561
NOV  28 29 30 31 31 32 33 33 34 34 35 35 36 36 36 37 37 37 37 37 37 37 38 38 37 37 37 37 37 37      1050
DEC  36 36 36 36 35 35 35 35 34 34 34 34 34 34 33 33 33 33 33 33 33 33 32 32 32 32 32 32 32 32 32   1040
                                                                                                        
