-------------------------------------------------------------------------------------------------       
 1971-2000 Daily/Monthly Station Normals                                                                
 Provided by National Climatic Data Center/NESDIS/NOAA                                                  
-------------------------------------------------------------------------------------------------       
 Station COOP ID:                           358812                                                      
 Station Name, State, Division, Call:       VALLEY FALLS                       OR 07                    
 Latitude, Longitude, Elevation, Elements:  42 29 04 -120 16 56  4325 XN                                
-------------------------------------------------------------------------------------------------       
 Minimum Temperature (deg F [tenths deg F for monthly])                                                 
 DAY  1  2  3  4  5  6  7  8  9 10 11 12 13 14 15 16 17 18 19 20 21 22 23 24 25 26 27 28 29 30 31  MONTH
-------------------------------------------------------------------------------------------------       
JAN  20 20 20 21 21 21 21 21 22 22 22 22 22 23 23 23 23 23 23 23 24 24 24 24 24 24 24 25 25 25 25    227
FEB  25 25 25 25 26 26 26 26 26 26 26 26 26 26 26 26 26 26 26 26 26 26 26 26 26 26 27 26             259
MAR  26 26 26 26 26 26 26 26 27 27 27 27 27 27 27 27 27 27 27 27 27 27 28 28 28 28 28 28 28 29 29    271
APR  29 29 29 29 29 30 30 30 30 30 31 31 31 31 31 32 32 32 32 32 33 33 33 33 33 34 34 34 34 34       315
MAY  35 35 35 35 36 36 36 36 36 37 37 37 37 37 38 38 38 38 38 39 39 39 39 39 40 40 40 40 40 41 41    378
JUN  41 41 41 42 42 42 42 42 42 43 43 43 43 43 43 44 44 44 44 44 44 45 45 45 45 45 45 46 46 46       435
JUL  46 46 46 47 47 47 47 47 47 47 47 47 48 48 48 48 48 48 48 48 48 48 48 48 48 48 48 48 48 48 48    475
AUG  48 48 48 48 48 47 47 47 47 47 47 47 47 47 46 46 46 46 46 45 45 45 45 45 44 44 44 44 44 43 43    459
SEP  43 42 42 42 42 41 41 41 41 41 40 40 40 40 39 39 39 39 39 39 38 38 38 38 38 37 37 37 37 37       395
OCT  37 37 36 36 36 36 36 36 36 35 35 35 35 35 34 34 34 34 34 33 33 33 33 33 32 32 32 32 31 31 31    341
NOV  31 30 30 30 30 29 29 29 29 28 28 28 28 27 27 27 26 26 26 26 25 25 24 24 24 23 23 23 22 22       266
DEC  22 21 21 21 20 20 20 20 19 19 19 19 19 19 19 19 18 18 18 18 18 19 19 19 19 19 19 19 19 19 20    193
                                                                                                        
-------------------------------------------------------------------------------------------------       
 Maximum Temperature (deg F [tenths deg F for monthly])                                                 
 DAY  1  2  3  4  5  6  7  8  9 10 11 12 13 14 15 16 17 18 19 20 21 22 23 24 25 26 27 28 29 30 31  MONTH
-------------------------------------------------------------------------------------------------       
JAN  41 41 41 41 41 41 41 41 41 41 41 41 41 41 41 41 41 41 41 42 42 42 42 42 42 42 42 42 43 43 43    415
FEB  43 43 43 43 43 44 44 44 44 44 45 45 45 45 45 45 46 46 46 46 47 47 47 47 47 48 48 48             453
MAR  48 49 49 49 49 50 50 50 50 50 51 51 51 51 51 52 52 52 52 52 52 53 53 53 53 53 53 53 53 54 54    514
APR  54 54 54 54 54 55 55 55 55 55 55 56 56 56 56 56 57 57 57 57 58 58 58 59 59 59 59 60 60 60       566
MAY  61 61 61 62 62 62 63 63 63 64 64 64 65 65 66 66 66 66 67 67 67 68 68 68 69 69 69 70 70 70 71    657
JUN  71 71 72 72 72 73 73 73 74 74 74 75 75 75 76 76 77 77 77 78 78 78 79 79 79 80 80 80 81 81       760
JUL  82 82 82 83 83 83 84 84 84 84 85 85 85 85 85 86 86 86 86 86 86 86 86 86 86 86 86 86 86 86 86    849
AUG  86 86 86 86 86 86 86 86 85 85 85 85 85 84 84 84 84 84 83 83 83 82 82 82 82 81 81 81 80 80 79    836
SEP  79 79 78 78 77 77 77 76 76 76 75 75 75 74 74 74 73 73 72 72 72 71 71 71 71 70 70 70 69 69       738
OCT  69 68 68 68 67 67 67 66 66 66 65 65 65 64 64 63 63 62 62 62 61 61 60 60 59 59 58 58 57 57 56    630
NOV  56 55 55 54 54 53 53 52 52 51 51 50 50 50 49 49 48 48 48 47 47 47 47 46 46 46 46 45 45 45       495
DEC  45 44 44 44 44 44 44 43 43 43 43 43 43 43 42 42 42 42 42 42 42 42 42 42 41 41 41 41 41 41 41    425
                                                                                                        
-------------------------------------------------------------------------------------------------       
 Average Temperature (deg F [tenths deg F for monthly])                                                 
 DAY  1  2  3  4  5  6  7  8  9 10 11 12 13 14 15 16 17 18 19 20 21 22 23 24 25 26 27 28 29 30 31  MONTH
-------------------------------------------------------------------------------------------------       
JAN  30 31 31 31 31 31 31 31 31 31 32 32 32 32 32 32 32 32 32 32 33 33 33 33 33 33 33 33 34 34 34    321
FEB  34 34 34 34 34 35 35 35 35 35 35 35 35 36 36 36 36 36 36 36 36 37 37 37 37 37 37 37             356
MAR  37 37 38 38 38 38 38 38 38 39 39 39 39 39 39 39 39 40 40 40 40 40 40 40 40 41 41 41 41 41 41    393
APR  41 42 42 42 42 42 42 43 43 43 43 43 43 44 44 44 44 44 45 45 45 45 46 46 46 46 47 47 47 47       441
MAY  48 48 48 49 49 49 49 50 50 50 50 51 51 51 52 52 52 52 53 53 53 53 54 54 54 54 55 55 55 56 56    518
JUN  56 56 57 57 57 57 58 58 58 58 59 59 59 59 60 60 60 60 61 61 61 61 62 62 62 63 63 63 63 64       598
JUL  64 64 64 65 65 65 65 65 66 66 66 66 66 66 67 67 67 67 67 67 67 67 67 67 67 67 67 67 67 67 67    662
AUG  67 67 67 67 67 67 66 66 66 66 66 66 66 66 65 65 65 65 65 64 64 64 64 63 63 63 62 62 62 62 61    648
SEP  61 61 60 60 60 59 59 59 58 58 58 58 57 57 57 56 56 56 56 55 55 55 55 54 54 54 54 53 53 53       567
OCT  53 53 52 52 52 52 51 51 51 51 50 50 50 49 49 49 48 48 48 48 47 47 47 46 46 45 45 45 44 44 44    486
NOV  43 43 42 42 42 41 41 41 40 40 40 39 39 38 38 38 37 37 37 37 36 36 36 35 35 35 34 34 34 33       381
DEC  33 33 33 32 32 32 32 32 31 31 31 31 31 31 31 31 30 30 30 30 30 30 30 30 30 30 30 30 30 30 31    309
                                                                                                        
-------------------------------------------------------------------------------------------------       
 Heating Degree Days                                                                                    
 DAY  1  2  3  4  5  6  7  8  9 10 11 12 13 14 15 16 17 18 19 20 21 22 23 24 25 26 27 28 29 30 31  MONTH
-------------------------------------------------------------------------------------------------       
JAN  35 34 34 34 34 34 34 34 34 34 33 33 33 33 33 33 33 33 33 33 32 32 32 32 32 32 32 32 31 31 31   1020
FEB  31 31 31 31 31 30 30 30 30 30 30 30 30 29 29 29 29 29 29 29 29 29 28 28 28 28 28 28             824
MAR  28 28 27 27 27 27 27 27 27 27 26 26 26 26 26 26 26 26 25 25 25 25 25 25 25 25 24 24 24 24 24    800
APR  24 23 23 23 23 23 23 23 22 22 22 22 22 21 21 21 21 21 20 20 20 20 19 19 19 19 19 18 18 18       629
MAY  17 17 17 17 16 16 16 16 15 15 15 15 14 14 14 14 13 13 13 13 12 12 12 11 11 11 11 10 10 10 10    420
JUN   9  9  9  9  8  8  8  8  8  7  7  7  7  7  6  6  6  6  6  5  5  5  5  5  5  5  4  4  4  4       192
JUL   4  4  4  4  4  3  3  3  3  3  3  3  3  3  3  3  3  2  2  2  2  2  2  2  2  2  2  2  2  2  2     84
AUG   2  2  2  1  1  2  2  2  2  2  2  2  2  2  2  2  2  2  2  3  3  3  3  3  4  4  4  4  4  5  5     81
SEP   5  6  6  6  6  7  7  7  7  8  8  8  8  9  9  9  9  9 10 10 10 10 11 11 11 11 12 12 12 12       266
OCT  12 13 13 13 13 14 14 14 14 15 15 15 15 16 16 16 17 17 17 17 18 18 18 19 19 20 20 20 21 21 21    511
NOV  22 22 23 23 23 24 24 24 25 25 26 26 26 27 27 27 28 28 28 29 29 29 29 30 30 30 31 31 31 32       809
DEC  32 32 32 33 33 33 33 33 34 34 34 34 34 34 34 35 35 35 35 35 35 35 35 35 35 35 35 35 35 35 34   1058
                                                                                                        
-------------------------------------------------------------------------------------------------       
 Cooling Degree Days                                                                                    
 DAY  1  2  3  4  5  6  7  8  9 10 11 12 13 14 15 16 17 18 19 20 21 22 23 24 25 26 27 28 29 30 31  MONTH
-------------------------------------------------------------------------------------------------       
JAN   0  0  0  0  0  0  0  0  0  0  0  0  0  0  0  0  0  0  0  0  0  0  0  0  0  0  0  0  0  0  0      0
FEB   0  0  0  0  0  0  0  0  0  0  0  0  0  0  0  0  0  0  0  0  0  0  0  0  0  0  0  0               0
MAR   0  0  0  0  0  0  0  0  0  0  0  0  0  0  0  0  0  0  0  0  0  0  0  0  0  0  0  0  0  0  0      0
APR   0  0  0  0  0  0  0  0  0  0  0  0  0  0  0  0  0  0  0  0  0  0  0  0  0  0  0  0  0  0         0
MAY   0  0  0  0  0  0  0  0  0  0  0  0  0  0  0  0  0  0  0  0  0  0-99-99-99-99-99-99-99-99  0      8
JUN   0  0  0  0  0  0  0  0  1  1  1  1  1  1  1  1  1  1  1  1  1  2  2  2  2  2  2  2  3  3        33
JUL   3  3  3  3  4  4  4  4  4  4  4  4  4  4  4  4  4  4  4  5  4  4  4  4  4  4  4  4  4  4  4    121
AUG   4  4  3  3  3  3  3  3  3  3  3  3  3  2  2  2  2  2  2  2  2  2  2  2  2  2  1  1  1  1  1     72
SEP   1  1  1  1  1  1  1  1  1  1  1  1  1  1  1  0  0  0  0  0  0  0  0  0  0  0  0  0  0  0        15
OCT -99  0  0  0  0  0  0  0  0  0  0  0  0  0  0  0  0  0  0  0  0  0  0  0  0  0  0  0  0  0  0      1
NOV   0  0  0  0  0  0  0  0  0  0  0  0  0  0  0  0  0  0  0  0  0  0  0  0  0  0  0  0  0  0         0
DEC   0  0  0  0  0  0  0  0  0  0  0  0  0  0  0  0  0  0  0  0  0  0  0  0  0  0  0  0  0  0  0      0
                                                                                                        
