-------------------------------------------------------------------------------------------------       
 1971-2000 Daily/Monthly Station Normals                                                                
 Provided by National Climatic Data Center/NESDIS/NOAA                                                  
-------------------------------------------------------------------------------------------------       
 Station COOP ID:                           353908                                                      
 Station Name, State, Division, Call:       HILLSBORO                          OR 02                    
 Latitude, Longitude, Elevation, Elements:  45 30 52 -122 59 22   160 XNP                               
-------------------------------------------------------------------------------------------------       
 Minimum Temperature (deg F [tenths deg F for monthly])                                                 
 DAY  1  2  3  4  5  6  7  8  9 10 11 12 13 14 15 16 17 18 19 20 21 22 23 24 25 26 27 28 29 30 31  MONTH
-------------------------------------------------------------------------------------------------       
JAN  35 35 35 35 35 35 35 35 35 35 35 35 35 35 35 35 35 35 35 35 35 35 35 35 35 35 35 35 36 36 36    351
FEB  36 36 36 36 36 36 36 36 36 36 36 36 37 37 37 37 37 37 37 37 37 37 37 37 38 38 38 38             367
MAR  38 38 38 38 38 39 39 39 39 39 39 39 39 39 39 39 39 40 40 40 40 40 40 40 40 40 40 40 40 40 40    393
APR  40 40 41 41 41 41 41 41 41 41 41 41 41 41 42 42 42 42 42 42 42 42 43 43 43 43 43 43 44 44       418
MAY  44 44 44 44 44 45 45 45 45 45 46 46 46 46 46 46 47 47 47 47 47 47 48 48 48 48 48 48 49 49 49    464
JUN  49 49 49 50 50 50 50 50 50 51 51 51 51 51 51 52 52 52 52 52 52 52 53 53 53 53 53 53 53 54       514
JUL  54 54 54 54 54 54 54 54 54 55 55 55 55 55 55 55 55 55 55 55 55 55 55 55 55 55 55 55 55 55 55    547
AUG  55 55 55 55 55 55 55 55 55 55 54 54 54 54 54 54 54 54 54 54 54 53 53 53 53 53 53 53 52 52 52    539
SEP  52 52 52 52 51 51 51 51 51 50 50 50 50 50 50 49 49 49 49 48 48 48 48 48 47 47 47 47 46 46       493
OCT  46 46 45 45 45 45 45 44 44 44 44 44 43 43 43 43 43 42 42 42 42 42 42 42 41 41 41 41 41 41 41    430
NOV  41 41 41 41 40 40 40 40 40 40 40 40 40 39 39 39 39 39 39 39 39 38 38 38 38 38 38 38 37 37       392
DEC  37 37 37 37 37 36 36 36 36 36 36 36 36 36 35 35 35 35 35 35 35 35 35 35 35 35 35 35 35 35 35    356
                                                                                                        
-------------------------------------------------------------------------------------------------       
 Maximum Temperature (deg F [tenths deg F for monthly])                                                 
 DAY  1  2  3  4  5  6  7  8  9 10 11 12 13 14 15 16 17 18 19 20 21 22 23 24 25 26 27 28 29 30 31  MONTH
-------------------------------------------------------------------------------------------------       
JAN  45 45 45 45 45 45 45 45 45 45 45 45 45 45 45 46 46 46 46 46 46 46 46 47 47 47 47 47 47 47 48    458
FEB  48 48 48 48 49 49 49 49 49 50 50 50 50 50 51 51 51 51 51 52 52 52 52 52 53 53 53 53             505
MAR  53 54 54 54 54 54 55 55 55 55 55 56 56 56 56 56 57 57 57 57 57 57 58 58 58 58 58 58 59 59 59    563
APR  59 59 59 60 60 60 60 60 60 61 61 61 61 61 62 62 62 62 62 62 63 63 63 63 64 64 64 64 64 65       617
MAY  65 65 65 66 66 66 66 66 67 67 67 67 68 68 68 68 68 68 69 69 69 69 69 69 70 70 70 70 70 70 70    679
JUN  71 71 71 71 71 71 71 72 72 72 72 72 73 73 73 73 74 74 74 74 74 75 75 75 76 76 76 76 77 77       734
JUL  77 78 78 78 78 79 79 79 79 80 80 80 80 80 81 81 81 81 81 81 81 82 82 82 82 82 82 82 82 82 82    804
AUG  82 82 82 82 82 82 82 82 82 82 81 81 81 81 81 81 81 81 81 81 81 81 81 81 80 80 80 80 80 80 80    811
SEP  80 79 79 79 79 79 79 78 78 78 78 78 77 77 77 77 76 76 76 75 75 75 74 74 74 73 73 72 72 72       763
OCT  71 71 70 70 70 69 69 68 68 67 67 66 66 66 65 65 64 64 63 63 63 62 62 61 61 60 60 59 59 59 58    647
NOV  58 57 57 56 56 56 55 55 54 54 54 53 53 52 52 52 52 51 51 51 50 50 50 49 49 49 49 48 48 48       523
DEC  48 47 47 47 47 47 47 46 46 46 46 46 46 46 45 45 45 45 45 45 45 45 45 45 45 45 45 45 45 45 45    457
                                                                                                        
-------------------------------------------------------------------------------------------------       
 Average Temperature (deg F [tenths deg F for monthly])                                                 
 DAY  1  2  3  4  5  6  7  8  9 10 11 12 13 14 15 16 17 18 19 20 21 22 23 24 25 26 27 28 29 30 31  MONTH
-------------------------------------------------------------------------------------------------       
JAN  40 40 40 40 40 40 40 40 40 40 40 40 40 40 40 40 40 40 41 41 41 41 41 41 41 41 41 41 41 42 42    405
FEB  42 42 42 42 42 42 43 43 43 43 43 43 43 44 44 44 44 44 44 44 44 45 45 45 45 45 45 46             436
MAR  46 46 46 46 46 46 47 47 47 47 47 47 47 48 48 48 48 48 48 48 49 49 49 49 49 49 49 49 49 50 50    478
APR  50 50 50 50 50 50 51 51 51 51 51 51 51 51 52 52 52 52 52 52 53 53 53 53 53 53 54 54 54 54       518
MAY  54 55 55 55 55 55 56 56 56 56 56 57 57 57 57 57 57 58 58 58 58 58 58 59 59 59 59 59 59 60 60    572
JUN  60 60 60 60 60 61 61 61 61 61 62 62 62 62 62 62 63 63 63 63 63 64 64 64 64 64 65 65 65 65       624
JUL  65 66 66 66 66 67 67 67 67 67 67 67 68 68 68 68 68 68 68 68 68 68 68 68 68 69 69 69 69 69 69    676
AUG  69 68 68 68 68 68 68 68 68 68 68 68 68 68 68 68 68 68 67 67 67 67 67 67 67 67 67 66 66 66 66    675
SEP  66 66 66 65 65 65 65 65 64 64 64 64 64 63 63 63 63 62 62 62 62 61 61 61 60 60 60 60 59 59       628
OCT  59 58 58 58 57 57 57 56 56 56 55 55 55 54 54 54 53 53 53 53 52 52 52 51 51 51 51 50 50 50 50    539
NOV  49 49 49 48 48 48 48 47 47 47 47 47 46 46 46 46 45 45 45 45 45 44 44 44 44 43 43 43 43 43       458
DEC  42 42 42 42 42 42 42 41 41 41 41 41 41 41 40 40 40 40 40 40 40 40 40 40 40 40 40 40 40 40 40    407
                                                                                                        
-------------------------------------------------------------------------------------------------       
 Heating Degree Days                                                                                    
 DAY  1  2  3  4  5  6  7  8  9 10 11 12 13 14 15 16 17 18 19 20 21 22 23 24 25 26 27 28 29 30 31  MONTH
-------------------------------------------------------------------------------------------------       
JAN  25 25 25 25 25 25 25 25 25 25 25 25 25 25 25 25 25 25 25 24 24 24 24 24 24 24 24 24 24 23 23    761
FEB  23 23 23 23 23 23 22 22 22 22 22 22 22 22 21 21 21 21 21 21 21 20 20 20 20 20 20 19             600
MAR  19 19 19 19 19 19 18 18 18 18 18 18 18 17 17 17 17 17 17 17 17 16 16 16 16 16 16 16 16 15 15    534
APR  15 15 15 15 15 15 15 14 14 14 14 14 14 14 13 13 13 13 13 13 13 12 12 12 12 12 11 11 11 11       398
MAY  11 11 10 10 10 10 10  9  9  9  9  9  9  8  8  8  8  8  8  7  7  7  7  7  7  6  6  6  6  6  6    252
JUN   6  5  5  5  5  5  5  5  4  4  4  4  4  4  4  4  4  3  3  3  3  3  3  3  3  3  3  2  2  2       113
JUL   2  2  2  2  2  2  2  2  2  2  1  1  1  1  1  1  1  1  1  1  1  1  1  1  1  1  1  1  1  1  1     41
AUG   1  1  1  1  1  1  1  1  1  1  1  1  1  1  1  1  1  1  1  1  1  1  1  1  2  2  2  2  2  2  2     38
SEP   2  2  2  2  2  2  2  2  3  3  3  3  3  3  3  4  4  4  4  4  5  5  5  5  5  6  6  6  6  7       113
OCT   7  7  8  8  8  8  9  9  9 10 10 10 10 11 11 11 11 12 12 12 13 13 13 13 14 14 14 15 15 15 15    347
NOV  16 16 16 17 17 17 17 18 18 18 18 19 19 19 19 20 20 20 20 20 21 21 21 21 21 22 22 22 22 22       579
DEC  23 23 23 23 23 24 24 24 24 24 24 24 24 24 25 25 25 25 25 25 25 25 25 25 25 25 25 25 25 25 25    756
                                                                                                        
-------------------------------------------------------------------------------------------------       
 Cooling Degree Days                                                                                    
 DAY  1  2  3  4  5  6  7  8  9 10 11 12 13 14 15 16 17 18 19 20 21 22 23 24 25 26 27 28 29 30 31  MONTH
-------------------------------------------------------------------------------------------------       
JAN   0  0  0  0  0  0  0  0  0  0  0  0  0  0  0  0  0  0  0  0  0  0  0  0  0  0  0  0  0  0  0      0
FEB   0  0  0  0  0  0  0  0  0  0  0  0  0  0  0  0  0  0  0  0  0  0  0  0  0  0  0  0               0
MAR   0  0  0  0  0  0  0  0  0  0  0  0  0  0  0  0  0  0  0  0  0  0  0  0  0  0  0  0  0  0  0      0
APR   0  0  0  0  0  0  0  0  0  0  0  0  0  0  0  0  0  0  0  0  0  0  0  0  0  0  0  0  0  0         0
MAY   0  0  0  0  0  0  0  0  0  0  0  0  0  0  0  0  0  0  0  0  0  0-99-99-99-99-99-99-99-99-99      9
JUN   0  0  0  0  0  1  1  1  1  1  1  1  1  1  1  1  1  1  1  1  1  2  2  2  2  2  2  2  2  2        34
JUL   3  3  3  3  3  3  3  4  4  4  4  4  4  4  4  4  4  4  4  4  4  4  4  4  4  4  4  5  4  4  4    118
AUG   4  4  4  4  4  4  4  4  4  4  4  4  4  4  4  4  4  4  4  4  4  4  3  3  3  3  3  3  3  3  3    115
SEP   3  3  2  2  2  2  2  2  2  2  2  2  2  2  2  1  1  1  1  1  1  1  1  1  1  1  1  1  1  1        47
OCT   0  0  0  0  0  0  0  0  0  0  0  0  0  0  0  0  0  0  0  0  0  0  0  0  0  0  0  0  0  0  0      0
NOV   0  0  0  0  0  0  0  0  0  0  0  0  0  0  0  0  0  0  0  0  0  0  0  0  0  0  0  0  0  0         0
DEC   0  0  0  0  0  0  0  0  0  0  0  0  0  0  0  0  0  0  0  0  0  0  0  0  0  0  0  0  0  0  0      0
                                                                                                        
-------------------------------------------------------------------------------------------------       
 Total  Precipitation (Hundreths of an Inch)                                                            
 DAY  1  2  3  4  5  6  7  8  9 10 11 12 13 14 15 16 17 18 19 20 21 22 23 24 25 26 27 28 29 30 31  MONTH
-------------------------------------------------------------------------------------------------       
JAN  19 19 19 19 19 19 19 19 19 19 19 19 19 19 19 19 19 19 18 18 18 18 18 18 18 18 18 18 18 18 18    576
FEB  18 18 18 18 18 18 18 18 17 17 17 17 17 17 17 17 17 17 16 16 16 16 16 16 16 16 15 15             472
MAR  15 15 15 15 14 14 14 14 14 14 13 13 13 13 13 13 13 12 12 12 12 12 12 11 11 11 11 11 11 10 10    393
APR  10 10 10 10  9  9  9  9  9  9  9  8  8  8  8  8  8  8  8  8  8  7  7  7  7  7  7  7  7  7       246
MAY   7  7  7  7  6  6  6  6  6  6  6  6  6  6  6  6  6  6  6  6  6  6  6  6  6  6  6  6  6  6  6    190
JUN   6  6  6  6  6  6  6  6  5  5  5  5  5  5  5  5  5  5  5  5  5  4  4  4  4  4  4  4  3  3       147
JUL   3  3  3  3  3  2  2  2  2  2  2  2  2  2  2  2  2  2  2  1  1  1  1  1  1  1  2  2  2  2  2     60
AUG   2  2  2  2  2  2  2  2  2  2  2  3  3  3  3  3  3  3  3  3  3  3  3  4  4  4  4  4  4  4  4     90
SEP   4  4  4  4  5  5  5  5  5  5  5  5  5  5  5  5  5  5  5  5  5  6  6  6  6  6  6  6  6  6       155
OCT   6  6  6  6  6  6  6  6  6  6  7  7  7  7  8  8  8  8  9  9  9 10 10 11 11 12 12 13 13 14 14    267
NOV  15 15 16 16 17 17 18 18 18 19 19 19 20 20 20 21 21 21 21 21 21 21 22 22 22 22 22 22 22 22       590
DEC  22 21 21 21 21 21 21 21 21 21 21 21 21 21 20 20 20 20 20 20 20 20 20 20 20 20 20 20 20 19 19    633
                                                                                                        
