-------------------------------------------------------------------------------------------------       
 1971-2000 Daily/Monthly Station Normals                                                                
 Provided by National Climatic Data Center/NESDIS/NOAA                                                  
-------------------------------------------------------------------------------------------------       
 Station COOP ID:                           359461                                                      
 Station Name, State, Division, Call:       WINCHESTER                         OR 03                    
 Latitude, Longitude, Elevation, Elements:  43 17 07 -123 21 20   460 XNP                               
-------------------------------------------------------------------------------------------------       
 Minimum Temperature (deg F [tenths deg F for monthly])                                                 
 DAY  1  2  3  4  5  6  7  8  9 10 11 12 13 14 15 16 17 18 19 20 21 22 23 24 25 26 27 28 29 30 31  MONTH
-------------------------------------------------------------------------------------------------       
JAN  34 34 33 33 33 33 33 34 34 34 34 34 34 34 34 34 34 34 34 34 34 34 34 34 34 34 34 34 34 35 35    339
FEB  35 35 35 35 35 35 35 35 36 36 36 36 36 36 36 36 36 36 36 36 36 36 36 36 36 36 37 37             358
MAR  36 37 37 37 37 37 37 37 37 37 37 37 37 37 37 37 37 37 37 37 37 38 38 38 38 38 38 38 38 38 38    373
APR  38 38 39 39 39 39 39 39 39 39 39 39 40 40 40 40 40 40 40 40 40 41 41 41 41 41 41 41 42 42       399
MAY  42 42 42 42 43 43 43 43 43 43 44 44 44 44 44 44 45 45 45 45 45 46 46 46 46 46 46 47 47 47 47    445
JUN  47 48 48 48 48 48 49 49 49 49 49 50 50 50 50 50 50 51 51 51 51 51 51 52 52 52 52 52 52 53       501
JUL  53 53 53 53 53 53 53 54 54 54 54 54 54 54 54 54 54 54 55 55 55 55 55 55 55 55 55 55 55 55 55    542
AUG  55 55 55 55 55 54 54 54 54 54 54 54 54 54 54 54 53 53 53 53 53 53 53 53 52 52 52 52 52 51 51    534
SEP  51 51 51 51 50 50 50 50 50 49 49 49 49 49 48 48 48 48 48 47 47 47 47 47 46 46 46 46 46 45       483
OCT  45 45 45 45 44 44 44 44 44 44 43 43 43 43 43 43 42 42 42 42 42 42 42 41 41 41 41 41 41 41 41    427
NOV  40 40 40 40 40 40 40 40 40 39 39 39 39 39 39 39 38 38 38 38 38 38 38 37 37 37 37 37 37 37       386
DEC  36 36 36 36 36 35 35 35 35 35 35 35 35 35 34 34 34 34 34 34 34 34 34 34 34 34 34 34 34 34 34    346
                                                                                                        
-------------------------------------------------------------------------------------------------       
 Maximum Temperature (deg F [tenths deg F for monthly])                                                 
 DAY  1  2  3  4  5  6  7  8  9 10 11 12 13 14 15 16 17 18 19 20 21 22 23 24 25 26 27 28 29 30 31  MONTH
-------------------------------------------------------------------------------------------------       
JAN  46 46 46 46 46 46 46 46 46 47 47 47 47 47 47 47 47 47 48 48 48 48 48 48 49 49 49 49 49 49 50    474
FEB  50 50 50 51 51 51 51 51 51 52 52 52 52 52 53 53 53 53 53 53 54 54 54 54 54 54 54 55             524
MAR  55 55 55 55 55 55 56 56 56 56 56 56 56 57 57 57 57 57 57 57 58 58 58 58 58 58 59 59 59 59 59    569
APR  59 59 60 60 60 60 60 60 61 61 61 61 61 62 62 62 62 62 62 63 63 63 63 64 64 64 64 64 65 65       619
MAY  65 65 66 66 66 66 66 67 67 67 67 67 68 68 68 68 68 69 69 69 69 69 70 70 70 70 70 71 71 71 71    682
JUN  71 71 72 72 72 72 72 72 73 73 73 73 74 74 74 74 74 75 75 75 76 76 76 76 77 77 77 77 78 78       743
JUL  78 79 79 79 80 80 80 80 80 81 81 81 81 82 82 82 82 82 82 82 83 83 83 83 83 83 83 83 83 83 83    815
AUG  83 83 83 83 83 83 83 83 83 83 83 83 83 83 83 83 83 83 82 82 82 82 82 82 82 81 81 81 81 81 81    824
SEP  80 80 80 80 79 79 79 79 78 78 78 78 77 77 77 77 76 76 76 76 75 75 75 74 74 74 73 73 73 72       766
OCT  72 72 72 71 71 70 70 70 69 69 69 68 68 67 67 67 66 66 65 65 64 64 63 63 62 62 62 61 61 60 59    663
NOV  59 58 58 57 57 56 56 56 55 55 54 54 54 53 53 52 52 52 51 51 51 51 50 50 50 49 49 49 49 49       530
DEC  48 48 48 48 48 48 48 47 47 47 47 47 47 47 47 47 46 46 46 46 46 46 46 46 46 46 46 46 46 46 46    467
                                                                                                        
-------------------------------------------------------------------------------------------------       
 Average Temperature (deg F [tenths deg F for monthly])                                                 
 DAY  1  2  3  4  5  6  7  8  9 10 11 12 13 14 15 16 17 18 19 20 21 22 23 24 25 26 27 28 29 30 31  MONTH
-------------------------------------------------------------------------------------------------       
JAN  40 40 40 40 40 40 40 40 40 40 40 40 40 40 40 41 41 41 41 41 41 41 41 41 41 42 42 42 42 42 42    407
FEB  42 43 43 43 43 43 43 43 44 44 44 44 44 44 44 44 44 45 45 45 45 45 45 45 45 45 45 46             441
MAR  46 46 46 46 46 46 46 46 46 46 47 47 47 47 47 47 47 47 47 47 48 48 48 48 48 48 48 48 48 49 49    471
APR  49 49 49 49 49 49 50 50 50 50 50 50 50 51 51 51 51 51 51 52 52 52 52 52 52 53 53 53 53 53       509
MAY  54 54 54 54 54 54 55 55 55 55 55 56 56 56 56 56 57 57 57 57 57 58 58 58 58 58 58 59 59 59 59    564
JUN  59 60 60 60 60 60 60 61 61 61 61 61 62 62 62 62 62 63 63 63 63 64 64 64 64 64 65 65 65 65       622
JUL  66 66 66 66 66 67 67 67 67 67 68 68 68 68 68 68 68 68 68 69 69 69 69 69 69 69 69 69 69 69 69    679
AUG  69 69 69 69 69 69 69 69 69 69 69 68 68 68 68 68 68 68 68 68 68 67 67 67 67 67 67 66 66 66 66    679
SEP  66 65 65 65 65 65 64 64 64 64 64 63 63 63 63 62 62 62 62 62 61 61 61 61 60 60 60 60 59 59       625
OCT  59 58 58 58 58 57 57 57 57 56 56 56 55 55 55 55 54 54 54 53 53 53 52 52 52 52 51 51 51 50 50    545
NOV  50 49 49 49 48 48 48 48 47 47 47 47 46 46 46 45 45 45 45 45 44 44 44 44 43 43 43 43 43 43       458
DEC  42 42 42 42 42 42 41 41 41 41 41 41 41 41 41 41 40 40 40 40 40 40 40 40 40 40 40 40 40 40 40    407
                                                                                                        
-------------------------------------------------------------------------------------------------       
 Heating Degree Days                                                                                    
 DAY  1  2  3  4  5  6  7  8  9 10 11 12 13 14 15 16 17 18 19 20 21 22 23 24 25 26 27 28 29 30 31  MONTH
-------------------------------------------------------------------------------------------------       
JAN  25 25 25 25 25 25 25 25 25 25 25 25 25 25 25 25 24 24 24 24 24 24 24 24 24 24 23 23 23 23 23    755
FEB  23 22 22 22 22 22 22 22 21 21 21 21 21 21 21 21 21 20 20 20 20 20 20 20 20 20 20 19             585
MAR  19 19 19 19 19 19 19 19 19 19 18 18 18 18 18 18 18 18 18 18 17 17 17 17 17 17 17 17 17 16 16    555
APR  16 16 16 16 16 16 15 15 15 15 15 15 15 14 14 14 14 14 14 13 13 13 13 13 13 12 12 12 12 12       423
MAY  12 11 11 11 11 11 10 10 10 10 10 10  9  9  9  9  9  8  8  8  8  8  8  7  7  7  7  7  7  6  6    274
JUN   6  6  6  5  5  5  5  5  5  5  4  4  4  4  4  4  4  3  3  3  3  3  3  3  3  3  2  2  2  2       116
JUL   2  2  2  2  2  2  2  1  1  1  1  1  1  1  1  1  1  1  1  1  1  1  1  1  1  0  0  0  0  0  0     32
AUG   0  0  0  0  0  0  0  0  0  0  0  1  1  1  1  1  1  1  1  1  1  1  1  1  1  1  1  2  2  2  2     24
SEP   2  2  2  2  3  3  3  3  3  3  3  3  4  4  4  4  4  4  5  5  5  5  5  6  6  6  6  6  6  7       124
OCT   7  7  7  7  8  8  8  8  9  9  9  9 10 10 10 10 11 11 11 11 12 12 12 13 13 13 14 14 14 15 15    327
NOV  15 16 16 16 16 17 17 17 18 18 18 19 19 19 19 20 20 20 20 20 21 21 21 21 22 22 22 22 22 22       576
DEC  23 23 23 23 23 23 24 24 24 24 24 24 24 24 24 25 25 25 25 25 25 25 25 25 25 25 25 25 25 25 25    754
                                                                                                        
-------------------------------------------------------------------------------------------------       
 Cooling Degree Days                                                                                    
 DAY  1  2  3  4  5  6  7  8  9 10 11 12 13 14 15 16 17 18 19 20 21 22 23 24 25 26 27 28 29 30 31  MONTH
-------------------------------------------------------------------------------------------------       
JAN   0  0  0  0  0  0  0  0  0  0  0  0  0  0  0  0  0  0  0  0  0  0  0  0  0  0  0  0  0  0  0      0
FEB   0  0  0  0  0  0  0  0  0  0  0  0  0  0  0  0  0  0  0  0  0  0  0  0  0  0  0  0               0
MAR   0  0  0  0  0  0  0  0  0  0  0  0  0  0  0  0  0  0  0  0  0  0  0  0  0  0  0  0  0  0  0      0
APR   0  0  0  0  0  0  0  0  0  0  0  0  0  0  0  0  0  0  0  0  0  0  0  0  0  0  0  0  0  0         0
MAY   0  0  0  0  0  0  0  0  0  0  0  0  0  0  0  0  0  0  0  0  0  0  0  0  0-99-99-99-99-99-99      6
JUN   0  0  0  0  0  0  0  0  1  1  1  1  1  1  1  1  1  1  1  1  1  2  2  2  2  2  2  2  2  3        32
JUL   3  3  3  3  3  3  3  4  4  4  4  4  4  4  4  4  4  4  4  4  4  4  4  4  5  5  5  5  4  4  4    121
AUG   4  4  4  4  4  4  4  4  4  4  4  4  4  4  4  4  4  4  4  4  3  3  3  3  3  3  3  3  3  3  3    113
SEP   3  3  2  2  2  2  2  2  2  2  2  2  2  2  2  1  1  1  1  1  1  1  1  1  1  1  1  1  1  1        47
OCT   1  0  0  0  0  0  0  0  0  0  0  0  0  0  0  0  0  0  0  0  0  0  0  0  0  0  0  0  0  0  0      1
NOV   0  0  0  0  0  0  0  0  0  0  0  0  0  0  0  0  0  0  0  0  0  0  0  0  0  0  0  0  0  0         0
DEC   0  0  0  0  0  0  0  0  0  0  0  0  0  0  0  0  0  0  0  0  0  0  0  0  0  0  0  0  0  0  0      0
                                                                                                        
-------------------------------------------------------------------------------------------------       
 Total  Precipitation (Hundreths of an Inch)                                                            
 DAY  1  2  3  4  5  6  7  8  9 10 11 12 13 14 15 16 17 18 19 20 21 22 23 24 25 26 27 28 29 30 31  MONTH
-------------------------------------------------------------------------------------------------       
JAN  17 17 17 17 17 17 17 17 17 17 17 17 17 17 17 17 17 16 16 16 16 16 16 16 16 16 16 16 16 16 17    514
FEB  16 17 17 17 17 17 16 16 16 16 16 16 16 16 16 16 16 16 16 16 16 16 15 15 15 15 15 15             447
MAR  15 14 14 14 14 14 14 14 14 13 13 13 13 13 13 13 13 13 12 12 12 12 12 12 12 12 12 12 11 11 11    397
APR  11 11 11 11 11 11 11 11 11 10 10 10 10 10 10 10 10 10  9  9  9  9  9  9  9  9  9  8  8  8       294
MAY   8  8  8  8  7  7  7  7  7  7  7  7  6  6  6  6  6  6  6  6  6  6  5  5  5  5  5  5  5  5  5    193
JUN   5  4  4  4  4  4  4  4  4  4  4  4  4  3  3  3  3  3  3  3  3  3  3  3  2  2  2  2  2  2        98
JUL   2  2  2  2  2  2  2  2  2  1  1  1  1  1  1  1  1  1  1  1  1  1  1  1  1  1  1  1  1  1  1     40
AUG   1  1  1  1  1  2  2  2  2  2  2  2  2  2  2  2  2  2  2  2  2  2  2  3  3  3  3  3  3  3  3     65
SEP   3  3  3  3  3  3  4  4  4  4  4  4  4  4  4  4  4  4  4  4  4  4  4  4  4  4  4  4  4  4       114
OCT   4  4  5  5  5  5  5  5  5  5  6  6  6  6  7  7  7  8  8  8  9  9 10 10 11 11 12 12 13 13 14    241
NOV  15 15 16 16 17 17 18 18 19 19 19 20 20 20 21 21 21 21 21 21 21 22 22 22 22 21 21 21 21 21       589
DEC  21 21 21 20 20 20 20 20 20 19 19 19 19 19 19 19 18 18 18 18 18 18 18 18 18 18 17 17 17 17 17    581
                                                                                                        
