-------------------------------------------------------------------------------------------------       
 1971-2000 Daily/Monthly Station Normals                                                                
 Provided by National Climatic Data Center/NESDIS/NOAA                                                  
-------------------------------------------------------------------------------------------------       
 Station COOP ID:                           315340                                                      
 Station Name, State, Division, Call:       MARION 2 NW                        NC 01                    
 Latitude, Longitude, Elevation, Elements:  35 39 47 -082 01 45  1466 XNP                               
-------------------------------------------------------------------------------------------------       
 Minimum Temperature (deg F [tenths deg F for monthly])                                                 
 DAY  1  2  3  4  5  6  7  8  9 10 11 12 13 14 15 16 17 18 19 20 21 22 23 24 25 26 27 28 29 30 31  MONTH
-------------------------------------------------------------------------------------------------       
JAN  26 26 26 26 26 25 25 25 25 25 25 25 25 25 25 25 25 25 25 25 25 26 26 26 26 26 26 26 26 26 26    255
FEB  26 26 26 26 27 27 27 27 27 27 27 28 28 28 28 28 28 29 29 29 29 30 30 30 30 31 31 31             282
MAR  31 32 32 32 33 33 33 33 34 34 34 35 35 35 35 36 36 36 36 37 37 37 38 38 38 38 39 39 39 39 40    356
APR  40 40 40 41 41 41 42 42 42 42 43 43 43 44 44 44 44 45 45 45 46 46 46 46 47 47 47 48 48 48       440
MAY  48 49 49 49 50 50 50 51 51 51 51 52 52 52 53 53 53 54 54 54 54 55 55 55 56 56 56 56 57 57 57    529
JUN  58 58 58 58 59 59 59 59 60 60 60 60 61 61 61 61 62 62 62 62 62 63 63 63 63 63 64 64 64 64       611
JUL  64 64 64 65 65 65 65 65 65 65 65 65 66 66 66 66 66 66 66 66 66 66 66 66 66 66 66 66 66 66 66    655
AUG  66 66 66 65 65 65 65 65 65 65 65 65 65 65 65 64 64 64 64 64 64 64 64 63 63 63 63 63 63 63 62    643
SEP  62 62 62 62 62 61 61 61 61 60 60 60 60 59 59 59 58 58 57 57 57 56 56 55 55 55 54 54 53 53       583
OCT  52 51 51 50 50 49 49 49 48 48 47 47 46 46 46 45 45 44 44 44 43 43 43 42 42 42 41 41 41 41 40    455
NOV  40 40 40 39 39 39 39 38 38 38 37 37 37 37 36 36 36 35 35 35 35 34 34 34 33 33 33 32 32 32       361
DEC  31 31 31 31 30 30 30 29 29 29 29 29 28 28 28 28 27 27 27 27 27 27 27 26 26 26 26 26 26 26 26    280
                                                                                                        
-------------------------------------------------------------------------------------------------       
 Maximum Temperature (deg F [tenths deg F for monthly])                                                 
 DAY  1  2  3  4  5  6  7  8  9 10 11 12 13 14 15 16 17 18 19 20 21 22 23 24 25 26 27 28 29 30 31  MONTH
-------------------------------------------------------------------------------------------------       
JAN  48 48 48 48 47 47 47 47 47 47 47 47 47 47 47 47 47 48 48 48 48 48 48 48 48 48 48 49 49 49 49    477
FEB  49 49 50 50 50 50 50 51 51 51 51 51 52 52 52 52 53 53 53 53 54 54 54 55 55 55 56 56             522
MAR  56 57 57 57 58 58 58 59 59 59 59 60 60 60 61 61 61 62 62 62 62 63 63 63 64 64 64 64 65 65 65    609
APR  65 66 66 66 67 67 67 67 68 68 68 68 69 69 69 69 70 70 70 70 71 71 71 72 72 72 72 73 73 73       693
MAY  73 74 74 74 74 75 75 75 75 76 76 76 76 76 77 77 77 77 78 78 78 78 79 79 79 79 79 80 80 80 80    769
JUN  80 81 81 81 81 81 82 82 82 82 82 83 83 83 83 83 83 84 84 84 84 84 84 85 85 85 85 85 85 86       831
JUL  86 86 86 86 86 86 86 86 86 87 87 87 87 87 87 87 87 87 87 87 87 87 87 87 87 87 87 87 87 87 87    867
AUG  87 86 86 86 86 86 86 86 86 86 86 85 85 85 85 85 85 85 84 84 84 84 84 84 83 83 83 83 83 83 82    847
SEP  82 82 82 82 81 81 81 81 80 80 80 80 80 79 79 79 78 78 78 78 77 77 77 76 76 76 76 75 75 75       787
OCT  74 74 73 73 73 73 72 72 72 71 71 71 70 70 70 69 69 69 68 68 68 67 67 67 67 66 66 66 65 65 65    694
NOV  65 64 64 64 63 63 63 62 62 62 61 61 61 61 60 60 60 59 59 58 58 58 57 57 57 56 56 56 55 55       599
DEC  55 54 54 54 53 53 53 52 52 52 51 51 51 51 50 50 50 50 49 49 49 49 49 49 48 48 48 48 48 48 48    505
                                                                                                        
-------------------------------------------------------------------------------------------------       
 Average Temperature (deg F [tenths deg F for monthly])                                                 
 DAY  1  2  3  4  5  6  7  8  9 10 11 12 13 14 15 16 17 18 19 20 21 22 23 24 25 26 27 28 29 30 31  MONTH
-------------------------------------------------------------------------------------------------       
JAN  37 37 37 37 37 36 36 36 36 36 36 36 36 36 36 36 36 36 37 37 37 37 37 37 37 37 37 37 37 37 38    366
FEB  38 38 38 38 38 38 38 39 39 39 39 39 40 40 40 40 41 41 41 41 42 42 42 42 43 43 43 44             402
MAR  44 44 44 45 45 45 46 46 46 47 47 47 47 48 48 48 49 49 49 50 50 50 50 51 51 51 51 52 52 52 53    483
APR  53 53 53 54 54 54 54 55 55 55 55 56 56 56 57 57 57 57 58 58 58 58 59 59 59 60 60 60 60 61       567
MAY  61 61 61 62 62 62 63 63 63 63 64 64 64 64 65 65 65 65 66 66 66 66 67 67 67 68 68 68 68 69 69    649
JUN  69 69 69 70 70 70 70 71 71 71 71 72 72 72 72 72 73 73 73 73 73 73 74 74 74 74 74 74 75 75       721
JUL  75 75 75 75 76 76 76 76 76 76 76 76 76 76 76 76 76 76 77 77 77 77 77 77 77 76 76 76 76 76 76    761
AUG  76 76 76 76 76 76 76 76 75 75 75 75 75 75 75 75 74 74 74 74 74 74 74 74 73 73 73 73 73 73 72    745
SEP  72 72 72 72 71 71 71 71 71 70 70 70 70 69 69 69 68 68 68 67 67 67 66 66 66 65 65 64 64 64       685
OCT  63 63 62 62 61 61 61 60 60 60 59 59 58 58 58 57 57 57 56 56 56 55 55 55 54 54 54 53 53 53 53    575
NOV  52 52 52 52 51 51 51 50 50 50 49 49 49 49 48 48 48 47 47 47 46 46 46 45 45 45 44 44 44 43       480
DEC  43 43 42 42 42 41 41 41 41 40 40 40 40 39 39 39 39 39 38 38 38 38 38 38 37 37 37 37 37 37 37    393
                                                                                                        
-------------------------------------------------------------------------------------------------       
 Heating Degree Days                                                                                    
 DAY  1  2  3  4  5  6  7  8  9 10 11 12 13 14 15 16 17 18 19 20 21 22 23 24 25 26 27 28 29 30 31  MONTH
-------------------------------------------------------------------------------------------------       
JAN  28 28 28 28 29 29 29 29 29 29 29 29 29 29 29 29 29 29 28 28 28 28 28 28 28 28 28 28 28 28 27    881
FEB  27 27 27 27 27 27 26 26 26 26 26 26 25 25 25 25 24 24 24 24 23 23 23 23 22 22 22 22             694
MAR  21 21 21 20 20 20 19 19 19 18 18 18 18 17 17 17 16 16 16 16 15 15 15 14 14 14 14 13 13 13 13    520
APR  12 12 12 11 11 11 11 10 10 10 10  9  9  9  9  8  8  8  8  7  7  7  7  7  6  6  6  6  5  5       257
MAY   5  5  5  4  4  4  4  4  4  3  3  3  3  3  3  2  2  2  2  2  2  2  2  2  1  1  1  1  1  1  1     82
JUN   1  1  1  1  1  1  1  1  1  1  0  0  0  0  0  0  0  0  0  0  0  0  0  0  0  0  0  0  0  0        10
JUL   0  0  0  0  0  0  0  0  0  0  0  0  0  0  0  0  0  0  0  0  0  0  0  0  0  0  0  0  0  0  0      0
AUG   0  0  0  0  0  0  0-99  0  0  0  0  0  0  0  0  0  0  0  0  0  0  0  0  0  0  0  0  0  0  0      1
SEP   0  0  0  0  0  0  0  0  0  0  0  0  0  0  0  0  1  1  1  1  1  1  2  2  2  2  3  3  3  3        26
OCT   4  4  4  5  5  5  6  6  6  6  7  7  7  8  8  8  8  9  9  9 10 10 10 10 11 11 11 12 12 12 12    252
NOV  13 13 13 14 14 14 14 15 15 15 16 16 16 16 17 17 17 18 18 18 19 19 19 20 20 20 21 21 21 22       511
DEC  22 22 23 23 23 24 24 24 24 25 25 25 25 26 26 26 26 27 27 27 27 27 27 28 28 28 28 28 28 28 28    799
                                                                                                        
-------------------------------------------------------------------------------------------------       
 Cooling Degree Days                                                                                    
 DAY  1  2  3  4  5  6  7  8  9 10 11 12 13 14 15 16 17 18 19 20 21 22 23 24 25 26 27 28 29 30 31  MONTH
-------------------------------------------------------------------------------------------------       
JAN   0  0  0  0  0  0  0  0  0  0  0  0  0  0  0  0  0  0  0  0  0  0  0  0  0  0  0  0  0  0  0      0
FEB   0  0  0  0  0  0  0  0  0  0  0  0  0  0  0  0  0  0  0  0  0  0  0  0  0  0  0  0               0
MAR   0  0  0  0  0  0  0  0  0  0  0  0  0  0  0  0  0  0  0  0  0  0  0  0  0  0  0  0  0  0  0      0
APR   0  0  0  0  0  0  0  0  0  0  0  0  0  0  0  0  0  0  0  0  0  0  0  1  1  1  1  1  1  1         7
MAY   1  1  1  1  1  1  1  1  2  2  2  2  2  2  2  2  2  3  3  3  3  3  3  4  4  4  4  4  4  5  5     78
JUN   5  5  5  5  6  6  6  6  6  6  7  7  7  7  7  8  8  8  8  8  8  9  9  9  9  9  9  9 10 10       222
JUL  10 10 10 10 10 11 11 11 11 11 11 11 11 11 11 11 11 11 12 12 12 12 12 12 12 12 11 11 11 11 11    344
AUG  11 11 11 11 11 11 11 11 11 10 10 10 10 10 10 10 10  9  9  9  9  9  9  8  8  8  8  8  8  7  7    295
SEP   7  7  7  6  6  6  6  6  5  5  5  5  5  5  4  4  4  4  4  3  3  3  3  3  3  3  2  2  2  2       130
OCT   2  2  2  1  1  1  1  1  1  1  1  1  1  1  0  0  0  0  0  0  0  0  0  0  0  0  0  0  0  0  0     17
NOV   0  0  0  0  0  0  0  0  0  0  0  0  0  0  0  0  0  0  0  0  0  0  0  0  0  0  0  0  0  0         0
DEC   0  0  0  0  0  0  0  0  0  0  0  0  0  0  0  0  0  0  0  0  0  0  0  0  0  0  0  0  0  0  0      0
                                                                                                        
-------------------------------------------------------------------------------------------------       
 Total  Precipitation (Hundreths of an Inch)                                                            
 DAY  1  2  3  4  5  6  7  8  9 10 11 12 13 14 15 16 17 18 19 20 21 22 23 24 25 26 27 28 29 30 31  MONTH
-------------------------------------------------------------------------------------------------       
JAN  13 13 13 13 13 13 13 13 13 13 13 13 13 13 13 13 14 14 14 14 14 14 14 14 14 14 14 14 14 14 14    418
FEB  14 14 14 15 15 15 15 15 15 15 15 15 15 15 15 16 16 16 16 16 16 16 17 17 17 17 17 17             436
MAR  18 18 18 18 18 18 18 18 18 19 19 19 19 19 19 19 19 18 18 18 18 18 18 18 18 17 17 17 17 17 16    559
APR  16 16 16 16 15 15 15 15 15 15 14 14 14 14 14 14 14 14 14 14 14 14 15 15 15 15 15 15 15 16       443
MAY  16 16 16 16 16 17 17 17 17 17 17 17 17 17 18 18 18 18 18 18 18 18 18 18 18 18 17 17 17 17 17    534
JUN  17 17 17 17 17 16 16 16 16 16 16 16 16 16 16 15 15 15 15 15 15 15 15 15 15 15 15 15 14 14       468
JUL  14 14 14 14 14 14 14 14 14 14 14 14 14 14 14 14 14 14 14 14 14 14 13 13 13 13 13 13 13 13 13    425
AUG  13 13 13 13 14 14 14 14 14 14 14 14 14 14 14 14 14 14 14 14 14 14 14 14 14 14 14 14 15 15 15    433
SEP  15 15 15 15 15 15 15 15 15 15 15 15 15 15 15 15 15 15 15 15 15 15 15 15 14 14 14 14 14 14       444
OCT  14 14 14 14 14 13 13 13 13 13 13 13 13 13 13 13 13 13 13 13 13 13 13 13 13 13 14 14 14 14 14    413
NOV  14 14 14 14 14 14 14 15 15 15 15 15 15 15 15 15 15 15 15 15 15 15 14 14 14 14 14 14 14 14       435
DEC  14 14 14 13 13 13 13 13 13 13 13 13 13 13 13 12 12 12 12 12 12 12 12 12 12 12 12 12 13 13 13    393
                                                                                                        
