-------------------------------------------------------------------------------------------------       
 1971-2000 Daily/Monthly Station Normals                                                                
 Provided by National Climatic Data Center/NESDIS/NOAA                                                  
-------------------------------------------------------------------------------------------------       
 Station COOP ID:                           315303                                                      
 Station Name, State, Division, Call:       MANTEO AP                          NC 08                    
 Latitude, Longitude, Elevation, Elements:  35 55 00 -075 42 00    13 XNP                               
-------------------------------------------------------------------------------------------------       
 Minimum Temperature (deg F [tenths deg F for monthly])                                                 
 DAY  1  2  3  4  5  6  7  8  9 10 11 12 13 14 15 16 17 18 19 20 21 22 23 24 25 26 27 28 29 30 31  MONTH
-------------------------------------------------------------------------------------------------       
JAN  37 37 37 37 36 36 36 36 36 36 36 36 36 36 36 36 36 36 35 35 35 35 35 35 35 35 35 35 36 36 36    358
FEB  36 36 36 36 36 36 36 36 36 36 36 36 37 37 37 37 37 37 37 38 38 38 38 38 38 39 39 39             370
MAR  39 40 40 40 40 41 41 41 41 41 42 42 42 42 43 43 43 43 44 44 44 44 45 45 45 46 46 46 46 47 47    430
APR  47 48 48 48 48 49 49 49 49 50 50 50 51 51 51 51 52 52 52 52 53 53 53 53 54 54 54 55 55 55       512
MAY  55 56 56 56 56 57 57 57 57 58 58 58 59 59 59 59 60 60 60 61 61 61 62 62 62 62 63 63 63 64 64    595
JUN  64 65 65 65 66 66 66 67 67 67 67 68 68 68 68 69 69 69 69 69 70 70 70 70 70 70 71 71 71 71       682
JUL  71 71 71 72 72 72 72 72 72 72 72 72 72 72 72 72 72 73 73 73 73 73 73 73 73 73 73 73 73 72 72    723
AUG  73 72 72 72 72 72 72 72 72 72 72 72 72 72 72 72 72 72 71 71 71 71 71 71 71 71 71 71 71 71 71    716
SEP  70 70 70 70 70 70 70 70 69 69 69 69 68 68 68 68 67 67 67 67 66 66 66 65 65 64 64 64 63 63       674
OCT  62 62 62 61 61 60 60 59 59 59 58 58 58 57 57 57 56 56 56 55 55 55 54 54 54 53 53 53 53 52 52    568
NOV  52 52 51 51 51 51 50 50 50 50 49 49 49 49 48 48 48 47 47 47 47 46 46 46 46 45 45 45 44 44       481
DEC  44 43 43 43 43 42 42 42 41 41 41 41 40 40 40 40 40 39 39 39 39 39 38 38 38 38 38 38 37 37 37    400
                                                                                                        
-------------------------------------------------------------------------------------------------       
 Maximum Temperature (deg F [tenths deg F for monthly])                                                 
 DAY  1  2  3  4  5  6  7  8  9 10 11 12 13 14 15 16 17 18 19 20 21 22 23 24 25 26 27 28 29 30 31  MONTH
-------------------------------------------------------------------------------------------------       
JAN  52 52 52 52 52 52 52 52 52 52 51 51 51 51 51 51 51 51 51 51 51 51 51 51 51 51 52 52 52 52 52    515
FEB  52 52 52 52 52 52 52 53 53 53 53 53 53 53 53 54 54 54 54 54 55 55 55 55 55 56 56 56             536
MAR  56 56 57 57 57 57 58 58 58 58 59 59 59 59 60 60 60 60 61 61 61 62 62 62 62 63 63 63 64 64 64    600
APR  65 65 65 66 66 66 66 67 67 67 68 68 68 68 69 69 69 70 70 70 70 70 71 71 71 71 72 72 72 72       687
MAY  72 73 73 73 73 74 74 74 74 74 75 75 75 75 76 76 76 76 76 77 77 77 77 78 78 78 78 79 79 79 79    758
JUN  79 80 80 80 80 81 81 81 81 81 82 82 82 82 83 83 83 83 83 83 84 84 84 84 84 85 85 85 85 85       825
JUL  85 85 85 86 86 86 86 86 86 86 86 86 86 87 87 87 87 87 87 87 87 87 87 87 87 87 87 87 86 86 86    864
AUG  86 86 86 86 86 86 86 86 86 86 86 86 85 85 85 85 85 85 85 85 85 85 84 84 84 84 84 84 84 84 84    851
SEP  84 83 83 83 83 83 83 82 82 82 82 82 81 81 81 81 81 80 80 80 79 79 79 79 78 78 78 77 77 77       806
OCT  76 76 75 75 75 74 74 74 73 73 73 72 72 72 72 71 71 71 70 70 70 70 69 69 69 68 68 68 68 68 67    714
NOV  67 67 67 66 66 66 66 65 65 65 65 64 64 64 64 63 63 63 63 62 62 62 61 61 61 61 60 60 60 59       634
DEC  59 59 58 58 58 58 57 57 57 56 56 56 56 56 55 55 55 55 54 54 54 54 54 53 53 53 53 53 53 53 52    553
                                                                                                        
-------------------------------------------------------------------------------------------------       
 Average Temperature (deg F [tenths deg F for monthly])                                                 
 DAY  1  2  3  4  5  6  7  8  9 10 11 12 13 14 15 16 17 18 19 20 21 22 23 24 25 26 27 28 29 30 31  MONTH
-------------------------------------------------------------------------------------------------       
JAN  45 45 44 44 44 44 44 44 44 44 44 44 44 44 44 43 43 43 43 43 43 43 43 43 43 43 44 44 44 44 44    437
FEB  44 44 44 44 44 44 44 44 44 45 45 45 45 45 45 45 45 46 46 46 46 46 46 47 47 47 47 48             453
MAR  48 48 48 48 49 49 49 49 50 50 50 50 51 51 51 51 52 52 52 52 53 53 53 54 54 54 54 55 55 55 56    515
APR  56 56 57 57 57 57 58 58 58 59 59 59 59 60 60 60 60 61 61 61 62 62 62 62 63 63 63 63 63 64       600
MAY  64 64 64 65 65 65 65 66 66 66 66 67 67 67 67 68 68 68 68 69 69 69 70 70 70 70 71 71 71 71 72    677
JUN  72 72 73 73 73 73 74 74 74 74 75 75 75 75 75 76 76 76 76 76 77 77 77 77 77 78 78 78 78 78       754
JUL  78 78 78 79 79 79 79 79 79 79 79 79 79 79 80 80 80 80 80 80 80 80 80 80 80 80 80 80 80 79 79    794
AUG  80 79 79 79 79 79 79 79 79 79 79 79 79 79 79 78 78 78 78 78 78 78 78 78 78 78 78 77 77 77 77    784
SEP  77 77 77 77 76 76 76 76 76 76 75 75 75 75 74 74 74 74 73 73 73 73 72 72 72 71 71 70 70 70       740
OCT  69 69 68 68 68 67 67 67 66 66 66 65 65 64 64 64 64 63 63 63 62 62 62 62 61 61 61 60 60 60 60    641
NOV  60 59 59 59 59 58 58 58 58 57 57 57 57 56 56 56 55 55 55 55 54 54 54 53 53 53 53 52 52 52       558
DEC  51 51 51 51 50 50 50 49 49 49 49 48 48 48 48 48 47 47 47 47 46 46 46 46 46 46 45 45 45 45 45    477
                                                                                                        
-------------------------------------------------------------------------------------------------       
 Heating Degree Days                                                                                    
 DAY  1  2  3  4  5  6  7  8  9 10 11 12 13 14 15 16 17 18 19 20 21 22 23 24 25 26 27 28 29 30 31  MONTH
-------------------------------------------------------------------------------------------------       
JAN  20 20 21 21 21 21 21 21 21 21 21 21 21 21 21 22 22 22 22 22 22 22 22 22 22 22 22 21 21 21 21    661
FEB  21 21 21 21 21 21 21 21 21 21 20 20 20 20 20 20 20 19 19 19 19 19 18 18 18 18 18 17             552
MAR  17 17 17 17 16 16 16 16 15 15 15 15 14 14 14 14 13 13 13 13 12 12 12 11 11 11 11 10 10 10  9    419
APR   9  9  9  8  8  8  8  7  7  7  7  6  6  6  6  5  5  5  5  5  4  4  4  4  4  3  3  3  3  3       171
MAY   3  3  2  2  2  2  2  2  2  1  1  1  1  1  1  1  1  1  1  1  1  1  0  0  0  0  0  0  0  0  0     33
JUN -99  0  0  0  0  0  0  0  0  0  0  0  0  0  0  0  0  0  0  0  0  0  0  0  0  0  0  0  0  0         1
JUL   0  0  0  0  0  0  0  0  0  0  0  0  0  0  0  0  0  0  0  0  0  0  0  0  0  0  0  0  0  0  0      0
AUG   0  0  0  0  0  0  0  0  0  0  0  0  0  0  0  0  0  0  0  0  0  0  0  0  0  0  0  0  0  0  0      0
SEP   0  0  0  0  0  0  0  0  0  0  0  0  0  0  0  0  0  0  0  0  0  0  0  0  0  0  0  0  1  1         2
OCT   1  1  2  2  2  2  2  2  2  3  3  3  3  3  3  3  4  4  4  4  4  5  5  5  5  5  6  6  6  6  6    112
NOV   7  7  7  7  7  8  8  8  8  9  9  9  9  9 10 10 10 10 11 11 11 12 12 12 12 13 13 13 13 14       299
DEC  14 14 14 15 15 15 16 16 16 16 16 17 17 17 17 18 18 18 18 18 19 19 19 19 19 19 20 20 20 20 20    539
                                                                                                        
-------------------------------------------------------------------------------------------------       
 Cooling Degree Days                                                                                    
 DAY  1  2  3  4  5  6  7  8  9 10 11 12 13 14 15 16 17 18 19 20 21 22 23 24 25 26 27 28 29 30 31  MONTH
-------------------------------------------------------------------------------------------------       
JAN   0  0  0  0  0  0  0  0  0  0  0  0  0  0  0  0  0  0  0  0  0  0  0  0  0  0  0  0  0  0  0      0
FEB   0  0  0  0  0  0  0  0  0  0  0  0  0  0  0  0  0  0  0  0  0  0  0  0  0  0  0  0               0
MAR   0  0  0  0  0  0  0  0  0  0  0  0  0  0  0  0  0  0  0  0  0  0  0  0  0  0  0  0  0  0-99      1
APR   0  0  0  0  0  0  0  0  0  0  0  0  1  1  1  1  1  1  1  1  1  1  1  1  1  1  1  1  1  2        19
MAY   1  2  2  2  2  2  2  2  2  2  3  3  3  3  3  3  4  4  4  4  4  5  5  5  5  6  6  6  6  7  7    115
JUN   7  7  8  8  8  8  9  9  9  9 10 10 10 10 10 11 11 11 11 11 12 12 12 12 12 12 13 13 13 13       311
JUL  13 13 13 13 14 14 14 14 14 14 14 14 14 14 14 14 15 15 15 15 15 15 15 15 15 15 15 15 15 15 15    445
AUG  15 15 14 14 14 14 14 14 14 14 14 14 14 14 14 14 13 13 13 13 13 13 13 13 13 12 12 12 12 12 12    415
SEP  12 12 11 11 11 11 11 11 10 10 10 10 10  9  9  9  9  9  8  8  8  8  8  7  7  7  7  6  6  6       271
OCT   6  5  5  5  5  4  4  4  4  3  3  3  3  3  3  2  2  2  2  2  2  2  2  1  1  1  1  1  1  1  1     84
NOV   1  1  1  1  1  1  1  1  1  1  1  1  1  1  1  1  1  1  1  1  1  0  0  0  0  0  0  0  0  0        21
DEC -99  0  0  0  0  0  0  0  0  0  0  0  0  0  0  0  0  0  0  0  0  0  0  0  0  0  0  0  0  0  0      1
                                                                                                        
-------------------------------------------------------------------------------------------------       
 Total  Precipitation (Hundreths of an Inch)                                                            
 DAY  1  2  3  4  5  6  7  8  9 10 11 12 13 14 15 16 17 18 19 20 21 22 23 24 25 26 27 28 29 30 31  MONTH
-------------------------------------------------------------------------------------------------       
JAN  14 15 15 15 15 15 15 15 16 16 16 16 16 16 16 16 16 16 16 15 15 15 15 15 15 14 14 14 14 13 13    467
FEB  13 12 12 12 12 11 11 11 11 11 11 11 11 11 11 11 11 11 11 11 11 11 12 12 12 12 13 13             322
MAR  13 14 14 14 14 15 15 15 15 15 16 16 16 16 16 16 16 16 16 16 15 15 15 15 15 15 14 14 14 13 13    462
APR  13 12 12 12 11 11 11 11 10 10 10 10 10 10 10 10 10  9  9 10 10 10 10 10 10 10 10 10 11 11       313
MAY  11 11 11 12 12 12 12 13 13 13 13 13 13 14 14 14 14 14 14 14 14 15 15 15 15 15 15 15 15 15 15    421
JUN  15 15 15 16 16 16 16 16 16 16 16 16 16 16 16 16 16 16 16 16 16 16 16 16 16 16 16 16 16 16       477
JUL  16 16 16 16 16 16 17 17 17 17 17 17 17 17 17 17 17 17 17 17 17 17 17 17 17 17 17 18 18 18 18    525
AUG  18 18 18 18 18 18 18 18 18 18 18 18 19 19 19 19 19 19 18 18 18 18 18 18 18 18 18 18 18 18 18    564
SEP  18 18 18 18 17 17 17 17 17 17 17 17 17 17 17 16 16 16 16 16 16 16 16 16 15 15 15 15 15 15       493
OCT  15 15 15 14 14 14 14 14 14 14 14 14 13 13 13 13 13 13 13 13 13 13 13 12 12 12 12 12 12 12 12    410
NOV  12 12 12 12 12 12 12 12 12 12 11 11 11 11 11 11 11 11 11 11 11 11 11 11 11 11 11 11 11 11       340
DEC  11 11 11 11 11 11 11 11 11 11 11 11 11 11 11 11 12 12 12 12 12 12 12 13 13 13 13 13 14 14 14    367
                                                                                                        
