-------------------------------------------------------------------------------------------------       
 1971-2000 Daily/Monthly Station Normals                                                                
 Provided by National Climatic Data Center/NESDIS/NOAA                                                  
-------------------------------------------------------------------------------------------------       
 Station COOP ID:                           318158                                                      
 Station Name, State, Division, Call:       SPARTA 2 SE                        NC 02                    
 Latitude, Longitude, Elevation, Elements:  36 28 55 -081 05 35  3005   P                               
-------------------------------------------------------------------------------------------------       
 Total  Precipitation (Hundreths of an Inch)                                                            
 DAY  1  2  3  4  5  6  7  8  9 10 11 12 13 14 15 16 17 18 19 20 21 22 23 24 25 26 27 28 29 30 31  MONTH
-------------------------------------------------------------------------------------------------       
JAN  11 12 12 12 12 12 13 13 13 13 13 13 13 13 14 14 14 14 14 14 14 14 14 14 14 14 14 14 14 13 13    411
FEB  13 13 13 13 13 13 13 13 13 13 13 13 13 13 13 13 13 14 14 14 14 14 15 15 15 15 16 16             383
MAR  16 16 17 17 17 17 18 18 18 18 18 18 18 18 18 19 19 19 19 19 19 18 18 18 18 18 18 18 18 18 17    555
APR  17 17 17 17 16 16 16 16 16 16 16 16 16 16 15 15 15 15 15 16 16 16 16 16 16 16 16 16 16 17       480
MAY  17 17 17 17 17 18 18 18 18 18 18 18 18 18 18 18 18 18 18 18 18 18 18 17 17 17 17 17 17 16 16    543
JUN  16 16 16 15 15 15 15 15 15 14 14 14 14 14 14 14 14 14 14 14 14 14 14 14 14 14 14 14 14 14       432
JUL  14 14 14 14 15 15 15 15 15 15 15 15 15 15 15 15 15 15 15 15 15 15 14 14 14 14 14 14 14 14 14    452
AUG  13 13 13 13 13 13 13 13 13 13 13 13 13 13 13 13 13 13 13 13 13 13 13 13 13 13 13 14 14 14 14    407
SEP  14 15 15 15 15 15 15 15 15 15 15 15 16 16 16 16 16 15 15 15 15 15 15 15 15 15 15 15 14 14       452
OCT  14 14 14 14 13 13 13 13 13 13 13 13 13 13 13 13 13 13 13 13 13 13 14 14 14 14 14 14 15 15 15    419
NOV  15 16 16 16 16 16 16 16 17 17 17 17 17 17 17 17 17 16 16 16 16 16 16 15 15 15 15 14 14 14       478
DEC  13 13 13 12 12 12 12 11 11 11 11 11 11 10 10 10 10 10 10 10 10 10 10 10 10 11 11 11 11 11 11    339
                                                                                                        
