-------------------------------------------------------------------------------------------------       
 1971-2000 Daily/Monthly Station Normals                                                                
 Provided by National Climatic Data Center/NESDIS/NOAA                                                  
-------------------------------------------------------------------------------------------------       
 Station COOP ID:                           319081                                                      
 Station Name, State, Division, Call:       WARSAW 5 E                         NC 06                    
 Latitude, Longitude, Elevation, Elements:  35 00 00 -078 02 00   110 XNP                               
-------------------------------------------------------------------------------------------------       
 Minimum Temperature (deg F [tenths deg F for monthly])                                                 
 DAY  1  2  3  4  5  6  7  8  9 10 11 12 13 14 15 16 17 18 19 20 21 22 23 24 25 26 27 28 29 30 31  MONTH
-------------------------------------------------------------------------------------------------       
JAN  33 33 33 33 33 32 32 32 32 32 32 32 32 32 32 32 32 32 32 32 32 32 32 32 33 33 33 33 33 33 33    324
FEB  33 33 33 33 33 33 34 34 34 34 34 34 34 35 35 35 35 35 35 35 36 36 36 36 36 37 37 37             347
MAR  37 38 38 38 38 38 39 39 39 39 40 40 40 40 40 41 41 41 41 42 42 42 42 43 43 43 43 43 44 44 44    407
APR  44 45 45 45 45 46 46 46 46 46 47 47 47 47 48 48 48 48 49 49 49 49 50 50 50 50 51 51 51 51       478
MAY  52 52 52 52 53 53 53 54 54 54 54 55 55 55 56 56 56 56 57 57 57 58 58 58 59 59 59 59 60 60 60    559
JUN  61 61 61 62 62 62 63 63 63 64 64 64 64 65 65 65 65 66 66 66 66 66 67 67 67 67 68 68 68 68       648
JUL  68 68 69 69 69 69 69 69 69 69 69 70 70 70 70 70 70 70 70 70 70 70 70 70 70 70 70 70 70 69 69    695
AUG  69 69 69 69 69 69 69 69 69 69 68 68 68 68 68 68 68 68 68 68 68 67 67 67 67 67 67 67 67 67 67    680
SEP  67 66 66 66 66 66 66 65 65 65 65 64 64 64 64 63 63 62 62 62 61 61 60 60 59 59 58 58 57 57       627
OCT  56 56 55 55 54 54 53 53 52 52 51 51 50 50 50 49 49 49 48 48 48 47 47 47 47 46 46 46 46 46 46    499
NOV  45 45 45 45 45 45 44 44 44 44 44 43 43 43 43 42 42 42 42 42 41 41 41 40 40 40 40 39 39 39       424
DEC  38 38 38 38 37 37 37 36 36 36 36 36 35 35 35 35 34 34 34 34 34 34 34 33 33 33 33 33 33 33 33    350
                                                                                                        
-------------------------------------------------------------------------------------------------       
 Maximum Temperature (deg F [tenths deg F for monthly])                                                 
 DAY  1  2  3  4  5  6  7  8  9 10 11 12 13 14 15 16 17 18 19 20 21 22 23 24 25 26 27 28 29 30 31  MONTH
-------------------------------------------------------------------------------------------------       
JAN  55 55 55 55 54 54 54 54 54 54 54 54 54 54 54 54 54 54 54 54 54 54 54 55 55 55 55 55 55 55 55    544
FEB  55 55 55 56 56 56 56 56 56 57 57 57 57 57 58 58 58 58 59 59 59 59 60 60 60 60 61 61             577
MAR  61 62 62 62 63 63 63 64 64 64 65 65 65 66 66 66 66 67 67 67 68 68 68 68 69 69 69 69 70 70 70    660
APR  70 71 71 71 71 72 72 72 72 73 73 73 73 74 74 74 74 75 75 75 75 76 76 76 76 77 77 77 77 78       740
MAY  78 78 78 79 79 79 79 79 80 80 80 80 81 81 81 81 82 82 82 82 82 83 83 83 83 84 84 84 84 84 85    813
JUN  85 85 85 85 86 86 86 86 86 87 87 87 87 87 87 88 88 88 88 88 88 89 89 89 89 89 89 89 89 90       874
JUL  90 90 90 90 90 90 90 90 90 90 90 91 91 91 91 91 91 91 91 91 91 91 91 91 91 91 91 91 91 91 90    906
AUG  91 90 90 90 90 90 90 90 90 90 90 90 90 90 89 89 89 89 89 89 89 89 89 88 88 88 88 88 88 88 87    892
SEP  87 87 87 87 87 86 86 86 86 86 85 85 85 85 85 84 84 84 83 83 83 83 82 82 82 81 81 81 80 80       841
OCT  80 79 79 78 78 78 77 77 77 76 76 76 76 75 75 75 74 74 74 73 73 73 73 72 72 72 72 72 71 71 71    748
NOV  71 70 70 70 70 69 69 69 69 68 68 68 68 67 67 67 66 66 66 66 65 65 65 64 64 64 63 63 62 62       667
DEC  62 61 61 61 60 60 60 59 59 59 58 58 58 58 57 57 57 57 56 56 56 56 56 56 55 55 55 55 55 55 55    575
                                                                                                        
-------------------------------------------------------------------------------------------------       
 Average Temperature (deg F [tenths deg F for monthly])                                                 
 DAY  1  2  3  4  5  6  7  8  9 10 11 12 13 14 15 16 17 18 19 20 21 22 23 24 25 26 27 28 29 30 31  MONTH
-------------------------------------------------------------------------------------------------       
JAN  44 44 44 44 43 43 43 43 43 43 43 43 43 43 43 43 43 43 43 43 43 43 43 44 44 44 44 44 44 44 44    434
FEB  44 44 44 44 45 45 45 45 45 45 45 46 46 46 46 46 46 47 47 47 47 48 48 48 48 49 49 49             462
MAR  49 50 50 50 51 51 51 51 52 52 52 52 53 53 53 53 54 54 54 55 55 55 55 55 56 56 56 56 57 57 57    534
APR  57 58 58 58 58 59 59 59 59 60 60 60 60 61 61 61 61 62 62 62 62 62 63 63 63 63 64 64 64 64       609
MAY  65 65 65 65 66 66 66 67 67 67 67 68 68 68 68 69 69 69 69 70 70 70 70 71 71 71 71 72 72 72 73    686
JUN  73 73 73 74 74 74 74 75 75 75 75 75 76 76 76 76 77 77 77 77 77 77 78 78 78 78 78 79 79 79       761
JUL  79 79 79 79 80 80 80 80 80 80 80 80 80 80 80 80 80 81 81 81 81 81 81 81 80 80 80 80 80 80 80    801
AUG  80 80 80 80 80 80 80 79 79 79 79 79 79 79 79 79 79 78 78 78 78 78 78 78 78 78 77 77 77 77 77    786
SEP  77 77 77 76 76 76 76 76 75 75 75 75 75 74 74 74 73 73 73 72 72 72 71 71 71 70 70 69 69 68       734
OCT  68 67 67 67 66 66 65 65 65 64 64 63 63 63 62 62 62 61 61 61 61 60 60 60 59 59 59 59 59 58 58    624
NOV  58 58 58 58 57 57 57 57 56 56 56 56 55 55 55 55 54 54 54 54 53 53 53 52 52 52 51 51 51 50       546
DEC  50 50 49 49 49 48 48 48 48 47 47 47 47 46 46 46 46 46 45 45 45 45 45 45 44 44 44 44 44 44 44    463
                                                                                                        
-------------------------------------------------------------------------------------------------       
 Heating Degree Days                                                                                    
 DAY  1  2  3  4  5  6  7  8  9 10 11 12 13 14 15 16 17 18 19 20 21 22 23 24 25 26 27 28 29 30 31  MONTH
-------------------------------------------------------------------------------------------------       
JAN  21 21 21 21 22 22 22 22 22 22 22 22 22 22 22 22 22 22 22 22 22 22 21 21 21 21 21 21 21 21 21    669
FEB  21 21 21 21 20 20 20 20 20 20 20 19 19 19 19 19 19 18 18 18 18 17 17 17 17 16 16 16             526
MAR  16 15 15 15 15 14 14 14 14 13 13 13 13 12 12 12 11 11 11 11 10 10 10 10 10  9  9  9  9  8  8    366
APR   8  8  7  7  7  7  6  6  6  6  6  5  5  5  5  5  5  4  4  4  4  4  3  3  3  3  3  3  3  2       147
MAY   2  2  2  2  2  2  2  2  2  1  1  1  1  1  1  1  1  1  1  1  1  1  0  0  0  0  0  0  0  0  0     31
JUN -99  0  0  0  0  0  0  0  0  0  0  0  0  0  0  0  0  0  0  0  0  0  0  0  0  0  0  0  0  0         1
JUL   0  0  0  0  0  0  0  0  0  0  0  0  0  0  0  0  0  0  0  0  0  0  0  0  0  0  0  0  0  0  0      0
AUG   0  0  0  0  0  0  0  0  0  0  0  0  0  0  0  0  0  0  0  0  0  0  0  0  0  0  0  0  0  0  0      0
SEP   0  0  0  0  0  0  0  0  0  0  0  0  0  0  0  0  0  0  0  0  0  0  0  0  0  0  1  1  1  1         4
OCT   2  2  2  3  3  3  3  3  4  4  4  4  4  5  5  5  5  5  5  6  6  6  6  6  6  7  7  7  7  7  7    149
NOV   8  8  8  8  8  8  9  9  9  9 10 10 10 10 11 11 11 11 12 12 12 12 13 13 13 14 14 14 15 15       327
DEC  15 16 16 16 16 17 17 17 18 18 18 18 19 19 19 19 19 20 20 20 20 20 20 21 21 21 21 21 21 21 21    585
                                                                                                        
-------------------------------------------------------------------------------------------------       
 Cooling Degree Days                                                                                    
 DAY  1  2  3  4  5  6  7  8  9 10 11 12 13 14 15 16 17 18 19 20 21 22 23 24 25 26 27 28 29 30 31  MONTH
-------------------------------------------------------------------------------------------------       
JAN   0  0  0  0  0  0  0  0  0  0  0  0  0  0  0  0  0  0  0  0  0  0  0  0  0  0  0  0  0  0  0      0
FEB   0  0  0  0  0  0  0  0  0  0  0  0  0  0  0  0  0  0  0  0  0  0  0  0  0  0  0  0               0
MAR   0  0  0  0  0  0  0  0  0  0  0  0  0  0  0  0  0  0  0  0  0  0  0  0  0  0-99-99-99-99-99      5
APR   0  0  0  0  0  0  0  0  0  0  1  1  1  1  1  1  1  1  1  1  1  1  1  1  1  2  2  2  2  2        25
MAY   2  2  2  3  3  3  3  3  3  3  4  4  4  4  4  4  5  5  5  5  5  6  6  6  6  7  7  7  7  7  8    143
JUN   8  8  8  9  9  9  9 10 10 10 10 11 11 11 11 11 12 12 12 12 12 12 13 13 13 13 13 13 14 14       333
JUL  14 14 14 14 15 15 15 15 15 15 15 15 15 15 15 15 15 15 16 16 16 16 16 16 15 15 15 15 15 15 15    467
AUG  15 15 15 15 15 15 15 14 14 14 14 14 14 14 14 14 14 13 13 13 13 13 13 13 13 12 12 12 12 12 12    421
SEP  12 11 11 11 11 11 10 10 10 10 10  9  9  9  9  9  8  8  8  8  7  7  7  7  7  6  6  6  5  5       257
OCT   5  5  4  4  4  4  3  3  3  3  3  2  2  2  2  2  2  2  1  1  1  1  1  1  1  1  1  1  1  1  1     68
NOV   1  1  1  1  1  1  1  1  1  1  1  1  1  1  0  0  0  0  0  0  0  0  0  0  0  0  0  0  0  0        14
DEC -99-99  0  0  0  0  0  0  0  0  0  0  0  0  0  0  0  0  0  0  0  0  0  0  0  0  0  0  0  0  0      2
                                                                                                        
-------------------------------------------------------------------------------------------------       
 Total  Precipitation (Hundreths of an Inch)                                                            
 DAY  1  2  3  4  5  6  7  8  9 10 11 12 13 14 15 16 17 18 19 20 21 22 23 24 25 26 27 28 29 30 31  MONTH
-------------------------------------------------------------------------------------------------       
JAN  12 12 12 12 13 13 13 13 13 13 13 13 13 13 13 13 13 13 13 13 13 13 13 12 12 12 12 12 12 12 12    391
FEB  11 11 11 11 11 11 11 11 11 10 10 10 10 10 10 11 11 11 11 11 11 11 11 12 12 12 12 12             307
MAR  13 13 13 13 14 14 14 14 14 14 14 14 14 14 14 14 14 14 14 14 14 14 14 14 14 13 13 13 13 13 12    423
APR  12 12 11 11 11 11 10 10 10 10 10 10 10 10 10  9  9  9  9  9  9  9 10 10 10 10 10 10 10 10       301
MAY  11 11 11 11 11 12 12 12 12 12 12 12 12 12 12 12 12 12 12 12 12 12 12 12 12 12 12 12 12 12 12    367
JUN  12 12 12 11 11 11 11 11 12 12 12 12 12 12 12 12 13 13 13 13 14 14 14 15 15 15 16 16 17 17       392
JUL  17 18 18 19 19 19 20 20 20 21 21 21 21 21 22 22 22 22 22 22 22 22 22 22 22 22 22 22 22 21 21    647
AUG  21 21 21 20 20 20 20 20 20 19 19 19 19 19 19 19 19 19 19 18 18 18 18 18 18 18 18 18 18 19 19    591
SEP  19 19 19 19 19 19 19 19 18 18 18 18 18 18 18 18 18 17 17 17 17 17 16 16 16 15 15 15 14 14       520
OCT  14 13 13 13 12 12 12 12 11 11 11 11 10 10 10 10 10  9  9  9  9  9  9  9  9  9  9  9  9  9  9    321
NOV   8  9  9  9  9  9  9  9  9  9  9  9  9  9  9  9  9  9  9  9  9  9  9  9  9  9  9  9  9  9       269
DEC   9  9  9  9 10 10 10 10 10 10 10 10 10 10 10 10 10 10 11 11 11 11 11 11 11 11 11 12 12 12 12    323
                                                                                                        
