-------------------------------------------------------------------------------------------------       
 1971-2000 Daily/Monthly Station Normals                                                                
 Provided by National Climatic Data Center/NESDIS/NOAA                                                  
-------------------------------------------------------------------------------------------------       
 Station COOP ID:                           319555                                                      
 Station Name, State, Division, Call:       W KERR SCOTT RESERVOIR             NC 02                    
 Latitude, Longitude, Elevation, Elements:  36 07 51 -081 13 39  1070 XNP                               
-------------------------------------------------------------------------------------------------       
 Minimum Temperature (deg F [tenths deg F for monthly])                                                 
 DAY  1  2  3  4  5  6  7  8  9 10 11 12 13 14 15 16 17 18 19 20 21 22 23 24 25 26 27 28 29 30 31  MONTH
-------------------------------------------------------------------------------------------------       
JAN  24 24 24 24 24 24 24 24 23 23 23 23 23 23 23 23 23 23 23 23 23 23 23 23 23 23 23 24 24 24 24    234
FEB  24 24 24 24 24 24 24 24 25 25 25 25 25 25 25 26 26 26 26 27 27 27 27 28 28 28 28 29             257
MAR  29 29 30 30 30 31 31 31 31 32 32 32 32 33 33 33 34 34 34 34 35 35 35 35 36 36 36 36 36 37 37    332
APR  37 37 38 38 38 38 38 39 39 39 39 40 40 40 41 41 41 41 42 42 42 43 43 43 43 44 44 44 45 45       408
MAY  45 46 46 46 47 47 48 48 48 49 49 49 49 50 50 50 51 51 51 52 52 52 53 53 53 54 54 54 55 55 55    504
JUN  56 56 56 56 57 57 57 58 58 58 58 59 59 59 59 59 60 60 60 60 61 61 61 61 61 61 62 62 62 62       592
JUL  62 62 62 63 63 63 63 63 63 63 63 63 63 63 64 64 64 64 64 64 64 64 64 64 64 64 64 64 64 63 63    634
AUG  64 63 63 63 63 63 63 63 63 63 63 63 62 62 62 62 62 62 62 62 62 61 61 61 61 61 61 61 60 60 60    620
SEP  60 60 59 59 59 59 59 58 58 58 57 57 57 56 56 56 55 55 55 54 54 53 53 52 52 51 51 50 50 49       554
OCT  49 48 47 47 46 46 45 45 44 44 43 43 43 42 42 41 41 41 40 40 40 39 39 39 39 38 38 38 38 37 37    419
NOV  37 37 37 36 36 36 36 36 35 35 35 35 35 34 34 34 34 33 33 33 33 32 32 32 31 31 31 31 30 30       338
DEC  30 29 29 29 29 28 28 28 28 27 27 27 27 27 26 26 26 26 26 25 25 25 25 25 25 25 24 24 24 24 24    264
                                                                                                        
-------------------------------------------------------------------------------------------------       
 Maximum Temperature (deg F [tenths deg F for monthly])                                                 
 DAY  1  2  3  4  5  6  7  8  9 10 11 12 13 14 15 16 17 18 19 20 21 22 23 24 25 26 27 28 29 30 31  MONTH
-------------------------------------------------------------------------------------------------       
JAN  47 47 47 47 47 47 47 47 47 47 46 46 46 46 46 46 46 47 47 47 47 47 47 47 47 47 47 48 48 48 48    469
FEB  48 49 49 49 49 49 50 50 50 50 51 51 51 51 52 52 52 52 52 53 53 53 54 54 54 54 55 55             515
MAR  55 55 56 56 56 57 57 57 58 58 58 58 59 59 59 60 60 60 61 61 61 62 62 62 62 63 63 63 64 64 65    597
APR  65 65 66 66 66 67 67 67 67 68 68 68 69 69 69 70 70 70 70 71 71 71 71 72 72 72 73 73 73 73       693
MAY  74 74 74 74 74 75 75 75 75 76 76 76 76 77 77 77 77 78 78 78 78 79 79 79 79 80 80 80 80 80 81    771
JUN  81 81 81 82 82 82 82 83 83 83 83 83 84 84 84 84 84 85 85 85 85 85 86 86 86 86 86 86 86 87       840
JUL  87 87 87 87 87 87 87 87 87 88 88 88 88 88 88 88 88 88 88 88 88 88 88 88 88 88 88 88 88 88 88    877
AUG  88 88 88 87 87 87 87 87 87 87 87 87 87 87 86 86 86 86 86 86 86 85 85 85 85 85 85 84 84 84 84    861
SEP  84 83 83 83 83 83 82 82 82 82 82 81 81 81 80 80 80 80 79 79 79 78 78 78 78 77 77 77 76 76       801
OCT  76 75 75 75 74 74 74 73 73 73 72 72 71 71 71 70 70 70 69 69 69 68 68 68 67 67 67 66 66 66 66    705
NOV  65 65 65 64 64 64 63 63 63 62 62 62 61 61 60 60 60 59 59 59 58 58 58 57 57 57 56 56 56 55       603
DEC  55 55 54 54 54 53 53 53 52 52 52 52 51 51 51 51 50 50 50 50 49 49 49 49 49 48 48 48 48 48 47    508
                                                                                                        
-------------------------------------------------------------------------------------------------       
 Average Temperature (deg F [tenths deg F for monthly])                                                 
 DAY  1  2  3  4  5  6  7  8  9 10 11 12 13 14 15 16 17 18 19 20 21 22 23 24 25 26 27 28 29 30 31  MONTH
-------------------------------------------------------------------------------------------------       
JAN  36 36 35 35 35 35 35 35 35 35 35 35 35 35 35 35 35 35 35 35 35 35 35 35 35 35 35 36 36 36 36    352
FEB  36 36 36 36 37 37 37 37 37 38 38 38 38 38 39 39 39 39 39 40 40 40 40 41 41 41 42 42             386
MAR  42 42 43 43 43 44 44 44 45 45 45 45 46 46 46 47 47 47 47 48 48 48 49 49 49 49 50 50 50 50 51    465
APR  51 51 52 52 52 52 53 53 53 54 54 54 54 55 55 55 56 56 56 56 57 57 57 57 58 58 58 59 59 59       551
MAY  60 60 60 60 61 61 61 62 62 62 62 63 63 63 64 64 64 64 65 65 65 65 66 66 66 67 67 67 67 68 68    638
JUN  68 69 69 69 69 70 70 70 70 71 71 71 71 71 72 72 72 72 72 73 73 73 73 73 74 74 74 74 74 74       716
JUL  74 75 75 75 75 75 75 75 75 75 75 76 76 76 76 76 76 76 76 76 76 76 76 76 76 76 76 76 76 76 76    756
AUG  76 76 76 75 75 75 75 75 75 75 75 75 75 74 74 74 74 74 74 74 74 73 73 73 73 73 73 73 72 72 72    741
SEP  72 72 71 71 71 71 71 70 70 70 70 69 69 69 68 68 68 67 67 67 66 66 65 65 65 64 64 63 63 62       678
OCT  62 62 61 61 60 60 59 59 59 58 58 57 57 57 56 56 56 55 55 54 54 54 54 53 53 53 52 52 52 52 51    562
NOV  51 51 51 50 50 50 50 49 49 49 48 48 48 48 47 47 47 46 46 46 46 45 45 45 44 44 44 43 43 43       471
DEC  42 42 42 41 41 41 41 40 40 40 40 39 39 39 39 38 38 38 38 38 37 37 37 37 37 36 36 36 36 36 36    386
                                                                                                        
-------------------------------------------------------------------------------------------------       
 Heating Degree Days                                                                                    
 DAY  1  2  3  4  5  6  7  8  9 10 11 12 13 14 15 16 17 18 19 20 21 22 23 24 25 26 27 28 29 30 31  MONTH
-------------------------------------------------------------------------------------------------       
JAN  29 30 30 30 30 30 30 30 30 30 30 30 30 30 30 30 30 30 30 30 30 30 30 30 30 30 30 29 29 29 29    925
FEB  29 29 29 29 28 28 28 28 28 27 27 27 27 27 26 26 26 26 26 25 25 25 25 24 24 24 23 23             739
MAR  23 23 22 22 22 21 21 21 21 20 20 20 19 19 19 19 18 18 18 17 17 17 17 16 16 16 15 15 15 15 14    576
APR  14 14 13 13 13 13 12 12 12 11 11 11 11 10 10 10 10  9  9  9  9  8  8  8  8  7  7  7  7  7       303
MAY   6  6  6  6  6  5  5  5  5  5  4  4  4  4  4  4  3  3  3  3  3  3  2  2  2  2  2  2  2  2  1    114
JUN   1  1  1  1  1  1  1  1  1  1  1  1  0  0  0  0  0  0  0  0  0  0  0  0  0  0  0  0  0  0        12
JUL   0  0  0  0  0  0  0  0  0  0  0  0  0  0  0  0  0  0  0  0  0  0  0  0  0  0  0  0  0  0  0      0
AUG   0  0  0  0  0  0  0  0  0  0  0  0  0  0  0  0  0  0  0  0  0  0  0  0  0  0  0  0  0  0  0      0
SEP   0  0  0  0  0  0  0  0  0  0  0  0  0  1  1  1  1  1  1  2  2  2  2  3  3  3  3  4  4  4        38
OCT   5  5  6  6  6  7  7  7  8  8  8  8  9  9  9 10 10 10 11 11 11 11 12 12 12 12 13 13 13 14 14    297
NOV  14 14 15 15 15 15 16 16 16 16 17 17 17 17 18 18 18 19 19 19 20 20 20 20 21 21 21 22 22 22       540
DEC  23 23 23 24 24 24 24 25 25 25 25 26 26 26 26 27 27 27 27 28 28 28 28 28 28 29 29 29 29 29 29    819
                                                                                                        
-------------------------------------------------------------------------------------------------       
 Cooling Degree Days                                                                                    
 DAY  1  2  3  4  5  6  7  8  9 10 11 12 13 14 15 16 17 18 19 20 21 22 23 24 25 26 27 28 29 30 31  MONTH
-------------------------------------------------------------------------------------------------       
JAN   0  0  0  0  0  0  0  0  0  0  0  0  0  0  0  0  0  0  0  0  0  0  0  0  0  0  0  0  0  0  0      0
FEB   0  0  0  0  0  0  0  0  0  0  0  0  0  0  0  0  0  0  0  0  0  0  0  0  0  0  0  0               0
MAR   0  0  0  0  0  0  0  0  0  0  0  0  0  0  0  0  0  0  0  0  0  0  0  0  0  0  0  0  0  0  0      0
APR   0  0  0  0  0  0  0  0  0  0  0  0  0  0  0  0  0  0  0  0  0  0  0  0  0  0  0  1  1  1         3
MAY   1  1  1  1  1  1  1  1  2  2  2  2  2  2  2  2  2  3  3  3  3  3  3  3  4  4  4  4  4  4  4     75
JUN   5  5  5  5  5  5  6  6  6  6  6  6  7  7  7  7  7  7  8  8  8  8  8  8  9  9  9  9  9  9       210
JUL   9  9 10 10 10 10 10 10 10 10 10 11 11 11 11 11 11 11 11 11 11 11 11 11 11 11 11 11 11 11 11    328
AUG  11 11 11 10 10 10 10 10 10 10 10 10 10 10  9  9  9  9  9  9  9  8  8  8  8  8  7  7  7  7  7    281
SEP   6  6  6  6  6  6  5  5  5  5  5  4  4  4  4  4  4  3  3  3  3  3  3  3  3  2  2  2  2  2       119
OCT   2  2  2  2  2  1  1  1  1  1  1  1  1  1  1  1  1  1  1  0  0  0  0  0  0  0  0  0  0  0  0     24
NOV -99  0  0  0  0  0  0  0  0  0  0  0  0  0  0  0  0  0  0  0  0  0  0  0  0  0  0  0  0  0         1
DEC   0  0  0  0  0  0  0  0  0  0  0  0  0  0  0  0  0  0  0  0  0  0  0  0  0  0  0  0  0  0  0      0
                                                                                                        
-------------------------------------------------------------------------------------------------       
 Total  Precipitation (Hundreths of an Inch)                                                            
 DAY  1  2  3  4  5  6  7  8  9 10 11 12 13 14 15 16 17 18 19 20 21 22 23 24 25 26 27 28 29 30 31  MONTH
-------------------------------------------------------------------------------------------------       
JAN  14 14 14 14 14 14 14 15 15 15 15 15 15 15 15 15 15 15 15 15 15 15 15 15 15 15 15 14 14 14 14    454
FEB  14 14 14 14 14 14 14 13 13 13 13 13 13 13 13 13 14 14 14 14 14 14 14 14 14 15 15 15             386
MAR  15 15 16 16 16 16 16 16 16 17 17 17 17 17 17 17 17 17 17 17 17 17 17 17 17 17 17 16 16 16 16    512
APR  16 16 16 15 15 15 15 15 15 15 15 15 15 15 15 15 15 15 15 14 14 15 15 15 15 15 15 15 15 15       451
MAY  15 15 15 15 15 16 16 16 16 16 16 16 16 16 16 16 16 16 16 16 16 16 16 16 16 16 16 16 16 16 16    491
JUN  16 16 16 16 16 16 16 16 16 16 16 16 16 16 16 16 16 16 16 16 16 16 16 16 16 15 15 15 15 15       475
JUL  15 15 15 15 15 15 15 15 15 15 15 15 15 15 14 14 14 14 14 14 14 14 14 14 14 15 15 15 15 15 15    454
AUG  15 15 15 15 15 15 15 15 15 15 15 15 15 15 15 16 16 16 16 16 16 16 16 16 16 16 16 16 17 17 17    484
SEP  17 17 17 17 17 17 17 17 17 17 17 17 17 17 17 17 17 17 16 16 16 16 16 16 16 15 15 15 15 14       492
OCT  14 14 14 14 13 13 13 13 13 13 12 12 12 12 12 12 12 12 12 12 12 11 11 11 11 11 12 12 12 12 12    381
NOV  12 12 12 12 12 12 12 12 12 12 12 12 12 13 13 13 13 13 13 13 12 12 12 12 12 12 12 12 12 12       367
DEC  12 12 12 12 12 12 12 12 11 12 12 12 12 12 12 12 12 12 12 12 12 12 12 12 12 13 13 13 13 13 13    377
                                                                                                        
