-------------------------------------------------------------------------------------------------       
 1971-2000 Daily/Monthly Station Normals                                                                
 Provided by National Climatic Data Center/NESDIS/NOAA                                                  
-------------------------------------------------------------------------------------------------       
 Station COOP ID:                           317400                                                      
 Station Name, State, Division, Call:       ROCKY MOUNT 8 ESE                  NC 08                    
 Latitude, Longitude, Elevation, Elements:  35 53 37 -077 40 50   110 XNP                               
-------------------------------------------------------------------------------------------------       
 Minimum Temperature (deg F [tenths deg F for monthly])                                                 
 DAY  1  2  3  4  5  6  7  8  9 10 11 12 13 14 15 16 17 18 19 20 21 22 23 24 25 26 27 28 29 30 31  MONTH
-------------------------------------------------------------------------------------------------       
JAN  31 31 31 31 31 31 31 31 31 31 31 31 31 31 31 31 30 30 30 30 30 30 31 31 31 31 31 31 31 31 31    308
FEB  31 31 31 31 31 31 32 32 32 32 32 32 32 32 33 33 33 33 33 33 34 34 34 34 35 35 35 35             327
MAR  36 36 36 36 37 37 37 37 37 38 38 38 38 39 39 39 39 40 40 40 40 41 41 41 41 41 42 42 42 42 42    391
APR  43 43 43 43 44 44 44 44 44 45 45 45 46 46 46 46 47 47 47 48 48 48 48 49 49 49 50 50 50 51       464
MAY  51 52 52 52 53 53 53 54 54 54 55 55 55 55 56 56 56 57 57 57 58 58 58 58 59 59 59 60 60 60 60    560
JUN  61 61 61 61 62 62 62 62 62 63 63 63 63 64 64 64 64 64 65 65 65 65 66 66 66 66 66 67 67 67       639
JUL  67 67 68 68 68 68 68 68 68 68 69 69 69 69 69 69 69 69 69 69 69 69 69 69 69 69 69 69 69 69 69    686
AUG  69 69 68 68 68 68 68 68 68 68 68 68 67 67 67 67 67 67 67 66 66 66 66 66 66 66 65 65 65 65 65    669
SEP  65 64 64 64 64 64 63 63 63 63 62 62 62 62 61 61 61 60 60 60 59 59 58 58 58 57 57 56 56 55       607
OCT  55 54 54 53 53 53 52 52 51 51 50 50 50 49 49 49 48 48 48 47 47 47 46 46 46 45 45 45 45 44 44    489
NOV  44 44 44 43 43 43 43 42 42 42 42 41 41 41 41 41 40 40 40 40 39 39 39 39 38 38 38 37 37 37       406
DEC  37 36 36 36 36 36 35 35 35 35 34 34 34 34 34 33 33 33 33 33 33 33 32 32 32 32 32 32 32 32 31    337
                                                                                                        
-------------------------------------------------------------------------------------------------       
 Maximum Temperature (deg F [tenths deg F for monthly])                                                 
 DAY  1  2  3  4  5  6  7  8  9 10 11 12 13 14 15 16 17 18 19 20 21 22 23 24 25 26 27 28 29 30 31  MONTH
-------------------------------------------------------------------------------------------------       
JAN  52 52 52 52 51 51 51 51 51 51 51 51 51 51 51 51 51 51 51 51 51 51 51 51 51 51 52 52 52 52 52    513
FEB  52 52 52 52 53 53 53 53 53 53 54 54 54 54 54 55 55 55 55 56 56 56 56 57 57 57 57 58             545
MAR  58 58 59 59 59 60 60 60 61 61 61 62 62 62 63 63 63 64 64 64 64 65 65 65 66 66 66 67 67 68 68    629
APR  68 69 69 69 70 70 70 70 71 71 71 72 72 72 72 73 73 73 73 74 74 74 74 75 75 75 75 76 76 76       724
MAY  76 76 76 77 77 77 77 77 78 78 78 78 79 79 79 79 79 80 80 80 80 80 81 81 81 81 82 82 82 82 83    792
JUN  83 83 83 84 84 84 84 85 85 85 85 85 86 86 86 86 86 87 87 87 87 87 88 88 88 88 88 88 88 89       860
JUL  89 89 89 89 89 89 89 90 90 90 90 90 90 90 90 90 90 90 90 90 90 90 90 90 90 90 90 90 90 89 89    897
AUG  89 89 89 89 89 89 89 89 89 88 88 88 88 88 88 88 88 87 87 87 87 87 87 87 86 86 86 86 86 86 86    876
SEP  85 85 85 85 85 85 84 84 84 84 84 83 83 83 83 82 82 82 82 81 81 81 81 80 80 80 79 79 79 78       823
OCT  78 78 77 77 77 76 76 76 75 75 75 74 74 74 73 73 73 72 72 72 72 71 71 71 70 70 70 70 69 69 69    732
NOV  69 68 68 68 67 67 67 67 66 66 66 65 65 65 64 64 64 64 63 63 63 62 62 62 61 61 60 60 60 59       642
DEC  59 59 58 58 58 57 57 57 56 56 56 56 55 55 55 55 54 54 54 54 54 53 53 53 53 53 52 52 52 52 52    549
                                                                                                        
-------------------------------------------------------------------------------------------------       
 Average Temperature (deg F [tenths deg F for monthly])                                                 
 DAY  1  2  3  4  5  6  7  8  9 10 11 12 13 14 15 16 17 18 19 20 21 22 23 24 25 26 27 28 29 30 31  MONTH
-------------------------------------------------------------------------------------------------       
JAN  42 42 42 41 41 41 41 41 41 41 41 41 41 41 41 41 41 41 41 41 41 41 41 41 41 41 41 41 41 41 41    411
FEB  42 42 42 42 42 42 42 42 42 43 43 43 43 43 43 44 44 44 44 44 45 45 45 45 46 46 46 47             436
MAR  47 47 47 48 48 48 48 49 49 49 50 50 50 50 51 51 51 52 52 52 52 53 53 53 54 54 54 54 55 55 55    510
APR  55 56 56 56 57 57 57 57 58 58 58 58 59 59 59 60 60 60 60 61 61 61 61 62 62 62 63 63 63 63       594
MAY  64 64 64 64 65 65 65 66 66 66 66 67 67 67 67 68 68 68 68 69 69 69 69 70 70 70 70 71 71 71 72    676
JUN  72 72 72 72 73 73 73 73 74 74 74 74 75 75 75 75 75 76 76 76 76 76 77 77 77 77 77 78 78 78       750
JUL  78 78 78 78 79 79 79 79 79 79 79 79 79 79 79 80 80 80 80 80 80 80 80 80 80 79 79 79 79 79 79    792
AUG  79 79 79 79 79 79 78 78 78 78 78 78 78 78 77 77 77 77 77 77 77 77 76 76 76 76 76 76 76 75 75    773
SEP  75 75 75 75 74 74 74 74 73 73 73 73 73 72 72 72 71 71 71 70 70 70 69 69 69 68 68 68 67 67       715
OCT  66 66 66 65 65 64 64 64 63 63 63 62 62 61 61 61 61 60 60 60 59 59 59 58 58 58 58 57 57 57 57    611
NOV  56 56 56 56 55 55 55 55 54 54 54 53 53 53 53 52 52 52 51 51 51 51 50 50 50 49 49 49 49 48       524
DEC  48 48 47 47 47 46 46 46 46 45 45 45 45 44 44 44 44 44 43 43 43 43 43 43 42 42 42 42 42 42 42    443
                                                                                                        
-------------------------------------------------------------------------------------------------       
 Heating Degree Days                                                                                    
 DAY  1  2  3  4  5  6  7  8  9 10 11 12 13 14 15 16 17 18 19 20 21 22 23 24 25 26 27 28 29 30 31  MONTH
-------------------------------------------------------------------------------------------------       
JAN  23 23 24 24 24 24 24 24 24 24 24 24 24 24 24 24 24 24 24 24 24 24 24 24 24 24 24 24 24 24 24    742
FEB  23 23 23 23 23 23 23 23 23 22 22 22 22 22 22 21 21 21 21 21 20 20 20 20 19 19 19 19             600
MAR  18 18 18 17 17 17 17 16 16 16 15 15 15 15 14 14 14 14 13 13 13 12 12 12 12 11 11 11 10 10 10    436
APR  10  9  9  9  8  8  8  8  7  7  7  7  6  6  6  6  6  5  5  5  5  5  4  4  4  4  4  4  3  3       182
MAY   3  3  3  3  2  2  2  2  2  2  2  2  2  1  1  1  1  1  1  1  1  1  1  1  1  1  0  0  0  0  0     43
JUN -99-99-99  0  0  0  0  0  0  0  0  0  0  0  0  0  0  0  0  0  0  0  0  0  0  0  0  0  0  0         3
JUL   0  0  0  0  0  0  0  0  0  0  0  0  0  0  0  0  0  0  0  0  0  0  0  0  0  0  0  0  0  0  0      0
AUG   0  0  0  0  0  0  0  0  0  0  0  0  0  0  0  0  0  0  0  0  0  0  0  0  0  0  0  0  0  0  0      0
SEP   0  0  0  0  0  0  0  0  0  0  0  0  0  0  0  0  0  0  0  0  0  0  1  1  1  1  1  1  2  2        10
OCT   2  3  3  3  3  3  4  4  4  4  4  5  5  5  5  5  6  6  6  6  7  7  7  7  8  8  8  8  8  9  9    172
NOV   9  9 10 10 10 10 11 11 11 11 12 12 12 12 13 13 13 13 14 14 14 15 15 15 15 16 16 16 17 17       386
DEC  17 17 18 18 18 19 19 19 19 20 20 20 20 21 21 21 21 21 22 22 22 22 22 22 22 23 23 23 23 23 23    641
                                                                                                        
-------------------------------------------------------------------------------------------------       
 Cooling Degree Days                                                                                    
 DAY  1  2  3  4  5  6  7  8  9 10 11 12 13 14 15 16 17 18 19 20 21 22 23 24 25 26 27 28 29 30 31  MONTH
-------------------------------------------------------------------------------------------------       
JAN   0  0  0  0  0  0  0  0  0  0  0  0  0  0  0  0  0  0  0  0  0  0  0  0  0  0  0  0  0  0  0      0
FEB   0  0  0  0  0  0  0  0  0  0  0  0  0  0  0  0  0  0  0  0  0  0  0  0  0  0  0  0               0
MAR   0  0  0  0  0  0  0  0  0  0-99-99  0  0  0  0  0  0  0  0  0  0  0  0  0  0  0  0  0  0  0      2
APR   0  0  0  0  0  0  0  0  0  0  0  0  0  0  0  0  0  0  1  1  1  1  1  1  1  1  1  1  1  2        13
MAY   2  2  2  2  2  2  2  3  3  3  3  3  3  3  4  4  4  4  4  5  5  5  5  5  6  6  6  6  6  7  7    124
JUN   7  7  7  8  8  8  8  9  9  9  9  9 10 10 10 10 10 11 11 11 11 11 12 12 12 12 12 12 13 13       301
JUL  13 13 13 13 14 14 14 14 14 14 14 14 14 14 14 14 15 15 15 15 15 15 15 15 15 14 14 14 14 14 14    439
AUG  14 14 14 14 14 14 13 13 13 13 13 13 13 13 13 12 12 12 12 12 12 11 11 11 11 11 11 10 10 10 10    379
SEP  10  9  9  9  9  9  8  8  8  8  8  8  7  7  7  7  7  6  6  6  6  6  5  5  5  5  4  4  4  4       204
OCT   4  3  3  3  3  3  3  2  2  2  2  2  2  2  1  1  1  1  1  1  1  1  1  1  1  1  1  0  0  0  0     49
NOV -99-99-99-99-99-99-99  0  0  0  0  0  0  0  0  0  0  0  0  0  0  0  0  0  0  0  0  0  0  0         7
DEC   0  0  0  0  0  0  0  0  0  0  0  0  0  0  0  0  0  0  0  0  0  0  0  0  0  0  0  0  0  0  0      0
                                                                                                        
-------------------------------------------------------------------------------------------------       
 Total  Precipitation (Hundreths of an Inch)                                                            
 DAY  1  2  3  4  5  6  7  8  9 10 11 12 13 14 15 16 17 18 19 20 21 22 23 24 25 26 27 28 29 30 31  MONTH
-------------------------------------------------------------------------------------------------       
JAN  12 12 13 13 13 13 13 13 13 13 13 14 14 14 14 14 14 14 14 14 14 14 14 13 13 13 13 13 13 13 13    413
FEB  12 12 12 12 12 12 12 12 12 12 12 12 12 12 12 12 12 12 12 12 12 12 12 12 13 13 13 13             340
MAR  13 14 14 14 14 14 14 14 14 14 15 15 15 15 15 15 15 15 14 14 14 14 14 14 14 14 13 13 13 13 12    435
APR  12 12 12 12 11 11 11 11 11 11 10 10 10 10 10 10 10 10 10 10 10 10 10 10 10 10 10 11 11 11       317
MAY  11 11 11 11 11 12 12 12 12 12 12 12 12 12 12 12 13 13 13 13 13 13 13 13 13 13 13 13 13 13 13    382
JUN  13 13 13 12 12 12 12 12 13 13 13 13 13 13 13 13 13 13 13 13 13 13 14 14 14 14 14 14 15 15       395
JUL  15 15 15 16 16 16 16 16 16 16 16 16 16 16 16 16 16 16 16 16 16 16 16 16 16 16 15 15 15 15 15    488
AUG  14 14 14 14 14 14 14 14 13 13 13 13 13 13 13 14 14 14 14 14 14 14 14 15 15 15 15 16 16 16 17    440
SEP  17 17 17 18 18 18 18 19 19 19 19 19 19 19 19 19 19 18 18 18 18 18 17 17 17 16 16 16 15 15       532
OCT  14 14 13 13 12 12 12 11 11 11 10 10 10  9  9  9  9  9  9  8  8  8  8  8  8  8  8  8  8  8  8    303
NOV   8  8  9  9  9  9  9  9  9  9  9  9  9  9  9 10 10 10 10 10 10 10 10 10 10 10 10 10 10 10       283
DEC  10 10 10 10 10 10 10 10 10 10 10 10 10 10 10 10 10 10 10 10 10 11 11 11 11 11 11 11 12 12 12    323
                                                                                                        
