-------------------------------------------------------------------------------------------------       
 1971-2000 Daily/Monthly Station Normals                                                                
 Provided by National Climatic Data Center/NESDIS/NOAA                                                  
-------------------------------------------------------------------------------------------------       
 Station COOP ID:                           012577                                                      
 Station Name, State, Division, Call:       ELBA                               AL 07                    
 Latitude, Longitude, Elevation, Elements:  31 25 00 -086 04 00   195   P                               
-------------------------------------------------------------------------------------------------       
 Total  Precipitation (Hundreths of an Inch)                                                            
 DAY  1  2  3  4  5  6  7  8  9 10 11 12 13 14 15 16 17 18 19 20 21 22 23 24 25 26 27 28 29 30 31  MONTH
-------------------------------------------------------------------------------------------------       
JAN  17 17 17 18 18 18 18 19 19 19 19 19 19 19 20 20 20 20 20 20 20 20 20 20 19 19 19 19 19 19 19    589
FEB  18 18 18 18 18 18 18 17 17 17 17 18 18 18 18 18 18 18 18 19 19 19 20 20 20 21 21 21             518
MAR  22 22 23 23 23 24 24 24 24 24 24 24 25 24 24 24 24 24 24 24 24 23 23 23 22 22 21 21 20 20 19    712
APR  19 18 17 17 16 16 15 15 15 14 14 14 13 13 13 13 13 13 12 12 12 12 12 12 12 13 13 13 13 13       417
MAY  14 14 14 14 14 15 15 15 15 15 16 16 16 16 16 16 16 17 17 17 17 17 17 17 17 17 17 17 17 17 17    495
JUN  17 17 17 17 17 17 17 17 17 18 18 18 18 18 18 18 18 18 18 19 19 19 19 19 19 20 20 20 20 20       547
JUL  21 21 21 21 21 21 21 21 22 22 22 21 21 21 21 21 21 21 21 20 20 20 19 19 19 18 18 18 17 17 16    623
AUG  15 15 15 14 14 13 13 13 12 12 12 11 11 11 11 11 11 11 11 11 11 11 11 11 11 11 12 12 12 12 13    374
SEP  13 13 14 14 14 14 14 15 15 15 15 15 15 15 15 15 15 15 15 15 14 14 14 14 14 13 13 13 12 12       424
OCT  12 11 11 11 10 10 10 10  9  9  9  9  9  9  9  9  9  9  9  9  9 10 10 10 10 11 11 11 12 12 13    312
NOV  13 13 14 14 15 15 15 15 16 16 16 16 17 17 17 17 17 17 17 17 17 17 17 17 17 16 16 16 16 16       479
DEC  15 15 15 15 14 14 14 14 14 14 14 14 14 13 14 14 14 14 14 14 14 14 14 14 15 15 15 15 16 16 16    447
                                                                                                        
