-------------------------------------------------------------------------------------------------       
 1971-2000 Daily/Monthly Station Normals                                                                
 Provided by National Climatic Data Center/NESDIS/NOAA                                                  
-------------------------------------------------------------------------------------------------       
 Station COOP ID:                           017947                                                      
 Station Name, State, Division, Call:       SULLIGENT                          AL 03                    
 Latitude, Longitude, Elevation, Elements:  33 53 59 -088 07 57   350   P                               
-------------------------------------------------------------------------------------------------       
 Total  Precipitation (Hundreths of an Inch)                                                            
 DAY  1  2  3  4  5  6  7  8  9 10 11 12 13 14 15 16 17 18 19 20 21 22 23 24 25 26 27 28 29 30 31  MONTH
-------------------------------------------------------------------------------------------------       
JAN  18 18 18 18 18 19 19 19 19 19 19 19 19 19 19 19 19 19 19 19 19 19 19 19 19 19 19 19 18 18 18    581
FEB  18 18 18 18 18 18 18 18 18 18 18 18 17 17 18 18 18 18 18 18 18 18 18 18 18 18 18 18             502
MAR  19 19 19 19 19 19 19 19 19 19 19 19 19 19 19 19 19 19 19 19 19 19 19 18 18 18 18 18 18 18 17    580
APR  17 17 17 17 17 17 17 17 16 16 16 16 16 16 16 16 16 16 16 16 16 16 17 17 17 17 17 17 17 17       496
MAY  17 18 18 18 18 18 18 18 18 18 18 19 19 19 19 19 19 19 19 19 19 18 18 18 18 18 18 18 18 18 18    567
JUN  18 17 17 17 17 17 17 17 17 16 16 16 16 16 16 16 16 16 16 16 16 16 16 16 16 16 16 16 16 16       490
JUL  16 16 17 17 17 17 17 17 17 17 17 17 17 17 16 16 16 16 16 16 16 16 16 15 15 15 15 15 14 14 14    497
AUG  14 13 13 13 13 13 12 12 12 12 12 12 12 11 11 11 11 11 11 11 11 11 11 11 11 12 12 12 12 12 12    367
SEP  12 12 12 13 13 13 13 13 13 13 13 13 13 13 13 13 13 13 13 13 13 12 12 12 12 12 12 11 11 11       375
OCT  11 10 10 10 10 10 10 10 10 10  9  9 10 10 10 10 10 10 10 10 10 11 11 11 11 12 12 12 13 13 14    329
NOV  14 14 15 15 16 16 16 16 17 17 17 17 18 18 18 18 18 18 19 19 19 19 19 19 19 19 19 19 18 18       524
DEC  18 18 18 18 18 18 18 18 18 18 18 17 17 17 17 17 17 17 17 17 17 17 17 18 18 18 18 18 18 18 18    546
                                                                                                        
