-------------------------------------------------------------------------------------------------       
 1971-2000 Daily/Monthly Station Normals                                                                
 Provided by National Climatic Data Center/NESDIS/NOAA                                                  
-------------------------------------------------------------------------------------------------       
 Station COOP ID:                           018446                                                      
 Station Name, State, Division, Call:       UNIONTOWN                          AL 06                    
 Latitude, Longitude, Elevation, Elements:  32 26 50 -087 31 15   280   P                               
-------------------------------------------------------------------------------------------------       
 Total  Precipitation (Hundreths of an Inch)                                                            
 DAY  1  2  3  4  5  6  7  8  9 10 11 12 13 14 15 16 17 18 19 20 21 22 23 24 25 26 27 28 29 30 31  MONTH
-------------------------------------------------------------------------------------------------       
JAN  17 17 18 18 18 18 19 19 19 19 19 19 19 20 20 20 20 20 20 20 20 20 19 19 19 19 19 19 18 18 18    587
FEB  18 18 17 17 17 17 17 16 16 16 16 16 16 16 16 16 16 17 17 17 17 17 17 18 18 18 18 19             474
MAR  19 19 20 20 20 20 21 21 21 21 21 21 21 21 22 21 21 21 21 21 21 21 21 21 20 20 20 20 19 19 19    634
APR  18 18 18 17 17 17 16 16 16 16 15 15 15 15 15 14 14 14 14 14 14 14 14 14 14 13 13 13 13 13       449
MAY  13 13 13 13 14 14 14 14 14 14 13 13 13 13 13 13 13 13 13 13 13 13 13 13 13 13 13 13 13 13 13    409
JUN  13 13 13 12 12 12 12 12 12 12 12 12 13 13 13 13 13 13 13 13 13 13 13 14 14 14 14 14 14 15       389
JUL  15 15 15 15 16 16 16 16 16 16 16 16 16 16 16 16 16 16 16 16 16 16 16 16 16 16 15 15 15 15 15    487
AUG  14 14 14 13 13 13 13 13 13 12 12 12 12 12 12 12 12 12 12 12 12 12 12 11 12 12 12 12 12 12 12    383
SEP  12 12 12 12 12 12 12 12 12 12 12 12 12 12 12 12 12 12 12 12 11 11 11 11 11 11 10 10 10 10       346
OCT  10  9  9  9  9  9  9  9  9  8  8  8  8  8  8  8  8  9  9  9  9  9  9  9 10 10 10 10 11 11 11    282
NOV  11 12 12 12 13 13 13 13 13 14 14 14 14 14 14 14 15 15 15 15 15 15 15 15 15 14 14 14 14 14       415
DEC  14 14 14 14 14 13 13 13 13 13 13 13 13 14 14 14 14 14 14 14 14 14 15 15 15 15 16 16 16 16 17    441
                                                                                                        
