-------------------------------------------------------------------------------------------------       
 1971-2000 Daily/Monthly Station Normals                                                                
 Provided by National Climatic Data Center/NESDIS/NOAA                                                  
-------------------------------------------------------------------------------------------------       
 Station COOP ID:                           013154                                                      
 Station Name, State, Division, Call:       GADSDEN                            AL 04                    
 Latitude, Longitude, Elevation, Elements:  34 01 18 -085 59 16   565 XNP                               
-------------------------------------------------------------------------------------------------       
 Minimum Temperature (deg F [tenths deg F for monthly])                                                 
 DAY  1  2  3  4  5  6  7  8  9 10 11 12 13 14 15 16 17 18 19 20 21 22 23 24 25 26 27 28 29 30 31  MONTH
-------------------------------------------------------------------------------------------------       
JAN  30 30 30 30 30 30 30 30 30 30 30 30 30 30 29 29 29 30 30 30 30 30 30 30 30 30 30 30 30 30 30    299
FEB  30 30 30 31 31 31 31 31 31 31 31 32 32 32 32 32 33 33 33 33 33 34 34 34 34 35 35 35             323
MAR  35 36 36 36 37 37 37 37 38 38 38 39 39 39 39 40 40 40 40 41 41 41 41 42 42 42 42 43 43 43 43    395
APR  43 44 44 44 44 45 45 45 45 46 46 46 46 47 47 47 48 48 48 48 49 49 49 50 50 50 50 51 51 51       472
MAY  52 52 52 53 53 53 53 54 54 54 55 55 55 56 56 56 57 57 57 57 58 58 58 59 59 59 59 60 60 60 61    562
JUN  61 61 61 62 62 62 63 63 63 63 63 64 64 64 64 65 65 65 65 66 66 66 66 66 67 67 67 67 67 67       644
JUL  68 68 68 68 68 68 69 69 69 69 69 69 69 69 69 69 69 69 69 69 70 70 70 70 70 70 70 69 69 69 69    690
AUG  69 69 69 69 69 69 69 69 69 69 69 69 69 68 68 68 68 68 68 68 68 68 67 67 67 67 67 67 67 67 66    681
SEP  66 66 66 66 66 65 65 65 65 64 64 64 64 63 63 63 62 62 61 61 61 60 60 59 59 58 58 57 57 56       622
OCT  56 55 55 54 54 53 53 52 52 51 51 51 50 50 49 49 49 48 48 47 47 47 46 46 46 46 45 45 45 44 44    493
NOV  44 44 43 43 43 43 42 42 42 42 41 41 41 41 40 40 40 39 39 39 39 38 38 38 38 37 37 37 36 36       401
DEC  36 36 35 35 35 34 34 34 34 34 33 33 33 33 33 32 32 32 32 32 31 31 31 31 31 31 31 31 31 30 30    326
                                                                                                        
-------------------------------------------------------------------------------------------------       
 Maximum Temperature (deg F [tenths deg F for monthly])                                                 
 DAY  1  2  3  4  5  6  7  8  9 10 11 12 13 14 15 16 17 18 19 20 21 22 23 24 25 26 27 28 29 30 31  MONTH
-------------------------------------------------------------------------------------------------       
JAN  51 51 51 51 50 50 50 50 50 50 50 50 50 50 50 50 50 50 50 50 51 51 51 51 51 51 51 52 52 52 52    506
FEB  52 53 53 53 53 53 54 54 54 55 55 55 55 56 56 56 56 57 57 57 58 58 58 59 59 59 60 60             559
MAR  60 61 61 61 62 62 62 63 63 63 63 64 64 64 65 65 65 66 66 66 66 67 67 67 68 68 68 68 69 69 69    649
APR  70 70 70 70 71 71 71 71 72 72 72 72 73 73 73 74 74 74 74 74 75 75 75 75 76 76 76 76 77 77       733
MAY  77 77 78 78 78 78 79 79 79 79 79 80 80 80 80 81 81 81 81 82 82 82 82 82 83 83 83 83 84 84 84    806
JUN  84 85 85 85 85 85 86 86 86 86 86 87 87 87 87 87 88 88 88 88 88 88 88 89 89 89 89 89 89 89       871
JUL  89 90 90 90 90 90 90 90 90 90 90 90 90 90 91 91 91 91 91 91 91 91 91 91 91 91 91 91 91 91 91    905
AUG  91 91 91 91 91 91 91 90 90 90 90 90 90 90 90 90 90 90 89 89 89 89 89 89 89 88 88 88 88 88 88    896
SEP  87 87 87 87 87 86 86 86 86 85 85 85 85 85 84 84 84 83 83 83 83 82 82 82 81 81 81 80 80 80       839
OCT  79 79 79 78 78 78 77 77 77 76 76 76 75 75 75 74 74 74 73 73 72 72 72 71 71 71 70 70 70 69 69    742
NOV  68 68 68 67 67 67 66 66 66 65 65 65 64 64 64 63 63 63 62 62 62 61 61 61 60 60 60 59 59 59       635
DEC  58 58 58 57 57 57 56 56 56 56 55 55 55 55 54 54 54 54 53 53 53 53 53 52 52 52 52 52 51 51 51    543
                                                                                                        
-------------------------------------------------------------------------------------------------       
 Average Temperature (deg F [tenths deg F for monthly])                                                 
 DAY  1  2  3  4  5  6  7  8  9 10 11 12 13 14 15 16 17 18 19 20 21 22 23 24 25 26 27 28 29 30 31  MONTH
-------------------------------------------------------------------------------------------------       
JAN  41 41 41 40 40 40 40 40 40 40 40 40 40 40 40 40 40 40 40 40 40 40 40 40 40 41 41 41 41 41 41    403
FEB  41 41 42 42 42 42 42 43 43 43 43 43 44 44 44 44 44 45 45 45 46 46 46 46 47 47 47 48             441
MAR  48 48 48 49 49 49 50 50 50 51 51 51 51 52 52 52 53 53 53 53 54 54 54 54 55 55 55 56 56 56 56    522
APR  57 57 57 57 58 58 58 58 59 59 59 59 60 60 60 60 61 61 61 61 62 62 62 62 63 63 63 64 64 64       603
MAY  64 65 65 65 65 66 66 66 67 67 67 67 68 68 68 68 69 69 69 69 70 70 70 71 71 71 71 72 72 72 72    684
JUN  73 73 73 73 74 74 74 74 75 75 75 75 75 76 76 76 76 76 77 77 77 77 77 78 78 78 78 78 78 78       758
JUL  79 79 79 79 79 79 80 80 80 80 80 80 80 80 80 80 80 80 80 80 80 80 80 80 80 80 80 80 80 80 80    798
AUG  80 80 80 80 80 80 80 80 80 80 80 79 79 79 79 79 79 79 79 79 78 78 78 78 78 78 78 78 77 77 77    789
SEP  77 77 76 76 76 76 76 75 75 75 75 74 74 74 74 73 73 73 72 72 72 71 71 71 70 70 69 69 69 68       731
OCT  68 67 67 66 66 66 65 65 64 64 64 63 63 62 62 62 61 61 61 60 60 59 59 59 58 58 58 57 57 57 57    618
NOV  56 56 56 55 55 55 54 54 54 53 53 53 53 52 52 52 51 51 51 50 50 50 50 49 49 49 48 48 48 47       518
DEC  47 47 47 46 46 46 45 45 45 45 44 44 44 44 43 43 43 43 43 42 42 42 42 42 42 41 41 41 41 41 41    435
                                                                                                        
-------------------------------------------------------------------------------------------------       
 Heating Degree Days                                                                                    
 DAY  1  2  3  4  5  6  7  8  9 10 11 12 13 14 15 16 17 18 19 20 21 22 23 24 25 26 27 28 29 30 31  MONTH
-------------------------------------------------------------------------------------------------       
JAN  24 25 25 25 25 25 25 25 25 25 25 25 25 25 25 25 25 25 25 25 25 25 25 25 25 25 24 24 24 24 24    769
FEB  24 24 23 23 23 23 23 22 22 22 22 22 21 21 21 21 20 20 20 20 19 19 19 19 18 18 18 18             585
MAR  17 17 17 16 16 16 15 15 15 15 14 14 14 14 13 13 13 12 12 12 12 11 11 11 10 10 10 10  9  9  9    402
APR   9  8  8  8  8  7  7  7  7  6  6  6  6  6  5  5  5  5  5  5  4  4  4  4  4  4  4  3  3  3       166
MAY   3  3  3  3  3  2  2  2  2  2  2  2  2  2  2  1  1  1  1  1  1  1  1  1  1  1  1  1  1  1  0     50
JUN -99  0  0  0  0  0  0  0  0  0  0  0  0  0  0  0  0  0  0  0  0  0  0  0  0  0  0  0  0  0         1
JUL   0  0  0  0  0  0  0  0  0  0  0  0  0  0  0  0  0  0  0  0  0  0  0  0  0  0  0  0  0  0  0      0
AUG   0  0  0  0  0  0  0  0  0  0  0  0  0  0  0  0  0  0  0  0  0  0  0  0  0  0  0  0  0  0  0      0
SEP   0  0  0  0  0  0  0  0  0  0  0  0  0  0  0  0  0  0  0  0  0  1  1  1  1  1  1  1  2  2        11
OCT   2  2  2  3  3  3  3  3  4  4  4  4  5  5  5  5  5  6  6  6  6  7  7  7  7  8  8  8  8  9  9    164
NOV   9 10 10 10 10 11 11 11 12 12 12 12 13 13 13 14 14 14 14 15 15 15 16 16 16 16 17 17 17 18       403
DEC  18 18 19 19 19 19 20 20 20 20 21 21 21 21 22 22 22 22 22 23 23 23 23 23 24 24 24 24 24 24 24    669
                                                                                                        
-------------------------------------------------------------------------------------------------       
 Cooling Degree Days                                                                                    
 DAY  1  2  3  4  5  6  7  8  9 10 11 12 13 14 15 16 17 18 19 20 21 22 23 24 25 26 27 28 29 30 31  MONTH
-------------------------------------------------------------------------------------------------       
JAN   0  0  0  0  0  0  0  0  0  0  0  0  0  0  0  0  0  0  0  0  0  0  0  0  0  0  0  0  0  0  0      0
FEB   0  0  0  0  0  0  0  0  0  0  0  0  0  0  0  0  0  0  0  0  0  0  0  0  0  0  0  0               0
MAR   0  0  0  0  0  0  0  0  0  0  0  0  0  0  0-99-99-99-99-99-99  0  0  0  0  0  0  0  0  0  0      6
APR   0  0  0  0  0  0  0  0  0  0  0  0  1  1  1  1  1  1  1  1  1  1  1  2  2  2  2  2  2  2        25
MAY   2  3  3  3  3  3  3  4  4  4  4  4  4  5  5  5  5  5  5  6  6  6  6  6  7  7  7  7  7  8  8    155
JUN   8  8  8  9  9  9  9  9 10 10 10 10 10 11 11 11 11 11 12 12 12 12 12 12 13 13 13 13 13 13       324
JUL  14 14 14 14 14 14 14 14 15 15 15 15 15 15 15 15 15 15 15 15 15 15 15 15 15 15 15 15 15 15 15    457
AUG  15 15 15 15 15 15 15 15 15 15 15 14 14 14 14 14 14 14 14 14 13 13 13 13 13 13 12 12 12 12 12    429
SEP  12 11 11 11 11 11 10 10 10 10 10  9  9  9  9  8  8  8  8  7  7  7  7  6  6  6  6  5  5  5       252
OCT   5  4  4  4  4  3  3  3  3  3  2  2  2  2  2  2  2  1  1  1  1  1  1  1  1  1  1  1  1  0  0     62
NOV -99-99-99-99-99-99  0  0  0  0  0  0  0  0  0  0  0  0  0  0  0  0  0  0  0  0  0  0  0  0         6
DEC   0  0  0  0  0  0  0  0  0  0  0  0  0  0  0  0  0  0  0  0  0  0  0  0  0  0  0  0  0  0  0      0
                                                                                                        
-------------------------------------------------------------------------------------------------       
 Total  Precipitation (Hundreths of an Inch)                                                            
 DAY  1  2  3  4  5  6  7  8  9 10 11 12 13 14 15 16 17 18 19 20 21 22 23 24 25 26 27 28 29 30 31  MONTH
-------------------------------------------------------------------------------------------------       
JAN  18 18 18 18 18 19 19 19 19 19 19 19 19 19 19 20 20 20 19 19 19 19 19 19 19 19 19 19 19 18 18    585
FEB  18 18 18 17 17 17 17 17 17 17 17 17 17 17 17 17 17 17 17 18 18 18 18 18 18 19 19 19             491
MAR  19 20 20 20 20 21 21 21 21 21 21 22 22 22 22 22 22 22 22 22 22 22 22 21 21 21 21 21 21 20 20    655
APR  20 20 19 19 19 19 19 18 18 18 18 18 18 17 17 17 17 17 17 16 16 16 16 16 16 16 16 16 16 16       521
MAY  16 15 15 15 15 15 15 15 15 15 15 15 15 15 15 15 15 15 15 15 15 15 15 15 14 14 14 14 14 14 14    459
JUN  14 14 14 14 14 14 14 14 14 14 14 14 14 14 14 14 15 15 15 15 15 15 15 15 15 15 15 15 15 15       434
JUL  15 15 15 15 15 15 15 15 15 15 15 15 15 15 15 15 15 15 14 14 14 14 14 14 14 14 13 13 13 13 13    447
AUG  13 12 12 12 12 12 12 12 11 11 11 11 11 11 11 11 11 11 11 11 12 12 12 12 12 12 12 13 13 13 13    365
SEP  13 14 14 14 14 14 14 14 15 15 15 15 15 15 15 14 14 14 14 14 14 14 13 13 13 13 12 12 12 11       413
OCT  11 11 10 10 10 10  9  9  9  9  9  9  9  8  8  8  9  9  9  9  9  9  9  9 10 10 10 10 11 11 12    295
NOV  12 12 13 13 14 14 14 14 15 15 15 15 16 16 16 16 16 16 16 16 16 16 17 17 16 16 16 16 16 16       456
DEC  16 16 16 16 16 15 15 15 15 15 15 15 15 15 15 15 15 16 16 16 16 16 16 16 16 16 17 17 17 17 17    489
                                                                                                        
