-------------------------------------------------------------------------------------------------       
 1971-2000 Daily/Monthly Station Normals                                                                
 Provided by National Climatic Data Center/NESDIS/NOAA                                                  
-------------------------------------------------------------------------------------------------       
 Station COOP ID:                           015537                                                      
 Station Name, State, Division, Call:       MONTEVALLO                         AL 04                    
 Latitude, Longitude, Elevation, Elements:  33 05 53 -086 52 00   410   P                               
-------------------------------------------------------------------------------------------------       
 Total  Precipitation (Hundreths of an Inch)                                                            
 DAY  1  2  3  4  5  6  7  8  9 10 11 12 13 14 15 16 17 18 19 20 21 22 23 24 25 26 27 28 29 30 31  MONTH
-------------------------------------------------------------------------------------------------       
JAN  20 20 20 21 21 21 21 22 22 22 22 22 22 22 22 22 22 22 22 22 22 22 22 21 21 21 21 21 20 20 20    661
FEB  19 19 19 19 18 18 18 18 18 18 17 17 17 17 17 17 17 18 18 18 18 18 18 19 19 19 20 20             508
MAR  20 21 21 21 22 22 22 22 23 23 23 23 23 23 23 23 23 23 23 23 23 23 22 22 22 22 22 21 21 21 20    686
APR  20 19 19 19 18 18 18 17 17 17 17 16 16 16 16 16 16 15 15 15 15 15 15 15 15 15 15 15 15 15       490
MAY  15 15 15 15 15 15 15 15 15 15 15 15 15 15 15 15 15 15 16 16 16 16 16 16 16 16 16 15 15 15 15    474
JUN  15 15 15 15 15 15 15 15 15 15 16 16 16 16 16 16 16 16 16 16 16 16 16 17 17 17 17 17 17 17       477
JUL  17 17 18 18 18 18 18 18 18 18 18 18 18 18 18 18 18 18 17 17 17 17 17 16 16 16 16 16 15 15 15    532
AUG  14 14 14 14 13 13 13 13 12 12 12 12 12 12 12 11 11 11 11 11 11 11 11 11 12 12 12 12 12 12 12    375
SEP  12 13 13 13 13 13 13 13 14 14 14 14 14 14 14 14 14 13 13 13 13 13 13 13 13 12 12 12 12 12       393
OCT  11 11 11 11 10 10 10 10 10 10 10 10 10 10 10 10 10 10 10 10 10 10 10 10 11 11 11 11 12 12 12    324
NOV  13 13 13 14 14 14 14 15 15 15 15 15 15 16 16 16 16 16 16 16 16 16 16 16 16 16 16 16 16 16       457
DEC  16 16 16 16 16 15 15 15 15 16 16 16 16 16 16 16 16 16 16 17 17 17 17 17 18 18 18 18 19 19 19    514
                                                                                                        
