-------------------------------------------------------------------------------------------------       
 1971-2000 Daily/Monthly Station Normals                                                                
 Provided by National Climatic Data Center/NESDIS/NOAA                                                  
-------------------------------------------------------------------------------------------------       
 Station COOP ID:                           016246                                                      
 Station Name, State, Division, Call:       PALMERDALE                         AL 02                    
 Latitude, Longitude, Elevation, Elements:  33 44 43 -086 38 35   720   P                               
-------------------------------------------------------------------------------------------------       
 Total  Precipitation (Hundreths of an Inch)                                                            
 DAY  1  2  3  4  5  6  7  8  9 10 11 12 13 14 15 16 17 18 19 20 21 22 23 24 25 26 27 28 29 30 31  MONTH
-------------------------------------------------------------------------------------------------       
JAN  17 18 18 18 18 18 19 19 19 19 19 19 19 19 19 19 19 19 19 19 19 19 19 19 19 19 18 18 18 18 18    577
FEB  17 17 17 17 17 17 17 16 16 16 16 16 16 16 16 17 17 17 17 17 17 17 18 18 18 18 19 19             476
MAR  19 19 20 20 20 20 21 21 21 21 21 21 21 22 22 22 22 22 22 22 21 21 21 21 21 21 21 21 20 20 20    647
APR  20 19 19 19 19 18 18 18 18 17 17 17 17 17 16 16 16 16 16 16 16 15 15 15 15 15 15 15 15 15       500
MAY  14 14 14 14 14 14 14 14 14 14 14 14 14 14 14 14 14 14 13 13 13 14 14 14 14 14 14 14 14 14 14    431
JUN  14 14 14 14 14 14 14 14 15 15 15 15 15 15 15 15 15 15 15 16 16 16 16 16 16 16 16 16 17 17       455
JUL  17 17 17 17 17 17 17 17 17 17 17 17 17 17 17 17 17 16 16 16 16 16 15 15 15 14 14 14 13 13 13    495
AUG  12 12 12 11 11 11 10 10 10 10 10 10 10  9  9  9 10 10 10 10 10 10 10 11 11 11 11 12 12 12 13    329
SEP  13 14 14 15 15 15 15 16 16 16 16 16 17 17 17 17 17 17 17 16 16 16 16 16 15 15 15 15 14 14       468
OCT  14 13 13 12 12 12 12 11 11 11 11 11 10 10 10 10 10 10 10 10 10 10 11 11 11 11 11 12 12 12 12    346
NOV  13 13 13 14 14 14 15 15 15 15 15 16 16 16 16 16 16 16 16 16 16 16 16 16 16 16 16 16 16 16       460
DEC  16 16 16 15 15 15 15 15 15 15 15 15 15 15 15 15 15 15 15 16 16 16 16 16 16 16 16 17 17 17 17    484
                                                                                                        
