-------------------------------------------------------------------------------------------------       
 1971-2000 Daily/Monthly Station Normals                                                                
 Provided by National Climatic Data Center/NESDIS/NOAA                                                  
-------------------------------------------------------------------------------------------------       
 Station COOP ID:                           012730                                                      
 Station Name, State, Division, Call:       EUFAULA WILDLIFE REF               AL 07                    
 Latitude, Longitude, Elevation, Elements:  32 00 15 -085 05 09   215 XNP                               
-------------------------------------------------------------------------------------------------       
 Minimum Temperature (deg F [tenths deg F for monthly])                                                 
 DAY  1  2  3  4  5  6  7  8  9 10 11 12 13 14 15 16 17 18 19 20 21 22 23 24 25 26 27 28 29 30 31  MONTH
-------------------------------------------------------------------------------------------------       
JAN  35 35 35 35 35 35 35 35 35 35 35 34 34 34 34 34 34 34 35 35 35 35 35 35 35 35 35 35 35 35 35    348
FEB  35 35 35 36 36 36 36 36 36 36 37 37 37 37 37 38 38 38 38 38 39 39 39 40 40 40 40 41             375
MAR  41 41 42 42 42 42 43 43 43 44 44 44 44 44 45 45 45 45 45 46 46 46 46 46 46 46 46 47 47 47 47    445
APR  47 47 47 47 47 47 48 48 48 48 48 48 49 49 49 49 49 50 50 50 50 51 51 51 52 52 52 52 53 53       494
MAY  54 54 54 55 55 55 56 56 56 57 57 57 58 58 58 58 59 59 59 60 60 60 61 61 61 61 62 62 62 62 63    584
JUN  63 63 63 64 64 64 64 65 65 65 65 65 66 66 66 66 66 67 67 67 67 67 67 67 68 68 68 68 68 68       659
JUL  68 68 69 69 69 69 69 69 69 69 69 69 69 70 70 70 70 70 70 70 70 70 70 70 70 70 70 70 70 70 70    695
AUG  70 70 70 70 69 69 69 69 69 69 69 69 69 69 69 69 69 69 69 68 68 68 68 68 68 68 68 68 68 68 67    687
SEP  67 67 67 67 67 67 66 66 66 66 66 65 65 65 64 64 64 63 63 63 62 62 61 61 60 60 59 59 58 58       636
OCT  57 57 56 56 55 55 54 54 53 53 52 52 51 51 51 50 50 50 49 49 49 48 48 48 47 47 47 47 47 46 46    508
NOV  46 46 45 45 45 45 45 45 44 44 44 44 44 43 43 43 43 43 42 42 42 42 41 41 41 41 41 40 40 40       430
DEC  40 40 39 39 39 39 38 38 38 38 38 38 37 37 37 37 37 37 36 36 36 36 36 36 36 36 36 35 35 35 35    371
                                                                                                        
-------------------------------------------------------------------------------------------------       
 Maximum Temperature (deg F [tenths deg F for monthly])                                                 
 DAY  1  2  3  4  5  6  7  8  9 10 11 12 13 14 15 16 17 18 19 20 21 22 23 24 25 26 27 28 29 30 31  MONTH
-------------------------------------------------------------------------------------------------       
JAN  57 57 57 57 57 57 57 57 56 56 56 57 57 57 57 57 57 57 57 57 57 57 57 57 57 58 58 58 58 58 58    571
FEB  59 59 59 59 59 60 60 60 60 61 61 61 61 62 62 62 62 63 63 63 63 64 64 64 64 65 65 65             618
MAR  66 66 66 66 67 67 67 68 68 68 68 69 69 69 69 70 70 70 70 71 71 71 71 71 72 72 72 72 73 73 73    695
APR  73 73 74 74 74 74 74 74 75 75 75 75 76 76 76 76 76 77 77 77 77 77 78 78 78 78 79 79 79 79       761
MAY  79 80 80 80 80 81 81 81 81 81 82 82 82 82 83 83 83 83 83 84 84 84 84 85 85 85 85 86 86 86 86    828
JUN  86 87 87 87 87 88 88 88 88 88 88 89 89 89 89 89 89 89 90 90 90 90 90 90 90 90 90 90 91 91       889
JUL  91 91 91 91 91 91 91 91 91 91 91 91 91 91 91 91 91 91 91 91 91 91 91 91 91 91 91 91 91 91 91    910
AUG  91 91 91 91 91 91 91 91 91 90 90 90 90 90 90 90 90 90 90 90 90 90 89 89 89 89 89 89 89 89 89    900
SEP  89 89 88 88 88 88 88 88 87 87 87 87 87 86 86 86 86 85 85 85 85 84 84 84 84 83 83 83 82 82       858
OCT  82 81 81 80 80 80 79 79 79 78 78 78 78 77 77 77 76 76 76 75 75 75 75 74 74 74 73 73 73 73 72    767
NOV  72 72 72 71 71 71 70 70 70 70 69 69 69 69 68 68 68 67 67 67 66 66 66 65 65 65 65 64 64 64       680
DEC  63 63 63 62 62 62 61 61 61 61 60 60 60 60 60 59 59 59 59 59 58 58 58 58 58 58 58 57 57 57 57    596
                                                                                                        
-------------------------------------------------------------------------------------------------       
 Average Temperature (deg F [tenths deg F for monthly])                                                 
 DAY  1  2  3  4  5  6  7  8  9 10 11 12 13 14 15 16 17 18 19 20 21 22 23 24 25 26 27 28 29 30 31  MONTH
-------------------------------------------------------------------------------------------------       
JAN  46 46 46 46 46 46 46 46 46 46 45 45 45 46 46 46 46 46 46 46 46 46 46 46 46 46 46 46 47 47 47    460
FEB  47 47 47 48 48 48 48 48 48 49 49 49 49 49 50 50 50 50 51 51 51 51 52 52 52 52 53 53             497
MAR  53 54 54 54 54 55 55 55 56 56 56 56 57 57 57 57 57 58 58 58 58 58 59 59 59 59 59 59 60 60 60    570
APR  60 60 60 60 61 61 61 61 61 62 62 62 62 62 63 63 63 63 63 64 64 64 64 65 65 65 65 66 66 66       628
MAY  67 67 67 67 68 68 68 69 69 69 69 70 70 70 70 71 71 71 71 72 72 72 73 73 73 73 73 74 74 74 74    706
JUN  75 75 75 75 76 76 76 76 76 77 77 77 77 77 78 78 78 78 78 78 78 79 79 79 79 79 79 79 79 79       774
JUL  80 80 80 80 80 80 80 80 80 80 80 80 80 80 80 80 80 81 81 81 81 81 81 81 81 81 80 80 80 80 80    803
AUG  80 80 80 80 80 80 80 80 80 80 80 80 80 80 80 80 79 79 79 79 79 79 79 79 79 79 79 78 78 78 78    794
SEP  78 78 78 78 77 77 77 77 77 76 76 76 76 76 75 75 75 74 74 74 73 73 73 72 72 72 71 71 70 70       747
OCT  69 69 69 68 68 67 67 66 66 66 65 65 65 64 64 64 63 63 63 62 62 62 61 61 61 60 60 60 60 59 59    638
NOV  59 59 59 58 58 58 58 57 57 57 57 56 56 56 56 55 55 55 55 54 54 54 54 53 53 53 53 52 52 52       555
DEC  52 51 51 51 50 50 50 50 50 49 49 49 49 49 48 48 48 48 48 47 47 47 47 47 47 47 47 46 46 46 46    484
                                                                                                        
-------------------------------------------------------------------------------------------------       
 Heating Degree Days                                                                                    
 DAY  1  2  3  4  5  6  7  8  9 10 11 12 13 14 15 16 17 18 19 20 21 22 23 24 25 26 27 28 29 30 31  MONTH
-------------------------------------------------------------------------------------------------       
JAN  19 19 19 19 19 20 20 20 20 20 20 20 20 20 20 20 20 20 19 19 19 19 19 19 19 19 19 19 18 18 18    599
FEB  18 18 18 18 17 17 17 17 17 16 16 16 16 16 15 15 15 15 14 14 14 14 14 13 13 13 13 12             431
MAR  12 12 12 11 11 11 11 10 10 10 10 10  9  9  9  9  8  8  8  8  8  7  7  7  7  7  7  6  6  6  6    272
APR   6  6  5  5  5  5  5  5  5  4  4  4  4  4  4  4  4  3  3  3  3  3  3  3  3  2  2  2  2  2       113
MAY   2  2  2  2  2  1  1  1  1  1  1  1  1  1  1  1  1  1  0  0  0  0  0  0  0  0  0  0  0  0  0     23
JUN   0  0  0  0  0  0  0  0  0  0  0  0  0  0  0  0  0  0  0  0  0  0  0  0  0  0  0  0  0  0         0
JUL   0  0  0  0  0  0  0  0  0  0  0  0  0  0  0  0  0  0  0  0  0  0  0  0  0  0  0  0  0  0  0      0
AUG   0  0  0  0  0  0  0  0  0  0  0  0  0  0  0  0  0  0  0  0  0  0  0  0  0  0  0  0  0  0  0      0
SEP   0  0  0  0  0  0  0  0  0  0  0  0  0  0  0  0  0  0  0  0  0  0  0  0  0  0  0  1  1  1         3
OCT   1  2  2  2  2  2  2  3  3  3  3  3  3  4  4  4  4  4  4  5  5  5  5  5  6  6  6  6  6  7  7    124
NOV   7  7  7  7  8  8  8  8  9  9  9  9  9 10 10 10 10 11 11 11 11 12 12 12 12 12 13 13 13 14       302
DEC  14 14 14 15 15 15 15 15 16 16 16 16 16 17 17 17 17 17 18 18 18 18 18 18 18 19 19 19 19 19 19    522
                                                                                                        
-------------------------------------------------------------------------------------------------       
 Cooling Degree Days                                                                                    
 DAY  1  2  3  4  5  6  7  8  9 10 11 12 13 14 15 16 17 18 19 20 21 22 23 24 25 26 27 28 29 30 31  MONTH
-------------------------------------------------------------------------------------------------       
JAN   0  0  0  0  0  0  0  0  0  0  0  0  0  0  0  0  0  0  0  0  0  0  0  0  0  0  0  0  0  0  0      0
FEB   0  0  0  0  0  0  0  0  0  0  0  0  0  0  0  0  0  0  0  0  0  0  0  0  0  0  0  0               0
MAR   0  0  0  0  0  0  0  1  1  1  1  1  1  1  1  1  1  1  1  1  1  1  1  1  1  1  1  1  1  1  1     24
APR   1  1  1  1  1  1  1  1  1  1  1  1  1  1  1  1  1  1  2  2  2  2  2  2  2  2  3  3  3  3        46
MAY   3  4  4  4  4  4  4  5  5  5  5  5  6  6  6  6  6  7  7  7  7  8  8  8  8  8  9  9  9  9 10    196
JUN  10 10 10 10 11 11 11 11 11 12 12 12 12 12 13 13 13 13 13 13 13 14 14 14 14 14 14 14 14 14       372
JUL  15 15 15 15 15 15 15 15 15 15 15 15 15 15 15 15 15 15 15 16 16 16 16 16 16 16 16 15 15 15 15    473
AUG  15 15 15 15 15 15 15 15 15 15 15 15 15 15 15 15 14 14 14 14 14 14 14 14 14 14 13 13 13 13 13    445
SEP  13 13 12 12 12 12 12 11 11 11 11 11 11 10 10 10 10  9  9  9  9  8  8  8  8  7  7  7  6  6       293
OCT   6  6  5  5  5  4  4  4  4  3  3  3  3  3  3  2  2  2  2  2  2  2  1  1  1  1  1  1  1  1  1     84
NOV   1  1  1  1  1  1  1  1  1  1  1  1  1  1  1  1  0  0  0  0  0  0  0  0  0  0  0  0  0  0        16
DEC -99-99-99-99-99-99  0  0  0  0  0  0  0  0  0  0  0  0  0  0  0  0  0  0  0  0  0  0  0  0  0      6
                                                                                                        
-------------------------------------------------------------------------------------------------       
 Total  Precipitation (Hundreths of an Inch)                                                            
 DAY  1  2  3  4  5  6  7  8  9 10 11 12 13 14 15 16 17 18 19 20 21 22 23 24 25 26 27 28 29 30 31  MONTH
-------------------------------------------------------------------------------------------------       
JAN  17 17 17 17 17 17 17 17 18 18 18 18 18 18 18 18 18 18 18 18 18 18 17 17 17 17 17 17 17 17 16    540
FEB  16 16 16 16 16 16 16 15 15 15 15 15 16 16 16 16 16 16 16 17 17 17 17 18 18 18 19 19             459
MAR  19 20 20 20 21 21 21 21 21 21 22 22 22 22 22 22 22 22 21 21 21 21 21 20 20 20 20 19 19 18 18    640
APR  18 17 17 16 16 15 15 15 14 14 14 13 13 13 13 12 12 12 12 12 12 12 11 11 11 11 11 11 11 11       395
MAY  11 11 11 11 11 11 12 12 12 12 12 12 12 12 12 12 12 12 12 12 12 12 12 12 12 12 12 13 13 13 13    370
JUN  13 13 13 13 13 13 13 13 13 13 13 14 14 14 14 14 14 14 14 14 15 15 15 15 15 15 15 16 16 16       422
JUL  16 16 16 16 17 17 17 17 17 17 17 17 17 17 17 17 17 17 16 16 16 16 16 16 15 15 15 15 15 14 14    501
AUG  14 13 13 13 13 12 12 12 12 12 11 11 11 11 11 11 11 11 11 11 10 10 10 10 10 11 11 11 11 11 11    352
SEP  11 11 11 11 11 11 12 12 12 12 12 12 12 12 12 12 12 12 11 11 11 11 11 11 11 11 11 10 10 10       339
OCT  10 10  9  9  9  9  9  9  9  9  9  9  9  9  9  9  9  9  9  9  9  9 10 10 10 10 10 10 11 11 11    293
NOV  12 12 12 12 13 13 13 13 13 14 14 14 14 14 14 15 15 15 15 15 15 15 15 15 15 15 15 15 15 15       422
DEC  15 15 15 15 15 15 15 14 14 15 15 15 15 15 15 15 15 15 15 15 15 15 15 15 15 16 16 16 16 16 16    469
                                                                                                        
