-------------------------------------------------------------------------------------------------       
 1971-2000 Daily/Monthly Station Normals                                                                
 Provided by National Climatic Data Center/NESDIS/NOAA                                                  
-------------------------------------------------------------------------------------------------       
 Station COOP ID:                           011525                                                      
 Station Name, State, Division, Call:       CENTREVILLE 6 SW                   AL 03                    
 Latitude, Longitude, Elevation, Elements:  32 51 58 -087 14 18   450 XNP                               
-------------------------------------------------------------------------------------------------       
 Minimum Temperature (deg F [tenths deg F for monthly])                                                 
 DAY  1  2  3  4  5  6  7  8  9 10 11 12 13 14 15 16 17 18 19 20 21 22 23 24 25 26 27 28 29 30 31  MONTH
-------------------------------------------------------------------------------------------------       
JAN  33 33 33 33 32 32 32 32 32 32 32 32 32 32 32 32 32 32 32 32 32 32 32 33 33 33 33 33 33 33 33    324
FEB  33 33 33 33 33 33 34 34 34 34 34 34 35 35 35 35 35 36 36 36 36 37 37 37 37 38 38 38             351
MAR  38 39 39 39 40 40 40 40 41 41 41 42 42 42 42 42 43 43 43 43 44 44 44 44 44 45 45 45 45 45 46    423
APR  46 46 46 46 46 47 47 47 47 47 48 48 48 48 49 49 49 49 50 50 50 51 51 51 52 52 52 52 53 53       490
MAY  53 54 54 55 55 55 56 56 56 57 57 57 57 58 58 58 59 59 59 60 60 60 60 61 61 61 62 62 62 62 63    583
JUN  63 63 63 64 64 64 64 64 65 65 65 65 66 66 66 66 66 66 67 67 67 67 67 67 67 68 68 68 68 68       658
JUL  68 68 68 69 69 69 69 69 69 69 69 69 69 69 69 69 69 69 69 69 69 69 69 70 70 70 70 70 70 69 69    691
AUG  69 69 69 69 69 69 69 69 69 69 69 69 69 69 69 69 69 68 68 68 68 68 68 68 68 68 67 67 67 67 67    684
SEP  67 66 66 66 66 66 65 65 65 65 64 64 64 63 63 63 63 62 62 61 61 61 60 60 59 59 59 58 58 57       626
OCT  57 56 56 55 55 54 54 53 53 53 52 52 51 51 51 50 50 49 49 49 49 48 48 48 47 47 47 47 46 46 46    506
NOV  46 45 45 45 45 44 44 44 44 44 43 43 43 43 42 42 42 42 41 41 41 40 40 40 40 39 39 39 39 38       421
DEC  38 38 37 37 37 37 36 36 36 36 35 35 35 35 35 35 34 34 34 34 34 34 33 33 33 33 33 33 33 33 33    348
                                                                                                        
-------------------------------------------------------------------------------------------------       
 Maximum Temperature (deg F [tenths deg F for monthly])                                                 
 DAY  1  2  3  4  5  6  7  8  9 10 11 12 13 14 15 16 17 18 19 20 21 22 23 24 25 26 27 28 29 30 31  MONTH
-------------------------------------------------------------------------------------------------       
JAN  55 55 55 55 54 54 54 54 54 54 54 54 54 54 54 54 55 55 55 55 55 55 55 55 55 56 56 56 56 56 56    548
FEB  57 57 57 57 57 58 58 58 58 59 59 59 59 60 60 60 60 61 61 61 62 62 62 62 63 63 63 64             599
MAR  64 64 65 65 65 66 66 66 67 67 67 67 68 68 68 69 69 69 69 70 70 70 70 71 71 71 71 71 72 72 72    684
APR  72 73 73 73 73 73 74 74 74 74 75 75 75 75 75 76 76 76 76 76 77 77 77 77 78 78 78 78 78 79       755
MAY  79 79 79 79 80 80 80 80 80 81 81 81 81 82 82 82 82 83 83 83 83 83 84 84 84 84 85 85 85 85 86    821
JUN  86 86 86 87 87 87 87 88 88 88 88 88 88 89 89 89 89 89 89 90 90 90 90 90 90 90 90 91 91 91       887
JUL  91 91 91 91 91 91 91 91 91 91 91 91 91 91 91 92 92 92 92 92 92 92 92 92 92 92 92 92 92 92 92    915
AUG  92 92 92 92 92 92 91 91 91 91 91 91 91 91 91 91 91 91 91 90 90 90 90 90 90 90 90 90 89 89 89    907
SEP  89 89 89 88 88 88 88 88 87 87 87 87 87 86 86 86 86 85 85 85 84 84 84 84 83 83 83 82 82 81       857
OCT  81 81 80 80 80 79 79 79 78 78 78 77 77 77 76 76 76 75 75 75 74 74 74 73 73 73 72 72 72 71 71    760
NOV  71 70 70 70 69 69 69 69 68 68 68 67 67 67 66 66 66 65 65 65 64 64 64 63 63 63 62 62 62 61       661
DEC  61 61 60 60 60 60 59 59 59 58 58 58 58 58 57 57 57 57 56 56 56 56 56 56 56 55 55 55 55 55 55    574
                                                                                                        
-------------------------------------------------------------------------------------------------       
 Average Temperature (deg F [tenths deg F for monthly])                                                 
 DAY  1  2  3  4  5  6  7  8  9 10 11 12 13 14 15 16 17 18 19 20 21 22 23 24 25 26 27 28 29 30 31  MONTH
-------------------------------------------------------------------------------------------------       
JAN  44 44 44 44 43 43 43 43 43 43 43 43 43 43 43 43 43 43 44 44 44 44 44 44 44 44 44 44 44 45 45    436
FEB  45 45 45 45 45 46 46 46 46 46 47 47 47 47 47 48 48 48 48 49 49 49 49 50 50 50 51 51             475
MAR  51 52 52 52 52 53 53 53 54 54 54 54 55 55 55 56 56 56 56 57 57 57 57 57 58 58 58 58 59 59 59    554
APR  59 59 59 60 60 60 60 61 61 61 61 61 62 62 62 62 63 63 63 63 63 64 64 64 65 65 65 65 66 66       623
MAY  66 66 67 67 67 68 68 68 68 69 69 69 69 70 70 70 70 71 71 71 72 72 72 72 73 73 73 73 74 74 74    702
JUN  74 75 75 75 75 76 76 76 76 77 77 77 77 77 77 78 78 78 78 78 78 79 79 79 79 79 79 79 79 79       773
JUL  79 80 80 80 80 80 80 80 80 80 80 80 80 80 80 80 80 80 80 80 80 81 81 81 81 81 81 81 81 81 81    803
AUG  81 81 81 81 80 80 80 80 80 80 80 80 80 80 80 80 80 80 80 79 79 79 79 79 79 79 79 78 78 78 78    796
SEP  78 78 78 77 77 77 77 76 76 76 76 76 75 75 75 74 74 74 73 73 73 72 72 72 71 71 71 70 70 69       742
OCT  69 69 68 68 67 67 66 66 66 65 65 65 64 64 63 63 63 62 62 62 61 61 61 60 60 60 60 59 59 59 58    633
NOV  58 58 58 57 57 57 57 56 56 56 55 55 55 55 54 54 54 53 53 53 53 52 52 52 51 51 51 50 50 50       541
DEC  50 49 49 49 48 48 48 48 47 47 47 47 46 46 46 46 46 45 45 45 45 45 45 44 44 44 44 44 44 44 44    461
                                                                                                        
-------------------------------------------------------------------------------------------------       
 Heating Degree Days                                                                                    
 DAY  1  2  3  4  5  6  7  8  9 10 11 12 13 14 15 16 17 18 19 20 21 22 23 24 25 26 27 28 29 30 31  MONTH
-------------------------------------------------------------------------------------------------       
JAN  21 21 22 22 22 22 22 22 22 22 22 22 22 22 22 22 22 22 22 22 22 21 21 21 21 21 21 21 21 21 20    669
FEB  20 20 20 20 20 19 19 19 19 19 18 18 18 18 18 17 17 17 17 16 16 16 16 15 15 15 14 14             490
MAR  14 14 13 13 13 12 12 12 12 11 11 11 11 10 10 10 10 10  9  9  9  9  8  8  8  8  8  7  7  7  7    313
APR   7  7  6  6  6  6  6  6  5  5  5  5  5  5  4  4  4  4  4  4  3  3  3  3  3  3  3  2  2  2       131
MAY   2  2  2  2  2  1  1  1  1  1  1  1  1  1  1  1  0  0  0  0  0  0  0  0  0  0  0  0  0  0  0     21
JUN   0  0  0  0  0  0  0  0  0  0  0  0  0  0  0  0  0  0  0  0  0  0  0  0  0  0  0  0  0  0         0
JUL   0  0  0  0  0  0  0  0  0  0  0  0  0  0  0  0  0  0  0  0  0  0  0  0  0  0  0  0  0  0  0      0
AUG   0  0  0  0  0  0  0  0  0  0  0  0  0  0  0  0  0  0  0  0  0  0  0  0  0  0  0  0  0  0  0      0
SEP   0  0  0  0  0  0  0  0  0  0  0  0  0  0  0  0  0  0  0  0  0  0  0  1  1  1  1  1  1  1         7
OCT   1  2  2  2  2  2  2  2  3  3  3  3  3  3  4  4  4  4  4  5  5  5  5  6  6  6  6  7  7  7  7    125
NOV   7  8  8  8  9  9  9  9 10 10 10 10 11 11 11 12 12 12 12 13 13 13 13 14 14 14 15 15 15 15       342
DEC  16 16 16 17 17 17 17 18 18 18 18 19 19 19 19 19 19 20 20 20 20 20 20 21 21 21 21 21 21 21 21    590
                                                                                                        
-------------------------------------------------------------------------------------------------       
 Cooling Degree Days                                                                                    
 DAY  1  2  3  4  5  6  7  8  9 10 11 12 13 14 15 16 17 18 19 20 21 22 23 24 25 26 27 28 29 30 31  MONTH
-------------------------------------------------------------------------------------------------       
JAN   0  0  0  0  0  0  0  0  0  0  0  0  0  0  0  0  0  0  0  0  0  0  0  0  0  0  0  0  0  0  0      0
FEB   0  0  0  0  0  0  0  0  0  0  0  0  0  0  0  0  0  0  0  0  0  0  0  0  0  0  0  0               0
MAR   0  0  0  0  0  0  0  0  0  0  0  0  0  0  0  0  0  0  1  1  1  1  1  1  1  1  1  1  1  1  1     13
APR   1  1  1  1  1  1  1  1  1  1  1  1  1  1  1  2  2  2  2  2  2  2  2  2  2  2  3  3  3  3        49
MAY   3  3  3  4  4  4  4  4  4  5  5  5  5  5  5  6  6  6  6  7  7  7  7  7  8  8  8  8  9  9  9    181
JUN   9 10 10 10 10 11 11 11 11 11 12 12 12 12 12 13 13 13 13 13 13 13 14 14 14 14 14 14 14 14       367
JUL  14 14 15 15 15 15 15 15 15 15 15 15 15 15 15 15 15 15 15 15 16 16 16 16 16 16 16 16 16 16 16    474
AUG  16 16 16 16 15 15 15 15 15 15 15 15 15 15 15 15 15 15 14 14 14 14 14 14 14 14 13 13 13 13 13    451
SEP  13 12 12 12 12 12 11 11 11 11 11 10 10 10 10  9  9  9  9  8  8  8  8  7  7  7  6  6  6  6       281
OCT   5  5  5  4  4  4  4  4  3  3  3  3  2  2  2  2  2  2  2  1  1  1  1  1  1  1  1  1  1  1  1     73
NOV   1  1  1  1  1  1  1  1  1  1  1  1  1  1  0  0  0  0  0  0  0  0  0  0  0  0  0  0  0  0        14
DEC -99-99-99-99-99  0  0  0  0  0  0  0  0  0  0  0  0  0  0  0  0  0  0  0  0  0  0  0  0  0  0      5
                                                                                                        
-------------------------------------------------------------------------------------------------       
 Total  Precipitation (Hundreths of an Inch)                                                            
 DAY  1  2  3  4  5  6  7  8  9 10 11 12 13 14 15 16 17 18 19 20 21 22 23 24 25 26 27 28 29 30 31  MONTH
-------------------------------------------------------------------------------------------------       
JAN  19 19 19 19 19 20 20 20 20 20 20 20 20 20 20 21 21 21 21 21 21 21 21 20 20 20 20 20 20 20 20    623
FEB  20 20 20 20 19 19 19 19 19 19 19 19 19 19 19 19 20 20 20 20 20 20 20 21 21 21 21 21             553
MAR  22 22 22 22 22 23 23 23 23 23 23 23 23 23 23 23 23 23 23 23 23 23 23 23 22 22 22 22 21 21 21    698
APR  21 20 20 20 19 19 19 19 18 18 18 18 17 17 17 17 17 16 16 16 16 16 16 15 15 15 15 15 15 15       515
MAY  15 14 14 14 14 14 14 14 14 14 14 14 14 14 14 14 14 14 14 14 14 14 13 13 13 14 14 14 14 14 14    432
JUN  14 14 14 14 14 14 14 14 14 14 14 14 14 15 15 15 15 15 15 15 15 15 16 16 16 16 16 16 16 17       446
JUL  17 17 17 17 17 17 17 17 18 18 18 18 18 18 18 18 17 17 17 17 17 17 17 17 16 16 16 16 16 15 15    526
AUG  15 14 14 14 14 14 13 13 13 13 13 13 13 13 13 13 13 13 13 13 13 13 13 13 13 13 13 13 14 14 14    413
SEP  14 15 15 15 15 15 15 15 15 15 16 16 16 15 15 15 15 15 15 15 15 15 14 14 14 14 14 13 13 13       441
OCT  12 12 12 11 11 11 11 10 10 10 10 10 10 10 10 10 10 10 10 10 10 10 10 11 11 11 11 12 12 12 12    332
NOV  13 13 13 14 14 14 15 15 15 15 15 16 16 16 16 16 16 17 17 17 17 17 17 17 17 17 17 17 17 17       473
DEC  17 17 17 16 16 16 16 16 16 16 16 16 16 16 17 17 17 17 17 17 17 17 17 17 18 18 18 18 18 18 19    524
                                                                                                        
