-------------------------------------------------------------------------------------------------       
 1971-2000 Daily/Monthly Station Normals                                                                
 Provided by National Climatic Data Center/NESDIS/NOAA                                                  
-------------------------------------------------------------------------------------------------       
 Station COOP ID:                           010369                                                      
 Station Name, State, Division, Call:       ASHLAND 3 SE                       AL 05                    
 Latitude, Longitude, Elevation, Elements:  33 13 56 -085 48 38  1010 XNP                               
-------------------------------------------------------------------------------------------------       
 Minimum Temperature (deg F [tenths deg F for monthly])                                                 
 DAY  1  2  3  4  5  6  7  8  9 10 11 12 13 14 15 16 17 18 19 20 21 22 23 24 25 26 27 28 29 30 31  MONTH
-------------------------------------------------------------------------------------------------       
JAN  34 34 34 34 34 34 33 33 33 33 33 33 33 33 33 33 33 33 33 33 33 33 33 33 33 34 34 34 34 34 34    334
FEB  34 34 34 34 34 35 35 35 35 35 35 36 36 36 36 36 37 37 37 37 37 38 38 38 38 39 39 39             362
MAR  39 40 40 40 40 41 41 41 41 42 42 42 42 42 43 43 43 43 44 44 44 44 44 45 45 45 45 45 45 46 46    428
APR  46 46 46 47 47 47 47 47 48 48 48 48 48 49 49 49 49 50 50 50 50 51 51 51 52 52 52 52 53 53       492
MAY  53 54 54 54 55 55 55 55 56 56 56 57 57 57 57 58 58 58 59 59 59 59 60 60 60 60 61 61 61 61 61    576
JUN  62 62 62 62 63 63 63 63 63 64 64 64 64 65 65 65 65 65 65 66 66 66 66 66 67 67 67 67 67 67       647
JUL  68 68 68 68 68 68 69 69 69 69 69 69 69 69 69 69 69 69 69 69 69 69 69 69 69 69 69 69 69 69 69    688
AUG  69 69 69 69 69 69 69 69 69 69 69 68 68 68 68 68 68 68 68 68 68 68 68 67 67 67 67 67 67 67 67    681
SEP  67 67 66 66 66 66 66 66 65 65 65 65 64 64 64 64 63 63 63 62 62 61 61 61 60 60 59 59 58 58       632
OCT  57 57 57 56 56 55 55 54 54 54 53 53 52 52 52 51 51 51 50 50 50 49 49 49 49 48 48 48 48 48 47    517
NOV  47 47 47 47 47 46 46 46 46 45 45 45 45 45 44 44 44 44 43 43 43 43 42 42 42 42 41 41 41 40       441
DEC  40 40 40 39 39 39 38 38 38 38 37 37 37 37 37 36 36 36 36 36 35 35 35 35 35 35 35 34 34 34 34    366
                                                                                                        
-------------------------------------------------------------------------------------------------       
 Maximum Temperature (deg F [tenths deg F for monthly])                                                 
 DAY  1  2  3  4  5  6  7  8  9 10 11 12 13 14 15 16 17 18 19 20 21 22 23 24 25 26 27 28 29 30 31  MONTH
-------------------------------------------------------------------------------------------------       
JAN  52 52 52 52 52 52 52 52 51 51 51 51 51 51 52 52 52 52 52 52 52 52 52 52 52 53 53 53 53 53 53    520
FEB  54 54 54 54 55 55 55 55 55 56 56 56 56 57 57 57 57 58 58 58 59 59 59 59 60 60 60 60             569
MAR  61 61 61 62 62 62 63 63 63 63 64 64 64 65 65 65 65 66 66 66 66 67 67 67 67 68 68 68 69 69 69    650
APR  69 70 70 70 70 71 71 71 71 71 72 72 72 72 73 73 73 73 73 74 74 74 74 74 75 75 75 75 75 76       726
MAY  76 76 76 76 77 77 77 77 77 78 78 78 78 78 79 79 79 79 79 80 80 80 80 81 81 81 81 82 82 82 82    789
JUN  83 83 83 83 83 84 84 84 84 84 85 85 85 85 85 85 86 86 86 86 86 86 86 87 87 87 87 87 87 87       852
JUL  87 87 87 88 88 88 88 88 88 88 88 88 88 88 88 88 88 88 88 88 88 88 88 88 88 88 88 88 88 88 88    879
AUG  88 88 88 88 88 88 88 88 88 88 88 88 88 88 88 87 87 87 87 87 87 87 87 87 87 86 86 86 86 86 86    873
SEP  85 85 85 85 85 85 84 84 84 84 84 83 83 83 83 82 82 82 82 81 81 81 81 80 80 80 79 79 79 78       823
OCT  78 78 77 77 77 76 76 76 75 75 75 75 74 74 74 73 73 73 72 72 72 71 71 71 70 70 70 70 69 69 69    733
NOV  68 68 68 68 67 67 67 66 66 66 65 65 65 64 64 64 63 63 63 62 62 62 61 61 61 60 60 60 59 59       638
DEC  59 58 58 58 58 57 57 57 56 56 56 56 55 55 55 55 54 54 54 54 54 53 53 53 53 53 53 52 52 52 52    549
                                                                                                        
-------------------------------------------------------------------------------------------------       
 Average Temperature (deg F [tenths deg F for monthly])                                                 
 DAY  1  2  3  4  5  6  7  8  9 10 11 12 13 14 15 16 17 18 19 20 21 22 23 24 25 26 27 28 29 30 31  MONTH
-------------------------------------------------------------------------------------------------       
JAN  43 43 43 43 43 43 43 42 42 42 42 42 42 42 42 42 42 42 43 43 43 43 43 43 43 43 43 43 43 44 44    427
FEB  44 44 44 44 45 45 45 45 45 46 46 46 46 46 47 47 47 47 47 48 48 48 48 49 49 49 50 50             466
MAR  50 50 51 51 51 51 52 52 52 53 53 53 53 54 54 54 54 54 55 55 55 55 56 56 56 56 57 57 57 57 57    539
APR  58 58 58 58 58 59 59 59 59 60 60 60 60 61 61 61 61 61 62 62 62 62 63 63 63 63 64 64 64 64       609
MAY  65 65 65 65 66 66 66 66 67 67 67 67 68 68 68 68 69 69 69 69 69 70 70 70 70 71 71 71 71 72 72    683
JUN  72 72 73 73 73 73 73 74 74 74 74 75 75 75 75 75 75 76 76 76 76 76 76 77 77 77 77 77 77 77       750
JUL  77 77 77 78 78 78 78 78 78 78 78 78 78 78 78 78 79 79 79 79 79 79 79 79 79 79 79 79 79 79 79    784
AUG  79 79 79 79 79 78 78 78 78 78 78 78 78 78 78 78 78 78 78 77 77 77 77 77 77 77 77 77 77 76 76    777
SEP  76 76 76 76 75 75 75 75 75 75 74 74 74 74 73 73 73 72 72 72 72 71 71 70 70 70 69 69 69 68       728
OCT  68 67 67 67 66 66 65 65 65 64 64 64 63 63 63 62 62 62 61 61 61 60 60 60 60 59 59 59 59 58 58    625
NOV  58 58 57 57 57 57 56 56 56 56 55 55 55 54 54 54 54 53 53 53 53 52 52 52 51 51 51 50 50 50       540
DEC  50 49 49 49 48 48 48 47 47 47 47 46 46 46 46 46 45 45 45 45 45 44 44 44 44 44 44 43 43 43 43    458
                                                                                                        
-------------------------------------------------------------------------------------------------       
 Heating Degree Days                                                                                    
 DAY  1  2  3  4  5  6  7  8  9 10 11 12 13 14 15 16 17 18 19 20 21 22 23 24 25 26 27 28 29 30 31  MONTH
-------------------------------------------------------------------------------------------------       
JAN  22 22 22 22 22 22 23 23 23 23 23 23 23 23 23 23 23 23 23 23 22 22 22 22 22 22 22 22 22 21 21    694
FEB  21 21 21 21 20 20 20 20 20 20 19 19 19 19 18 18 18 18 18 17 17 17 17 16 16 16 16 15             517
MAR  15 15 15 14 14 14 14 13 13 13 13 12 12 12 12 12 11 11 11 11 10 10 10 10  9  9  9  9  9  8  8    358
APR   8  8  7  7  7  7  7  6  6  6  6  6  5  5  5  5  5  4  4  4  4  4  4  4  3  3  3  3  3  3       152
MAY   3  3  2  2  2  2  2  2  2  2  2  2  1  1  1  1  1  1  1  1  1  1  1  1  1  1  1  0  0  0  0     41
JUN -99  0  0  0  0  0  0  0  0  0  0  0  0  0  0  0  0  0  0  0  0  0  0  0  0  0  0  0  0  0         1
JUL   0  0  0  0  0  0  0  0  0  0  0  0  0  0  0  0  0  0  0  0  0  0  0  0  0  0  0  0  0  0  0      0
AUG   0  0  0  0  0  0  0  0  0  0  0  0  0  0  0  0  0  0  0  0  0  0  0  0  0  0  0  0  0  0  0      0
SEP   0  0  0  0  0  0  0  0  0  0  0  0  0  0  0  0  0  0  0  0  0  0  0  1  1  1  1  1  1  1         7
OCT   2  2  2  2  2  2  3  3  3  3  3  4  4  4  4  4  4  5  5  5  5  5  6  6  6  6  7  7  7  7  8    136
NOV   8  8  8  8  9  9  9  9 10 10 10 11 11 11 11 12 12 12 12 13 13 13 13 14 14 14 15 15 15 15       344
DEC  16 16 16 17 17 17 17 18 18 18 18 19 19 19 19 19 20 20 20 20 20 21 21 21 21 21 21 22 22 22 22    597
                                                                                                        
-------------------------------------------------------------------------------------------------       
 Cooling Degree Days                                                                                    
 DAY  1  2  3  4  5  6  7  8  9 10 11 12 13 14 15 16 17 18 19 20 21 22 23 24 25 26 27 28 29 30 31  MONTH
-------------------------------------------------------------------------------------------------       
JAN   0  0  0  0  0  0  0  0  0  0  0  0  0  0  0  0  0  0  0  0  0  0  0  0  0  0  0  0  0  0  0      0
FEB   0  0  0  0  0  0  0  0  0  0  0  0  0  0  0  0  0  0  0  0  0  0  0  0  0  0  0  0               0
MAR   0  0  0  0  0  0  0  0  0  0  0  0-99-99-99-99-99-99-99-99-99-99-99-99-99-99-99  0  0  0  0     15
APR   0  0  0  0  0  0  0  0  1  1  1  1  1  1  1  1  1  1  1  1  1  1  1  1  2  2  2  2  2  2        28
MAY   2  2  2  3  3  3  3  3  3  4  4  4  4  4  4  4  5  5  5  5  5  6  6  6  6  6  6  7  7  7  7    141
JUN   7  8  8  8  8  8  9  9  9  9  9  9 10 10 10 10 10 10 11 11 11 11 11 11 11 11 12 12 12 12       297
JUL  12 12 12 12 13 13 13 13 13 13 13 13 13 13 13 13 13 13 13 14 14 14 14 14 14 14 14 14 14 14 14    411
AUG  14 14 14 14 14 14 13 13 13 13 13 13 13 13 13 13 13 13 13 12 12 12 12 12 12 12 12 11 11 11 11    393
SEP  11 11 10 10 10 10 10 10  9  9  9  9  9  8  8  8  8  8  7  7  7  7  6  6  6  6  5  5  5  5       239
OCT   4  4  4  4  3  3  3  3  3  2  2  2  2  2  2  1  1  1  1  1  1  1  1  1  1  1  1  1  1  1  0     58
NOV -99-99-99-99-99-99-99-99-99-99-99-99-99  0  0  0  0  0  0  0  0  0  0  0  0  0  0  0  0  0        13
DEC -99  0  0  0  0  0  0  0  0  0  0  0  0  0  0  0  0  0  0  0  0  0  0  0  0  0  0  0  0  0  0      1
                                                                                                        
-------------------------------------------------------------------------------------------------       
 Total  Precipitation (Hundreths of an Inch)                                                            
 DAY  1  2  3  4  5  6  7  8  9 10 11 12 13 14 15 16 17 18 19 20 21 22 23 24 25 26 27 28 29 30 31  MONTH
-------------------------------------------------------------------------------------------------       
JAN  18 18 19 19 19 19 19 19 20 20 20 20 20 20 20 20 20 21 21 21 21 21 21 21 21 21 20 20 20 20 20    619
FEB  20 20 20 20 20 20 20 20 20 20 20 20 20 20 20 20 20 20 20 21 21 21 21 21 22 22 22 22             573
MAR  23 23 23 23 24 24 24 24 24 24 24 24 24 24 24 24 24 24 24 24 24 23 23 23 23 23 22 22 22 21 21    723
APR  20 20 19 19 19 18 18 18 18 17 17 17 16 16 16 16 16 15 15 15 15 15 15 15 15 15 15 15 15 15       495
MAY  14 15 15 15 15 15 15 15 15 15 15 15 15 15 15 15 15 15 15 15 14 14 14 14 14 14 14 14 14 14 14    453
JUN  14 14 14 14 14 14 14 14 14 15 15 15 15 15 15 15 15 15 15 15 15 15 16 16 16 16 16 16 16 17       450
JUL  17 17 17 17 17 17 17 18 18 18 18 18 18 18 18 18 17 17 17 17 17 17 17 17 16 16 16 16 15 15 15    526
AUG  15 14 14 14 13 13 13 13 13 12 12 12 12 12 12 12 12 12 12 12 12 12 12 12 12 12 12 12 12 12 13    387
SEP  13 13 13 13 13 13 14 14 14 14 14 14 14 14 14 14 14 14 14 13 13 13 13 13 13 13 12 12 12 12       399
OCT  12 11 11 11 11 11 11 11 10 10 10 10 10 10 10 10 10 10 11 11 11 11 11 11 11 12 12 12 12 13 13    340
NOV  13 14 14 14 14 15 15 15 15 16 16 16 16 16 16 16 16 17 17 17 17 17 17 17 17 17 17 16 16 16       475
DEC  16 16 16 16 16 16 16 16 16 15 15 15 15 16 16 16 16 16 16 16 16 16 16 16 17 17 17 17 17 18 18    501
                                                                                                        
