-------------------------------------------------------------------------------------------------       
 1971-2000 Daily/Monthly Station Normals                                                                
 Provided by National Climatic Data Center/NESDIS/NOAA                                                  
-------------------------------------------------------------------------------------------------       
 Station COOP ID:                           010178                                                      
 Station Name, State, Division, Call:       ALICEVILLE                         AL 03                    
 Latitude, Longitude, Elevation, Elements:  33 08 22 -088 07 37   240 XNP                               
-------------------------------------------------------------------------------------------------       
 Minimum Temperature (deg F [tenths deg F for monthly])                                                 
 DAY  1  2  3  4  5  6  7  8  9 10 11 12 13 14 15 16 17 18 19 20 21 22 23 24 25 26 27 28 29 30 31  MONTH
-------------------------------------------------------------------------------------------------       
JAN  32 32 32 32 32 32 32 32 32 32 32 31 31 31 32 32 32 32 32 32 32 32 32 32 32 32 32 32 32 32 32    319
FEB  33 33 33 33 33 33 33 33 34 34 34 34 34 34 35 35 35 35 36 36 36 36 37 37 37 38 38 38             349
MAR  39 39 39 40 40 40 40 41 41 41 42 42 42 42 43 43 43 43 43 44 44 44 44 44 44 45 45 45 45 45 45    425
APR  45 46 46 46 46 46 46 46 47 47 47 47 47 48 48 48 48 49 49 49 49 50 50 50 51 51 51 52 52 52       483
MAY  53 53 53 54 54 55 55 55 56 56 56 57 57 57 58 58 58 59 59 59 59 60 60 60 61 61 61 62 62 62 62    578
JUN  63 63 63 63 64 64 64 64 65 65 65 65 65 66 66 66 66 67 67 67 67 67 67 68 68 68 68 68 69 69       659
JUL  69 69 69 70 70 70 70 70 70 70 70 70 70 70 70 70 70 71 71 71 71 70 70 70 70 70 70 70 70 70 70    700
AUG  70 70 70 69 69 69 69 69 69 69 69 69 68 68 68 68 68 68 68 68 68 67 67 67 67 67 67 67 67 66 66    681
SEP  66 66 66 66 65 65 65 65 65 64 64 64 63 63 63 63 62 62 61 61 61 60 60 59 59 58 58 58 57 57       622
OCT  56 55 55 54 54 53 53 53 52 52 51 51 50 50 50 49 49 49 48 48 47 47 47 47 46 46 46 45 45 45 45    496
NOV  45 44 44 44 44 43 43 43 43 42 42 42 42 41 41 41 41 40 40 40 40 39 39 39 39 38 38 38 38 37       410
DEC  37 37 37 36 36 36 36 35 35 35 35 35 34 34 34 34 34 33 33 33 33 33 33 33 33 33 32 32 32 32 32    341
                                                                                                        
-------------------------------------------------------------------------------------------------       
 Maximum Temperature (deg F [tenths deg F for monthly])                                                 
 DAY  1  2  3  4  5  6  7  8  9 10 11 12 13 14 15 16 17 18 19 20 21 22 23 24 25 26 27 28 29 30 31  MONTH
-------------------------------------------------------------------------------------------------       
JAN  54 54 53 53 53 53 53 53 53 53 53 53 53 53 53 53 53 53 53 53 53 54 54 54 54 54 54 54 55 55 55    535
FEB  55 55 56 56 56 56 57 57 57 57 58 58 58 58 59 59 59 60 60 60 61 61 61 61 62 62 62 63             587
MAR  63 63 64 64 64 65 65 65 65 66 66 66 67 67 67 68 68 68 68 69 69 69 69 70 70 70 70 71 71 71 71    674
APR  71 72 72 72 72 73 73 73 73 74 74 74 74 74 75 75 75 75 76 76 76 76 77 77 77 77 77 78 78 78       748
MAY  78 79 79 79 79 80 80 80 80 81 81 81 81 82 82 82 82 83 83 83 83 83 84 84 84 85 85 85 85 86 86    821
JUN  86 86 87 87 87 87 87 88 88 88 88 88 89 89 89 89 89 90 90 90 90 90 90 90 90 91 91 91 91 91       889
JUL  91 91 91 91 91 91 92 92 92 92 92 92 92 92 92 92 92 92 92 92 92 92 92 92 92 92 92 92 92 92 92    918
AUG  92 92 92 92 92 92 92 92 92 92 92 92 92 92 92 92 92 91 91 91 91 91 91 91 91 91 90 90 90 90 90    914
SEP  90 90 89 89 89 89 89 88 88 88 88 87 87 87 87 86 86 86 86 85 85 85 85 84 84 84 83 83 83 82       864
OCT  82 81 81 81 80 80 80 79 79 79 78 78 78 77 77 76 76 76 75 75 75 74 74 73 73 73 72 72 72 71 71    764
NOV  70 70 70 69 69 69 68 68 68 67 67 67 66 66 66 65 65 65 64 64 64 63 63 63 62 62 62 61 61 61       655
DEC  60 60 60 60 59 59 59 58 58 58 58 57 57 57 57 57 56 56 56 56 55 55 55 55 55 55 54 54 54 54 54    567
                                                                                                        
-------------------------------------------------------------------------------------------------       
 Average Temperature (deg F [tenths deg F for monthly])                                                 
 DAY  1  2  3  4  5  6  7  8  9 10 11 12 13 14 15 16 17 18 19 20 21 22 23 24 25 26 27 28 29 30 31  MONTH
-------------------------------------------------------------------------------------------------       
JAN  43 43 43 43 43 43 42 42 42 42 42 42 42 42 42 42 42 43 43 43 43 43 43 43 43 43 43 43 43 44 44    427
FEB  44 44 44 44 45 45 45 45 45 46 46 46 46 46 47 47 47 47 48 48 48 49 49 49 50 50 50 50             468
MAR  51 51 52 52 52 52 53 53 53 54 54 54 54 55 55 55 56 56 56 56 56 57 57 57 57 57 58 58 58 58 58    550
APR  58 59 59 59 59 59 60 60 60 60 60 61 61 61 61 62 62 62 62 63 63 63 63 64 64 64 64 65 65 65       616
MAY  66 66 66 67 67 67 67 68 68 68 69 69 69 69 70 70 70 71 71 71 71 72 72 72 73 73 73 73 74 74 74    700
JUN  74 75 75 75 75 76 76 76 76 76 77 77 77 77 77 78 78 78 78 78 79 79 79 79 79 79 79 80 80 80       774
JUL  80 80 80 81 81 81 81 81 81 81 81 81 81 81 81 81 81 81 81 81 81 81 81 81 81 81 81 81 81 81 81    809
AUG  81 81 81 81 81 81 81 81 81 80 80 80 80 80 80 80 80 80 80 79 79 79 79 79 79 79 79 79 78 78 78    798
SEP  78 78 78 77 77 77 77 77 76 76 76 76 75 75 75 74 74 74 74 73 73 73 72 72 71 71 71 70 70 69       743
OCT  69 68 68 68 67 67 66 66 66 65 65 64 64 64 63 63 62 62 62 61 61 61 60 60 60 59 59 59 58 58 58    630
NOV  58 57 57 57 56 56 56 55 55 55 55 54 54 54 53 53 53 53 52 52 52 51 51 51 51 50 50 50 49 49       533
DEC  49 48 48 48 48 47 47 47 47 46 46 46 46 46 45 45 45 45 45 44 44 44 44 44 44 44 43 43 43 43 43    454
                                                                                                        
-------------------------------------------------------------------------------------------------       
 Heating Degree Days                                                                                    
 DAY  1  2  3  4  5  6  7  8  9 10 11 12 13 14 15 16 17 18 19 20 21 22 23 24 25 26 27 28 29 30 31  MONTH
-------------------------------------------------------------------------------------------------       
JAN  22 22 22 22 22 23 23 23 23 23 23 23 23 23 23 23 23 23 22 22 22 22 22 22 22 22 22 22 21 21 21    692
FEB  21 21 21 21 20 20 20 20 20 19 19 19 19 18 18 18 18 17 17 17 17 16 16 16 16 15 15 15             509
MAR  14 14 14 14 13 13 13 13 12 12 12 11 11 11 11 10 10 10 10 10  9  9  9  9  8  8  8  8  8  7  7    328
APR   7  7  7  7  6  6  6  6  6  6  5  5  5  5  5  5  4  4  4  4  4  4  3  3  3  3  3  3  3  3       142
MAY   2  2  2  2  2  2  2  2  2  1  1  1  1  1  1  1  1  1  1  1  1  1  1  0  0  0  0  0  0  0  0     32
JUN   0  0  0  0  0  0  0  0  0  0  0  0  0  0  0  0  0  0  0  0  0  0  0  0  0  0  0  0  0  0         0
JUL   0  0  0  0  0  0  0  0  0  0  0  0  0  0  0  0  0  0  0  0  0  0  0  0  0  0  0  0  0  0  0      0
AUG   0  0  0  0  0  0  0  0  0  0  0  0  0  0  0  0  0  0  0  0  0  0  0  0  0  0  0  0  0  0  0      0
SEP   0  0  0  0  0  0  0  0  0  0  0  0  0  0  0  0  0  0  0  0  0  0  0  1  1  1  1  1  1  1         7
OCT   2  2  2  2  2  2  2  3  3  3  3  3  4  4  4  4  4  5  5  5  5  5  6  6  6  6  7  7  7  8  8    135
NOV   8  8  9  9  9 10 10 10 10 11 11 11 11 12 12 12 13 13 13 13 14 14 14 14 15 15 15 16 16 16       364
DEC  16 17 17 17 17 18 18 18 18 19 19 19 19 20 20 20 20 20 20 21 21 21 21 21 21 21 22 22 22 22 22    609
                                                                                                        
-------------------------------------------------------------------------------------------------       
 Cooling Degree Days                                                                                    
 DAY  1  2  3  4  5  6  7  8  9 10 11 12 13 14 15 16 17 18 19 20 21 22 23 24 25 26 27 28 29 30 31  MONTH
-------------------------------------------------------------------------------------------------       
JAN   0  0  0  0  0  0  0  0  0  0  0  0  0  0  0  0  0  0  0  0  0  0  0  0  0  0  0  0  0  0  0      0
FEB   0  0  0  0  0  0  0  0  0  0  0  0  0  0  0  0  0  0  0  0  0  0  0  0  0  0  0  0               0
MAR   0  0  0  0  0  0  0  0  0  0  0  0  0-99-99-99-99-99-99-99-99-99-99-99-99-99-99-99-99-99  0     17
APR -99  0  0  0  0  1  1  1  1  1  1  1  1  1  1  1  1  1  1  1  2  2  2  2  2  2  2  2  3  3        38
MAY   3  3  3  4  4  4  4  4  4  5  5  5  5  5  6  6  6  6  7  7  7  7  7  8  8  8  8  9  9  9  9    185
JUN   9 10 10 10 10 11 11 11 11 11 12 12 12 12 12 13 13 13 13 13 14 14 14 14 14 14 14 15 15 15       372
JUL  15 15 15 15 16 16 16 16 16 16 16 16 16 16 16 16 16 16 16 16 16 16 16 16 16 16 16 16 16 16 16    492
AUG  16 16 16 16 16 16 16 16 15 15 15 15 15 15 15 15 15 15 15 14 14 14 14 14 14 14 13 13 13 13 13    456
SEP  13 12 12 12 12 12 12 11 11 11 11 11 10 10 10 10  9  9  9  9  8  8  8  7  7  7  7  6  6  6       286
OCT   5  5  5  5  4  4  4  3  3  3  3  3  2  2  2  2  2  2  1  1  1  1  1  1  1  1  1  1  1  1  1     72
NOV   1  1  1  1  1  1  1  1  1  1  1  1  0  0  0  0  0  0  0  0  0  0  0  0  0  0  0  0  0  0        12
DEC -99  0  0  0  0  0  0  0  0  0  0  0  0  0  0  0  0  0  0  0  0  0  0  0  0  0  0  0  0  0  0      1
                                                                                                        
-------------------------------------------------------------------------------------------------       
 Total  Precipitation (Hundreths of an Inch)                                                            
 DAY  1  2  3  4  5  6  7  8  9 10 11 12 13 14 15 16 17 18 19 20 21 22 23 24 25 26 27 28 29 30 31  MONTH
-------------------------------------------------------------------------------------------------       
JAN  17 17 17 18 18 18 18 18 18 18 19 19 19 19 19 19 19 19 19 19 19 19 19 19 19 19 19 19 19 19 19    576
FEB  19 19 19 19 19 19 18 18 18 18 18 18 18 18 18 18 18 18 18 18 19 19 19 19 19 19 19 19             518
MAR  19 19 19 19 19 20 20 20 20 20 20 20 20 20 20 20 20 20 20 20 21 21 21 21 21 21 21 21 21 21 21    626
APR  21 21 21 21 21 21 21 21 21 21 21 21 21 20 20 20 20 20 20 20 19 19 19 19 19 18 18 18 18 17       597
MAY  17 17 16 16 16 16 15 15 15 15 14 14 14 14 14 14 13 13 13 13 13 13 13 13 13 13 13 13 13 13 13    437
JUN  13 13 13 13 13 13 13 13 13 13 13 13 13 13 13 13 13 13 14 14 14 14 14 14 14 14 14 14 14 15       403
JUL  15 15 15 15 15 15 15 15 15 15 15 15 15 15 15 15 15 15 15 14 14 14 14 14 13 13 13 13 12 12 12    443
AUG  12 11 11 11 10 10 10 10 10 10  9  9  9  9  9  9  9  9  9  9  9 10 10 10 10 10 10 11 11 11 11    308
SEP  12 12 12 12 13 13 13 13 13 13 14 14 14 14 14 14 14 14 14 14 14 14 14 13 13 13 13 13 12 12       397
OCT  12 12 11 11 11 11 11 11 11 10 10 10 10 10 10 10 10 10 11 11 11 11 11 11 12 12 12 12 13 13 13    344
NOV  13 14 14 14 15 15 15 15 16 16 16 16 16 17 17 17 17 17 17 17 17 17 17 17 17 17 17 17 16 16       482
DEC  16 16 16 16 16 16 16 16 15 15 15 15 15 15 15 15 15 15 15 16 16 16 16 16 16 16 16 16 17 17 17    488
                                                                                                        
