-------------------------------------------------------------------------------------------------       
 1971-2000 Daily/Monthly Station Normals                                                                
 Provided by National Climatic Data Center/NESDIS/NOAA                                                  
-------------------------------------------------------------------------------------------------       
 Station COOP ID:                           017020                                                      
 Station Name, State, Division, Call:       ROCKFORD 3 ESE                     AL 05                    
 Latitude, Longitude, Elevation, Elements:  32 52 16 -086 10 33   600 XNP                               
-------------------------------------------------------------------------------------------------       
 Minimum Temperature (deg F [tenths deg F for monthly])                                                 
 DAY  1  2  3  4  5  6  7  8  9 10 11 12 13 14 15 16 17 18 19 20 21 22 23 24 25 26 27 28 29 30 31  MONTH
-------------------------------------------------------------------------------------------------       
JAN  34 34 34 34 34 34 34 33 33 33 33 33 33 33 33 33 33 33 33 33 33 33 33 34 34 34 34 34 34 34 34    335
FEB  34 34 34 34 34 34 35 35 35 35 35 35 36 36 36 36 36 36 37 37 37 37 38 38 38 38 39 39             360
MAR  39 39 40 40 40 40 41 41 41 41 42 42 42 42 42 42 43 43 43 43 43 44 44 44 44 44 44 44 44 45 45    423
APR  45 45 45 45 45 45 45 46 46 46 46 46 46 47 47 47 47 48 48 48 48 49 49 49 49 50 50 50 51 51       473
MAY  51 52 52 52 53 53 53 53 54 54 54 55 55 55 56 56 56 56 57 57 57 57 58 58 58 59 59 59 59 59 60    557
JUN  60 60 60 61 61 61 61 61 62 62 62 62 63 63 63 63 63 63 64 64 64 64 64 65 65 65 65 65 65 66       629
JUL  66 66 66 66 66 66 66 67 67 67 67 67 67 67 67 67 67 67 68 68 68 68 68 68 68 68 68 68 68 68 68    672
AUG  68 68 68 68 68 68 68 68 68 68 67 67 67 67 67 67 67 67 67 67 67 67 67 67 66 66 66 66 66 66 66    671
SEP  66 66 65 65 65 65 65 64 64 64 64 64 63 63 63 62 62 62 61 61 61 60 60 60 59 59 58 58 57 57       621
OCT  56 56 55 55 55 54 54 53 53 52 52 52 51 51 50 50 50 49 49 49 49 48 48 48 47 47 47 47 46 46 46    505
NOV  46 46 45 45 45 45 44 44 44 44 44 43 43 43 43 42 42 42 42 41 41 41 41 41 40 40 40 40 39 39       425
DEC  39 39 38 38 38 38 37 37 37 37 37 37 36 36 36 36 36 35 35 35 35 35 35 35 35 34 34 34 34 34 34    360
                                                                                                        
-------------------------------------------------------------------------------------------------       
 Maximum Temperature (deg F [tenths deg F for monthly])                                                 
 DAY  1  2  3  4  5  6  7  8  9 10 11 12 13 14 15 16 17 18 19 20 21 22 23 24 25 26 27 28 29 30 31  MONTH
-------------------------------------------------------------------------------------------------       
JAN  55 55 55 55 55 55 54 54 54 54 54 54 54 54 54 55 55 55 55 55 55 55 55 55 55 56 56 56 56 56 56    549
FEB  57 57 57 57 57 58 58 58 58 59 59 59 59 60 60 60 61 61 61 61 62 62 62 63 63 63 64 64             600
MAR  64 65 65 65 65 66 66 66 67 67 67 68 68 68 68 69 69 69 69 70 70 70 70 71 71 71 71 72 72 72 72    685
APR  72 73 73 73 73 73 74 74 74 74 74 75 75 75 75 75 76 76 76 76 76 77 77 77 77 77 78 78 78 78       753
MAY  78 78 79 79 79 79 79 80 80 80 80 80 81 81 81 81 81 82 82 82 82 83 83 83 83 83 84 84 84 84 85    813
JUN  85 85 85 86 86 86 86 86 87 87 87 87 87 88 88 88 88 88 88 88 88 89 89 89 89 89 89 89 89 89       875
JUL  89 89 89 89 89 89 89 89 89 89 89 89 90 90 90 90 90 90 90 90 90 90 90 90 90 90 90 90 90 90 90    896
AUG  90 90 90 90 90 90 90 90 90 90 90 89 89 89 89 89 89 89 89 89 89 89 89 88 88 88 88 88 88 88 88    891
SEP  88 87 87 87 87 87 86 86 86 86 86 85 85 85 85 85 84 84 84 84 83 83 83 83 82 82 82 81 81 81       845
OCT  81 80 80 80 79 79 79 78 78 78 77 77 77 76 76 76 75 75 75 75 74 74 73 73 73 72 72 72 71 71 71    757
NOV  70 70 70 69 69 69 68 68 68 67 67 67 66 66 66 65 65 65 64 64 64 64 63 63 63 62 62 62 61 61       656
DEC  61 61 60 60 60 59 59 59 59 58 58 58 58 58 57 57 57 57 57 56 56 56 56 56 56 55 55 55 55 55 55    574
                                                                                                        
-------------------------------------------------------------------------------------------------       
 Average Temperature (deg F [tenths deg F for monthly])                                                 
 DAY  1  2  3  4  5  6  7  8  9 10 11 12 13 14 15 16 17 18 19 20 21 22 23 24 25 26 27 28 29 30 31  MONTH
-------------------------------------------------------------------------------------------------       
JAN  44 44 44 44 44 44 44 44 44 44 44 44 44 44 44 44 44 44 44 44 44 44 44 44 44 45 45 45 45 45 45    442
FEB  45 45 46 46 46 46 46 47 47 47 47 47 48 48 48 48 48 49 49 49 49 50 50 50 50 51 51 51             480
MAR  52 52 52 53 53 53 53 54 54 54 54 55 55 55 55 56 56 56 56 56 57 57 57 57 57 58 58 58 58 58 58    554
APR  59 59 59 59 59 59 60 60 60 60 60 60 61 61 61 61 61 62 62 62 62 63 63 63 63 64 64 64 64 64       613
MAY  65 65 65 65 66 66 66 67 67 67 67 68 68 68 68 69 69 69 69 70 70 70 70 70 71 71 71 71 72 72 72    685
JUN  72 73 73 73 73 74 74 74 74 74 75 75 75 75 75 75 76 76 76 76 76 76 77 77 77 77 77 77 77 77       752
JUL  77 77 78 78 78 78 78 78 78 78 78 78 78 78 78 78 78 79 79 79 79 79 79 79 79 79 79 79 79 79 79    784
AUG  79 79 79 79 79 79 79 79 79 79 79 78 78 78 78 78 78 78 78 78 78 78 78 77 77 77 77 77 77 77 77    781
SEP  77 76 76 76 76 76 76 75 75 75 75 75 74 74 74 73 73 73 73 72 72 72 71 71 71 70 70 70 69 69       733
OCT  68 68 68 67 67 67 66 66 65 65 65 64 64 64 63 63 63 62 62 62 61 61 61 60 60 60 59 59 59 59 58    631
NOV  58 58 58 57 57 57 56 56 56 56 55 55 55 55 54 54 54 53 53 53 53 52 52 52 51 51 51 51 50 50       541
DEC  50 50 49 49 49 49 48 48 48 48 47 47 47 47 47 46 46 46 46 46 46 45 45 45 45 45 45 45 45 45 44    467
                                                                                                        
-------------------------------------------------------------------------------------------------       
 Heating Degree Days                                                                                    
 DAY  1  2  3  4  5  6  7  8  9 10 11 12 13 14 15 16 17 18 19 20 21 22 23 24 25 26 27 28 29 30 31  MONTH
-------------------------------------------------------------------------------------------------       
JAN  21 21 21 21 21 21 21 21 21 21 22 22 22 21 21 21 21 21 21 21 21 21 21 21 21 21 21 20 20 20 20    650
FEB  20 20 19 19 19 19 19 19 18 18 18 18 17 17 17 17 17 16 16 16 16 15 15 15 15 14 14 14             477
MAR  14 13 13 13 13 12 12 12 12 11 11 11 11 10 10 10 10  9  9  9  9  9  9  8  8  8  8  8  7  7  7    313
APR   7  7  7  7  6  6  6  6  6  6  6  5  5  5  5  5  5  4  4  4  4  4  4  4  3  3  3  3  3  3       146
MAY   3  3  2  2  2  2  2  2  2  2  2  1  1  1  1  1  1  1  1  1  1  1  1  1  0  0  0  0  0  0  0     37
JUN -99  0  0  0  0  0  0  0  0  0  0  0  0  0  0  0  0  0  0  0  0  0  0  0  0  0  0  0  0  0         1
JUL   0  0  0  0  0  0  0  0  0  0  0  0  0  0  0  0  0  0  0  0  0  0  0  0  0  0  0  0  0  0  0      0
AUG   0  0  0  0  0  0  0  0  0  0  0  0  0  0  0  0  0  0  0  0  0  0  0  0  0  0  0  0  0  0  0      0
SEP   0  0  0  0  0  0  0  0  0  0  0  0  0  0  0  0  0  0  0  0  0  0  0  0  1  1  1  1  1  1         6
OCT   2  2  2  2  2  2  2  3  3  3  3  3  3  4  4  4  4  4  5  5  5  5  6  6  6  6  6  7  7  7  7    130
NOV   8  8  8  8  9  9  9  9 10 10 10 10 11 11 11 11 12 12 12 12 13 13 13 13 14 14 14 15 15 15       339
DEC  15 16 16 16 16 17 17 17 17 17 18 18 18 18 18 19 19 19 19 19 19 20 20 20 20 20 20 20 20 21 21    570
                                                                                                        
-------------------------------------------------------------------------------------------------       
 Cooling Degree Days                                                                                    
 DAY  1  2  3  4  5  6  7  8  9 10 11 12 13 14 15 16 17 18 19 20 21 22 23 24 25 26 27 28 29 30 31  MONTH
-------------------------------------------------------------------------------------------------       
JAN   0  0  0  0  0  0  0  0  0  0  0  0  0  0  0  0  0  0  0  0  0  0  0  0  0  0  0  0  0  0  0      0
FEB   0  0  0  0  0  0  0  0  0  0  0  0  0  0  0  0  0  0  0  0  0  0  0  0  0  0  0  0               0
MAR   0  0  0  0  0  0  0  0  0  0  0  0  0  0  0-99-99-99-99-99-99-99-99-99-99-99-99-99-99-99-99     16
APR   0  0  0  1  1  1  1  1  1  1  1  1  1  1  1  1  1  1  1  1  1  1  1  2  2  2  2  2  2  2        34
MAY   2  3  3  3  3  3  3  3  4  4  4  4  4  4  4  5  5  5  5  5  5  6  6  6  6  6  7  7  7  7  7    146
JUN   8  8  8  8  9  9  9  9  9  9 10 10 10 10 10 10 11 11 11 11 11 11 11 12 12 12 12 12 12 12       307
JUL  12 12 13 13 13 13 13 13 13 13 13 13 13 13 13 13 13 14 14 14 14 14 14 14 14 14 14 14 14 14 14    415
AUG  14 14 14 14 14 14 14 14 14 14 14 13 13 13 13 13 13 13 13 13 13 13 13 12 12 12 12 12 12 12 11    405
SEP  11 11 11 11 11 10 10 10 10 10 10  9  9  9  9  9  8  8  8  8  7  7  7  7  6  6  6  6  6  5       255
OCT   5  5  4  4  4  4  4  3  3  3  3  3  2  2  2  2  2  2  2  2  1  1  1  1  1  1  1  1  1  1  1     72
NOV   1  1  1  1  1  1  1  1  1  1  1  1  0  0  0  0  0  0  0  0  0  0  0  0  0  0  0  0  0  0        12
DEC -99-99-99  0  0  0  0  0  0  0  0  0  0  0  0  0  0  0  0  0  0  0  0  0  0  0  0  0  0  0  0      3
                                                                                                        
-------------------------------------------------------------------------------------------------       
 Total  Precipitation (Hundreths of an Inch)                                                            
 DAY  1  2  3  4  5  6  7  8  9 10 11 12 13 14 15 16 17 18 19 20 21 22 23 24 25 26 27 28 29 30 31  MONTH
-------------------------------------------------------------------------------------------------       
JAN  18 18 18 19 19 19 19 19 19 20 20 20 20 20 20 20 20 20 20 20 21 21 21 21 21 20 20 20 20 20 20    613
FEB  20 20 20 20 20 20 20 20 19 20 20 20 20 20 20 20 20 20 20 20 20 20 20 21 21 21 21 21             564
MAR  22 22 22 22 22 22 22 22 22 23 23 23 23 23 22 22 22 22 22 22 22 22 21 21 21 21 21 20 20 20 19    673
APR  19 19 18 18 18 18 17 17 17 17 16 16 16 16 15 15 15 15 15 15 14 14 14 14 14 14 14 14 14 14       472
MAY  14 14 14 14 14 13 13 13 13 13 13 13 13 13 13 13 13 13 13 13 13 12 12 12 12 12 12 12 12 12 12    398
JUN  12 12 12 11 11 11 11 12 12 12 12 12 12 12 12 12 13 13 13 13 14 14 14 14 15 15 15 16 16 17       390
JUL  17 17 18 18 19 19 19 19 20 20 20 20 20 20 20 20 20 20 20 20 20 20 20 19 19 19 19 18 18 18 17    593
AUG  17 16 16 16 15 15 15 14 14 14 14 13 13 13 13 13 13 13 12 12 12 12 12 12 13 13 13 13 13 13 13    420
SEP  14 14 14 14 14 14 14 15 15 15 15 15 15 14 14 14 14 14 14 14 13 13 13 13 12 12 12 11 11 11       407
OCT  10 10 10  9  9  9  8  8  8  8  8  8  8  7  7  7  7  8  8  8  8  8  8  9  9  9  9 10 10 11 11    267
NOV  11 12 12 13 13 14 14 14 15 15 15 15 16 16 16 16 16 16 16 17 17 17 17 17 17 17 17 16 16 16       459
DEC  16 16 16 16 16 16 16 16 15 15 15 15 15 15 15 16 16 16 16 16 16 16 16 16 16 17 17 17 17 17 18    496
                                                                                                        
