-------------------------------------------------------------------------------------------------       
 1971-2000 Daily/Monthly Station Normals                                                                
 Provided by National Climatic Data Center/NESDIS/NOAA                                                  
-------------------------------------------------------------------------------------------------       
 Station COOP ID:                           345090                                                      
 Station Name, State, Division, Call:       LEEDEY 1 S                         OK 04                    
 Latitude, Longitude, Elevation, Elements:  35 50 00 -099 20 00  2010   P                               
-------------------------------------------------------------------------------------------------       
 Total  Precipitation (Hundreths of an Inch)                                                            
 DAY  1  2  3  4  5  6  7  8  9 10 11 12 13 14 15 16 17 18 19 20 21 22 23 24 25 26 27 28 29 30 31  MONTH
-------------------------------------------------------------------------------------------------       
JAN   2  2  2  2  2  2  2  2  2  2  2  2  2  2  2  2  2  2  2  2  2  2  2  2  2  2  2  2  2  3  3     64
FEB   2  2  2  3  3  3  3  3  3  3  3  3  3  3  4  4  4  4  4  4  4  4  5  5  5  5  5  5             101
MAR   6  6  6  6  6  7  7  7  7  7  7  7  7  7  7  7  7  7  7  7  8  7  7  7  7  7  7  7  7  7  7    213
APR   7  7  7  7  6  7  7  7  7  7  7  7  7  7  7  8  8  8  8  9  9  9 10 10 10 11 11 12 12 12       251
MAY  13 14 14 14 15 15 15 16 16 16 17 17 17 17 17 17 17 18 18 18 18 17 17 17 17 17 17 17 16 16 16    506
JUN  16 15 15 15 14 14 14 14 13 13 13 13 12 12 12 11 11 11 11 10 10 10 10  9  9  9  9  8  8  8       349
JUL   8  7  7  7  7  7  6  6  6  6  6  6  6  6  6  6  6  5  5  5  5  5  5  6  6  6  6  6  6  6  6    187
AUG   6  6  7  7  7  7  7  7  7  7  7  8  8  8  8  8  8  8  8  8  8  8  8  8  8  8  8  8  9  9  9    238
SEP   9  9  9  9  9  9  9  9  9  9  8  8  8  8  8  8  8  8  8  8  8  8  8  8  8  8  8  8  8  8       250
OCT   8  8  8  8  8  8  8  8  7  7  7  7  7  7  7  7  7  7  7  7  7  7  7  7  7  7  6  6  6  6  6    220
NOV   6  6  6  6  6  6  6  6  6  6  6  6  5  5  5  5  5  5  5  5  5  5  5  5  4  4  4  4  4  4       156
DEC   4  4  4  4  4  4  3  3  3  3  3  3  3  3  3  3  3  3  3  3  3  2  2  2  2  2  2  2  2  2  2     89
                                                                                                        
