-------------------------------------------------------------------------------------------------       
 1971-2000 Daily/Monthly Station Normals                                                                
 Provided by National Climatic Data Center/NESDIS/NOAA                                                  
-------------------------------------------------------------------------------------------------       
 Station COOP ID:                           340535                                                      
 Station Name, State, Division, Call:       BARNSDALL                          OK 03                    
 Latitude, Longitude, Elevation, Elements:  36 34 00 -096 10 00   770 XNP                               
-------------------------------------------------------------------------------------------------       
 Minimum Temperature (deg F [tenths deg F for monthly])                                                 
 DAY  1  2  3  4  5  6  7  8  9 10 11 12 13 14 15 16 17 18 19 20 21 22 23 24 25 26 27 28 29 30 31  MONTH
-------------------------------------------------------------------------------------------------       
JAN  23 23 23 22 22 22 22 22 22 22 22 22 22 22 22 22 22 22 22 22 22 23 23 23 23 23 23 23 23 24 24    225
FEB  24 24 24 25 25 25 25 26 26 26 26 27 27 27 27 28 28 28 29 29 29 29 30 30 30 31 31 31             274
MAR  32 32 32 33 33 33 34 34 35 35 35 36 36 36 37 37 37 38 38 38 38 39 39 39 40 40 40 41 41 41 42    368
APR  42 42 43 43 43 44 44 44 44 45 45 45 46 46 46 47 47 47 48 48 48 49 49 49 49 50 50 50 51 51       465
MAY  51 52 52 52 52 53 53 53 54 54 54 55 55 55 56 56 56 56 57 57 57 58 58 58 59 59 59 59 60 60 60    558
JUN  61 61 61 62 62 62 62 63 63 63 63 64 64 64 64 65 65 65 65 66 66 66 66 66 67 67 67 67 67 68       644
JUL  68 68 68 68 68 68 69 69 69 69 69 69 69 69 69 69 69 70 70 70 70 70 70 70 70 70 69 69 69 69 69    691
AUG  69 69 69 69 69 69 69 69 68 68 68 68 68 68 68 67 67 67 67 67 67 66 66 66 66 65 65 65 65 65 64    672
SEP  64 64 64 63 63 63 62 62 62 61 61 61 61 60 60 60 59 59 58 58 58 57 57 57 56 56 55 55 55 54       595
OCT  54 53 53 53 52 52 51 51 50 50 50 49 49 48 48 48 47 47 46 46 46 45 45 45 44 44 43 43 43 42 42    477
NOV  42 41 41 40 40 40 39 39 39 38 38 37 37 37 36 36 36 35 35 35 34 34 33 33 33 32 32 32 31 31       362
DEC  30 30 30 29 29 29 28 28 28 27 27 27 27 26 26 26 26 25 25 25 25 24 24 24 24 24 24 23 23 23 23    261
                                                                                                        
-------------------------------------------------------------------------------------------------       
 Maximum Temperature (deg F [tenths deg F for monthly])                                                 
 DAY  1  2  3  4  5  6  7  8  9 10 11 12 13 14 15 16 17 18 19 20 21 22 23 24 25 26 27 28 29 30 31  MONTH
-------------------------------------------------------------------------------------------------       
JAN  46 46 46 46 46 46 46 46 46 46 46 46 46 46 46 46 46 46 46 46 47 47 47 47 47 48 48 48 48 49 49    466
FEB  49 49 50 50 50 50 51 51 51 52 52 52 53 53 53 54 54 54 55 55 55 56 56 56 57 57 57 58             532
MAR  58 58 59 59 59 60 60 60 61 61 61 62 62 62 63 63 63 64 64 64 65 65 66 66 66 67 67 67 68 68 68    631
APR  69 69 69 70 70 70 71 71 71 72 72 72 73 73 73 73 74 74 74 74 75 75 75 75 76 76 76 76 76 76       730
MAY  77 77 77 77 77 77 78 78 78 78 79 79 79 79 79 80 80 80 80 81 81 81 81 82 82 82 82 83 83 83 84    798
JUN  84 84 84 85 85 85 86 86 86 86 87 87 87 87 88 88 88 88 89 89 89 89 90 90 90 90 91 91 91 91       877
JUL  91 92 92 92 92 92 93 93 93 93 93 93 94 94 94 94 94 94 94 94 94 95 95 95 95 95 95 95 95 95 95    937
AUG  95 95 95 95 95 95 95 95 95 95 95 95 94 94 94 94 94 94 93 93 93 93 93 92 92 92 91 91 91 90 90    935
SEP  90 89 89 89 88 88 88 87 87 86 86 86 85 85 85 84 84 84 83 83 83 83 82 82 82 81 81 81 80 80       847
OCT  80 80 79 79 79 78 78 78 77 77 77 76 76 75 75 75 74 74 73 73 72 72 71 71 70 70 69 69 68 68 67    742
NOV  67 66 66 65 65 64 64 63 63 62 62 61 61 61 60 60 59 59 58 58 57 57 57 56 56 55 55 55 54 54       600
DEC  54 53 53 53 52 52 52 51 51 51 50 50 50 50 49 49 49 49 49 48 48 48 48 48 47 47 47 47 47 47 46    495
                                                                                                        
-------------------------------------------------------------------------------------------------       
 Average Temperature (deg F [tenths deg F for monthly])                                                 
 DAY  1  2  3  4  5  6  7  8  9 10 11 12 13 14 15 16 17 18 19 20 21 22 23 24 25 26 27 28 29 30 31  MONTH
-------------------------------------------------------------------------------------------------       
JAN  35 35 34 34 34 34 34 34 34 34 34 34 34 34 34 34 34 34 34 34 35 35 35 35 35 35 36 36 36 36 36    346
FEB  37 37 37 37 38 38 38 38 39 39 39 39 40 40 40 41 41 41 42 42 42 42 43 43 43 44 44 44             403
MAR  45 45 46 46 46 47 47 47 48 48 48 49 49 49 50 50 50 51 51 51 52 52 52 53 53 53 54 54 54 55 55    500
APR  55 56 56 56 57 57 57 58 58 58 59 59 59 60 60 60 60 61 61 61 61 62 62 62 63 63 63 63 63 64       598
MAY  64 64 64 65 65 65 65 66 66 66 66 67 67 67 67 68 68 68 69 69 69 69 70 70 70 71 71 71 71 72 72    678
JUN  72 73 73 73 73 74 74 74 75 75 75 75 76 76 76 76 77 77 77 77 78 78 78 78 78 79 79 79 79 79       761
JUL  80 80 80 80 80 80 81 81 81 81 81 81 81 82 82 82 82 82 82 82 82 82 82 82 82 82 82 82 82 82 82    814
AUG  82 82 82 82 82 82 82 82 82 82 82 81 81 81 81 81 81 80 80 80 80 80 79 79 79 79 78 78 78 77 77    804
SEP  77 76 76 76 76 75 75 75 74 74 74 73 73 73 72 72 72 71 71 71 70 70 70 69 69 69 68 68 67 67       721
OCT  67 66 66 66 65 65 65 64 64 64 63 63 62 62 62 61 61 60 60 59 59 59 58 58 57 57 56 56 56 55 55    610
NOV  54 54 53 53 52 52 52 51 51 50 50 49 49 49 48 48 47 47 47 46 46 45 45 45 44 44 44 43 43 42       481
DEC  42 42 41 41 41 40 40 40 39 39 39 39 38 38 38 37 37 37 37 37 36 36 36 36 36 35 35 35 35 35 35    378
                                                                                                        
-------------------------------------------------------------------------------------------------       
 Heating Degree Days                                                                                    
 DAY  1  2  3  4  5  6  7  8  9 10 11 12 13 14 15 16 17 18 19 20 21 22 23 24 25 26 27 28 29 30 31  MONTH
-------------------------------------------------------------------------------------------------       
JAN  30 30 31 31 31 31 31 31 31 31 31 31 31 31 31 31 31 31 31 30 30 30 30 30 30 30 30 29 29 29 29    943
FEB  29 28 28 28 28 27 27 27 26 26 26 26 25 25 25 24 24 24 24 23 23 23 22 22 22 21 21 20             694
MAR  20 20 19 19 19 18 18 18 17 17 17 16 16 16 15 15 15 14 14 14 13 13 13 12 12 12 12 11 11 11 10    467
APR  10 10  9  9  9  9  8  8  8  8  7  7  7  7  6  6  6  6  5  5  5  5  5  4  4  4  4  4  4  3       192
MAY   3  3  3  3  3  3  3  2  2  2  2  2  2  2  2  1  1  1  1  1  1  1  1  1  1  1  1  1  1  0  0     51
JUN -99-99  0  0  0  0  0  0  0  0  0  0  0  0  0  0  0  0  0  0  0  0  0  0  0  0  0  0  0  0         2
JUL   0  0  0  0  0  0  0  0  0  0  0  0  0  0  0  0  0  0  0  0  0  0  0  0  0  0  0  0  0  0  0      0
AUG   0  0  0  0  0  0  0  0  0  0  0  0  0  0  0  0  0  0  0  0  0  0  0  0  0  0  0  0  0  0-99      1
SEP   0  0  0  0  0  1  1  1  1  1  1  1  1  1  1  1  1  1  1  1  1  1  1  2  2  2  2  2  2  2        32
OCT   2  2  2  2  3  3  3  3  3  3  4  4  4  4  5  5  5  5  6  6  6  7  7  7  8  8  9  9  9 10 10    164
NOV  11 11 12 12 12 13 13 14 14 15 15 16 16 16 17 17 18 18 18 19 19 20 20 20 21 21 22 22 22 23       507
DEC  23 23 24 24 24 25 25 25 26 26 26 27 27 27 27 28 28 28 28 28 29 29 29 29 29 30 30 30 30 30 30    844
                                                                                                        
-------------------------------------------------------------------------------------------------       
 Cooling Degree Days                                                                                    
 DAY  1  2  3  4  5  6  7  8  9 10 11 12 13 14 15 16 17 18 19 20 21 22 23 24 25 26 27 28 29 30 31  MONTH
-------------------------------------------------------------------------------------------------       
JAN   0  0  0  0  0  0  0  0  0  0  0  0  0  0  0  0  0  0  0  0  0  0  0  0  0  0  0  0  0  0  0      0
FEB   0  0  0  0  0  0  0  0  0  0  0  0  0  0  0  0  0  0  0  0  0  0  0  0  0  0  0  0               0
MAR   0  0  0  0  0  0  0  0  0  0  0  0  0  0  0  0  0  0  0  0  0  0  0  0  0  0  0  0  0  0-99      1
APR   0  0  0  0  1  1  1  1  1  1  1  1  1  1  1  1  1  1  1  1  1  1  2  2  2  2  2  2  2  2        34
MAY   2  2  2  3  3  3  3  3  3  3  3  4  4  4  4  4  4  5  5  5  5  5  6  6  6  6  6  7  7  7  7    137
JUN   8  8  8  8  9  9  9  9 10 10 10 10 11 11 11 11 12 12 12 12 12 13 13 13 13 13 14 14 14 14       333
JUL  15 15 15 15 15 15 16 16 16 16 16 16 16 17 17 17 17 17 17 17 17 17 17 17 17 17 17 17 17 17 17    508
AUG  17 17 17 17 17 17 17 17 17 16 16 16 16 16 16 16 16 15 15 15 15 15 14 14 14 14 14 13 13 13 12    477
SEP  12 12 12 11 11 11 11 10 10 10  9  9  9  9  8  8  8  7  7  7  7  6  6  6  6  5  5  5  4  4       245
OCT   4  4  3  3  3  3  2  2  2  2  2  1  1  1  1  1  1  1  1  0  0  0  0  0  0  0  0  0  0  0  0     38
NOV   0  0  0  0  0  0  0  0  0  0  0  0  0  0  0  0  0  0  0-99-99  0  0  0  0  0  0  0  0  0         2
DEC   0  0  0  0  0  0  0  0  0  0  0  0  0  0  0  0  0  0  0  0  0  0  0  0  0  0  0  0  0  0  0      0
                                                                                                        
-------------------------------------------------------------------------------------------------       
 Total  Precipitation (Hundreths of an Inch)                                                            
 DAY  1  2  3  4  5  6  7  8  9 10 11 12 13 14 15 16 17 18 19 20 21 22 23 24 25 26 27 28 29 30 31  MONTH
-------------------------------------------------------------------------------------------------       
JAN   5  5  5  5  5  5  5  5  5  5  5  4  4  4  4  4  5  5  5  5  5  5  5  5  5  5  5  5  5  5  5    150
FEB   5  5  5  6  6  6  6  6  6  6  6  7  7  7  7  7  7  7  8  8  8  8  8  9  9  9  9  9             197
MAR  10 10 10 10 11 11 11 11 11 11 11 12 12 12 12 12 12 12 12 12 12 12 12 13 13 13 13 13 12 12 12    362
APR  12 12 12 12 12 12 12 12 12 12 13 13 13 13 13 13 13 13 13 14 14 14 14 14 15 15 15 15 16 16       399
MAY  16 16 17 17 17 17 17 18 18 18 18 18 18 19 19 19 19 19 19 19 19 19 19 19 19 19 19 19 19 19 19    567
JUN  19 19 19 19 18 18 18 18 18 18 18 18 17 17 17 17 17 17 16 16 16 16 16 15 15 15 15 15 14 14       505
JUL  14 13 13 13 13 13 12 12 12 12 12 11 11 11 11 11 10 10 10 10 10 10 10 10  9  9  9  9  9  9  9    337
AUG   9  9  9  9  9  9  9  9  9  9  9  9  9  9 10 10 10 10 10 11 11 11 11 12 12 12 13 13 14 14 14    324
SEP  15 15 16 16 16 17 17 17 17 18 18 18 18 18 18 18 18 18 18 18 18 17 17 17 17 17 16 16 15 15       509
OCT  15 14 14 14 13 13 13 12 12 12 11 11 11 11 11 11 11 10 10 10 10 10 10 10 10 10 10 11 11 11 11    353
NOV  11 11 12 12 12 12 12 12 12 12 12 12 12 12 12 12 12 12 12 12 12 12 11 11 11 11 11 11 10 10       348
DEC  10 10  9  9  9  9  8  8  8  8  8  7  7  7  7  7  7  6  6  6  6  6  6  6  6  6  5  5  5  5  5    217
                                                                                                        
