-------------------------------------------------------------------------------------------------       
 1971-2000 Daily/Monthly Station Normals                                                                
 Provided by National Climatic Data Center/NESDIS/NOAA                                                  
-------------------------------------------------------------------------------------------------       
 Station COOP ID:                           349086                                                      
 Station Name, State, Division, Call:       UNION CITY 3 SE                    OK 05                    
 Latitude, Longitude, Elevation, Elements:  35 22 05 -097 53 40  1255   P                               
-------------------------------------------------------------------------------------------------       
 Total  Precipitation (Hundreths of an Inch)                                                            
 DAY  1  2  3  4  5  6  7  8  9 10 11 12 13 14 15 16 17 18 19 20 21 22 23 24 25 26 27 28 29 30 31  MONTH
-------------------------------------------------------------------------------------------------       
JAN   5  5  5  5  5  5  5  5  5  5  5  5  5  5  5  5  5  5  5  5  5  5  5  5  5  5  5  5  4  4  4    152
FEB   5  4  4  4  5  5  5  5  5  5  5  5  5  5  5  6  6  6  6  6  6  7  7  7  7  8  8  8             160
MAR   9  9  9  9 10 10 10 10 10 11 11 11 11 11 11 11 11 11 11 11 11 11 11 11 10 10 10 10 10  9  9    319
APR   9  9  9  8  8  8  8  8  8  8  8  8  8  8  8  9  9  9  9  9 10 10 10 11 11 12 12 13 13 14       284
MAY  14 15 16 16 17 17 17 18 18 19 19 19 20 20 20 20 20 20 21 21 21 21 21 21 21 21 20 20 20 20 20    593
JUN  20 19 19 19 19 18 18 18 18 17 17 17 16 16 16 16 15 15 15 14 14 14 13 13 13 12 12 12 12 11       468
JUL  11 11 10 10 10  9  9  9  9  9  8  8  8  8  8  8  7  7  7  7  7  7  7  7  7  7  7  7  7  7  7    250
AUG   7  8  8  8  8  8  8  8  8  9  9  9  9  9  9  9  9  9 10 10 10 10 10 10 10 10 10 11 11 11 11    286
SEP  11 11 11 11 12 12 12 12 12 12 12 12 12 12 12 12 12 12 12 12 12 13 13 13 13 13 13 13 13 13       365
OCT  13 13 13 12 12 12 12 12 12 12 12 12 12 12 12 12 12 12 12 11 11 11 11 11 11 11 11 11 10 10 10    360
NOV  10 10 10 10  9  9  9  9  9  9  9  9  8  8  8  8  8  8  8  8  7  7  7  7  7  7  7  7  7  7       246
DEC   7  7  6  6  6  6  6  6  6  6  6  6  6  6  6  6  6  6  5  5  5  5  5  5  5  5  5  5  5  5  5    175
                                                                                                        
