-------------------------------------------------------------------------------------------------       
 1971-2000 Daily/Monthly Station Normals                                                                
 Provided by National Climatic Data Center/NESDIS/NOAA                                                  
-------------------------------------------------------------------------------------------------       
 Station COOP ID:                           341711                                                      
 Station Name, State, Division, Call:       CHECOTAH                           OK 06                    
 Latitude, Longitude, Elevation, Elements:  35 28 00 -095 31 00   640   P                               
-------------------------------------------------------------------------------------------------       
 Total  Precipitation (Hundreths of an Inch)                                                            
 DAY  1  2  3  4  5  6  7  8  9 10 11 12 13 14 15 16 17 18 19 20 21 22 23 24 25 26 27 28 29 30 31  MONTH
-------------------------------------------------------------------------------------------------       
JAN   8  8  7  7  7  7  7  7  7  7  7  7  7  7  6  6  6  6  6  6  6  6  6  6  6  6  6  6  6  6  6    202
FEB   6  6  6  6  7  7  7  7  7  7  7  7  7  8  8  8  8  8  8  9  9  9  9  9 10 10 10 10             220
MAR  11 11 11 11 11 12 12 12 12 12 12 12 13 13 13 13 13 13 13 13 13 13 13 13 13 13 13 13 13 13 13    386
APR  13 13 13 13 12 12 12 12 12 12 12 13 13 13 13 13 13 13 13 13 14 14 14 14 14 15 15 15 15 16       399
MAY  16 16 16 17 17 17 17 18 18 18 18 18 18 19 19 19 19 19 19 19 19 19 19 19 19 19 19 19 19 18 18    564
JUN  18 18 18 18 18 17 17 17 17 17 16 16 16 16 16 16 15 15 15 15 14 14 14 14 13 13 13 13 12 12       463
JUL  12 12 11 11 11 11 10 10 10 10 10  9  9  9  9  9  9  8  8  8  8  8  8  8  8  7  7  7  7  7  7    278
AUG   7  7  7  7  7  7  7  7  7  7  7  7  8  8  8  8  8  9  9  9 10 10 10 11 11 12 12 13 13 14 14    281
SEP  15 15 16 16 16 17 17 18 18 18 18 19 19 19 19 19 19 19 19 19 19 19 19 19 19 18 18 18 18 17       539
OCT  17 17 16 16 16 15 15 15 15 14 14 14 14 14 14 13 13 13 13 13 13 13 13 13 13 13 13 13 13 13 13    434
NOV  13 13 13 13 14 14 14 14 14 14 14 14 14 14 14 14 14 14 14 13 13 13 13 13 13 13 13 13 12 12       403
DEC  12 12 12 12 12 11 11 11 11 11 11 10 10 10 10 10 10 10  9  9  9  9  9  9  8  8  8  8  8  8  8    306
                                                                                                        
