-------------------------------------------------------------------------------------------------       
 1971-2000 Daily/Monthly Station Normals                                                                
 Provided by National Climatic Data Center/NESDIS/NOAA                                                  
-------------------------------------------------------------------------------------------------       
 Station COOP ID:                           345437                                                      
 Station Name, State, Division, Call:       LYONS 2 N                          OK 06                    
 Latitude, Longitude, Elevation, Elements:  35 46 00 -094 44 00  1025   P                               
-------------------------------------------------------------------------------------------------       
 Total  Precipitation (Hundreths of an Inch)                                                            
 DAY  1  2  3  4  5  6  7  8  9 10 11 12 13 14 15 16 17 18 19 20 21 22 23 24 25 26 27 28 29 30 31  MONTH
-------------------------------------------------------------------------------------------------       
JAN   7  7  7  8  8  7  7  7  7  7  7  7  7  7  7  7  7  7  7  7  7  7  7  7  7  7  7  7  7  7  7    219
FEB   7  6  6  6  6  7  7  7  7  7  7  7  7  7  7  8  8  8  8  8  9  9  9  9 10 10 10 11             218
MAR  11 11 12 12 12 12 13 13 13 13 14 14 14 14 14 15 15 15 15 15 15 15 15 15 16 16 16 16 16 16 16    439
APR  16 16 16 15 15 15 15 15 15 16 16 16 16 16 16 16 16 16 16 16 16 16 16 16 16 17 17 17 17 17       479
MAY  17 17 17 18 18 18 18 18 18 18 18 18 18 19 19 19 19 19 19 19 19 19 19 19 19 19 19 19 19 19 19    573
JUN  19 19 19 19 19 19 19 19 19 19 19 19 18 18 18 18 18 17 17 17 17 17 16 16 16 15 15 15 14 14       524
JUL  14 13 13 13 12 12 12 11 11 11 11 10 10 10 10 10  9  9  9  9  9  9  9  8  8  8  8  8  8  8  8    310
AUG   8  8  8  8  8  8  8  8  9  9  9  9  9  9  9 10 10 10 10 10 11 11 11 12 12 12 13 13 13 14 14    313
SEP  15 15 15 16 16 16 16 17 17 17 17 17 17 17 17 17 17 17 17 17 17 17 17 17 17 16 16 16 16 15       494
OCT  15 14 14 14 14 13 13 13 13 13 13 12 12 12 12 12 12 12 12 13 13 13 13 13 13 14 14 14 14 15 15    409
NOV  15 16 16 16 17 17 17 17 17 18 18 18 18 18 18 18 18 18 17 17 17 17 17 16 16 16 16 15 15 14       503
DEC  14 13 13 13 12 12 12 11 11 11 10 10 10  9  9  9  9  8  8  8  8  8  8  8  8  7  7  7  7  7  7    294
                                                                                                        
