-------------------------------------------------------------------------------------------------       
 1971-2000 Daily/Monthly Station Normals                                                                
 Provided by National Climatic Data Center/NESDIS/NOAA                                                  
-------------------------------------------------------------------------------------------------       
 Station COOP ID:                           343304                                                      
 Station Name, State, Division, Call:       FORT SUPPLY 3 SE                   OK 02                    
 Latitude, Longitude, Elevation, Elements:  36 32 38 -099 32 05  2030 XNP                               
-------------------------------------------------------------------------------------------------       
 Minimum Temperature (deg F [tenths deg F for monthly])                                                 
 DAY  1  2  3  4  5  6  7  8  9 10 11 12 13 14 15 16 17 18 19 20 21 22 23 24 25 26 27 28 29 30 31  MONTH
-------------------------------------------------------------------------------------------------       
JAN  18 18 18 18 17 17 17 17 17 17 17 17 17 17 17 17 17 17 17 17 17 17 17 18 18 18 18 18 18 18 18    174
FEB  19 19 19 19 19 19 20 20 20 20 21 21 21 21 22 22 22 22 23 23 23 24 24 24 25 25 25 26             217
MAR  26 26 27 27 27 28 28 28 29 29 29 30 30 30 31 31 31 32 32 32 33 33 33 33 34 34 34 35 35 35 36    309
APR  36 36 37 37 37 38 38 38 39 39 39 40 40 40 41 41 41 42 42 42 43 43 43 44 44 45 45 45 46 46       409
MAY  46 47 47 47 48 48 49 49 49 50 50 50 51 51 52 52 52 53 53 53 54 54 55 55 55 56 56 56 57 57 57    519
JUN  58 58 58 59 59 60 60 60 60 61 61 61 62 62 62 62 63 63 63 63 64 64 64 64 64 65 65 65 65 65       620
JUL  65 65 65 66 66 66 66 66 66 66 66 66 66 66 66 67 67 67 67 67 67 67 67 67 67 67 67 67 67 67 66    664
AUG  67 67 66 66 66 66 66 66 66 66 66 65 65 65 65 65 65 64 64 64 64 63 63 63 63 62 62 62 62 61 61    644
SEP  61 60 60 60 59 59 59 58 58 57 57 57 56 56 56 55 55 54 54 54 53 53 52 52 52 51 51 50 50 50       553
OCT  49 49 48 48 48 47 47 46 46 45 45 44 44 44 43 43 42 42 41 41 40 40 39 39 39 38 38 37 37 36 36    426
NOV  35 35 34 34 33 33 33 32 32 31 31 30 30 30 29 29 29 28 28 28 27 27 27 26 26 26 25 25 25 24       294
DEC  24 24 24 23 23 23 23 22 22 22 22 21 21 21 21 20 20 20 20 20 20 19 19 19 19 19 19 18 18 18 18    207
                                                                                                        
-------------------------------------------------------------------------------------------------       
 Maximum Temperature (deg F [tenths deg F for monthly])                                                 
 DAY  1  2  3  4  5  6  7  8  9 10 11 12 13 14 15 16 17 18 19 20 21 22 23 24 25 26 27 28 29 30 31  MONTH
-------------------------------------------------------------------------------------------------       
JAN  45 45 45 45 45 45 45 45 45 45 45 45 45 45 45 45 45 46 46 46 46 46 46 47 47 47 47 47 48 48 48    458
FEB  48 49 49 49 49 50 50 50 51 51 51 51 52 52 52 52 53 53 53 53 54 54 54 55 55 55 55 56             520
MAR  56 56 56 57 57 57 58 58 58 58 59 59 59 60 60 60 61 61 61 62 62 62 62 63 63 64 64 64 65 65 65    604
APR  66 66 66 67 67 67 68 68 68 69 69 69 70 70 70 71 71 71 71 72 72 72 72 73 73 73 73 74 74 74       702
MAY  74 74 75 75 75 75 76 76 76 76 77 77 77 77 78 78 78 78 79 79 79 80 80 80 80 81 81 81 82 82 82    780
JUN  83 83 83 84 84 84 85 85 85 86 86 86 87 87 87 87 88 88 88 88 89 89 89 90 90 90 90 90 91 91       871
JUL  91 91 92 92 92 92 92 92 93 93 93 93 93 93 93 94 94 94 94 94 94 94 94 94 94 94 94 94 94 94 94    932
AUG  94 94 94 94 94 94 94 93 93 93 93 93 93 93 92 92 92 92 92 92 91 91 91 91 90 90 90 90 89 89 89    920
SEP  88 88 88 87 87 87 87 86 86 86 85 85 85 84 84 84 83 83 83 82 82 82 81 81 81 80 80 80 80 79       838
OCT  79 79 78 78 77 77 77 76 76 76 75 75 74 74 74 73 73 72 72 71 71 70 70 70 69 69 68 68 67 66 66    729
NOV  65 65 64 64 63 63 62 62 61 61 60 60 59 59 58 58 58 57 57 56 56 55 55 55 54 54 53 53 53 52       584
DEC  52 51 51 51 50 50 50 50 49 49 49 48 48 48 48 47 47 47 47 47 46 46 46 46 46 46 46 46 45 45 45    478
                                                                                                        
-------------------------------------------------------------------------------------------------       
 Average Temperature (deg F [tenths deg F for monthly])                                                 
 DAY  1  2  3  4  5  6  7  8  9 10 11 12 13 14 15 16 17 18 19 20 21 22 23 24 25 26 27 28 29 30 31  MONTH
-------------------------------------------------------------------------------------------------       
JAN  32 31 31 31 31 31 31 31 31 31 31 31 31 31 31 31 31 31 32 32 32 32 32 32 32 32 33 33 33 33 33    316
FEB  34 34 34 34 34 35 35 35 35 36 36 36 36 37 37 37 37 38 38 38 39 39 39 39 40 40 40 41             369
MAR  41 41 42 42 42 42 43 43 43 44 44 44 45 45 45 46 46 46 47 47 47 48 48 48 49 49 49 50 50 50 51    457
APR  51 51 52 52 52 53 53 53 54 54 54 55 55 55 55 56 56 56 57 57 57 58 58 58 59 59 59 59 60 60       556
MAY  60 61 61 61 61 62 62 62 63 63 63 64 64 64 65 65 65 66 66 66 66 67 67 68 68 68 69 69 69 70 70    650
JUN  70 71 71 71 72 72 72 73 73 73 74 74 74 74 75 75 75 75 76 76 76 76 77 77 77 77 78 78 78 78       746
JUL  78 78 79 79 79 79 79 79 80 80 80 80 80 80 80 80 80 80 80 80 80 80 80 80 81 81 81 80 80 80 80    798
AUG  80 80 80 80 80 80 80 80 80 79 79 79 79 79 79 79 78 78 78 78 78 77 77 77 77 76 76 76 75 75 75    782
SEP  74 74 74 74 73 73 73 72 72 72 71 71 71 70 70 69 69 69 68 68 68 67 67 67 66 66 66 65 65 64       696
OCT  64 64 63 63 63 62 62 61 61 61 60 60 59 59 58 58 58 57 57 56 56 55 55 54 54 53 53 52 52 51 51    578
NOV  50 50 49 49 48 48 47 47 47 46 46 45 45 44 44 43 43 43 42 42 42 41 41 40 40 40 39 39 39 38       439
DEC  38 38 37 37 37 36 36 36 36 35 35 35 35 34 34 34 34 34 33 33 33 33 33 33 32 32 32 32 32 32 32    343
                                                                                                        
-------------------------------------------------------------------------------------------------       
 Heating Degree Days                                                                                    
 DAY  1  2  3  4  5  6  7  8  9 10 11 12 13 14 15 16 17 18 19 20 21 22 23 24 25 26 27 28 29 30 31  MONTH
-------------------------------------------------------------------------------------------------       
JAN  33 33 34 34 34 34 34 34 34 34 34 34 34 34 34 34 34 34 33 33 33 33 33 33 33 33 32 32 32 32 32   1034
FEB  32 31 31 31 31 30 30 30 30 29 29 29 29 28 28 28 28 27 27 27 27 26 26 26 25 25 25 24             789
MAR  24 24 23 23 23 23 22 22 22 21 21 21 20 20 20 19 19 19 18 18 18 17 17 17 17 16 16 16 15 15 15    601
APR  14 14 14 13 13 13 13 12 12 12 11 11 11 11 10 10 10  9  9  9  9  8  8  8  8  7  7  7  6  6       305
MAY   6  6  6  5  5  5  5  4  4  4  4  4  3  3  3  3  3  3  3  2  2  2  2  2  2  2  2  1  1  1  1     99
JUN   1  1  1  1  1  1  1  1  1  1  1  1  1  1  0  0  0  0  0  0  0  0  0  0  0  0  0  0  0  0        14
JUL   0  0  0  0  0  0  0  0  0  0  0  0  0  0  0  0  0  0  0  0  0  0  0  0  0  0  0  0  0  0  0      0
AUG   0  0  0  0  0  0  0  0  0  0  0  0  0  0  0  0  0  0  0  0  0  0  0  0  0  0  0  0-99-99-99      3
SEP   0  0  0  1  1  1  1  1  1  1  1  1  1  1  1  1  1  2  2  2  2  2  2  2  2  3  3  3  3  3        45
OCT   3  3  4  4  4  4  5  5  5  5  6  6  6  6  7  7  8  8  8  9  9  9 10 10 11 11 12 12 13 13 14    237
NOV  14 15 15 16 16 17 18 18 18 19 19 20 20 21 21 22 22 22 23 23 24 24 24 25 25 26 26 26 27 27       633
DEC  27 27 28 28 28 29 29 29 29 30 30 30 30 31 31 31 31 31 32 32 32 32 32 33 33 33 33 33 33 33 33    953
                                                                                                        
-------------------------------------------------------------------------------------------------       
 Cooling Degree Days                                                                                    
 DAY  1  2  3  4  5  6  7  8  9 10 11 12 13 14 15 16 17 18 19 20 21 22 23 24 25 26 27 28 29 30 31  MONTH
-------------------------------------------------------------------------------------------------       
JAN   0  0  0  0  0  0  0  0  0  0  0  0  0  0  0  0  0  0  0  0  0  0  0  0  0  0  0  0  0  0  0      0
FEB   0  0  0  0  0  0  0  0  0  0  0  0  0  0  0  0  0  0  0  0  0  0  0  0  0  0  0  0               0
MAR   0  0  0  0  0  0  0  0  0  0  0  0  0  0  0  0  0  0  0  0  0  0  0  0  0  0  0  0  0  0  0      0
APR   0  0  0  0  0  0  0  0  0  1  1  1  1  1  1  1  1  1  1  1  1  1  1  1  1  1  1  1  1  1        21
MAY   1  1  1  1  1  2  2  2  2  2  2  2  2  3  3  3  3  3  3  4  4  4  4  4  5  5  5  5  6  6  6     97
JUN   6  7  7  7  7  8  8  8  9  9  9  9 10 10 10 10 10 11 11 11 11 12 12 12 12 12 13 13 13 13       300
JUL  13 14 14 14 14 14 14 14 15 15 15 15 15 15 15 15 15 15 15 15 15 15 15 16 16 16 15 15 15 15 15    459
AUG  15 15 15 15 15 15 15 15 15 15 14 14 14 14 14 14 13 13 13 13 13 12 12 12 12 12 11 11 11 10 10    412
SEP  10 10  9  9  9  8  8  8  8  7  7  7  7  6  6  6  6  5  5  5  5  4  4  4  4  3  3  3  3  2       181
OCT   2  2  2  1  1  1  1  1  1  0  0  0  0  0  0  0  0  0  0  0  0  0  0  0  0  0  0  0  0  0  0     12
NOV   0  0  0  0  0  0  0  0  0  0  0  0  0  0  0  0  0  0  0  0  0  0  0  0  0  0  0  0  0  0         0
DEC   0  0  0  0  0  0  0  0  0  0  0  0  0  0  0  0  0  0  0  0  0  0  0  0  0  0  0  0  0  0  0      0
                                                                                                        
-------------------------------------------------------------------------------------------------       
 Total  Precipitation (Hundreths of an Inch)                                                            
 DAY  1  2  3  4  5  6  7  8  9 10 11 12 13 14 15 16 17 18 19 20 21 22 23 24 25 26 27 28 29 30 31  MONTH
-------------------------------------------------------------------------------------------------       
JAN   2  2  2  2  2  2  2  2  2  2  2  2  2  2  2  2  2  2  2  2  2  1  2  2  2  2  2  2  2  2  2     61
FEB   2  2  2  2  2  2  2  2  2  3  3  3  3  3  3  3  3  3  4  4  4  4  4  4  5  5  5  5              89
MAR   5  6  6  6  6  6  7  7  7  7  7  7  7  7  7  7  8  8  8  8  8  8  7  7  7  7  7  7  7  7  7    216
APR   7  7  6  6  6  6  6  6  6  6  6  6  6  6  7  7  7  7  7  7  8  8  8  8  9  9  9 10 10 10       217
MAY  11 11 11 12 12 12 13 13 13 13 13 14 14 14 14 14 14 14 14 14 15 15 14 14 14 14 14 14 14 14 14    416
JUN  14 13 13 13 13 13 12 12 12 12 12 12 11 11 11 11 11 11 11 10 10 10 10 10 10 10  9  9  9  9       334
JUL   9  9  9  9  8  8  8  8  8  8  8  8  8  8  8  8  7  7  7  7  7  7  7  7  7  7  7  7  7  7  8    238
AUG   7  7  8  8  8  8  8  8  8  8  8  8  8  8  8  8  8  8  8  8  8  8  8  8  8  8  8  8  8  8  8    246
SEP   8  8  8  8  8  8  8  8  8  8  8  8  8  8  8  8  8  8  8  8  8  8  7  7  7  7  7  7  7  7       232
OCT   7  7  7  7  7  7  7  7  7  6  6  6  6  6  6  6  6  6  6  6  6  6  6  6  6  6  5  5  5  5  5    190
NOV   5  5  5  5  5  5  5  5  5  5  5  5  5  5  5  5  4  4  4  4  4  4  4  4  4  4  4  4  4  4       136
DEC   4  4  4  4  4  3  3  3  3  3  3  3  3  3  3  3  3  3  3  3  3  3  3  3  3  3  2  2  2  2  2     93
                                                                                                        
