-------------------------------------------------------------------------------------------------       
 1971-2000 Daily/Monthly Station Normals                                                                
 Provided by National Climatic Data Center/NESDIS/NOAA                                                  
-------------------------------------------------------------------------------------------------       
 Station COOP ID:                           341684                                                      
 Station Name, State, Division, Call:       CHANDLER 1                         OK 05                    
 Latitude, Longitude, Elevation, Elements:  35 41 59 -096 52 59   925 XNP                               
-------------------------------------------------------------------------------------------------       
 Minimum Temperature (deg F [tenths deg F for monthly])                                                 
 DAY  1  2  3  4  5  6  7  8  9 10 11 12 13 14 15 16 17 18 19 20 21 22 23 24 25 26 27 28 29 30 31  MONTH
-------------------------------------------------------------------------------------------------       
JAN  25 24 24 24 24 24 24 24 24 24 24 24 24 24 24 24 24 24 24 24 24 24 24 24 24 24 25 25 25 25 25    242
FEB  26 26 26 26 26 27 27 27 27 27 28 28 28 28 29 29 29 30 30 30 30 31 31 31 31 32 32 32             287
MAR  33 33 33 34 34 34 34 35 35 35 36 36 36 37 37 37 38 38 38 39 39 39 39 40 40 40 41 41 41 42 42    373
APR  42 43 43 43 44 44 44 44 45 45 45 46 46 46 47 47 47 48 48 48 49 49 49 50 50 51 51 51 52 52       470
MAY  52 53 53 53 54 54 54 55 55 56 56 56 57 57 57 58 58 58 58 59 59 59 60 60 60 61 61 61 61 62 62    574
JUN  62 63 63 63 63 64 64 64 65 65 65 65 66 66 66 66 66 67 67 67 67 68 68 68 68 68 69 69 69 69       660
JUL  70 70 70 70 70 70 71 71 71 71 71 71 71 71 71 71 71 71 71 71 71 71 71 71 71 71 71 71 71 71 71    708
AUG  71 71 71 71 70 70 70 70 70 70 70 69 69 69 69 69 69 69 68 68 68 68 68 67 67 67 67 67 66 66 66    687
SEP  66 65 65 65 65 64 64 64 63 63 63 63 62 62 62 61 61 61 60 60 59 59 59 58 58 58 57 57 56 56       612
OCT  55 55 55 54 54 53 53 52 52 51 51 51 50 50 49 49 49 48 48 47 47 46 46 46 45 45 44 44 44 43 43    490
NOV  42 42 42 41 41 40 40 40 39 39 39 38 38 37 37 37 36 36 36 35 35 35 34 34 34 33 33 33 32 32       370
DEC  32 31 31 31 31 30 30 30 29 29 29 29 28 28 28 28 27 27 27 27 27 26 26 26 26 26 26 25 25 25 25    279
                                                                                                        
-------------------------------------------------------------------------------------------------       
 Maximum Temperature (deg F [tenths deg F for monthly])                                                 
 DAY  1  2  3  4  5  6  7  8  9 10 11 12 13 14 15 16 17 18 19 20 21 22 23 24 25 26 27 28 29 30 31  MONTH
-------------------------------------------------------------------------------------------------       
JAN  47 47 47 47 47 47 46 46 46 46 46 46 46 47 47 47 47 47 47 47 47 47 48 48 48 48 48 49 49 49 49    472
FEB  50 50 50 51 51 51 51 52 52 52 53 53 53 53 54 54 54 54 55 55 55 56 56 56 56 57 57 57             535
MAR  58 58 58 58 59 59 59 60 60 60 60 61 61 61 62 62 62 63 63 63 63 64 64 64 65 65 65 66 66 66 67    620
APR  67 67 68 68 68 69 69 69 70 70 70 71 71 71 71 72 72 72 73 73 73 73 74 74 74 74 74 75 75 75       714
MAY  75 76 76 76 76 76 77 77 77 77 78 78 78 78 78 79 79 79 79 80 80 80 80 81 81 81 82 82 82 82 83    788
JUN  83 83 83 84 84 84 84 85 85 85 85 86 86 86 86 87 87 87 88 88 88 88 89 89 89 89 90 90 90 90       866
JUL  91 91 91 91 91 92 92 92 92 92 92 93 93 93 93 93 93 93 94 94 94 94 94 94 94 94 94 94 94 94 94    929
AUG  94 94 94 94 94 94 94 94 94 94 94 94 94 93 93 93 93 93 93 92 92 92 92 91 91 91 91 90 90 90 89    926
SEP  89 89 88 88 88 87 87 87 86 86 86 85 85 85 84 84 84 83 83 83 82 82 82 81 81 81 80 80 80 80       842
OCT  79 79 79 78 78 78 77 77 76 76 76 75 75 75 74 74 73 73 73 72 72 71 71 70 70 70 69 69 68 68 67    736
NOV  67 66 66 65 65 64 64 64 63 63 62 62 61 61 60 60 60 59 59 58 58 58 57 57 56 56 56 55 55 55       604
DEC  54 54 54 53 53 53 52 52 52 52 51 51 51 50 50 50 50 49 49 49 49 49 48 48 48 48 48 48 47 47 47    502
                                                                                                        
-------------------------------------------------------------------------------------------------       
 Average Temperature (deg F [tenths deg F for monthly])                                                 
 DAY  1  2  3  4  5  6  7  8  9 10 11 12 13 14 15 16 17 18 19 20 21 22 23 24 25 26 27 28 29 30 31  MONTH
-------------------------------------------------------------------------------------------------       
JAN  36 36 36 36 36 35 35 35 35 35 35 35 35 35 35 35 35 35 35 36 36 36 36 36 36 36 37 37 37 37 37    357
FEB  38 38 38 38 39 39 39 39 40 40 40 40 41 41 41 41 42 42 42 42 43 43 43 44 44 44 45 45             411
MAR  45 45 46 46 46 47 47 47 48 48 48 48 49 49 49 50 50 50 51 51 51 52 52 52 53 53 53 53 54 54 54    497
APR  55 55 55 56 56 56 57 57 57 58 58 58 58 59 59 59 60 60 60 61 61 61 61 62 62 62 63 63 63 64       592
MAY  64 64 64 65 65 65 66 66 66 66 67 67 67 68 68 68 68 69 69 69 70 70 70 70 71 71 71 71 72 72 72    681
JUN  73 73 73 73 74 74 74 74 75 75 75 76 76 76 76 76 77 77 77 77 78 78 78 78 79 79 79 79 80 80       763
JUL  80 80 80 80 81 81 81 81 81 81 82 82 82 82 82 82 82 82 82 82 83 83 83 83 83 83 83 83 83 83 83    819
AUG  83 83 83 82 82 82 82 82 82 82 82 82 81 81 81 81 81 81 81 80 80 80 80 79 79 79 79 78 78 78 78    807
SEP  77 77 77 76 76 76 76 75 75 75 74 74 74 73 73 73 72 72 72 71 71 71 70 70 69 69 69 68 68 68       727
OCT  67 67 67 66 66 65 65 65 64 64 63 63 63 62 62 61 61 61 60 60 59 59 58 58 58 57 57 56 56 55 55    613
NOV  55 54 54 53 53 52 52 52 51 51 50 50 50 49 49 48 48 48 47 47 46 46 46 45 45 45 44 44 44 43       487
DEC  43 43 42 42 42 42 41 41 41 40 40 40 40 39 39 39 39 38 38 38 38 38 37 37 37 37 37 36 36 36 36    391
                                                                                                        
-------------------------------------------------------------------------------------------------       
 Heating Degree Days                                                                                    
 DAY  1  2  3  4  5  6  7  8  9 10 11 12 13 14 15 16 17 18 19 20 21 22 23 24 25 26 27 28 29 30 31  MONTH
-------------------------------------------------------------------------------------------------       
JAN  29 29 29 29 29 30 30 30 30 30 30 30 30 30 30 30 30 30 30 29 29 29 29 29 29 29 29 28 28 28 28    909
FEB  28 27 27 27 27 26 26 26 26 25 25 25 25 24 24 24 24 23 23 23 22 22 22 22 21 21 21 20             676
MAR  20 20 19 19 19 18 18 18 18 17 17 17 16 16 16 15 15 15 14 14 14 14 13 13 13 12 12 12 11 11 11    477
APR  10 10 10 10  9  9  9  8  8  8  8  7  7  7  7  6  6  6  6  6  5  5  5  5  4  4  4  4  4  4       201
MAY   3  3  3  3  3  3  2  2  2  2  2  2  2  1  1  1  1  1  1  1  1  1  1  1  1  1  0  0  0  0  0     45
JUN -99-99  0  0  0  0  0  0  0  0  0  0  0  0  0  0  0  0  0  0  0  0  0  0  0  0  0  0  0  0         2
JUL   0  0  0  0  0  0  0  0  0  0  0  0  0  0  0  0  0  0  0  0  0  0  0  0  0  0  0  0  0  0  0      0
AUG   0  0  0  0  0  0  0  0  0  0  0  0  0  0  0  0  0  0  0  0  0  0  0  0  0  0  0  0  0  0-99      1
SEP   0  0  0  0  0  0  1  1  1  1  1  1  1  1  1  1  1  1  1  1  1  1  1  1  1  2  2  2  2  2        29
OCT   2  2  2  2  2  2  3  3  3  3  3  4  4  4  4  4  5  5  5  6  6  6  7  7  7  8  8  9  9  9 10    154
NOV  10 11 11 12 12 13 13 13 14 14 15 15 16 16 16 17 17 18 18 18 19 19 19 20 20 20 21 21 21 22       491
DEC  22 22 23 23 23 24 24 24 24 25 25 25 26 26 26 26 26 27 27 27 27 27 28 28 28 28 28 29 29 29 29    805
                                                                                                        
-------------------------------------------------------------------------------------------------       
 Cooling Degree Days                                                                                    
 DAY  1  2  3  4  5  6  7  8  9 10 11 12 13 14 15 16 17 18 19 20 21 22 23 24 25 26 27 28 29 30 31  MONTH
-------------------------------------------------------------------------------------------------       
JAN   0  0  0  0  0  0  0  0  0  0  0  0  0  0  0  0  0  0  0  0  0  0  0  0  0  0  0  0  0  0  0      0
FEB   0  0  0  0  0  0  0  0  0  0  0  0  0  0  0  0  0  0  0  0  0  0  0  0  0  0  0  0               0
MAR   0  0  0  0  0  0  0  0  0  0  0  0  0  0  0  0  0  0  0  0  0  0  0  0  0  0  0  0  0  0-99      1
APR   0  0  0  0  0  0  0  0  0  1  1  1  1  1  1  1  1  1  1  1  1  1  1  1  2  2  2  2  2  2        27
MAY   2  2  2  2  3  3  3  3  3  3  4  4  4  4  4  4  5  5  5  5  5  6  6  6  6  6  7  7  7  7  8    141
JUN   8  8  8  9  9  9  9 10 10 10 10 11 11 11 11 12 12 12 12 12 13 13 13 13 14 14 14 14 15 15       342
JUL  15 15 15 16 16 16 16 16 16 16 17 17 17 17 17 17 17 17 17 17 17 17 18 18 18 18 18 18 18 18 17    522
AUG  17 17 17 17 17 17 17 17 17 17 17 17 16 16 16 16 16 16 16 15 15 15 15 15 14 14 14 14 13 13 13    486
SEP  13 12 12 12 12 11 11 11 11 10 10 10  9  9  9  9  8  8  8  7  7  7  7  6  6  6  5  5  5  4       260
OCT   4  4  4  3  3  3  3  2  2  2  2  2  1  1  1  1  1  1  0  0  0  0  0  0  0  0  0  0  0  0  0     40
NOV   0  0  0  0  0  0  0  0  0  0  0  0  0  0  0  0  0  0  0  0-99-99  0  0  0  0  0  0  0  0         2
DEC   0  0  0  0  0  0  0  0  0  0  0  0  0  0  0  0  0  0  0  0  0  0  0  0  0  0  0  0  0  0  0      0
                                                                                                        
-------------------------------------------------------------------------------------------------       
 Total  Precipitation (Hundreths of an Inch)                                                            
 DAY  1  2  3  4  5  6  7  8  9 10 11 12 13 14 15 16 17 18 19 20 21 22 23 24 25 26 27 28 29 30 31  MONTH
-------------------------------------------------------------------------------------------------       
JAN   5  5  5  4  4  4  4  4  4  4  4  4  4  4  4  4  4  4  4  4  4  5  5  5  5  5  5  5  5  5  5    137
FEB   5  5  6  6  6  6  6  6  6  6  7  7  7  7  7  7  7  7  8  8  8  8  8  8  8  9  9  9             197
MAR   9  9  9 10 10 10 10 10 10 10 10 10 10 10 10 10 11 11 11 11 11 11 10 10 10 10 10 10 10 10 10    313
APR  10 10 10 10  9  9  9 10 10 10 10 10 10 10 10 10 10 11 11 11 11 12 12 12 12 13 13 13 14 14       326
MAY  15 15 15 16 16 16 17 17 17 17 18 18 18 18 18 18 19 19 19 19 19 19 19 19 19 18 18 18 18 18 18    548
JUN  17 17 17 17 17 16 16 16 16 15 15 15 15 15 14 14 14 14 13 13 13 13 12 12 12 12 12 11 11 11       425
JUL  11 10 10 10 10 10  9  9  9  9  9  8  8  8  8  8  8  8  8  7  7  7  7  7  7  7  7  7  7  7  7    254
AUG   7  7  7  7  7  7  7  7  7  7  7  7  7  7  7  8  8  8  8  8  8  9  9  9  9 10 10 10 11 11 11    252
SEP  11 12 12 12 13 13 13 13 14 14 14 14 14 14 14 14 14 15 15 15 15 15 15 15 14 14 14 14 14 14       414
OCT  14 14 13 13 13 13 13 13 13 12 12 12 12 12 12 12 12 12 12 12 11 11 11 11 11 11 11 11 11 11 11    372
NOV  11 11 11 11 11 11 11 11 10 10 10 10 10 10 10 10 10 10 10 10  9  9  9  9  9  9  9  8  8  8       295
DEC   8  8  8  7  7  7  7  7  7  7  7  6  6  6  6  6  6  6  6  5  5  5  5  5  5  5  5  5  5  5  5    188
                                                                                                        
