-------------------------------------------------------------------------------------------------       
 1971-2000 Daily/Monthly Station Normals                                                                
 Provided by National Climatic Data Center/NESDIS/NOAA                                                  
-------------------------------------------------------------------------------------------------       
 Station COOP ID:                           344019                                                      
 Station Name, State, Division, Call:       HELENA 1 SSE                       OK 02                    
 Latitude, Longitude, Elevation, Elements:  36 32 18 -098 16 57  1350 XNP                               
-------------------------------------------------------------------------------------------------       
 Minimum Temperature (deg F [tenths deg F for monthly])                                                 
 DAY  1  2  3  4  5  6  7  8  9 10 11 12 13 14 15 16 17 18 19 20 21 22 23 24 25 26 27 28 29 30 31  MONTH
-------------------------------------------------------------------------------------------------       
JAN  22 21 21 21 21 21 21 21 21 21 21 21 21 21 21 21 21 21 21 21 21 21 21 22 22 22 22 22 22 22 22    213
FEB  23 23 23 23 23 24 24 24 24 24 25 25 25 25 26 26 26 27 27 27 27 28 28 28 29 29 29 30             258
MAR  30 30 31 31 31 32 32 32 33 33 33 34 34 34 34 35 35 35 36 36 36 37 37 37 37 38 38 38 39 39 39    347
APR  39 40 40 40 40 41 41 41 42 42 42 43 43 43 43 44 44 44 45 45 45 46 46 46 47 47 47 48 48 49       437
MAY  49 49 50 50 50 51 51 51 52 52 52 53 53 53 54 54 55 55 55 56 56 56 57 57 57 58 58 58 59 59 60    542
JUN  60 60 61 61 61 62 62 62 63 63 63 63 64 64 64 64 65 65 65 65 66 66 66 66 67 67 67 67 67 67       641
JUL  68 68 68 68 68 68 68 69 69 69 69 69 69 69 69 69 69 69 69 69 69 69 70 70 70 70 70 70 70 69 69    690
AUG  70 69 69 69 69 69 69 69 69 69 69 69 68 68 68 68 68 68 67 67 67 67 67 66 66 66 66 65 65 65 65    676
SEP  64 64 64 63 63 63 62 62 62 61 61 61 60 60 60 59 59 59 58 58 57 57 57 56 56 55 55 55 54 54       593
OCT  53 53 52 52 52 51 51 50 50 49 49 48 48 48 47 47 46 46 45 45 45 44 44 43 43 42 42 41 41 41 40    467
NOV  40 39 39 38 38 37 37 37 36 36 35 35 35 34 34 33 33 33 32 32 32 31 31 31 30 30 29 29 29 29       338
DEC  28 28 27 27 27 27 26 26 26 26 25 25 25 25 24 24 24 24 23 23 23 23 23 23 22 22 22 22 22 22 22    244
                                                                                                        
-------------------------------------------------------------------------------------------------       
 Maximum Temperature (deg F [tenths deg F for monthly])                                                 
 DAY  1  2  3  4  5  6  7  8  9 10 11 12 13 14 15 16 17 18 19 20 21 22 23 24 25 26 27 28 29 30 31  MONTH
-------------------------------------------------------------------------------------------------       
JAN  44 44 44 44 44 44 44 44 44 44 44 44 44 44 44 44 44 44 44 44 44 44 45 45 45 45 45 45 46 46 46    444
FEB  47 47 47 47 48 48 48 48 49 49 49 49 50 50 50 51 51 51 52 52 52 53 53 53 54 54 54 55             504
MAR  55 55 56 56 56 57 57 57 58 58 58 59 59 59 60 60 60 61 61 61 62 62 62 63 63 63 64 64 64 65 65    600
APR  65 66 66 66 67 67 67 68 68 68 68 69 69 69 70 70 70 71 71 71 72 72 72 72 73 73 73 73 74 74       698
MAY  74 75 75 75 75 76 76 76 77 77 77 78 78 78 79 79 79 79 80 80 81 81 81 82 82 82 83 83 83 84 84    790
JUN  85 85 85 86 86 86 87 87 87 88 88 88 89 89 89 90 90 90 90 91 91 91 91 92 92 92 92 93 93 93       892
JUL  93 93 94 94 94 94 94 94 95 95 95 95 95 95 95 95 95 95 96 96 96 96 96 96 96 96 96 96 96 96 96    951
AUG  96 96 96 96 96 96 95 95 95 95 95 95 95 95 94 94 94 94 94 93 93 93 93 92 92 92 91 91 91 91 90    938
SEP  90 89 89 89 88 88 88 87 87 87 86 86 86 85 85 85 84 84 84 83 83 83 82 82 82 81 81 80 80 80       848
OCT  80 79 79 78 78 78 77 77 77 76 76 75 75 74 74 74 73 73 72 72 71 71 70 70 69 68 68 67 67 66 66    732
NOV  65 64 64 63 63 62 62 61 61 60 60 59 59 58 58 57 57 56 56 55 55 54 54 54 53 53 53 52 52 51       577
DEC  51 51 50 50 50 49 49 49 49 48 48 48 48 47 47 47 47 46 46 46 46 46 45 45 45 45 45 45 44 44 44    471
                                                                                                        
-------------------------------------------------------------------------------------------------       
 Average Temperature (deg F [tenths deg F for monthly])                                                 
 DAY  1  2  3  4  5  6  7  8  9 10 11 12 13 14 15 16 17 18 19 20 21 22 23 24 25 26 27 28 29 30 31  MONTH
-------------------------------------------------------------------------------------------------       
JAN  33 33 33 33 33 33 32 32 32 32 32 32 32 32 32 33 33 33 33 33 33 33 33 33 33 34 34 34 34 34 34    329
FEB  35 35 35 35 36 36 36 36 36 37 37 37 38 38 38 38 39 39 39 40 40 40 40 41 41 41 42 42             381
MAR  42 43 43 43 44 44 45 45 45 46 46 46 46 47 47 47 48 48 48 49 49 49 50 50 50 51 51 51 52 52 52    474
APR  52 53 53 53 54 54 54 55 55 55 55 56 56 56 57 57 57 58 58 58 58 59 59 59 60 60 60 61 61 61       568
MAY  62 62 62 63 63 63 64 64 64 64 65 65 65 66 66 67 67 67 68 68 68 69 69 69 70 70 70 71 71 71 72    666
JUN  72 73 73 73 74 74 74 75 75 75 76 76 76 77 77 77 77 78 78 78 78 79 79 79 79 79 80 80 80 80       767
JUL  80 81 81 81 81 81 81 81 82 82 82 82 82 82 82 82 82 82 82 83 83 83 83 83 83 83 83 83 83 83 83    821
AUG  83 83 83 83 82 82 82 82 82 82 82 82 82 81 81 81 81 81 80 80 80 80 80 79 79 79 79 78 78 78 77    807
SEP  77 77 76 76 76 75 75 75 74 74 74 73 73 73 72 72 72 71 71 71 70 70 70 69 69 68 68 68 67 67       721
OCT  67 66 66 65 65 65 64 64 63 63 62 62 62 61 61 60 60 59 59 58 58 57 57 56 56 55 55 54 54 53 53    600
NOV  52 52 51 51 50 50 49 49 49 48 48 47 47 46 46 45 45 45 44 44 43 43 43 42 42 41 41 41 40 40       458
DEC  40 39 39 39 38 38 38 38 37 37 37 36 36 36 36 36 35 35 35 35 34 34 34 34 34 34 34 33 33 33 33    358
                                                                                                        
-------------------------------------------------------------------------------------------------       
 Heating Degree Days                                                                                    
 DAY  1  2  3  4  5  6  7  8  9 10 11 12 13 14 15 16 17 18 19 20 21 22 23 24 25 26 27 28 29 30 31  MONTH
-------------------------------------------------------------------------------------------------       
JAN  32 32 32 32 32 33 33 33 33 33 33 33 33 33 33 33 32 32 32 32 32 32 32 32 32 32 31 31 31 31 31    998
FEB  30 30 30 30 30 29 29 29 29 28 28 28 27 27 27 27 26 26 26 25 25 25 25 24 24 24 23 23             754
MAR  23 22 22 21 21 21 20 20 20 19 19 19 19 18 18 18 17 17 17 16 16 16 15 15 15 15 14 14 14 13 13    547
APR  13 13 12 12 12 11 11 11 11 10 10 10 10  9  9  9  9  8  8  8  7  7  7  7  7  6  6  6  6  5       270
MAY   5  5  5  4  4  4  4  4  3  3  3  3  3  2  2  2  2  2  2  2  2  1  1  1  1  1  1  1  1  1  1     76
JUN   1  1  1  1  1  0  0  0  0  0  0  0  0  0  0  0  0  0  0  0  0  0  0  0  0  0  0  0  0  0         5
JUL   0  0  0  0  0  0  0  0  0  0  0  0  0  0  0  0  0  0  0  0  0  0  0  0  0  0  0  0  0  0  0      0
AUG   0  0  0  0  0  0  0  0  0  0  0  0  0  0  0  0  0  0  0  0  0  0  0  0  0  0  0  0  0  0-99      1
SEP   0  0  0  0  0  0  0  0  0  1  1  1  1  1  1  1  1  1  1  1  1  1  1  1  2  2  2  2  2  2        27
OCT   2  2  2  3  3  3  3  3  4  4  4  4  5  5  5  5  6  6  6  7  7  8  8  9  9  9 10 10 11 11 12    186
NOV  12 13 14 14 15 15 16 16 17 17 17 18 18 19 19 20 20 21 21 21 22 22 23 23 23 24 24 24 25 25       578
DEC  25 26 26 26 27 27 27 28 28 28 28 29 29 29 29 29 30 30 30 30 31 31 31 31 31 31 32 32 32 32 32    907
                                                                                                        
-------------------------------------------------------------------------------------------------       
 Cooling Degree Days                                                                                    
 DAY  1  2  3  4  5  6  7  8  9 10 11 12 13 14 15 16 17 18 19 20 21 22 23 24 25 26 27 28 29 30 31  MONTH
-------------------------------------------------------------------------------------------------       
JAN   0  0  0  0  0  0  0  0  0  0  0  0  0  0  0  0  0  0  0  0  0  0  0  0  0  0  0  0  0  0  0      0
FEB   0  0  0  0  0  0  0  0  0  0  0  0  0  0  0  0  0  0  0  0  0  0  0  0  0  0  0  0               0
MAR   0  0  0  0  0  0  0  0  0  0  0  0  0  0  0  0  0  0  0  0  0  0  0  0  0  0  0  0  0  0  0      0
APR   0  0  0  0  0  0  0  0  0  1  1  1  1  1  1  1  1  1  1  1  1  1  1  1  1  1  1  1  2  2        23
MAY   2  2  2  2  2  2  2  2  3  3  3  3  3  3  3  4  4  4  4  5  5  5  5  6  6  6  6  7  7  7  8    126
JUN   8  8  8  9  9  9 10 10 10 11 11 11 11 12 12 12 12 13 13 13 13 14 14 14 14 14 15 15 15 15       355
JUL  15 15 16 16 16 16 16 16 17 17 17 17 17 17 17 17 17 17 17 18 18 18 18 18 18 18 18 18 18 18 18    529
AUG  18 18 18 17 17 17 17 17 17 17 17 17 17 16 16 16 16 16 15 15 15 15 15 14 14 14 14 13 13 13 13    487
SEP  12 12 12 11 11 11 10 10 10 10  9  9  9  8  8  8  8  7  7  7  6  6  6  5  5  5  5  4  4  4       239
OCT   3  3  3  3  2  2  2  2  2  1  1  1  1  1  1  1  0  0  0  0  0  0  0  0  0  0  0  0  0  0  0     29
NOV   0  0  0  0  0  0  0  0  0  0  0  0  0  0  0  0  0  0  0  0  0  0  0  0  0  0  0  0  0  0         0
DEC   0  0  0  0  0  0  0  0  0  0  0  0  0  0  0  0  0  0  0  0  0  0  0  0  0  0  0  0  0  0  0      0
                                                                                                        
-------------------------------------------------------------------------------------------------       
 Total  Precipitation (Hundreths of an Inch)                                                            
 DAY  1  2  3  4  5  6  7  8  9 10 11 12 13 14 15 16 17 18 19 20 21 22 23 24 25 26 27 28 29 30 31  MONTH
-------------------------------------------------------------------------------------------------       
JAN   4  4  4  3  3  3  3  3  3  3  3  3  3  3  3  3  3  3  3  3  3  3  3  3  3  3  3  3  3  3  3     96
FEB   3  3  3  3  3  3  3  4  4  4  4  4  4  4  4  5  5  5  5  5  6  6  6  6  6  7  7  7             129
MAR   7  8  8  8  8  9  9  9  9  9  9  9 10 10 10 10 10 10 10 10 10 10 10 10 10 10 10 10  9  9  9    289
APR   9  9  9  9  9  9  8  8  8  8  8  8  8  9  9  9  9  9  9  9  9 10 10 10 10 11 11 11 12 12       279
MAY  12 12 13 13 13 14 14 14 14 15 15 15 15 15 15 15 16 16 16 16 16 16 16 16 16 16 15 15 15 15 15    459
JUN  15 15 15 14 14 14 14 14 14 13 13 13 13 13 13 13 13 12 12 12 12 12 12 12 12 12 12 11 11 11       386
JUL  11 11 11 11 11 11 11 11 11 11 10 10 10 10 10 10 10 10 10 10 10 10 10 10 10 10 10 10 10 10 10    320
AUG  10 10 10 10 10  9  9  9  9  9  9 10 10 10 10 10 10 10 10 10 10 10 10 10 10 10 10 10 10 10 10    304
SEP  10 10 10 10 10 10 10 10 11 11 11 11 10 10 10 10 10 10 10 10 10 10 10 10 10 10 10 10 10 10       304
OCT  10  9  9  9  9  9  9  9  9  9  9  9  9  9  9  9  8  8  8  8  8  8  8  8  8  8  8  8  8  8  8    265
NOV   8  8  8  8  8  7  7  7  7  7  7  7  7  7  7  7  7  7  7  6  6  6  6  6  6  6  6  6  6  6       204
DEC   5  5  5  5  5  5  5  5  5  5  4  4  4  4  4  4  4  4  4  4  4  4  4  4  4  4  3  3  3  3  3    129
                                                                                                        
