-------------------------------------------------------------------------------------------------       
 1971-2000 Daily/Monthly Station Normals                                                                
 Provided by National Climatic Data Center/NESDIS/NOAA                                                  
-------------------------------------------------------------------------------------------------       
 Station COOP ID:                           343821                                                      
 Station Name, State, Division, Call:       GUTHRIE 5 S                        OK 05                    
 Latitude, Longitude, Elevation, Elements:  35 49 00 -097 24 00  1110 XNP                               
-------------------------------------------------------------------------------------------------       
 Minimum Temperature (deg F [tenths deg F for monthly])                                                 
 DAY  1  2  3  4  5  6  7  8  9 10 11 12 13 14 15 16 17 18 19 20 21 22 23 24 25 26 27 28 29 30 31  MONTH
-------------------------------------------------------------------------------------------------       
JAN  22 22 22 22 22 22 22 22 22 22 22 22 21 21 22 22 22 22 22 22 22 22 22 22 22 22 23 23 23 23 23    221
FEB  24 24 24 24 24 25 25 25 25 26 26 26 26 27 27 27 27 27 28 28 28 28 29 29 29 30 30 30             267
MAR  30 31 31 31 31 32 32 32 33 33 33 33 34 34 34 35 35 35 36 36 36 37 37 37 37 38 38 38 39 39 39    347
APR  40 40 40 41 41 42 42 42 43 43 43 44 44 44 45 45 45 46 46 46 47 47 48 48 48 49 49 49 50 50       449
MAY  51 51 51 52 52 52 53 53 53 54 54 54 55 55 56 56 56 56 57 57 57 58 58 58 59 59 59 60 60 60 61    557
JUN  61 61 61 62 62 62 62 63 63 63 64 64 64 64 64 65 65 65 65 66 66 66 66 66 67 67 67 67 67 67       644
JUL  68 68 68 68 68 68 69 69 69 69 69 69 69 69 69 69 69 69 69 69 69 69 69 69 69 69 69 69 69 69 69    688
AUG  69 69 69 69 68 68 68 68 68 68 68 68 67 67 67 67 67 67 66 66 66 66 66 65 65 65 65 64 64 64 64    667
SEP  63 63 63 62 62 62 62 61 61 61 60 60 60 59 59 59 58 58 58 57 57 56 56 56 55 55 54 54 54 53       586
OCT  53 53 52 52 51 51 50 50 50 49 49 48 48 48 47 47 46 46 46 45 45 44 44 44 43 43 42 42 41 41 41    468
NOV  40 40 39 39 39 38 38 38 37 37 36 36 36 35 35 35 34 34 33 33 33 32 32 32 31 31 31 30 30 30       348
DEC  29 29 29 29 28 28 28 27 27 27 27 26 26 26 26 25 25 25 25 24 24 24 24 24 24 23 23 23 23 23 23    256
                                                                                                        
-------------------------------------------------------------------------------------------------       
 Maximum Temperature (deg F [tenths deg F for monthly])                                                 
 DAY  1  2  3  4  5  6  7  8  9 10 11 12 13 14 15 16 17 18 19 20 21 22 23 24 25 26 27 28 29 30 31  MONTH
-------------------------------------------------------------------------------------------------       
JAN  47 47 47 47 46 46 46 46 46 46 46 46 46 46 46 46 47 47 47 47 47 47 47 48 48 48 48 49 49 49 49    470
FEB  50 50 50 51 51 51 51 52 52 52 53 53 53 54 54 54 54 55 55 55 56 56 56 57 57 57 57 58             537
MAR  58 58 58 59 59 60 60 60 60 61 61 61 62 62 62 63 63 63 64 64 64 64 65 65 65 66 66 66 67 67 68    626
APR  68 68 69 69 69 69 70 70 70 71 71 71 72 72 72 73 73 73 73 74 74 74 74 75 75 75 75 76 76 76       722
MAY  76 77 77 77 77 78 78 78 78 79 79 79 79 80 80 80 80 81 81 81 81 82 82 82 83 83 83 83 84 84 84    802
JUN  84 85 85 85 85 86 86 86 87 87 87 87 88 88 88 88 89 89 89 89 90 90 90 90 91 91 91 91 92 92       882
JUL  92 92 93 93 93 93 93 94 94 94 94 94 94 94 95 95 95 95 95 95 95 95 95 96 96 96 96 96 96 96 96    945
AUG  96 96 96 96 96 96 96 96 96 96 95 95 95 95 95 95 95 94 94 94 94 93 93 93 93 92 92 92 92 91 91    943
SEP  91 90 90 90 89 89 88 88 88 87 87 87 86 86 86 85 85 85 84 84 84 83 83 83 82 82 82 82 81 81       856
OCT  81 80 80 80 79 79 79 78 78 77 77 77 76 76 75 75 75 74 74 73 73 72 72 71 71 70 70 69 69 68 68    747
NOV  67 67 66 66 65 65 64 64 63 63 62 62 61 61 60 60 59 59 59 58 58 57 57 57 56 56 56 55 55 54       604
DEC  54 54 53 53 53 52 52 52 52 51 51 51 50 50 50 50 50 49 49 49 49 48 48 48 48 48 48 47 47 47 47    500
                                                                                                        
-------------------------------------------------------------------------------------------------       
 Average Temperature (deg F [tenths deg F for monthly])                                                 
 DAY  1  2  3  4  5  6  7  8  9 10 11 12 13 14 15 16 17 18 19 20 21 22 23 24 25 26 27 28 29 30 31  MONTH
-------------------------------------------------------------------------------------------------       
JAN  35 35 34 34 34 34 34 34 34 34 34 34 34 34 34 34 34 34 34 35 35 35 35 35 35 35 36 36 36 36 36    346
FEB  37 37 37 37 38 38 38 38 39 39 39 40 40 40 40 41 41 41 41 42 42 42 42 43 43 43 44 44             402
MAR  44 44 45 45 45 46 46 46 46 47 47 47 48 48 48 49 49 49 50 50 50 51 51 51 51 52 52 52 53 53 54    487
APR  54 54 55 55 55 56 56 56 57 57 57 57 58 58 58 59 59 59 60 60 60 61 61 61 62 62 62 63 63 63       586
MAY  64 64 64 64 65 65 65 66 66 66 67 67 67 67 68 68 68 69 69 69 69 70 70 70 71 71 71 72 72 72 72    680
JUN  73 73 73 73 74 74 74 74 75 75 75 76 76 76 76 77 77 77 77 77 78 78 78 78 79 79 79 79 79 80       763
JUL  80 80 80 80 81 81 81 81 81 81 81 82 82 82 82 82 82 82 82 82 82 82 82 82 83 83 83 83 83 83 82    817
AUG  82 82 82 82 82 82 82 82 82 82 82 82 81 81 81 81 81 81 80 80 80 80 79 79 79 79 78 78 78 78 77    805
SEP  77 77 76 76 76 75 75 75 74 74 74 73 73 73 72 72 72 71 71 71 70 70 70 69 69 68 68 68 67 67       721
OCT  67 66 66 66 65 65 65 64 64 63 63 63 62 62 61 61 61 60 60 59 59 58 58 57 57 57 56 56 55 55 54    608
NOV  54 53 53 52 52 52 51 51 50 50 49 49 48 48 48 47 47 46 46 46 45 45 45 44 44 43 43 43 42 42       476
DEC  42 41 41 41 40 40 40 40 39 39 39 39 38 38 38 38 37 37 37 37 36 36 36 36 36 36 35 35 35 35 35    378
                                                                                                        
-------------------------------------------------------------------------------------------------       
 Heating Degree Days                                                                                    
 DAY  1  2  3  4  5  6  7  8  9 10 11 12 13 14 15 16 17 18 19 20 21 22 23 24 25 26 27 28 29 30 31  MONTH
-------------------------------------------------------------------------------------------------       
JAN  30 30 31 31 31 31 31 31 31 31 31 31 31 31 31 31 31 31 31 31 30 30 30 30 30 30 30 29 29 29 29    944
FEB  29 28 28 28 27 27 27 27 26 26 26 26 25 25 25 25 24 24 24 23 23 23 23 22 22 22 21 21             697
MAR  21 21 20 20 20 19 19 19 18 18 18 18 17 17 17 16 16 16 15 15 15 15 14 14 14 13 13 13 12 12 12    507
APR  11 11 11 11 10 10 10  9  9  9  9  8  8  8  8  7  7  7  7  6  6  6  6  5  5  5  5  4  4  4       226
MAY   4  4  3  3  3  3  3  2  2  2  2  2  2  2  1  1  1  1  1  1  1  1  1  1  1  1  0  0  0  0  0     49
JUN -99-99-99-99  0  0  0  0  0  0  0  0  0  0  0  0  0  0  0  0  0  0  0  0  0  0  0  0  0  0         4
JUL   0  0  0  0  0  0  0  0  0  0  0  0  0  0  0  0  0  0  0  0  0  0  0  0  0  0  0  0  0  0  0      0
AUG   0  0  0  0  0  0  0  0  0  0  0  0  0  0  0  0  0  0  0  0  0  0  0  0  0  0  0  0  0-99-99      2
SEP   0  0  0  1  1  1  1  1  1  1  1  1  1  1  1  1  1  1  1  1  1  1  2  2  2  2  2  2  2  2        35
OCT   2  2  2  2  3  3  3  3  3  3  4  4  4  4  5  5  5  6  6  6  7  7  7  8  8  8  9  9 10 10 11    169
NOV  11 12 12 13 13 14 14 14 15 15 16 16 17 17 17 18 18 19 19 19 20 20 21 21 21 22 22 22 23 23       524
DEC  23 24 24 24 25 25 25 25 26 26 26 27 27 27 27 27 28 28 28 28 29 29 29 29 29 29 30 30 30 30 30    844
                                                                                                        
-------------------------------------------------------------------------------------------------       
 Cooling Degree Days                                                                                    
 DAY  1  2  3  4  5  6  7  8  9 10 11 12 13 14 15 16 17 18 19 20 21 22 23 24 25 26 27 28 29 30 31  MONTH
-------------------------------------------------------------------------------------------------       
JAN   0  0  0  0  0  0  0  0  0  0  0  0  0  0  0  0  0  0  0  0  0  0  0  0  0  0  0  0  0  0  0      0
FEB   0  0  0  0  0  0  0  0  0  0  0  0  0  0  0  0  0  0  0  0  0  0  0  0  0  0  0  0               0
MAR   0  0  0  0  0  0  0  0  0  0  0  0  0  0  0  0  0  0  0  0  0  0  0  0  0  0  0  0  0  0  0      0
APR   0  0  0  0  0  0  1  1  1  1  1  1  1  1  1  1  1  1  1  1  1  1  2  2  2  2  2  2  2  2        32
MAY   2  2  2  3  3  3  3  3  3  3  3  4  4  4  4  4  5  5  5  5  5  5  6  6  6  6  7  7  7  7  8    140
JUN   8  8  8  9  9  9  9 10 10 10 10 11 11 11 11 12 12 12 12 13 13 13 13 13 14 14 14 14 14 15       342
JUL  15 15 15 16 16 16 16 16 16 16 17 17 17 17 17 17 17 17 17 17 17 17 17 17 17 18 18 17 17 17 17    516
AUG  17 17 17 17 17 17 17 17 17 17 17 16 16 16 16 16 16 15 15 15 15 15 15 14 14 14 14 13 13 13 13    481
SEP  12 12 12 12 11 11 11 10 10 10 10  9  9  9  8  8  8  8  7  7  7  6  6  6  6  5  5  5  5  4       249
OCT   4  4  3  3  3  3  2  2  2  2  2  1  1  1  1  1  1  1  0  0  0  0  0  0  0  0  0  0  0  0  0     37
NOV   0  0  0  0  0  0  0  0  0  0  0  0  0  0  0  0  0  0  0  0  0  0  0  0  0  0  0  0  0  0         0
DEC   0  0  0  0  0  0  0  0  0  0  0  0  0  0  0  0  0  0  0  0  0  0  0  0  0  0  0  0  0  0  0      0
                                                                                                        
-------------------------------------------------------------------------------------------------       
 Total  Precipitation (Hundreths of an Inch)                                                            
 DAY  1  2  3  4  5  6  7  8  9 10 11 12 13 14 15 16 17 18 19 20 21 22 23 24 25 26 27 28 29 30 31  MONTH
-------------------------------------------------------------------------------------------------       
JAN   5  5  5  5  5  5  4  4  4  4  4  4  4  4  4  4  4  4  4  4  4  4  4  4  4  4  4  4  5  5  5    133
FEB   5  5  5  5  5  5  5  5  6  6  6  6  6  6  7  7  7  7  7  7  8  8  8  8  8  9  9  9             185
MAR   9 10 10 10 10 10 10 11 11 11 11 11 11 11 11 11 11 11 11 11 11 11 11 11 11 11 11 11 10 10 10    330
APR  10 10 10 10  9  9  9  9  9  9  9  9  9 10 10 10 10 10 10 10 11 11 11 12 12 12 13 13 13 14       313
MAY  14 15 15 15 16 16 16 17 17 17 17 18 18 18 18 18 19 19 19 19 19 19 19 19 19 19 19 19 19 18 18    548
JUN  18 18 18 18 17 17 17 17 17 16 16 16 16 15 15 15 15 14 14 14 14 13 13 13 12 12 12 12 11 11       446
JUL  11 10 10 10  9  9  9  8  8  8  8  8  7  7  7  7  7  7  7  6  6  6  6  6  6  6  6  6  6  6  6    229
AUG   6  6  6  6  6  7  7  7  7  7  7  7  7  7  7  8  8  8  8  8  8  9  9  9  9  9  9 10 10 10 10    242
SEP  11 11 11 11 11 11 12 12 12 12 12 12 12 12 12 13 13 13 13 13 13 13 13 13 12 12 12 12 12 12       363
OCT  12 12 12 12 11 11 11 11 11 11 11 11 11 11 11 11 10 10 10 10 10 10 10 10 10 10 10 10 10 10 10    330
NOV  10 10 10 10 10 10 10 10 10 10 10 10 10  9  9  9  9  9  9  9  9  9  9  9  9  9  9  8  8  8       280
DEC   8  8  8  8  8  8  8  8  7  7  7  7  7  7  7  7  7  6  6  6  6  6  6  6  6  6  5  5  5  5  5    206
                                                                                                        
