-------------------------------------------------------------------------------------------------       
 1971-2000 Daily/Monthly Station Normals                                                                
 Provided by National Climatic Data Center/NESDIS/NOAA                                                  
-------------------------------------------------------------------------------------------------       
 Station COOP ID:                           346935                                                      
 Station Name, State, Division, Call:       PAWHUSKA                           OK 03                    
 Latitude, Longitude, Elevation, Elements:  36 40 00 -096 21 00   835 XNP                               
-------------------------------------------------------------------------------------------------       
 Minimum Temperature (deg F [tenths deg F for monthly])                                                 
 DAY  1  2  3  4  5  6  7  8  9 10 11 12 13 14 15 16 17 18 19 20 21 22 23 24 25 26 27 28 29 30 31  MONTH
-------------------------------------------------------------------------------------------------       
JAN  23 23 23 23 23 23 23 23 23 23 23 22 22 23 23 23 23 23 23 23 23 23 23 23 23 23 24 24 24 24 24    231
FEB  25 25 25 25 26 26 26 26 27 27 27 27 28 28 28 28 29 29 29 30 30 30 31 31 31 32 32 32             282
MAR  33 33 33 34 34 34 35 35 35 36 36 36 37 37 37 38 38 38 38 39 39 39 40 40 40 41 41 41 42 42 42    375
APR  43 43 43 44 44 44 44 45 45 45 46 46 46 47 47 47 48 48 48 48 49 49 49 50 50 50 51 51 51 52       471
MAY  52 52 52 53 53 53 54 54 54 55 55 55 55 56 56 56 57 57 57 58 58 58 59 59 59 59 60 60 60 61 61    564
JUN  61 62 62 62 63 63 63 63 64 64 64 64 65 65 65 66 66 66 66 66 67 67 67 67 68 68 68 68 68 68       652
JUL  69 69 69 69 69 69 70 70 70 70 70 70 70 70 70 70 70 70 70 71 71 71 71 71 71 70 70 70 70 70 70    700
AUG  70 70 70 70 70 70 70 69 69 69 69 69 69 69 69 68 68 68 68 68 67 67 67 67 67 66 66 66 66 65 65    681
SEP  65 65 64 64 64 64 63 63 63 62 62 62 62 61 61 60 60 60 59 59 59 58 58 58 57 57 56 56 55 55       604
OCT  55 54 54 53 53 52 52 52 51 51 50 50 50 49 49 48 48 47 47 47 46 46 46 45 45 44 44 44 43 43 42    484
NOV  42 42 41 41 41 40 40 40 39 39 38 38 38 37 37 37 36 36 36 35 35 34 34 34 33 33 33 32 32 31       368
DEC  31 31 30 30 30 29 29 29 28 28 28 28 27 27 27 26 26 26 26 26 25 25 25 25 25 24 24 24 24 24 24    268
                                                                                                        
-------------------------------------------------------------------------------------------------       
 Maximum Temperature (deg F [tenths deg F for monthly])                                                 
 DAY  1  2  3  4  5  6  7  8  9 10 11 12 13 14 15 16 17 18 19 20 21 22 23 24 25 26 27 28 29 30 31  MONTH
-------------------------------------------------------------------------------------------------       
JAN  46 46 46 46 46 46 46 45 45 45 45 46 46 46 46 46 46 46 46 46 46 47 47 47 47 48 48 48 48 48 49    464
FEB  49 49 50 50 50 51 51 51 51 52 52 52 53 53 53 54 54 54 55 55 55 56 56 56 57 57 57 57             532
MAR  58 58 58 59 59 59 60 60 60 61 61 61 62 62 62 63 63 63 64 64 65 65 65 66 66 66 67 67 67 68 68    628
APR  68 69 69 69 70 70 70 71 71 71 72 72 72 73 73 73 73 74 74 74 74 75 75 75 75 75 76 76 76 76       727
MAY  76 76 77 77 77 77 77 78 78 78 78 78 79 79 79 79 80 80 80 80 81 81 81 81 82 82 82 82 83 83 83    795
JUN  84 84 84 84 85 85 85 85 86 86 86 87 87 87 87 88 88 88 88 89 89 89 89 90 90 90 90 90 91 91       874
JUL  91 91 91 92 92 92 92 92 93 93 93 93 93 93 93 94 94 94 94 94 94 94 94 94 94 94 95 95 95 95 95    933
AUG  95 95 95 95 95 95 94 94 94 94 94 94 94 94 94 94 93 93 93 93 93 92 92 92 92 91 91 91 90 90 90    931
SEP  89 89 89 88 88 88 87 87 87 86 86 86 85 85 85 85 84 84 84 83 83 83 82 82 82 81 81 81 81 80       847
OCT  80 80 79 79 79 78 78 78 77 77 77 76 76 76 75 75 74 74 73 73 73 72 72 71 71 70 70 69 69 68 67    744
NOV  67 66 66 65 65 64 64 63 63 62 62 61 61 60 60 59 59 59 58 58 57 57 56 56 56 55 55 55 54 54       599
DEC  53 53 53 52 52 52 51 51 51 51 50 50 50 49 49 49 49 48 48 48 48 48 47 47 47 47 47 47 46 46 46    492
                                                                                                        
-------------------------------------------------------------------------------------------------       
 Average Temperature (deg F [tenths deg F for monthly])                                                 
 DAY  1  2  3  4  5  6  7  8  9 10 11 12 13 14 15 16 17 18 19 20 21 22 23 24 25 26 27 28 29 30 31  MONTH
-------------------------------------------------------------------------------------------------       
JAN  35 35 35 35 34 34 34 34 34 34 34 34 34 34 34 34 34 35 35 35 35 35 35 35 35 36 36 36 36 36 37    348
FEB  37 37 37 38 38 38 38 39 39 39 40 40 40 40 41 41 41 42 42 42 43 43 43 44 44 44 45 45             407
MAR  45 45 46 46 46 47 47 47 48 48 48 49 49 50 50 50 51 51 51 52 52 52 53 53 53 54 54 54 55 55 55    502
APR  56 56 56 56 57 57 57 58 58 58 59 59 59 60 60 60 60 61 61 61 62 62 62 62 63 63 63 63 64 64       599
MAY  64 64 65 65 65 65 66 66 66 66 67 67 67 67 68 68 68 68 69 69 69 70 70 70 70 71 71 71 72 72 72    680
JUN  72 73 73 73 74 74 74 74 75 75 75 76 76 76 76 77 77 77 77 78 78 78 78 78 79 79 79 79 79 80       763
JUL  80 80 80 80 81 81 81 81 81 81 82 82 82 82 82 82 82 82 82 82 82 82 82 82 82 82 83 83 83 83 82    817
AUG  82 82 82 82 82 82 82 82 82 82 82 82 81 81 81 81 81 81 81 80 80 80 80 79 79 79 79 78 78 78 78    806
SEP  77 77 77 76 76 76 75 75 75 74 74 74 74 73 73 73 72 72 72 71 71 70 70 70 69 69 69 68 68 68       726
OCT  67 67 67 66 66 65 65 65 64 64 64 63 63 62 62 62 61 61 60 60 59 59 59 58 58 57 57 56 56 55 55    614
NOV  55 54 54 53 53 52 52 51 51 51 50 50 49 49 48 48 48 47 47 46 46 46 45 45 45 44 44 43 43 43       484
DEC  42 42 42 41 41 41 40 40 40 39 39 39 38 38 38 38 37 37 37 37 37 36 36 36 36 36 35 35 35 35 35    380
                                                                                                        
-------------------------------------------------------------------------------------------------       
 Heating Degree Days                                                                                    
 DAY  1  2  3  4  5  6  7  8  9 10 11 12 13 14 15 16 17 18 19 20 21 22 23 24 25 26 27 28 29 30 31  MONTH
-------------------------------------------------------------------------------------------------       
JAN  30 30 30 31 31 31 31 31 31 31 31 31 31 31 31 31 31 31 30 30 30 30 30 30 30 29 29 29 29 29 28    938
FEB  28 28 28 27 27 27 27 26 26 26 26 25 25 25 24 24 24 23 23 23 23 22 22 22 21 21 21 20             684
MAR  20 20 19 19 18 18 18 17 17 17 16 16 16 15 15 15 14 14 14 14 13 13 13 12 12 12 11 11 11 10 10    460
APR  10 10  9  9  9  8  8  8  8  7  7  7  7  6  6  6  6  6  5  5  5  5  5  4  4  4  4  4  4  3       189
MAY   3  3  3  3  3  3  2  2  2  2  2  2  2  2  2  1  1  1  1  1  1  1  1  1  1  1  1  1  1  0  0     50
JUN -99-99-99  0  0  0  0  0  0  0  0  0  0  0  0  0  0  0  0  0  0  0  0  0  0  0  0  0  0  0         3
JUL   0  0  0  0  0  0  0  0  0  0  0  0  0  0  0  0  0  0  0  0  0  0  0  0  0  0  0  0  0  0  0      0
AUG   0  0  0  0  0  0  0  0  0  0  0  0  0  0  0  0  0  0  0  0  0  0  0  0  0  0  0  0  0  0-99      1
SEP   0  0  0  0  0  1  1  1  1  1  1  1  1  1  1  1  1  1  1  1  1  1  1  1  1  1  2  2  2  2        29
OCT   2  2  2  2  2  2  2  3  3  3  3  3  4  4  4  4  5  5  5  5  6  6  7  7  7  8  8  9  9  9 10    151
NOV  10 11 11 12 12 13 13 14 14 15 15 15 16 16 17 17 17 18 18 19 19 20 20 20 21 21 21 22 22 22       501
DEC  23 23 23 24 24 24 25 25 25 26 26 26 27 27 27 27 28 28 28 28 28 29 29 29 29 29 30 30 30 30 30    837
                                                                                                        
-------------------------------------------------------------------------------------------------       
 Cooling Degree Days                                                                                    
 DAY  1  2  3  4  5  6  7  8  9 10 11 12 13 14 15 16 17 18 19 20 21 22 23 24 25 26 27 28 29 30 31  MONTH
-------------------------------------------------------------------------------------------------       
JAN   0  0  0  0  0  0  0  0  0  0  0  0  0  0  0  0  0  0  0  0  0  0  0  0  0  0  0  0  0  0  0      0
FEB   0  0  0  0  0  0  0  0  0  0  0  0  0  0  0  0  0  0  0  0  0  0  0  0  0  0  0  0               0
MAR   0  0  0  0  0  0  0  0  0  0  0  0  0  0  0  0  0  0  0  0  0  0  0  0  0  0  0  0  0  0-99      1
APR   0  0  0  1  1  1  1  1  1  1  1  1  1  1  1  1  1  1  1  1  1  2  2  2  2  2  2  2  2  2        36
MAY   2  2  3  3  3  3  3  3  3  3  3  4  4  4  4  4  4  5  5  5  5  5  6  6  6  6  7  7  7  7  8    140
JUN   8  8  8  9  9  9  9 10 10 10 10 11 11 11 11 12 12 12 12 12 13 13 13 13 14 14 14 14 14 15       341
JUL  15 15 15 15 16 16 16 16 16 16 17 17 17 17 17 17 17 17 17 17 17 17 17 17 17 18 18 18 17 17 17    516
AUG  17 17 17 17 17 17 17 17 17 17 17 16 16 16 16 16 16 16 15 15 15 15 15 15 14 14 14 14 13 13 13    484
SEP  13 12 12 12 11 11 11 11 10 10 10 10  9  9  9  8  8  8  8  7  7  7  6  6  6  5  5  5  5  4       255
OCT   4  4  4  3  3  3  2  2  2  2  2  1  1  1  1  1  1  1  0  0  0  0  0  0  0  0  0  0  0  0  0     38
NOV   0  0  0  0  0  0  0  0  0  0  0  0  0  0  0  0  0  0  0  0-99-99  0  0  0  0  0  0  0  0         2
DEC   0  0  0  0  0  0  0  0  0  0  0  0  0  0  0  0  0  0  0  0  0  0  0  0  0  0  0  0  0  0  0      0
                                                                                                        
-------------------------------------------------------------------------------------------------       
 Total  Precipitation (Hundreths of an Inch)                                                            
 DAY  1  2  3  4  5  6  7  8  9 10 11 12 13 14 15 16 17 18 19 20 21 22 23 24 25 26 27 28 29 30 31  MONTH
-------------------------------------------------------------------------------------------------       
JAN   5  5  5  5  5  5  5  4  4  4  4  4  4  4  4  4  4  5  5  5  5  5  5  5  5  5  5  5  5  5  5    145
FEB   6  6  6  6  6  6  6  6  7  7  7  7  7  7  7  8  8  8  8  8  8  9  9  9  9  9  9 10             209
MAR  10 10 10 10 10 11 11 11 11 11 11 11 12 12 12 12 12 12 12 12 12 13 13 13 13 13 13 13 13 13 13    365
APR  13 14 14 14 14 14 14 14 14 14 14 14 15 15 15 15 15 15 15 15 16 16 16 16 16 16 16 17 17 17       450
MAY  17 17 17 17 17 18 18 18 18 18 18 18 18 18 18 18 18 19 19 19 19 19 19 19 19 19 19 19 19 19 19    567
JUN  19 19 19 19 18 18 18 18 18 18 18 18 18 18 18 17 17 17 17 17 17 17 17 16 16 16 16 16 15 15       520
JUL  15 15 15 14 14 14 14 14 14 13 13 13 13 13 13 12 12 12 12 12 12 12 11 11 11 11 11 11 11 11 10    389
AUG  11 10 10 10 10 10 10 10 10 10 10 10 11 11 11 11 11 11 11 12 12 12 12 13 13 13 13 14 14 14 15    355
SEP  15 15 16 16 16 17 17 17 17 17 18 18 18 18 18 18 18 18 18 18 17 17 17 17 17 16 16 16 15 15       506
OCT  15 14 14 14 13 13 13 12 12 12 12 12 11 11 11 11 11 11 11 11 10 10 10 10 10 10 10 10 11 11 11    357
NOV  11 11 11 11 11 11 11 11 11 12 12 12 12 11 11 11 11 11 11 11 11 11 11 11 10 10 10 10 10 10       328
DEC   9  9  9  9  9  8  8  8  8  8  7  7  7  7  7  7  6  6  6  6  6  6  6  6  5  5  5  5  5  5  5    210
                                                                                                        
