-------------------------------------------------------------------------------------------------       
 1971-2000 Daily/Monthly Station Normals                                                                
 Provided by National Climatic Data Center/NESDIS/NOAA                                                  
-------------------------------------------------------------------------------------------------       
 Station COOP ID:                           347068                                                      
 Station Name, State, Division, Call:       PIEDMONT 3 N                       OK 05                    
 Latitude, Longitude, Elevation, Elements:  35 41 23 -097 44 41  1200   P                               
-------------------------------------------------------------------------------------------------       
 Total  Precipitation (Hundreths of an Inch)                                                            
 DAY  1  2  3  4  5  6  7  8  9 10 11 12 13 14 15 16 17 18 19 20 21 22 23 24 25 26 27 28 29 30 31  MONTH
-------------------------------------------------------------------------------------------------       
JAN   4  4  4  4  4  3  3  3  3  3  3  3  3  3  3  3  3  3  3  3  3  3  3  3  3  3  3  3  3  3  3     98
FEB   3  3  3  3  3  3  3  3  3  3  4  4  4  4  4  4  4  4  5  5  5  5  5  5  6  6  6  6             116
MAR   6  7  7  7  7  8  8  8  8  8  8  8  9  9  9  9  9  9  9  9  9  9 10 10 10 10 10 10 10 10 10    270
APR  10 10 10 10 10 10 10 10 10 10 10 10 10 11 11 11 11 11 12 12 12 12 13 13 13 14 14 14 15 15       344
MAY  15 16 16 16 17 17 17 18 18 18 18 18 19 19 19 19 19 19 19 19 19 19 19 19 18 18 18 18 18 18 17    557
JUN  17 17 17 16 16 16 15 15 15 15 14 14 14 14 13 13 13 12 12 12 12 11 11 11 10 10 10 10  9  9       393
JUL   9  8  8  8  8  8  7  7  7  7  7  7  7  6  6  6  6  6  6  6  6  7  7  7  7  7  7  7  7  8  8    218
AUG   8  8  8  9  9  9  9  9  9 10 10 10 10 10 10 10 10 10 10 10 10 11 11 11 11 11 11 11 11 10 10    306
SEP  10 10 10 10 10 10 10 10 10 10 10 10 10 10 10 10 10 10 10 10 10 10 10 10 10 10  9 10 10 10       299
OCT  10 10 10 10 10 10 10 10 10 10 10 10 10 10 10 10 10  9  9  9  9  9  9  9  9  9  9  9  9  9  9    296
NOV   9  9  9  9  9  9  9  8  8  8  8  8  8  8  8  8  8  8  7  7  7  7  7  7  7  7  7  6  6  6       232
DEC   6  6  6  6  5  5  5  5  5  5  5  5  5  5  4  4  4  4  4  4  4  4  4  4  4  4  4  4  4  3  3    140
                                                                                                        
