-------------------------------------------------------------------------------------------------       
 1971-2000 Daily/Monthly Station Normals                                                                
 Provided by National Climatic Data Center/NESDIS/NOAA                                                  
-------------------------------------------------------------------------------------------------       
 Station COOP ID:                           345247                                                      
 Station Name, State, Division, Call:       LOCO 7 SE                          OK 08                    
 Latitude, Longitude, Elevation, Elements:  34 15 49 -097 37 18   955   P                               
-------------------------------------------------------------------------------------------------       
 Total  Precipitation (Hundreths of an Inch)                                                            
 DAY  1  2  3  4  5  6  7  8  9 10 11 12 13 14 15 16 17 18 19 20 21 22 23 24 25 26 27 28 29 30 31  MONTH
-------------------------------------------------------------------------------------------------       
JAN   5  5  5  5  5  5  5  5  5  5  4  4  4  4  4  4  4  4  4  4  4  4  5  5  5  5  5  5  5  5  5    143
FEB   5  5  5  6  6  6  6  6  6  6  6  6  6  7  7  7  7  7  7  7  7  8  8  8  8  8  8  8             187
MAR   8  9  9  9  9  9  9  9  9  9  9  9  9  9  9 10 10 10 10 10 10 10 10  9  9  9  9  9  9  9  9    286
APR   9  9  9  9  9  9  9  8  9  9  9  9  9  9  9  9  9  9  9  9 10 10 10 10 10 11 11 11 11 12       285
MAY  12 12 13 13 13 13 13 14 14 14 14 15 15 15 15 15 15 15 16 16 16 16 16 16 16 16 16 16 16 16 16    458
JUN  16 16 16 16 16 16 16 16 16 16 16 16 16 15 15 15 15 14 14 14 14 13 13 13 12 12 12 11 11 10       431
JUL  10  9  9  9  8  8  7  7  7  6  6  6  6  6  5  5  5  5  5  5  5  4  4  4  4  4  4  4  4  5  5    181
AUG   5  5  5  5  5  5  5  6  6  6  6  6  6  7  7  7  7  7  8  8  8  8  9  9  9  9  9 10 10 10 11    224
SEP  11 11 11 12 12 12 12 12 13 13 13 13 13 13 13 13 14 14 14 14 14 14 14 14 14 14 13 13 13 13       389
OCT  13 13 13 13 13 12 12 12 12 12 12 12 11 11 11 11 11 11 11 11 10 10 10 10 10 10 10 10  9  9  9    344
NOV   9  9  9  9  9  8  8  8  8  8  8  8  8  8  8  7  7  7  7  7  7  7  7  7  7  7  7  7  7  7       230
DEC   7  7  7  7  7  7  7  7  7  7  7  7  6  6  6  6  6  6  6  6  6  6  6  6  6  6  6  5  5  5  5    194
                                                                                                        
