-------------------------------------------------------------------------------------------------       
 1971-2000 Daily/Monthly Station Normals                                                                
 Provided by National Climatic Data Center/NESDIS/NOAA                                                  
-------------------------------------------------------------------------------------------------       
 Station COOP ID:                           346926                                                      
 Station Name, State, Division, Call:       PAULS VALLEY 4 WSW                 OK 08                    
 Latitude, Longitude, Elevation, Elements:  34 44 00 -097 17 00   940 XNP                               
-------------------------------------------------------------------------------------------------       
 Minimum Temperature (deg F [tenths deg F for monthly])                                                 
 DAY  1  2  3  4  5  6  7  8  9 10 11 12 13 14 15 16 17 18 19 20 21 22 23 24 25 26 27 28 29 30 31  MONTH
-------------------------------------------------------------------------------------------------       
JAN  25 25 25 25 25 25 25 25 24 24 24 24 24 24 24 24 24 25 25 25 25 25 25 25 25 25 25 26 26 26 26    248
FEB  26 26 27 27 27 27 27 28 28 28 28 29 29 29 29 30 30 30 30 31 31 31 31 32 32 32 32 33             293
MAR  33 33 33 34 34 34 35 35 35 36 36 36 36 37 37 37 38 38 38 39 39 39 40 40 40 40 41 41 41 42 42    374
APR  42 43 43 43 44 44 44 45 45 46 46 46 47 47 47 48 48 48 49 49 49 50 50 50 51 51 51 52 52 52       474
MAY  53 53 53 54 54 54 55 55 55 56 56 56 57 57 57 58 58 58 59 59 59 60 60 60 61 61 61 61 62 62 62    576
JUN  62 63 63 63 64 64 64 64 65 65 65 65 66 66 66 66 66 67 67 67 67 68 68 68 68 68 68 69 69 69       660
JUL  69 69 69 69 70 70 70 70 70 70 70 70 70 70 70 70 71 71 71 71 71 71 71 71 71 71 71 71 71 70 70    703
AUG  70 70 70 70 70 70 70 70 70 70 69 69 69 69 69 69 69 68 68 68 68 68 68 67 67 67 67 66 66 66 66    685
SEP  65 65 65 65 64 64 64 64 63 63 63 62 62 62 61 61 61 60 60 60 59 59 58 58 58 57 57 56 56 55       609
OCT  55 55 54 54 53 53 52 52 52 51 51 50 50 50 49 49 48 48 48 47 47 46 46 45 45 45 44 44 44 43 43    488
NOV  42 42 42 41 41 40 40 40 39 39 39 38 38 38 37 37 37 36 36 35 35 35 34 34 34 33 33 33 33 32       371
DEC  32 32 31 31 31 30 30 30 30 29 29 29 29 28 28 28 28 27 27 27 27 27 26 26 26 26 26 26 25 25 25    281
                                                                                                        
-------------------------------------------------------------------------------------------------       
 Maximum Temperature (deg F [tenths deg F for monthly])                                                 
 DAY  1  2  3  4  5  6  7  8  9 10 11 12 13 14 15 16 17 18 19 20 21 22 23 24 25 26 27 28 29 30 31  MONTH
-------------------------------------------------------------------------------------------------       
JAN  49 49 49 49 49 49 49 48 48 48 48 48 49 49 49 49 49 49 49 49 49 49 50 50 50 50 50 51 51 51 52    493
FEB  52 52 53 53 53 53 54 54 54 55 55 55 55 56 56 56 57 57 57 57 58 58 58 58 59 59 59 59             558
MAR  60 60 60 60 61 61 61 62 62 62 62 63 63 63 64 64 64 64 65 65 65 66 66 66 67 67 67 67 68 68 68    639
APR  69 69 69 70 70 70 71 71 71 72 72 72 72 73 73 73 73 74 74 74 75 75 75 75 76 76 76 76 77 77       730
MAY  77 77 77 78 78 78 78 79 79 79 79 80 80 80 80 81 81 81 81 82 82 82 82 83 83 83 83 84 84 84 84    806
JUN  85 85 85 85 86 86 86 86 87 87 87 87 88 88 88 88 89 89 89 89 90 90 90 90 90 91 91 91 91 92       882
JUL  92 92 92 92 93 93 93 93 93 93 94 94 94 94 94 94 94 95 95 95 95 95 95 95 95 95 95 95 95 95 95    940
AUG  95 95 95 95 95 95 95 95 95 95 95 95 95 95 95 94 94 94 94 94 94 93 93 93 93 92 92 92 92 91 91    939
SEP  91 90 90 90 89 89 89 88 88 88 87 87 87 87 86 86 86 85 85 85 84 84 84 83 83 83 83 82 82 82       861
OCT  81 81 81 80 80 80 79 79 79 78 78 78 77 77 77 76 76 75 75 74 74 74 73 73 72 72 71 71 70 70 69    758
NOV  69 68 68 67 67 66 66 65 65 64 64 64 63 63 62 62 61 61 61 60 60 60 59 59 58 58 58 57 57 57       623
DEC  56 56 56 55 55 55 55 54 54 54 53 53 53 53 52 52 52 52 52 51 51 51 51 50 50 50 50 50 50 49 49    524
                                                                                                        
-------------------------------------------------------------------------------------------------       
 Average Temperature (deg F [tenths deg F for monthly])                                                 
 DAY  1  2  3  4  5  6  7  8  9 10 11 12 13 14 15 16 17 18 19 20 21 22 23 24 25 26 27 28 29 30 31  MONTH
-------------------------------------------------------------------------------------------------       
JAN  37 37 37 37 37 37 37 37 36 36 36 36 36 36 37 37 37 37 37 37 37 37 37 37 38 38 38 38 38 39 39    371
FEB  39 39 40 40 40 40 41 41 41 41 42 42 42 42 43 43 43 44 44 44 44 45 45 45 45 46 46 46             426
MAR  46 47 47 47 48 48 48 48 49 49 49 49 50 50 50 51 51 51 52 52 52 52 53 53 53 54 54 54 55 55 55    507
APR  56 56 56 57 57 57 58 58 58 59 59 59 59 60 60 60 61 61 61 62 62 62 62 63 63 63 64 64 64 65       602
MAY  65 65 65 66 66 66 67 67 67 67 68 68 68 69 69 69 69 70 70 70 71 71 71 71 72 72 72 72 73 73 73    691
JUN  74 74 74 74 75 75 75 75 76 76 76 76 77 77 77 77 78 78 78 78 78 79 79 79 79 79 80 80 80 80       771
JUL  80 81 81 81 81 81 81 82 82 82 82 82 82 82 82 82 82 83 83 83 83 83 83 83 83 83 83 83 83 83 83    822
AUG  83 83 83 83 83 83 83 82 82 82 82 82 82 82 82 81 81 81 81 81 81 80 80 80 80 80 79 79 79 79 78    812
SEP  78 78 77 77 77 77 76 76 76 75 75 75 74 74 74 73 73 73 73 72 72 71 71 71 70 70 70 69 69 69       735
OCT  68 68 68 67 67 66 66 66 65 65 64 64 64 63 63 62 62 62 61 61 60 60 59 59 59 58 58 57 57 56 56    623
NOV  56 55 55 54 54 53 53 53 52 52 51 51 51 50 50 49 49 49 48 48 47 47 47 46 46 46 45 45 45 44       497
DEC  44 44 43 43 43 43 42 42 42 42 41 41 41 41 40 40 40 40 39 39 39 39 39 38 38 38 38 38 38 37 37    403
                                                                                                        
-------------------------------------------------------------------------------------------------       
 Heating Degree Days                                                                                    
 DAY  1  2  3  4  5  6  7  8  9 10 11 12 13 14 15 16 17 18 19 20 21 22 23 24 25 26 27 28 29 30 31  MONTH
-------------------------------------------------------------------------------------------------       
JAN  28 28 28 28 28 28 28 28 29 29 29 29 29 29 29 28 28 28 28 28 28 28 28 28 27 27 27 27 27 26 26    866
FEB  26 26 25 25 25 25 24 24 24 24 23 23 23 23 22 22 22 22 21 21 21 21 20 20 20 19 19 19             629
MAR  19 18 18 18 17 17 17 17 16 16 16 16 15 15 15 14 14 14 14 13 13 13 12 12 12 11 11 11 11 10 10    445
APR  10  9  9  9  9  8  8  8  7  7  7  7  6  6  6  6  5  5  5  5  5  4  4  4  4  4  4  3  3  3       180
MAY   3  3  3  2  2  2  2  2  2  2  2  1  1  1  1  1  1  1  1  1  1  1  1  0  0  0  0  0  0  0  0     37
JUN -99  0  0  0  0  0  0  0  0  0  0  0  0  0  0  0  0  0  0  0  0  0  0  0  0  0  0  0  0  0         1
JUL   0  0  0  0  0  0  0  0  0  0  0  0  0  0  0  0  0  0  0  0  0  0  0  0  0  0  0  0  0  0  0      0
AUG   0  0  0  0  0  0  0  0  0  0  0  0  0  0  0  0  0  0  0  0  0  0  0  0  0  0  0  0  0  0  0      0
SEP   0  0  0  0  0  0  0  0  0  1  1  1  1  1  1  1  1  1  1  1  1  1  1  1  1  1  1  1  1  1        21
OCT   1  1  1  2  2  2  2  2  2  2  3  3  3  3  3  4  4  4  4  5  5  5  6  6  7  7  7  8  8  9  9    130
NOV   9 10 10 11 11 12 12 13 13 13 14 14 15 15 15 16 16 16 17 17 18 18 18 19 19 19 20 20 20 21       461
DEC  21 21 22 22 22 22 23 23 23 24 24 24 24 24 25 25 25 25 26 26 26 26 26 27 27 27 27 27 27 28 28    767
                                                                                                        
-------------------------------------------------------------------------------------------------       
 Cooling Degree Days                                                                                    
 DAY  1  2  3  4  5  6  7  8  9 10 11 12 13 14 15 16 17 18 19 20 21 22 23 24 25 26 27 28 29 30 31  MONTH
-------------------------------------------------------------------------------------------------       
JAN   0  0  0  0  0  0  0  0  0  0  0  0  0  0  0  0  0  0  0  0  0  0  0  0  0  0  0  0  0  0  0      0
FEB   0  0  0  0  0  0  0  0  0  0  0  0  0  0  0  0  0  0  0  0  0  0  0  0  0  0  0  0               0
MAR   0  0  0  0  0  0  0  0  0  0  0  0  0  0  0  0  0  0  0  0  0  0  0  0  0  0  0  0  0  0  0      0
APR   0  0  0  0  0  1  1  1  1  1  1  1  1  1  1  1  1  1  1  1  2  2  2  2  2  2  2  2  2  3        36
MAY   3  3  3  3  3  3  4  4  4  4  4  4  5  5  5  5  5  6  6  6  6  6  7  7  7  7  7  8  8  8  8    164
JUN   9  9  9  9 10 10 10 10 11 11 11 11 12 12 12 12 13 13 13 13 13 14 14 14 14 14 15 15 15 15       363
JUL  15 16 16 16 16 16 16 16 17 17 17 17 17 17 17 17 17 17 18 18 18 18 18 18 18 18 18 18 18 18 18    531
AUG  18 18 18 18 18 18 17 17 17 17 17 17 17 17 17 16 16 16 16 16 16 15 15 15 15 15 14 14 14 14 14    502
SEP  13 13 13 12 12 12 12 11 11 11 11 10 10 10  9  9  9  9  8  8  8  7  7  7  6  6  6  6  5  5       276
OCT   5  4  4  4  3  3  3  3  2  2  2  2  2  1  1  1  1  1  1  1  1  0  0  0  0  0  0  0  0  0  0     47
NOV   0  0  0  0  0  0  0  0  0  0  0  0  0  0  0  0  0  0-99-99  0  0  0  0  0  0  0  0  0  0         2
DEC   0  0  0  0  0  0  0  0  0  0  0  0  0  0  0  0  0  0  0  0  0  0  0  0  0  0  0  0  0  0  0      0
                                                                                                        
-------------------------------------------------------------------------------------------------       
 Total  Precipitation (Hundreths of an Inch)                                                            
 DAY  1  2  3  4  5  6  7  8  9 10 11 12 13 14 15 16 17 18 19 20 21 22 23 24 25 26 27 28 29 30 31  MONTH
-------------------------------------------------------------------------------------------------       
JAN   6  6  6  6  6  6  5  5  5  5  5  5  5  5  5  5  5  5  5  5  5  5  5  5  5  6  6  6  6  6  6    167
FEB   6  6  6  6  6  6  6  6  7  7  7  7  7  7  7  7  7  7  8  8  8  8  8  8  8  9  9  9             201
MAR   9  9  9 10 10 10 10 10 10 10 10 10 10 10 10 10 10 10 11 11 10 10 10 10 10 10 10 10 10 10 10    309
APR  10 10 10 10  9  9 10 10 10 10 10 10 10 10 10 11 11 11 11 12 12 12 13 13 13 14 14 15 15 15       340
MAY  16 16 17 17 18 18 18 19 19 19 20 20 20 20 20 20 21 21 21 21 21 21 21 21 20 20 20 20 20 20 19    604
JUN  19 19 19 18 18 18 18 17 17 17 16 16 16 16 15 15 15 15 14 14 14 13 13 13 13 12 12 12 11 11       456
JUL  11 11 10 10 10 10  9  9  9  9  8  8  8  8  8  7  7  7  7  7  7  6  6  6  6  6  6  6  5  5  5    237
AUG   5  5  5  5  5  5  5  5  5  5  5  5  5  5  5  6  6  6  6  7  7  7  7  8  8  9  9  9 10 10 11    201
SEP  11 12 12 12 13 13 14 14 14 14 15 15 15 15 15 16 16 16 16 16 16 16 16 16 16 16 16 15 15 15       441
OCT  15 15 15 14 14 14 14 14 13 13 13 13 13 13 12 12 12 12 12 12 12 12 12 11 11 11 11 11 11 11 11    389
NOV  11 11 11 11 11 10 10 10 10 10 10 10 10 10 10 10 10 10 10  9  9  9  9  9  9  9  9  9  9  8       293
DEC   8  8  8  8  8  8  8  8  8  8  7  7  7  7  7  7  7  7  7  7  7  6  6  6  6  6  6  6  6  6  6    217
                                                                                                        
