-------------------------------------------------------------------------------------------------       
 1971-2000 Daily/Monthly Station Normals                                                                
 Provided by National Climatic Data Center/NESDIS/NOAA                                                  
-------------------------------------------------------------------------------------------------       
 Station COOP ID:                           344865                                                      
 Station Name, State, Division, Call:       KINGSTON                           OK 08                    
 Latitude, Longitude, Elevation, Elements:  34 00 24 -096 43 36   820   P                               
-------------------------------------------------------------------------------------------------       
 Total  Precipitation (Hundreths of an Inch)                                                            
 DAY  1  2  3  4  5  6  7  8  9 10 11 12 13 14 15 16 17 18 19 20 21 22 23 24 25 26 27 28 29 30 31  MONTH
-------------------------------------------------------------------------------------------------       
JAN   8  8  8  8  8  8  8  8  8  8  8  8  8  8  8  8  8  7  7  7  7  7  7  7  7  7  7  7  7  7  7    234
FEB   7  7  7  7  7  7  8  8  8  8  8  8  8  8  8  8  8  9  9  9  9  9  9  9 10 10 10 10             233
MAR  10 11 11 11 11 11 11 11 11 12 12 12 12 12 12 12 12 12 12 12 12 12 12 12 12 12 12 12 12 12 12    362
APR  12 12 12 12 12 12 12 12 12 12 12 12 12 12 12 12 13 13 13 13 13 13 13 14 14 14 14 14 15 15       383
MAY  15 15 16 16 16 16 16 17 17 17 17 17 17 18 18 18 18 18 18 18 18 18 18 18 18 19 19 19 19 19 18    541
JUN  18 18 18 18 18 18 18 18 18 18 17 17 17 17 17 16 16 16 16 16 15 15 15 14 14 14 13 13 13 12       483
JUL  12 11 11 11 10 10 10  9  9  9  8  8  8  8  8  7  7  7  7  7  7  7  6  6  6  6  6  6  6  6  6    245
AUG   6  6  6  6  6  6  7  7  7  7  7  7  7  8  8  8  8  8  9  9  9  9  9 10 10 10 11 11 11 12 12    257
SEP  12 12 13 13 13 14 14 14 14 15 15 15 15 16 16 16 16 16 16 16 16 17 17 17 17 17 17 17 17 17       460
OCT  17 17 17 17 17 16 16 16 16 16 16 16 16 16 16 15 15 15 15 15 15 15 14 14 14 14 14 14 13 13 13    473
NOV  13 12 12 12 12 12 11 11 11 11 11 11 11 10 10 10 10 10 10 10 10 10 10 10 10 10 10  9  9  9       317
DEC  10 10 10 10 10 10 10 10  9  9  9  9  9  9  9  9  9  9  9  9  9  9  9  9  9  9  9  9  9  8  8    285
                                                                                                        
