-------------------------------------------------------------------------------------------------       
 1971-2000 Daily/Monthly Station Normals                                                                
 Provided by National Climatic Data Center/NESDIS/NOAA                                                  
-------------------------------------------------------------------------------------------------       
 Station COOP ID:                           340364                                                      
 Station Name, State, Division, Call:       ASHLAND                            OK 06                    
 Latitude, Longitude, Elevation, Elements:  34 47 00 -096 04 00   765   P                               
-------------------------------------------------------------------------------------------------       
 Total  Precipitation (Hundreths of an Inch)                                                            
 DAY  1  2  3  4  5  6  7  8  9 10 11 12 13 14 15 16 17 18 19 20 21 22 23 24 25 26 27 28 29 30 31  MONTH
-------------------------------------------------------------------------------------------------       
JAN   8  8  8  8  8  8  8  8  8  8  8  8  8  8  8  8  8  8  8  8  8  8  8  7  7  7  7  7  7  7  7    240
FEB   7  7  7  7  7  7  7  7  7  7  7  7  7  7  7  8  8  8  8  8  8  9  9  9  9 10 10 10             219
MAR  10 11 11 11 11 12 12 12 12 12 13 13 13 13 13 13 13 14 14 14 14 14 14 14 14 14 14 14 14 14 14    401
APR  14 14 13 13 13 13 13 13 13 13 13 13 13 14 14 14 14 14 14 14 14 14 15 15 15 15 15 16 16 16       420
MAY  16 16 17 17 17 17 18 18 18 18 18 18 18 19 19 19 19 19 19 19 19 19 19 19 19 19 19 19 19 19 19    568
JUN  19 19 19 19 18 18 18 18 18 18 18 18 18 17 17 17 17 17 17 16 16 16 16 16 15 15 15 15 14 14       508
JUL  14 14 14 13 13 13 13 12 12 12 12 11 11 11 11 11 10 10 10 10 10  9  9  9  9  8  8  8  8  8  8    331
AUG   7  7  7  7  7  7  7  7  7  7  7  7  7  7  7  7  7  8  8  8  8  9  9  9 10 10 11 11 11 12 12    255
SEP  13 13 14 14 15 15 15 16 16 16 16 16 17 17 17 17 17 17 17 17 16 16 16 16 16 15 15 14 14 14       467
OCT  13 13 12 12 12 11 11 11 10 10 10 10 10  9  9  9  9  9  9  9  9 10 10 10 10 10 10 11 11 11 12    322
NOV  12 12 13 13 13 13 14 14 14 14 14 15 15 15 15 15 15 15 15 15 15 15 15 15 14 14 14 14 14 13       424
DEC  13 13 13 12 12 12 12 11 11 11 11 11 10 10 10 10 10 10  9  9  9  9  9  9  9  9  9  9  8  8  8    316
                                                                                                        
