-------------------------------------------------------------------------------------------------       
 1971-2000 Daily/Monthly Station Normals                                                                
 Provided by National Climatic Data Center/NESDIS/NOAA                                                  
-------------------------------------------------------------------------------------------------       
 Station COOP ID:                           347201                                                      
 Station Name, State, Division, Call:       PONCA CITY FAA AP                  OK 02 PNC                
 Latitude, Longitude, Elevation, Elements:  36 43 50 -097 05 59   999 XNP                               
-------------------------------------------------------------------------------------------------       
 Minimum Temperature (deg F [tenths deg F for monthly])                                                 
 DAY  1  2  3  4  5  6  7  8  9 10 11 12 13 14 15 16 17 18 19 20 21 22 23 24 25 26 27 28 29 30 31  MONTH
-------------------------------------------------------------------------------------------------       
JAN  24 24 24 24 24 24 24 23 23 23 23 23 23 23 23 23 23 24 24 24 24 24 24 24 24 24 24 25 25 25 25    238
FEB  25 25 26 26 26 26 27 27 27 27 28 28 28 28 29 29 29 29 30 30 30 31 31 31 32 32 32 32             286
MAR  33 33 34 34 34 34 35 35 35 36 36 36 37 37 37 38 38 38 39 39 39 40 40 40 40 41 41 41 42 42 42    376
APR  43 43 43 43 44 44 44 45 45 45 46 46 46 46 47 47 47 48 48 48 49 49 49 50 50 50 51 51 51 52       470
MAY  52 52 53 53 54 54 54 55 55 55 56 56 56 57 57 57 58 58 58 59 59 59 60 60 60 61 61 61 62 62 62    573
JUN  63 63 63 64 64 64 65 65 65 66 66 66 66 67 67 67 67 68 68 68 68 69 69 69 69 69 69 70 70 70       668
JUL  70 70 71 71 71 71 71 71 71 71 72 72 72 72 72 72 72 72 72 72 72 72 72 72 72 72 72 72 72 72 72    716
AUG  72 72 72 72 72 72 72 72 72 72 72 71 71 71 71 71 71 71 70 70 70 70 70 69 69 69 69 68 68 68 67    705
SEP  67 67 66 66 66 65 65 65 64 64 64 63 63 63 62 62 62 61 61 60 60 60 59 59 59 58 58 57 57 57       620
OCT  56 56 55 55 54 54 54 53 53 52 52 52 51 51 50 50 49 49 49 48 48 47 47 46 46 46 45 45 44 44 43    498
NOV  43 42 42 42 41 41 40 40 40 39 39 38 38 38 37 37 36 36 36 35 35 35 34 34 33 33 33 32 32 32       371
DEC  31 31 31 30 30 30 29 29 29 29 28 28 28 28 27 27 27 27 26 26 26 26 26 25 25 25 25 25 24 24 24    273
                                                                                                        
-------------------------------------------------------------------------------------------------       
 Maximum Temperature (deg F [tenths deg F for monthly])                                                 
 DAY  1  2  3  4  5  6  7  8  9 10 11 12 13 14 15 16 17 18 19 20 21 22 23 24 25 26 27 28 29 30 31  MONTH
-------------------------------------------------------------------------------------------------       
JAN  43 43 43 43 43 43 43 43 43 43 43 43 43 43 43 43 43 43 43 44 44 44 44 44 45 45 45 45 46 46 46    437
FEB  46 47 47 47 48 48 48 49 49 49 50 50 50 51 51 51 52 52 52 53 53 53 54 54 54 54 55 55             508
MAR  56 56 56 57 57 57 58 58 58 59 59 59 60 60 60 61 61 61 62 62 62 63 63 63 64 64 64 65 65 66 66    607
APR  66 67 67 67 68 68 68 69 69 69 70 70 70 70 71 71 71 72 72 72 72 73 73 73 74 74 74 74 75 75       708
MAY  75 75 75 76 76 76 76 77 77 77 77 78 78 78 79 79 79 79 80 80 80 81 81 81 82 82 82 83 83 83 84    790
JUN  84 84 85 85 85 85 86 86 86 87 87 87 88 88 88 88 89 89 89 89 90 90 90 90 91 91 91 91 92 92       881
JUL  92 92 92 93 93 93 93 93 93 94 94 94 94 94 94 94 95 95 95 95 95 95 95 95 95 95 95 95 95 95 95    941
AUG  95 95 95 95 95 95 95 95 95 95 94 94 94 94 94 94 94 93 93 93 93 92 92 92 91 91 91 91 90 90 89    932
SEP  89 89 88 88 88 87 87 86 86 86 85 85 85 84 84 84 83 83 83 82 82 82 81 81 81 80 80 80 79 79       839
OCT  79 78 78 78 77 77 77 76 76 76 75 75 74 74 73 73 73 72 72 71 71 70 70 69 69 68 68 67 67 66 65    727
NOV  65 64 64 63 63 62 62 61 61 60 60 59 59 58 58 57 57 56 56 55 55 54 54 54 53 53 53 52 52 51       577
DEC  51 51 50 50 50 49 49 49 49 48 48 48 47 47 47 47 46 46 46 46 45 45 45 45 45 45 44 44 44 44 44    469
                                                                                                        
-------------------------------------------------------------------------------------------------       
 Average Temperature (deg F [tenths deg F for monthly])                                                 
 DAY  1  2  3  4  5  6  7  8  9 10 11 12 13 14 15 16 17 18 19 20 21 22 23 24 25 26 27 28 29 30 31  MONTH
-------------------------------------------------------------------------------------------------       
JAN  34 34 34 34 33 33 33 33 33 33 33 33 33 33 33 33 33 34 34 34 34 34 34 34 34 35 35 35 35 35 36    338
FEB  36 36 36 37 37 37 37 38 38 38 39 39 39 39 40 40 40 41 41 41 42 42 42 43 43 43 44 44             397
MAR  44 45 45 45 46 46 46 47 47 47 48 48 48 49 49 49 50 50 50 50 51 51 51 52 52 52 53 53 53 54 54    492
APR  54 55 55 55 56 56 56 57 57 57 58 58 58 58 59 59 59 60 60 60 61 61 61 62 62 62 62 63 63 63       589
MAY  64 64 64 64 65 65 65 66 66 66 67 67 67 68 68 68 68 69 69 69 70 70 70 71 71 71 72 72 72 73 73    682
JUN  73 74 74 74 75 75 75 76 76 76 76 77 77 77 78 78 78 78 79 79 79 79 79 80 80 80 80 81 81 81       775
JUL  81 81 81 82 82 82 82 82 82 82 83 83 83 83 83 83 83 83 83 83 83 84 84 84 84 84 84 84 84 84 84    829
AUG  84 84 84 84 84 84 83 83 83 83 83 83 83 83 82 82 82 82 82 82 81 81 81 81 80 80 80 79 79 79 78    819
SEP  78 78 77 77 77 76 76 76 75 75 75 74 74 74 73 73 72 72 72 71 71 71 70 70 70 69 69 69 68 68       730
OCT  68 67 67 66 66 66 65 65 64 64 64 63 63 62 62 62 61 61 60 60 59 59 58 58 57 57 56 56 55 55 54    613
NOV  54 53 53 52 52 51 51 51 50 50 49 49 48 48 47 47 47 46 46 45 45 45 44 44 43 43 43 42 42 42       474
DEC  41 41 41 40 40 40 39 39 39 38 38 38 38 37 37 37 37 36 36 36 36 35 35 35 35 35 35 34 34 34 34    371
                                                                                                        
-------------------------------------------------------------------------------------------------       
 Heating Degree Days                                                                                    
 DAY  1  2  3  4  5  6  7  8  9 10 11 12 13 14 15 16 17 18 19 20 21 22 23 24 25 26 27 28 29 30 31  MONTH
-------------------------------------------------------------------------------------------------       
JAN  31 31 31 31 31 32 32 32 32 32 32 32 32 32 32 32 32 31 31 31 31 31 31 31 31 31 30 30 30 30 30    968
FEB  29 29 29 29 28 28 28 28 27 27 27 27 26 26 26 25 25 25 24 24 24 24 23 23 23 22 22 21             719
MAR  21 21 20 20 20 19 19 19 18 18 18 17 17 16 16 16 15 15 15 15 14 14 14 13 13 13 12 12 12 11 11    494
APR  11 10 10 10 10  9  9  9  9  8  8  8  8  7  7  7  7  6  6  6  6  6  5  5  5  5  5  5  4  4       215
MAY   4  4  4  4  4  3  3  3  3  3  3  3  2  2  2  2  2  2  2  2  2  2  1  1  1  1  1  1  1  1  1     70
JUN   1  1  1  0  0  0  0  0  0  0  0  0  0  0  0  0  0  0  0  0  0  0  0  0  0  0  0  0  0  0         3
JUL   0  0  0  0  0  0  0  0  0  0  0  0  0  0  0  0  0  0  0  0  0  0  0  0  0  0  0  0  0  0  0      0
AUG   0  0  0  0  0  0  0  0  0  0  0  0  0  0  0  0  0  0  0  0  0  0  0  0  0  0  0  0  0  0-99      1
SEP   0  0  0  0  0  0  1  1  1  1  1  1  1  1  1  1  1  1  1  1  1  1  1  1  1  2  2  2  2  2        29
OCT   2  2  2  2  2  2  3  3  3  3  3  4  4  4  4  5  5  5  5  6  6  7  7  7  8  8  9  9 10 10 10    160
NOV  11 12 12 13 13 14 14 14 15 15 16 16 17 17 18 18 18 19 19 20 20 20 21 21 22 22 22 23 23 23       528
DEC  24 24 25 25 25 25 26 26 26 27 27 27 27 28 28 28 28 29 29 29 29 30 30 30 30 30 30 31 31 31 31    866
                                                                                                        
-------------------------------------------------------------------------------------------------       
 Cooling Degree Days                                                                                    
 DAY  1  2  3  4  5  6  7  8  9 10 11 12 13 14 15 16 17 18 19 20 21 22 23 24 25 26 27 28 29 30 31  MONTH
-------------------------------------------------------------------------------------------------       
JAN   0  0  0  0  0  0  0  0  0  0  0  0  0  0  0  0  0  0  0  0  0  0  0  0  0  0  0  0  0  0  0      0
FEB   0  0  0  0  0  0  0  0  0  0  0  0  0  0  0  0  0  0  0  0  0  0  0  0  0  0  0  0               0
MAR   0  0  0  0  0  0  0  0  0  0  0  0  0  0  0  0  0  0  0  0  0  0  0  0  0  0  0  0  0-99-99      2
APR   0  0  0  0  0  0  0  0  1  1  1  1  1  1  1  1  1  1  1  1  1  2  2  2  2  2  2  2  2  3        32
MAY   3  3  3  3  3  3  4  4  4  4  4  4  5  5  5  5  5  6  6  6  6  7  7  7  7  7  8  8  8  8  9    167
JUN   9  9  9 10 10 10 11 11 11 11 12 12 12 12 12 13 13 13 13 14 14 14 14 15 15 15 15 15 16 16       376
JUL  16 16 16 16 17 17 17 17 17 17 18 18 18 18 18 18 18 18 18 18 18 19 19 19 19 19 19 19 19 19 19    554
AUG  19 19 19 19 18 18 18 18 18 18 18 18 18 17 17 17 17 17 17 16 16 16 16 16 15 15 15 15 14 14 14    522
SEP  13 13 13 12 12 12 11 11 11 11 10 10 10  9  9  9  8  8  8  8  7  7  7  6  6  6  5  5  5  5       267
OCT   4  4  4  3  3  3  3  2  2  2  2  2  2  1  1  1  1  1  1  1  0  0  0  0  0  0  0  0  0  0  0     43
NOV   0  0  0  0  0  0  0  0  0  0  0  0  0  0  0  0  0  0  0  0-99  0  0  0  0  0  0  0  0  0         1
DEC   0  0  0  0  0  0  0  0  0  0  0  0  0  0  0  0  0  0  0  0  0  0  0  0  0  0  0  0  0  0  0      0
                                                                                                        
-------------------------------------------------------------------------------------------------       
 Total  Precipitation (Hundreths of an Inch)                                                            
 DAY  1  2  3  4  5  6  7  8  9 10 11 12 13 14 15 16 17 18 19 20 21 22 23 24 25 26 27 28 29 30 31  MONTH
-------------------------------------------------------------------------------------------------       
JAN   4  4  4  4  4  4  4  4  4  4  4  4  4  4  4  4  4  4  3  3  3  3  3  3  4  4  4  4  4  4  4    118
FEB   4  4  4  4  4  4  4  4  4  4  4  5  5  5  5  5  5  5  5  6  6  6  6  6  6  7  7  7             141
MAR   7  8  8  8  8  8  8  9  9  9  9  9  9 10 10 10 10 10 10 10 10 10 10 10 10 10 11 11 11 11 11    294
APR  11 11 11 11 11 11 11 11 11 11 11 11 11 11 11 11 11 12 12 12 12 12 12 13 13 13 13 13 13 14       351
MAY  14 14 14 15 15 15 15 15 15 16 16 16 16 16 16 16 16 16 16 16 16 17 17 17 17 17 17 17 17 16 16    492
JUN  16 16 16 16 16 16 16 16 16 16 16 16 15 15 15 15 15 15 15 15 15 14 14 14 14 14 14 13 13 13       450
JUL  13 13 13 12 12 12 12 12 12 11 11 11 11 11 11 11 11 11 11 11 11 10 10 10 10 10 10 10 10 10 10    343
AUG  10 10 10 10 10 10 10 10 10 11 11 11 11 11 11 11 11 11 11 11 11 11 11 11 11 11 11 12 12 12 12    336
SEP  12 12 12 12 12 12 12 12 12 12 13 13 13 13 13 13 13 12 12 12 12 12 12 12 12 12 12 12 12 12       367
OCT  12 11 11 11 11 11 11 11 11 11 11 11 10 10 10 10 10 10 10 10 10 10 10 10 10 10 10 10 10 10 10    323
NOV  10 10 10 10  9  9  9  9  9  9  9  9  9  9  9  9  9  9  8  8  8  8  8  8  8  8  8  7  7  7       259
DEC   7  7  7  7  7  6  6  6  6  6  6  6  6  5  5  5  5  5  5  5  5  5  5  5  5  4  4  4  4  4  4    167
                                                                                                        
