-------------------------------------------------------------------------------------------------       
 1971-2000 Daily/Monthly Station Normals                                                                
 Provided by National Climatic Data Center/NESDIS/NOAA                                                  
-------------------------------------------------------------------------------------------------       
 Station COOP ID:                           112145                                                      
 Station Name, State, Division, Call:       DANVILLE SEWAGE PLANT              IL 05                    
 Latitude, Longitude, Elevation, Elements:  40 06 08 -087 35 47   527   P                               
-------------------------------------------------------------------------------------------------       
 Total  Precipitation (Hundreths of an Inch)                                                            
 DAY  1  2  3  4  5  6  7  8  9 10 11 12 13 14 15 16 17 18 19 20 21 22 23 24 25 26 27 28 29 30 31  MONTH
-------------------------------------------------------------------------------------------------       
JAN   7  7  7  7  7  6  6  6  6  6  6  6  6  6  6  6  6  6  6  6  6  6  5  6  6  6  6  6  6  6  6    190
FEB   6  6  6  6  6  6  6  6  7  7  7  7  7  7  7  7  7  7  7  7  8  8  8  8  8  8  8  8             196
MAR   8  8  8  9  9  9  9  9  9  9  9  9  9  9 10 10 10 10 10 10 10 10 10 10 10 10 11 11 11 11 11    298
APR  11 11 11 11 11 11 11 12 12 12 12 12 12 12 12 12 12 12 12 13 13 13 13 13 13 13 13 13 13 13       364
MAY  14 14 14 14 14 14 14 14 14 14 14 14 14 14 14 14 14 14 15 15 15 15 15 15 15 15 14 14 14 14 14    442
JUN  15 15 15 15 14 14 14 14 14 14 14 14 14 14 14 14 14 14 14 14 14 14 14 14 14 14 14 14 14 14       424
JUL  14 14 14 14 14 14 14 15 15 14 14 14 14 14 14 14 14 14 14 14 14 14 14 14 14 14 14 14 14 14 14    436
AUG  13 13 13 13 13 13 13 13 13 13 13 12 12 12 12 12 12 12 12 12 12 11 11 11 11 11 11 11 11 11 11    373
SEP  11 10 10 10 10 10 10 10 10 10 10 10 10  9  9  9  9  9  9  9  9  9  9  9  9  9  9  9  9  9       284
OCT   9  9  9  9  9  9  9  9  9  9  9  9  9  9 10 10 10 10 10 10 10 10 10 10 10 10 10 10 11 11 11    299
NOV  11 11 11 11 11 11 11 11 11 11 11 12 12 12 12 12 12 12 12 12 11 11 11 11 11 11 11 11 11 11       339
DEC  11 11 11 11 10 10 10 10 10 10 10 10 10 10  9  9  9  9  9  9  9  9  8  8  8  8  8  8  8  8  7    287
                                                                                                        
