-------------------------------------------------------------------------------------------------       
 1971-2000 Daily/Monthly Station Normals                                                                
 Provided by National Climatic Data Center/NESDIS/NOAA                                                  
-------------------------------------------------------------------------------------------------       
 Station COOP ID:                           111497                                                      
 Station Name, State, Division, Call:       CHICAGO BOTANICAL GARDEN           IL 02                    
 Latitude, Longitude, Elevation, Elements:  42 08 26 -087 47 12   630 XNP                               
-------------------------------------------------------------------------------------------------       
 Minimum Temperature (deg F [tenths deg F for monthly])                                                 
 DAY  1  2  3  4  5  6  7  8  9 10 11 12 13 14 15 16 17 18 19 20 21 22 23 24 25 26 27 28 29 30 31  MONTH
-------------------------------------------------------------------------------------------------       
JAN  15 15 15 15 14 14 14 14 14 14 14 13 13 13 13 13 13 13 13 13 13 13 13 13 14 14 14 14 14 14 14    137
FEB  15 15 15 15 15 16 16 16 16 17 17 17 17 18 18 18 19 19 19 20 20 20 21 21 21 22 22 22             181
MAR  23 23 23 24 24 24 25 25 26 26 26 27 27 27 28 28 28 28 29 29 29 30 30 30 31 31 31 31 32 32 32    277
APR  33 33 33 33 34 34 34 34 35 35 35 36 36 36 37 37 37 38 38 38 38 39 39 39 40 40 40 41 41 41       368
MAY  42 42 42 43 43 44 44 44 45 45 45 45 46 46 46 47 47 47 48 48 48 49 49 49 50 50 50 51 51 51 51    467
JUN  52 52 52 53 53 53 53 54 54 54 55 55 55 56 56 56 56 57 57 57 57 58 58 58 59 59 59 59 60 60       559
JUL  60 60 61 61 61 61 61 62 62 62 62 62 62 63 63 63 63 63 63 63 63 63 63 63 64 64 64 64 64 64 64    625
AUG  64 63 63 63 63 63 63 63 63 63 63 63 62 62 62 62 62 62 62 61 61 61 61 61 60 60 60 60 59 59 59    617
SEP  58 58 58 58 57 57 57 56 56 56 55 55 55 54 54 53 53 53 52 52 52 51 51 50 50 50 49 49 48 48       535
OCT  47 47 47 46 46 45 45 44 44 44 43 43 43 42 42 42 41 41 41 40 40 40 39 39 39 38 38 38 38 37 37    418
NOV  37 37 36 36 36 35 35 35 35 34 34 34 33 33 33 32 32 31 31 31 30 30 29 29 29 28 28 27 27 26       321
DEC  26 25 25 25 24 24 23 23 23 22 22 21 21 21 20 20 20 19 19 19 18 18 18 17 17 17 16 16 16 16 15    202
                                                                                                        
-------------------------------------------------------------------------------------------------       
 Maximum Temperature (deg F [tenths deg F for monthly])                                                 
 DAY  1  2  3  4  5  6  7  8  9 10 11 12 13 14 15 16 17 18 19 20 21 22 23 24 25 26 27 28 29 30 31  MONTH
-------------------------------------------------------------------------------------------------       
JAN  31 31 31 30 30 30 30 30 30 30 30 30 30 30 30 29 30 30 30 30 30 30 30 30 30 30 30 31 31 31 31    302
FEB  32 32 32 32 32 33 33 33 33 34 34 34 34 35 35 35 36 36 36 36 37 37 37 38 38 38 39 39             350
MAR  39 40 40 40 41 41 41 42 42 42 43 43 43 44 44 44 45 45 46 46 46 47 47 47 48 48 48 49 49 50 50    445
APR  50 51 51 51 52 52 53 53 53 54 54 54 55 55 56 56 56 57 57 58 58 58 59 59 59 60 60 61 61 61       558
MAY  62 62 62 63 63 64 64 64 65 65 66 66 66 67 67 67 68 68 69 69 69 70 70 70 71 71 71 72 72 73 73    674
JUN  73 74 74 74 75 75 75 76 76 76 77 77 77 78 78 78 78 79 79 79 80 80 80 80 80 81 81 81 81 82       778
JUL  82 82 82 82 82 82 83 83 83 83 83 83 83 83 83 83 84 84 84 84 84 84 84 84 84 84 84 84 83 83 83    832
AUG  83 83 83 83 83 83 83 83 82 82 82 82 82 82 82 81 81 81 81 81 81 80 80 80 80 80 80 79 79 79 79    813
SEP  78 78 78 78 78 77 77 77 77 76 76 76 75 75 75 75 74 74 74 73 73 73 72 72 72 71 71 70 70 70       745
OCT  69 69 69 68 68 67 67 67 66 66 65 65 64 64 64 63 63 62 62 61 61 60 60 59 59 59 58 58 57 57 56    630
NOV  55 55 54 54 54 53 53 52 52 51 51 50 50 49 49 48 48 47 47 46 46 45 45 44 44 43 43 43 42 42       485
DEC  41 41 40 40 40 39 39 38 38 38 37 37 36 36 36 35 35 35 34 34 34 34 33 33 33 32 32 32 32 32 31    357
                                                                                                        
-------------------------------------------------------------------------------------------------       
 Average Temperature (deg F [tenths deg F for monthly])                                                 
 DAY  1  2  3  4  5  6  7  8  9 10 11 12 13 14 15 16 17 18 19 20 21 22 23 24 25 26 27 28 29 30 31  MONTH
-------------------------------------------------------------------------------------------------       
JAN  23 23 23 23 22 22 22 22 22 22 22 22 22 21 21 21 21 21 21 21 22 22 22 22 22 22 22 22 23 23 23    220
FEB  23 23 24 24 24 24 24 25 25 25 26 26 26 26 27 27 27 27 28 28 28 29 29 29 30 30 30 31             266
MAR  31 31 32 32 32 33 33 33 34 34 34 35 35 35 36 36 37 37 37 38 38 38 39 39 39 39 40 40 40 41 41    361
APR  41 42 42 42 43 43 43 44 44 44 45 45 45 46 46 46 47 47 48 48 48 49 49 49 50 50 50 51 51 51       463
MAY  52 52 52 53 53 54 54 54 55 55 55 56 56 56 57 57 57 58 58 59 59 59 60 60 60 61 61 61 62 62 62    571
JUN  63 63 63 64 64 64 64 65 65 65 66 66 66 67 67 67 67 68 68 68 69 69 69 69 70 70 70 70 70 71       669
JUL  71 71 71 72 72 72 72 72 72 73 73 73 73 73 73 73 73 73 73 73 74 74 74 74 74 74 74 74 74 73 73    729
AUG  73 73 73 73 73 73 73 73 73 73 72 72 72 72 72 72 72 71 71 71 71 71 71 70 70 70 70 69 69 69 69    715
SEP  68 68 68 68 67 67 67 67 66 66 66 65 65 65 64 64 64 63 63 63 62 62 62 61 61 60 60 60 59 59       640
OCT  58 58 58 57 57 56 56 56 55 55 54 54 54 53 53 52 52 52 51 51 50 50 50 49 49 48 48 48 47 47 46    524
NOV  46 46 45 45 45 44 44 43 43 43 42 42 41 41 41 40 40 39 39 39 38 38 37 37 36 36 35 35 35 34       403
DEC  34 33 33 32 32 31 31 31 30 30 30 29 29 28 28 28 27 27 27 26 26 26 26 25 25 25 24 24 24 24 23    280
                                                                                                        
-------------------------------------------------------------------------------------------------       
 Heating Degree Days                                                                                    
 DAY  1  2  3  4  5  6  7  8  9 10 11 12 13 14 15 16 17 18 19 20 21 22 23 24 25 26 27 28 29 30 31  MONTH
-------------------------------------------------------------------------------------------------       
JAN  42 42 42 42 43 43 43 43 43 43 43 43 44 44 44 44 44 44 44 44 43 43 43 43 43 43 43 43 43 42 42   1335
FEB  42 42 42 41 41 41 41 40 40 40 40 39 39 39 38 38 38 38 37 37 37 36 36 36 35 35 35 34            1077
MAR  34 34 33 33 33 32 32 32 31 31 31 30 30 30 29 29 29 28 28 28 27 27 27 26 26 25 25 25 24 24 24    897
APR  23 23 23 22 22 22 21 21 21 21 20 20 20 19 19 19 18 18 18 17 17 17 16 16 16 15 15 15 14 14       562
MAY  14 13 13 13 12 12 12 11 11 11 10 10 10 10  9  9  9  8  8  8  8  7  7  7  7  6  6  6  6  5  5    283
JUN   5  5  4  4  4  4  3  3  3  3  3  2  2  2  2  2  2  2  1  1  1  1  1  1  1  1  1  1  1  1        67
JUL   1  1  1  1  1  1  1  0  0  0  0  0  0  0  0  0  0  0  0  0  0  0  0  0  0  0  0  0  0  0  0      7
AUG   0  0  0  0  0  0  0  0  0  0  0  0  0  1  1  1  1  1  1  1  1  1  1  1  1  1  1  1  1  1  1     18
SEP   1  1  1  1  1  1  1  2  2  2  2  2  2  2  3  3  3  3  4  4  4  4  5  5  5  6  6  6  7  7        96
OCT   7  8  8  8  9  9 10 10 10 11 11 11 12 12 12 13 13 14 14 14 15 15 15 16 16 17 17 17 18 18 18    398
NOV  19 19 20 20 20 21 21 22 22 22 23 23 24 24 24 25 25 26 26 26 27 27 28 28 29 29 30 30 30 31       741
DEC  31 32 32 33 33 34 34 34 35 35 36 36 36 37 37 37 38 38 38 39 39 39 40 40 40 40 41 41 41 41 42   1149
                                                                                                        
-------------------------------------------------------------------------------------------------       
 Cooling Degree Days                                                                                    
 DAY  1  2  3  4  5  6  7  8  9 10 11 12 13 14 15 16 17 18 19 20 21 22 23 24 25 26 27 28 29 30 31  MONTH
-------------------------------------------------------------------------------------------------       
JAN   0  0  0  0  0  0  0  0  0  0  0  0  0  0  0  0  0  0  0  0  0  0  0  0  0  0  0  0  0  0  0      0
FEB   0  0  0  0  0  0  0  0  0  0  0  0  0  0  0  0  0  0  0  0  0  0  0  0  0  0  0  0               0
MAR   0  0  0  0  0  0  0  0  0  0  0  0  0  0  0  0  0  0  0  0  0  0  0  0  0  0  0  0  0  0  0      0
APR   0  0  0  0  0  0  0  0  0  0  0  0  0  0  0  0  0  0  0  0  0  0  0  0  0  0  0  0  0  0         0
MAY   0  0  0  0  0  1  1  1  1  1  1  1  1  1  1  1  1  1  1  1  1  2  2  2  2  2  2  2  2  2  2     36
JUN   2  2  3  3  3  3  3  3  3  3  3  4  4  4  4  4  4  4  4  5  5  5  5  5  5  6  6  6  6  6       123
JUL   6  7  7  7  7  7  7  7  8  8  8  8  8  8  8  8  8  8  8  8  9  9  9  9  9  9  9  9  9  9  9    250
AUG   9  9  9  8  8  8  8  8  8  8  8  8  8  8  8  7  7  7  7  7  7  6  6  6  6  6  6  5  5  5  5    221
SEP   5  4  4  4  4  3  3  3  3  3  3  2  2  2  2  2  2  2  2  1  1  1  1  1  1  1  1  1  1  1        66
OCT   1  1  1  1  1  1  0  0  0  0  0  0  0  0  0  0  0  0  0  0  0  0  0  0  0  0  0  0  0  0  0      6
NOV   0  0  0  0  0  0  0  0  0  0  0  0  0  0  0  0  0  0  0  0  0  0  0  0  0  0  0  0  0  0         0
DEC   0  0  0  0  0  0  0  0  0  0  0  0  0  0  0  0  0  0  0  0  0  0  0  0  0  0  0  0  0  0  0      0
                                                                                                        
-------------------------------------------------------------------------------------------------       
 Total  Precipitation (Hundreths of an Inch)                                                            
 DAY  1  2  3  4  5  6  7  8  9 10 11 12 13 14 15 16 17 18 19 20 21 22 23 24 25 26 27 28 29 30 31  MONTH
-------------------------------------------------------------------------------------------------       
JAN   6  6  6  6  6  6  6  6  7  7  7  6  6  6  6  6  6  6  6  6  6  6  6  6  6  6  6  6  6  6  6    189
FEB   6  6  6  6  6  5  5  5  5  5  5  5  5  5  5  5  5  6  6  6  6  6  6  6  6  6  6  6             156
MAR   6  6  6  6  7  7  7  7  7  7  7  7  7  8  8  8  8  8  8  9  9  9  9  9  9 10 10 10 10 10 11    250
APR  11 11 11 11 12 12 12 12 12 12 12 12 13 13 13 13 13 13 13 13 13 13 13 13 13 13 12 12 12 12       370
MAY  12 12 12 12 12 12 12 12 11 11 11 11 11 11 11 11 11 11 11 11 11 12 12 12 12 12 12 12 12 12 12    359
JUN  13 13 13 13 13 13 13 13 13 13 13 13 13 13 13 13 13 13 13 13 13 13 13 13 13 13 12 12 12 12       386
JUL  12 11 11 11 11 11 11 11 11 10 10 10 10 10 11 11 11 11 11 11 11 11 11 12 12 12 12 13 13 13 14    350
AUG  14 14 15 15 15 15 16 16 16 16 16 16 16 16 16 17 17 16 16 16 16 16 16 16 16 16 15 15 15 15 14    484
SEP  14 14 13 13 13 13 12 12 12 12 11 11 11 11 11 10 10 10 10 10 10  9  9  9  9  9  9  9  9  9       324
OCT   9  9  8  8  8  8  8  8  8  8  8  8  8  8  8  8  9  9  9  9  9  9  9  9  9  9 10 10 10 10 10    270
NOV  10 10 11 11 11 11 11 11 11 11 11 11 11 11 11 11 11 11 11 11 11 11 11 11 10 10 10 10 10 10       322
DEC   9  9  9  9  8  8  8  8  8  8  7  7  7  7  7  7  7  7  7  7  6  6  6  6  6  6  6  6  6  6  6    220
                                                                                                        
