-------------------------------------------------------------------------------------------------       
 1971-2000 Daily/Monthly Station Normals                                                                
 Provided by National Climatic Data Center/NESDIS/NOAA                                                  
-------------------------------------------------------------------------------------------------       
 Station COOP ID:                           117952                                                      
 Station Name, State, Division, Call:       SIDELL 5 NW                        IL 05                    
 Latitude, Longitude, Elevation, Elements:  39 58 49 -087 52 36   675   P                               
-------------------------------------------------------------------------------------------------       
 Total  Precipitation (Hundreths of an Inch)                                                            
 DAY  1  2  3  4  5  6  7  8  9 10 11 12 13 14 15 16 17 18 19 20 21 22 23 24 25 26 27 28 29 30 31  MONTH
-------------------------------------------------------------------------------------------------       
JAN   8  7  7  7  7  7  7  7  7  7  7  7  7  7  7  7  7  7  7  7  6  6  6  6  6  6  6  6  6  6  7    208
FEB   6  6  6  6  7  7  7  7  7  7  7  7  7  7  7  7  7  7  7  7  7  7  7  8  8  8  8  8             197
MAR   8  8  8  8  8  8  9  9  9  9  9  9  9  9  9  9  9  9 10 10 10 10 10 10 10 10 10 10 11 11 11    289
APR  11 11 11 11 11 11 11 11 12 12 12 12 12 12 12 12 12 13 13 13 13 13 13 13 13 13 13 14 14 14       368
MAY  14 14 14 14 14 14 14 14 14 15 15 15 15 14 14 14 14 14 14 14 14 14 14 14 14 13 13 13 13 13 13    432
JUN  12 12 12 12 12 12 11 11 11 11 11 11 11 11 11 11 11 11 11 11 11 12 12 12 12 12 12 13 13 13       348
JUL  13 14 14 14 14 14 15 15 15 15 15 15 15 16 16 16 16 16 16 16 16 16 15 15 15 15 15 15 15 15 14    466
AUG  14 14 14 14 14 13 13 13 13 13 13 12 12 12 12 12 12 12 11 11 11 11 11 11 11 11 11 11 11 10 10    373
SEP  10 10 10 10 10 10 10 10 10 10 10 10 10 10  9  9  9  9  9  9  9  9  9  9  9  9  9  9  9  9       284
OCT   9  9  9  9  9  8  8  8  8  9  9  9  9  9  9  9  9  9  9  9  9  9  9  9 10 10 10 10 10 10 10    282
NOV  11 11 11 11 11 11 11 11 11 12 12 12 12 12 12 12 12 12 12 12 12 12 12 12 11 11 11 11 11 11       345
DEC  11 11 11 10 10 10 10 10 10 10 10 10  9  9  9  9  9  9  9  9  9  8  8  8  8  8  8  8  8  8  8    284
                                                                                                        
