-------------------------------------------------------------------------------------------------       
 1971-2000 Daily/Monthly Station Normals                                                                
 Provided by National Climatic Data Center/NESDIS/NOAA                                                  
-------------------------------------------------------------------------------------------------       
 Station COOP ID:                           113312                                                      
 Station Name, State, Division, Call:       GALENA                             IL 01                    
 Latitude, Longitude, Elevation, Elements:  42 25 28 -090 26 26   800   P                               
-------------------------------------------------------------------------------------------------       
 Total  Precipitation (Hundreths of an Inch)                                                            
 DAY  1  2  3  4  5  6  7  8  9 10 11 12 13 14 15 16 17 18 19 20 21 22 23 24 25 26 27 28 29 30 31  MONTH
-------------------------------------------------------------------------------------------------       
JAN   5  5  4  4  4  4  4  4  4  4  4  4  4  4  4  4  4  4  4  4  4  4  4  4  4  4  4  4  4  5  5    128
FEB   4  4  5  5  5  5  5  5  5  5  5  5  5  5  5  5  5  5  5  6  6  6  6  6  6  6  6  6             147
MAR   6  6  6  7  7  7  7  7  7  7  7  7  7  8  8  8  8  8  8  8  8  9  9  9  9  9  9 10 10 10 10    246
APR  10 10 11 11 11 11 11 11 11 11 12 12 12 12 12 12 12 12 12 12 12 12 12 12 12 12 12 12 12 12       348
MAY  12 12 12 12 12 12 12 12 12 12 12 12 12 12 13 13 13 13 13 13 13 13 13 14 14 14 14 14 14 15 15    399
JUN  15 15 16 16 16 16 16 16 16 16 16 16 16 17 16 16 16 16 16 16 16 16 16 16 16 15 15 15 15 14       473
JUL  14 14 14 13 13 13 13 13 12 12 12 12 12 12 12 12 12 11 11 11 11 11 11 11 11 12 12 12 12 12 12    375
AUG  12 12 13 13 13 13 13 13 13 13 13 13 14 14 14 14 14 14 14 14 14 14 14 14 14 14 14 14 14 14 14    420
SEP  14 14 14 14 14 14 14 14 14 14 14 14 13 13 13 13 13 13 13 12 12 12 12 11 11 11 11 10 10 10       381
OCT   9  9  9  9  8  8  8  8  7  7  7  7  7  7  7  7  7  7  7  7  7  7  7  7  7  7  7  7  7  8  8    231
NOV   8  8  8  9  9  9  9  9  9  9  9 10 10 10 10 10 10 10 10 10 10  9  9  9  9  9  9  9  9  8       276
DEC   8  8  8  8  7  7  7  7  7  7  6  6  6  6  6  6  6  6  5  5  5  5  5  5  5  5  5  5  5  4  4    185
                                                                                                        
