-------------------------------------------------------------------------------------------------       
 1971-2000 Daily/Monthly Station Normals                                                                
 Provided by National Climatic Data Center/NESDIS/NOAA                                                  
-------------------------------------------------------------------------------------------------       
 Station COOP ID:                           115792                                                      
 Station Name, State, Division, Call:       MONTICELLO NO 2                    IL 05                    
 Latitude, Longitude, Elevation, Elements:  40 01 52 -088 35 20   620   P                               
-------------------------------------------------------------------------------------------------       
 Total  Precipitation (Hundreths of an Inch)                                                            
 DAY  1  2  3  4  5  6  7  8  9 10 11 12 13 14 15 16 17 18 19 20 21 22 23 24 25 26 27 28 29 30 31  MONTH
-------------------------------------------------------------------------------------------------       
JAN   8  8  7  7  7  7  7  7  7  7  7  7  7  7  7  7  6  6  6  6  6  6  6  6  6  6  6  6  6  6  6    204
FEB   6  6  6  6  6  6  6  6  6  7  7  7  7  7  7  7  7  7  7  7  7  7  8  8  8  8  8  8             193
MAR   8  9  9  9  9  9  9  9  9 10 10 10 10 10 10 10 10 10 10 11 11 11 11 11 11 11 11 11 11 11 11    312
APR  11 12 12 12 12 12 12 12 12 12 12 12 12 12 13 13 13 13 13 13 13 13 13 13 13 13 13 14 14 14       378
MAY  14 14 14 14 14 14 14 14 14 14 14 15 15 15 15 15 15 15 14 14 14 14 14 14 14 14 14 14 14 14 14    441
JUN  14 14 14 13 13 13 13 13 13 13 13 13 13 13 13 13 13 13 13 13 13 13 13 13 13 13 14 14 14 14       397
JUL  14 14 14 14 14 14 14 14 15 15 15 15 15 15 15 15 15 15 15 15 15 15 15 15 15 15 15 15 15 15 15    457
AUG  15 15 15 15 15 14 14 14 14 14 14 14 14 14 14 14 13 13 13 13 13 13 13 12 12 12 12 12 12 12 11    415
SEP  11 11 11 11 10 10 10 10 10 10 10 10  9  9  9  9  9  9  9  9  9  9  9  8  8  8  8  8  8  8       279
OCT   8  8  8  8  8  8  8  8  8  8  8  8  8  9  9  9  9  9  9  9  9  9  9  9  9 10 10 10 10 10 10    272
NOV  10 10 11 11 11 11 11 11 11 11 11 11 11 11 11 12 12 12 12 12 12 11 11 11 11 11 11 11 11 11       334
DEC  11 11 11 10 10 10 10 10 10 10 10 10 10  9  9  9  9  9  9  9  9  9  8  8  8  8  8  8  8  8  8    286
                                                                                                        
