-------------------------------------------------------------------------------------------------       
 1971-2000 Daily/Monthly Station Normals                                                                
 Provided by National Climatic Data Center/NESDIS/NOAA                                                  
-------------------------------------------------------------------------------------------------       
 Station COOP ID:                           113384                                                      
 Station Name, State, Division, Call:       GENESEO                            IL 01                    
 Latitude, Longitude, Elevation, Elements:  41 27 04 -090 08 55   639 XNP                               
-------------------------------------------------------------------------------------------------       
 Minimum Temperature (deg F [tenths deg F for monthly])                                                 
 DAY  1  2  3  4  5  6  7  8  9 10 11 12 13 14 15 16 17 18 19 20 21 22 23 24 25 26 27 28 29 30 31  MONTH
-------------------------------------------------------------------------------------------------       
JAN  14 14 14 14 13 13 13 13 13 13 13 13 13 13 13 13 13 13 13 13 13 13 13 13 13 14 14 14 14 15 15    134
FEB  15 15 16 16 16 17 17 17 18 18 18 18 19 19 19 20 20 20 21 21 21 22 22 22 23 23 23 24             193
MAR  24 25 25 25 26 26 26 27 27 27 28 28 28 29 29 30 30 30 31 31 31 32 32 32 33 33 33 34 34 34 35    295
APR  35 35 36 36 36 37 37 37 38 38 39 39 39 40 40 40 41 41 41 42 42 43 43 43 44 44 44 45 45 46       402
MAY  46 46 47 47 48 48 48 49 49 49 50 50 51 51 51 52 52 52 53 53 53 54 54 55 55 55 56 56 56 57 57    516
JUN  57 58 58 58 59 59 59 60 60 60 60 61 61 61 61 62 62 62 62 63 63 63 63 63 64 64 64 64 64 64       613
JUL  65 65 65 65 65 65 65 65 65 66 66 66 66 66 66 66 66 66 66 66 66 66 66 66 66 66 66 66 66 66 66    657
AUG  66 66 66 65 65 65 65 65 65 65 65 64 64 64 64 64 64 63 63 63 63 63 62 62 62 62 61 61 61 60 60    635
SEP  60 59 59 59 59 58 58 58 57 57 57 56 56 56 55 55 54 54 54 53 53 53 52 52 51 51 51 50 50 50       549
OCT  49 49 48 48 48 47 47 46 46 46 45 45 44 44 44 43 43 42 42 42 41 41 40 40 40 39 39 38 38 38 37    432
NOV  37 37 36 36 35 35 35 34 34 33 33 33 32 32 31 31 31 30 30 29 29 28 28 28 27 27 26 26 25 25       311
DEC  25 24 24 23 23 23 22 22 21 21 21 20 20 20 19 19 19 18 18 18 17 17 17 16 16 16 16 15 15 15 15    192
                                                                                                        
-------------------------------------------------------------------------------------------------       
 Maximum Temperature (deg F [tenths deg F for monthly])                                                 
 DAY  1  2  3  4  5  6  7  8  9 10 11 12 13 14 15 16 17 18 19 20 21 22 23 24 25 26 27 28 29 30 31  MONTH
-------------------------------------------------------------------------------------------------       
JAN  29 29 29 29 29 29 29 28 28 28 28 28 28 28 28 28 28 28 28 28 29 29 29 29 29 29 29 30 30 30 30    287
FEB  30 30 31 31 31 31 32 32 32 33 33 33 34 34 34 35 35 35 36 36 37 37 37 38 38 39 39 40             344
MAR  40 41 41 42 42 42 43 43 44 44 45 45 46 46 47 47 48 48 49 49 50 50 51 51 51 52 52 53 53 54 54    472
APR  55 55 56 56 57 57 57 58 58 59 59 60 60 61 61 61 62 62 63 63 63 64 64 65 65 66 66 66 67 67       611
MAY  68 68 68 69 69 69 70 70 71 71 71 72 72 72 73 73 74 74 74 75 75 75 76 76 76 77 77 77 78 78 78    731
JUN  79 79 79 80 80 80 81 81 81 81 82 82 82 82 83 83 83 83 83 84 84 84 84 84 84 84 85 85 85 85       824
JUL  85 85 85 85 85 85 86 86 86 86 86 86 86 86 86 86 86 86 86 86 86 86 86 86 86 86 86 86 85 85 85    857
AUG  85 85 85 85 85 85 85 85 84 84 84 84 84 84 84 83 83 83 83 83 83 82 82 82 82 81 81 81 81 81 80    832
SEP  80 80 80 79 79 79 78 78 78 78 77 77 77 76 76 76 75 75 75 74 74 74 73 73 73 72 72 71 71 71       757
OCT  70 70 69 69 69 68 68 67 67 66 66 65 65 65 64 64 63 63 62 62 61 60 60 59 59 58 58 57 57 56 55    633
NOV  55 54 54 53 53 52 51 51 50 50 49 49 48 48 47 47 46 46 45 44 44 43 43 42 42 41 41 40 40 39       469
DEC  39 38 38 38 37 37 36 36 35 35 35 34 34 34 33 33 33 32 32 32 32 31 31 31 31 30 30 30 30 29 29    334
                                                                                                        
-------------------------------------------------------------------------------------------------       
 Average Temperature (deg F [tenths deg F for monthly])                                                 
 DAY  1  2  3  4  5  6  7  8  9 10 11 12 13 14 15 16 17 18 19 20 21 22 23 24 25 26 27 28 29 30 31  MONTH
-------------------------------------------------------------------------------------------------       
JAN  22 22 21 21 21 21 21 21 21 21 21 21 20 20 20 20 21 21 21 21 21 21 21 21 21 21 22 22 22 22 22    211
FEB  23 23 23 23 24 24 24 25 25 25 26 26 26 26 27 27 28 28 28 29 29 29 30 30 31 31 31 32             269
MAR  32 33 33 33 34 34 35 35 36 36 36 37 37 38 38 38 39 39 40 40 40 41 41 42 42 42 43 43 44 44 45    384
APR  45 45 46 46 47 47 47 48 48 49 49 49 50 50 51 51 51 52 52 52 53 53 54 54 54 55 55 56 56 56       507
MAY  57 57 58 58 58 59 59 59 60 60 61 61 61 62 62 62 63 63 64 64 64 65 65 65 66 66 66 67 67 67 68    624
JUN  68 68 69 69 69 70 70 70 71 71 71 71 72 72 72 72 72 73 73 73 73 74 74 74 74 74 74 74 75 75       719
JUL  75 75 75 75 75 75 75 75 75 76 76 76 76 76 76 76 76 76 76 76 76 76 76 76 76 76 76 76 76 76 76    757
AUG  76 75 75 75 75 75 75 75 75 75 74 74 74 74 74 74 74 73 73 73 73 72 72 72 72 72 71 71 71 71 70    734
SEP  70 70 69 69 69 68 68 68 68 67 67 67 66 66 66 65 65 65 64 64 64 63 63 62 62 62 61 61 60 60       653
OCT  60 59 59 59 58 58 57 57 56 56 56 55 55 54 54 53 53 53 52 52 51 51 50 50 49 49 48 48 47 47 46    533
NOV  46 45 45 44 44 43 43 43 42 42 41 41 40 40 39 39 38 38 37 37 36 36 35 35 35 34 34 33 33 32       390
DEC  32 31 31 31 30 30 29 29 28 28 28 27 27 27 26 26 26 25 25 25 24 24 24 24 23 23 23 23 22 22 22    263
                                                                                                        
-------------------------------------------------------------------------------------------------       
 Heating Degree Days                                                                                    
 DAY  1  2  3  4  5  6  7  8  9 10 11 12 13 14 15 16 17 18 19 20 21 22 23 24 25 26 27 28 29 30 31  MONTH
-------------------------------------------------------------------------------------------------       
JAN  43 43 44 44 44 44 44 44 44 44 44 45 45 45 45 45 45 44 44 44 44 44 44 44 44 44 43 43 43 43 43   1363
FEB  42 42 42 42 41 41 41 40 40 40 39 39 39 39 38 38 37 37 37 36 36 36 35 35 35 34 34 33            1068
MAR  33 32 32 32 31 31 30 30 30 29 29 28 28 27 27 27 26 26 25 25 25 24 24 23 23 23 22 22 21 21 20    826
APR  20 20 19 19 18 18 18 17 17 16 16 16 15 15 15 14 14 14 13 13 12 12 12 11 11 11 10 10 10 10       436
MAY   9  9  9  8  8  8  8  7  7  7  6  6  6  6  5  5  5  5  5  4  4  4  4  3  3  3  3  3  3  2  2    167
JUN   2  2  2  1  1  1  1  1  1  1  1  0  0  0  0  0  0  0  0  0  0  0  0  0  0  0  0  0  0  0        14
JUL   0  0  0  0  0  0  0  0  0  0  0  0  0  0  0  0  0  0  0  0  0  0  0  0  0  0  0  0  0  0-99      1
AUG   0  0  0  0  0  0  0  0  0  0  0  0  0  0  0  0  0  0  1  1  1  1  1  1  1  1  1  1  1  1  1     13
SEP   1  1  1  1  1  1  1  1  1  1  2  2  2  2  2  2  3  3  3  3  3  4  4  4  4  5  5  5  6  6        80
OCT   6  7  7  7  8  8  8  9  9  9 10 10 11 11 11 12 12 13 13 13 14 14 15 15 16 16 17 17 18 18 18    372
NOV  19 20 20 21 21 21 22 22 23 23 24 24 25 25 26 26 27 27 28 28 29 29 30 30 31 31 31 32 32 33       780
DEC  33 34 34 35 35 35 36 36 37 37 37 38 38 38 39 39 39 40 40 40 41 41 41 41 42 42 42 42 43 43 43   1201
                                                                                                        
-------------------------------------------------------------------------------------------------       
 Cooling Degree Days                                                                                    
 DAY  1  2  3  4  5  6  7  8  9 10 11 12 13 14 15 16 17 18 19 20 21 22 23 24 25 26 27 28 29 30 31  MONTH
-------------------------------------------------------------------------------------------------       
JAN   0  0  0  0  0  0  0  0  0  0  0  0  0  0  0  0  0  0  0  0  0  0  0  0  0  0  0  0  0  0  0      0
FEB   0  0  0  0  0  0  0  0  0  0  0  0  0  0  0  0  0  0  0  0  0  0  0  0  0  0  0  0               0
MAR   0  0  0  0  0  0  0  0  0  0  0  0  0  0  0  0  0  0  0  0  0  0  0  0  0  0  0  0  0  0  0      0
APR   0  0  0  0  0  0  0  0  0  0  0  0  0  0  0  0  0  0  0  0  0  0  0  0  0  1  1  1  1  1         5
MAY   1  1  1  1  1  1  2  2  2  2  2  2  2  2  3  3  3  3  3  3  3  3  4  4  4  4  4  4  4  5  5     84
JUN   5  5  5  5  6  6  6  6  6  6  7  7  7  7  7  7  8  8  8  8  8  8  8  9  9  9  9  9  9 10       218
JUL  10 10 10 10 10 10 10 11 11 11 11 11 11 11 11 11 11 11 11 11 11 11 11 11 11 11 11 11 11 11 11    334
AUG  11 11 11 11 10 10 10 10 10 10 10 10  9  9  9  9  9  9  8  8  8  8  8  7  7  7  7  7  6  6  6    271
SEP   6  5  5  5  5  5  4  4  4  4  4  3  3  3  3  3  2  2  2  2  2  2  2  2  1  1  1  1  1  1        88
OCT   1  1  1  1  1  1  1  1  1  0  0  0  0  0  0  0  0  0  0  0  0  0  0  0  0  0  0  0  0  0  0      9
NOV   0  0  0  0  0  0  0  0  0  0  0  0  0  0  0  0  0  0  0  0  0  0  0  0  0  0  0  0  0  0         0
DEC   0  0  0  0  0  0  0  0  0  0  0  0  0  0  0  0  0  0  0  0  0  0  0  0  0  0  0  0  0  0  0      0
                                                                                                        
-------------------------------------------------------------------------------------------------       
 Total  Precipitation (Hundreths of an Inch)                                                            
 DAY  1  2  3  4  5  6  7  8  9 10 11 12 13 14 15 16 17 18 19 20 21 22 23 24 25 26 27 28 29 30 31  MONTH
-------------------------------------------------------------------------------------------------       
JAN   5  5  5  5  5  5  5  5  5  5  5  5  5  5  5  5  5  5  5  5  4  4  4  5  5  5  5  5  5  5  5    152
FEB   5  5  5  5  5  5  5  5  5  5  5  5  5  6  6  6  6  6  6  6  6  6  6  6  6  7  7  7             158
MAR   7  7  7  7  7  7  8  8  8  8  8  8  8  8  8  9  9  9  9  9  9  9 10 10 10 10 10 10 10 11 11    269
APR  11 11 11 11 12 12 12 12 12 12 12 12 13 13 13 13 13 13 13 13 13 13 13 13 13 13 13 13 13 13       374
MAY  13 13 13 13 13 13 13 13 13 13 13 13 13 14 14 14 14 14 14 14 14 14 14 14 14 14 14 14 14 14 14    421
JUN  14 14 14 14 14 14 14 14 15 15 14 14 14 14 14 14 14 14 14 14 14 14 14 14 14 14 14 14 13 13       420
JUL  13 13 13 13 13 13 13 13 12 12 12 12 12 12 12 12 12 12 12 12 12 13 13 13 13 13 13 13 13 13 13    390
AUG  14 14 14 14 14 14 14 14 14 14 14 14 14 15 14 14 14 14 14 14 14 14 14 14 14 14 14 14 13 13 13    432
SEP  13 13 12 12 12 12 12 12 12 11 11 11 11 11 11 11 11 11 10 10 10 10 10 10 10 10 10 10 10 10       329
OCT  10 10 10 10 10 10 10 10 10 10 10 10 10 10  9  9  9  9  9  9  9  9  9 10 10 10 10 10 10 10 10    301
NOV  10 10 10 10 10 10 10 10 10 10 10 10 10 10  9  9  9  9  9  9  9  9  9  9  9  9  9  9  8  8       282
DEC   8  8  8  8  8  8  8  8  8  7  7  7  7  7  7  7  7  7  7  7  6  6  6  6  6  6  6  6  6  6  6    215
                                                                                                        
