-------------------------------------------------------------------------------------------------       
 1971-2000 Daily/Monthly Station Normals                                                                
 Provided by National Climatic Data Center/NESDIS/NOAA                                                  
-------------------------------------------------------------------------------------------------       
 Station COOP ID:                           118684                                                      
 Station Name, State, Division, Call:       TUSCOLA                            IL 07                    
 Latitude, Longitude, Elevation, Elements:  39 47 40 -088 17 25   655 XNP                               
-------------------------------------------------------------------------------------------------       
 Minimum Temperature (deg F [tenths deg F for monthly])                                                 
 DAY  1  2  3  4  5  6  7  8  9 10 11 12 13 14 15 16 17 18 19 20 21 22 23 24 25 26 27 28 29 30 31  MONTH
-------------------------------------------------------------------------------------------------       
JAN  19 19 19 19 18 18 18 18 18 18 18 18 18 17 17 17 17 17 17 17 18 18 18 18 18 18 18 18 19 19 19    180
FEB  19 19 20 20 20 20 21 21 21 21 22 22 22 23 23 23 24 24 24 24 25 25 26 26 26 27 27 27             229
MAR  28 28 28 29 29 29 30 30 30 31 31 32 32 32 33 33 33 33 34 34 34 35 35 35 36 36 36 37 37 37 37    327
APR  38 38 38 39 39 39 40 40 40 40 41 41 41 42 42 42 43 43 43 44 44 44 45 45 45 46 46 47 47 47       423
MAY  48 48 48 49 49 50 50 50 51 51 51 52 52 52 53 53 53 54 54 55 55 55 56 56 56 57 57 57 58 58 58    531
JUN  59 59 59 60 60 60 60 61 61 61 62 62 62 62 62 63 63 63 63 63 64 64 64 64 64 64 65 65 65 65       623
JUL  65 65 65 66 66 66 66 66 66 66 66 66 66 66 66 66 66 66 66 66 66 66 66 66 66 66 66 66 66 66 66    659
AUG  66 66 66 66 65 65 65 65 65 65 65 65 64 64 64 64 64 64 64 63 63 63 63 63 62 62 62 62 61 61 61    638
SEP  61 61 60 60 60 59 59 59 59 58 58 58 57 57 57 56 56 56 55 55 55 54 54 54 53 53 53 52 52 51       564
OCT  51 50 50 50 49 49 48 48 48 47 47 47 46 46 45 45 45 44 44 44 43 43 43 42 42 42 41 41 41 40 40    452
NOV  40 39 39 39 38 38 38 37 37 36 36 36 35 35 35 34 34 34 33 33 33 32 32 31 31 31 30 30 30 29       345
DEC  29 29 28 28 27 27 27 26 26 26 25 25 25 24 24 24 23 23 23 23 22 22 22 21 21 21 21 20 20 20 19    239
                                                                                                        
-------------------------------------------------------------------------------------------------       
 Maximum Temperature (deg F [tenths deg F for monthly])                                                 
 DAY  1  2  3  4  5  6  7  8  9 10 11 12 13 14 15 16 17 18 19 20 21 22 23 24 25 26 27 28 29 30 31  MONTH
-------------------------------------------------------------------------------------------------       
JAN  35 35 35 34 34 34 34 34 34 34 34 34 34 34 34 34 34 34 34 34 34 34 34 34 35 35 35 35 35 36 36    344
FEB  36 36 37 37 37 37 38 38 38 39 39 39 40 40 40 41 41 41 42 42 43 43 43 44 44 45 45 46             404
MAR  46 46 47 47 48 48 49 49 50 50 50 51 51 52 52 53 53 54 54 54 55 55 56 56 57 57 57 58 58 59 59    526
APR  60 60 60 61 61 62 62 63 63 63 64 64 65 65 65 66 66 67 67 67 68 68 68 69 69 70 70 70 71 71       655
MAY  71 72 72 72 73 73 73 74 74 74 75 75 75 76 76 76 77 77 77 78 78 78 79 79 79 80 80 81 81 81 82    764
JUN  82 82 83 83 83 83 84 84 84 84 85 85 85 85 86 86 86 86 86 87 87 87 87 87 87 87 87 88 88 88       854
JUL  88 88 88 88 88 88 88 88 88 88 88 88 88 88 88 88 88 88 88 88 88 88 88 88 88 88 88 88 88 88 88    880
AUG  88 87 87 87 87 87 87 87 87 87 87 87 86 86 86 86 86 86 86 86 86 85 85 85 85 85 85 85 84 84 84    860
SEP  84 84 84 83 83 83 83 83 82 82 82 82 81 81 81 81 80 80 80 79 79 79 78 78 78 77 77 76 76 76       804
OCT  75 75 74 74 74 73 73 72 72 71 71 70 70 70 69 69 68 68 67 67 66 65 65 64 64 63 63 62 62 61 60    683
NOV  60 59 59 58 58 57 57 56 56 55 54 54 53 53 52 52 51 51 50 50 49 49 48 48 47 47 46 46 46 45       522
DEC  45 44 44 43 43 43 42 42 41 41 41 40 40 40 39 39 39 38 38 38 37 37 37 37 36 36 36 36 36 35 35    393
                                                                                                        
-------------------------------------------------------------------------------------------------       
 Average Temperature (deg F [tenths deg F for monthly])                                                 
 DAY  1  2  3  4  5  6  7  8  9 10 11 12 13 14 15 16 17 18 19 20 21 22 23 24 25 26 27 28 29 30 31  MONTH
-------------------------------------------------------------------------------------------------       
JAN  27 27 27 26 26 26 26 26 26 26 26 26 26 26 25 25 26 26 26 26 26 26 26 26 26 26 27 27 27 27 27    262
FEB  28 28 28 28 29 29 29 30 30 30 30 31 31 31 32 32 32 33 33 33 34 34 35 35 35 36 36 36             317
MAR  37 37 38 38 38 39 39 40 40 40 41 41 42 42 42 43 43 44 44 44 45 45 45 46 46 47 47 47 48 48 48    427
APR  49 49 49 50 50 50 51 51 52 52 52 53 53 53 54 54 54 55 55 56 56 56 57 57 57 58 58 58 59 59       539
MAY  59 60 60 61 61 61 62 62 62 63 63 63 64 64 64 65 65 66 66 66 67 67 67 68 68 68 69 69 69 70 70    648
JUN  70 71 71 71 72 72 72 72 73 73 73 73 74 74 74 74 75 75 75 75 75 75 76 76 76 76 76 76 76 76       739
JUL  77 77 77 77 77 77 77 77 77 77 77 77 77 77 77 77 77 77 77 77 77 77 77 77 77 77 77 77 77 77 77    770
AUG  77 77 77 76 76 76 76 76 76 76 76 76 75 75 75 75 75 75 75 74 74 74 74 74 74 73 73 73 73 73 73    749
SEP  72 72 72 72 71 71 71 71 70 70 70 70 69 69 69 69 68 68 68 67 67 67 66 66 65 65 65 64 64 64       684
OCT  63 63 62 62 62 61 61 60 60 59 59 59 58 58 57 57 56 56 56 55 55 54 54 53 53 52 52 52 51 51 50    568
NOV  50 49 49 48 48 48 47 47 46 46 45 45 44 44 44 43 43 42 42 41 41 41 40 40 39 39 38 38 38 37       434
DEC  37 36 36 36 35 35 34 34 34 33 33 33 32 32 32 31 31 31 30 30 30 30 29 29 29 29 28 28 28 28 27    316
                                                                                                        
-------------------------------------------------------------------------------------------------       
 Heating Degree Days                                                                                    
 DAY  1  2  3  4  5  6  7  8  9 10 11 12 13 14 15 16 17 18 19 20 21 22 23 24 25 26 27 28 29 30 31  MONTH
-------------------------------------------------------------------------------------------------       
JAN  38 38 38 39 39 39 39 39 39 39 39 39 39 39 40 39 39 39 39 39 39 39 39 39 39 39 39 38 38 38 38   1203
FEB  37 37 37 37 36 36 36 36 35 35 35 34 34 34 33 33 33 32 32 32 31 31 31 30 30 30 29 29             935
MAR  28 28 28 27 27 26 26 25 25 25 24 24 24 23 23 22 22 22 21 21 20 20 20 19 19 18 18 18 17 17 16    693
APR  16 16 15 15 15 14 14 14 13 13 13 12 12 12 11 11 11 10 10 10 10  9  9  9  9  8  8  8  8  7       342
MAY   7  7  7  7  6  6  6  6  6  5  5  5  5  5  4  4  4  4  4  3  3  3  3  3  3  3  2  2  2  2  2    134
JUN   1  1  1  1  1  1  1  1  1  0  0  0  0  0  0  0  0  0  0  0  0  0  0  0  0  0  0  0  0  0         9
JUL   0  0  0  0  0  0  0  0  0  0  0  0  0  0  0  0  0  0  0  0  0  0  0  0  0  0  0  0  0  0  0      0
AUG   0  0  0  0  0  0  0  0  0  0  0  0  0  0  0-99-99-99-99-99-99-99-99  0  0  0  0  0  0  0  0      8
SEP   0  0  0  0  0  0  0  0  1  1  1  1  1  1  1  1  1  2  2  2  2  2  2  3  3  3  3  3  4  4        44
OCT   4  4  5  5  5  6  6  6  6  7  7  7  8  8  8  9  9 10 10 10 11 11 11 12 12 13 13 13 14 14 15    279
NOV  15 16 16 17 17 18 18 18 19 19 20 20 21 21 21 22 22 23 23 24 24 24 25 25 26 26 27 27 27 28       649
DEC  28 29 29 29 30 30 31 31 31 32 32 32 33 33 33 34 34 34 35 35 35 36 36 36 36 37 37 37 37 37 38   1037
                                                                                                        
-------------------------------------------------------------------------------------------------       
 Cooling Degree Days                                                                                    
 DAY  1  2  3  4  5  6  7  8  9 10 11 12 13 14 15 16 17 18 19 20 21 22 23 24 25 26 27 28 29 30 31  MONTH
-------------------------------------------------------------------------------------------------       
JAN   0  0  0  0  0  0  0  0  0  0  0  0  0  0  0  0  0  0  0  0  0  0  0  0  0  0  0  0  0  0  0      0
FEB   0  0  0  0  0  0  0  0  0  0  0  0  0  0  0  0  0  0  0  0  0  0  0  0  0  0  0  0               0
MAR   0  0  0  0  0  0  0  0  0  0  0  0  0  0  0  0  0  0  0  0  0  0  0  0  0  0  0  0  0  0  0      0
APR   0  0  0  0  0  0  0  0  0  0  0  0  0  0  0  0  0  0  0  0  0  0  1  1  1  1  1  1  1  1         8
MAY   2  2  2  2  2  2  3  3  3  3  3  3  4  4  4  4  4  4  5  5  5  5  5  5  6  6  6  6  6  6  7    127
JUN   7  7  7  7  8  8  8  8  8  8  8  9  9  9  9  9  9 10 10 10 10 10 10 10 10 11 11 11 11 11       273
JUL  11 11 12 12 12 12 12 12 12 12 12 12 12 12 12 12 12 12 12 12 12 12 12 12 12 12 12 12 12 12 12    370
AUG  12 12 12 12 11 11 11 11 11 11 11 11 11 11 10 10 10 10 10 10 10  9  9  9  9  9  9  8  8  8  8    314
SEP   8  7  7  7  7  7  6  6  6  6  6  5  5  5  5  5  5  4  4  4  4  4  4  3  3  3  3  3  3  2       147
OCT   2  2  2  2  2  2  2  1  1  1  1  1  1  1  1  1  1  1  0  0  0  0  0  0  0  0  0  0  0  0  0     25
NOV   0  0  0  0  0  0  0  0  0  0  0  0  0  0  0  0  0  0  0  0  0  0  0  0  0  0  0  0  0  0         0
DEC   0  0  0  0  0  0  0  0  0  0  0  0  0  0  0  0  0  0  0  0  0  0  0  0  0  0  0  0  0  0  0      0
                                                                                                        
-------------------------------------------------------------------------------------------------       
 Total  Precipitation (Hundreths of an Inch)                                                            
 DAY  1  2  3  4  5  6  7  8  9 10 11 12 13 14 15 16 17 18 19 20 21 22 23 24 25 26 27 28 29 30 31  MONTH
-------------------------------------------------------------------------------------------------       
JAN   8  8  8  8  8  8  8  8  8  8  8  8  7  7  7  7  7  7  7  7  7  7  7  7  7  7  7  7  7  7  7    229
FEB   7  7  7  7  7  7  7  7  7  7  7  7  7  8  8  8  8  8  8  8  8  8  8  8  8  8  8  9             212
MAR   9  9  9  9  9  9  9  9  9  9 10 10 10 10 10 10 10 10 10 10 11 11 11 11 11 11 11 11 12 12 12    314
APR  12 12 12 12 12 12 13 13 13 13 13 13 13 13 13 13 13 13 13 13 13 13 13 13 13 13 13 13 13 13       384
MAY  13 13 13 13 13 13 13 13 13 13 13 13 12 12 12 12 12 12 12 13 13 13 13 13 13 13 13 13 13 13 13    396
JUN  13 13 13 13 13 13 13 13 13 13 14 14 14 14 14 14 14 14 14 14 14 14 14 14 14 15 15 15 15 15       415
JUL  15 15 15 15 15 15 15 15 15 16 16 16 15 15 15 15 15 15 15 15 15 15 15 15 15 15 15 14 14 14 14    464
AUG  14 14 13 13 13 13 13 13 13 12 12 12 12 12 12 12 12 12 12 12 12 11 11 11 11 11 11 11 11 11 11    373
SEP  11 11 11 11 11 11 11 11 11 11 11 11 11 11 11 11 10 10 10 10 10 10 10 10 10 10 10 10  9  9       314
OCT   9  9  9  9  9  9  9  9  9  8  8  9  9  9  9  9  9  9  9  9  9  9  9  9 10 10 10 10 10 11 11    286
NOV  11 11 11 12 12 12 12 12 12 13 13 13 13 13 13 13 13 13 13 13 13 13 13 13 13 13 12 12 12 12       374
DEC  12 12 12 11 11 11 11 11 11 11 10 10 10 10 10 10 10  9  9  9  9  9  9  9  9  9  9  8  8  8  8    305
                                                                                                        
