-------------------------------------------------------------------------------------------------       
 1971-2000 Daily/Monthly Station Normals                                                                
 Provided by National Climatic Data Center/NESDIS/NOAA                                                  
-------------------------------------------------------------------------------------------------       
 Station COOP ID:                           115515                                                      
 Station Name, State, Division, Call:       MCLEANSBORO                        IL 09                    
 Latitude, Longitude, Elevation, Elements:  38 05 04 -088 32 33   446 XNP                               
-------------------------------------------------------------------------------------------------       
 Minimum Temperature (deg F [tenths deg F for monthly])                                                 
 DAY  1  2  3  4  5  6  7  8  9 10 11 12 13 14 15 16 17 18 19 20 21 22 23 24 25 26 27 28 29 30 31  MONTH
-------------------------------------------------------------------------------------------------       
JAN  21 21 21 21 21 20 20 20 20 20 20 20 20 20 20 20 20 20 20 20 20 20 20 20 20 20 20 21 21 21 21    203
FEB  21 21 21 22 22 22 22 22 23 23 23 23 23 24 24 24 25 25 25 25 26 26 26 27 27 27 28 28             241
MAR  28 29 29 30 30 30 31 31 31 32 32 32 33 33 33 34 34 35 35 35 36 36 36 36 37 37 37 38 38 38 39    337
APR  39 39 40 40 40 40 41 41 41 42 42 42 43 43 43 44 44 44 44 45 45 45 46 46 46 47 47 47 48 48       434
MAY  48 48 49 49 49 50 50 50 51 51 51 52 52 52 53 53 53 54 54 54 55 55 55 56 56 56 57 57 57 58 58    530
JUN  58 59 59 59 59 60 60 60 61 61 61 61 62 62 62 62 63 63 63 63 63 64 64 64 64 64 64 65 65 65       620
JUL  65 65 65 65 65 66 66 66 66 66 66 66 66 66 66 66 66 66 66 66 66 66 66 66 66 66 66 66 66 66 65    658
AUG  65 65 65 65 65 65 65 64 64 64 64 64 64 64 63 63 63 63 63 62 62 62 62 62 61 61 61 61 61 60 60    630
SEP  60 60 59 59 59 58 58 58 58 57 57 57 56 56 56 55 55 54 54 54 53 53 52 52 52 51 51 50 50 49       551
OCT  49 49 48 48 47 47 46 46 46 45 45 44 44 44 43 43 43 42 42 42 42 41 41 41 40 40 40 40 39 39 39    434
NOV  39 39 38 38 38 38 37 37 37 37 36 36 36 35 35 35 35 34 34 34 33 33 33 32 32 31 31 31 30 30       348
DEC  29 29 29 28 28 28 27 27 27 26 26 26 25 25 25 24 24 24 24 23 23 23 23 22 22 22 22 22 21 21 21    247
                                                                                                        
-------------------------------------------------------------------------------------------------       
 Maximum Temperature (deg F [tenths deg F for monthly])                                                 
 DAY  1  2  3  4  5  6  7  8  9 10 11 12 13 14 15 16 17 18 19 20 21 22 23 24 25 26 27 28 29 30 31  MONTH
-------------------------------------------------------------------------------------------------       
JAN  39 39 39 39 39 39 39 39 38 38 38 38 38 38 38 38 38 38 39 39 39 39 39 39 39 40 40 40 40 40 41    389
FEB  41 41 41 42 42 42 42 43 43 43 44 44 44 45 45 45 46 46 46 47 47 47 48 48 48 49 49 49             449
MAR  50 50 50 51 51 51 52 52 53 53 53 54 54 54 55 55 55 56 56 57 57 57 58 58 58 59 59 59 60 60 61    551
APR  61 61 62 62 62 63 63 63 64 64 65 65 65 66 66 66 67 67 67 68 68 68 69 69 69 69 70 70 70 71       660
MAY  71 71 72 72 72 73 73 73 74 74 74 75 75 75 76 76 76 77 77 77 77 78 78 78 79 79 79 80 80 81 81    759
JUN  81 82 82 82 83 83 83 83 84 84 84 84 85 85 85 85 86 86 86 86 87 87 87 87 87 87 88 88 88 88       851
JUL  88 88 88 88 89 89 89 89 89 89 89 89 89 89 89 89 89 89 89 90 90 90 90 90 90 90 90 90 89 89 89    892
AUG  90 89 89 89 89 89 89 89 89 89 89 89 89 89 88 88 88 88 88 88 88 87 87 87 87 87 86 86 86 86 86    880
SEP  85 85 85 85 85 84 84 84 83 83 83 83 82 82 82 81 81 81 81 80 80 80 79 79 78 78 78 77 77 77       814
OCT  76 76 75 75 75 74 74 73 73 73 72 72 71 71 70 70 70 69 69 68 68 67 67 66 66 66 65 65 64 64 63    699
NOV  63 62 62 61 61 60 60 59 59 58 58 57 57 56 56 55 55 55 54 54 53 53 52 52 51 51 51 50 50 49       558
DEC  49 48 48 48 47 47 47 46 46 45 45 45 44 44 44 43 43 43 43 42 42 42 41 41 41 41 40 40 40 40 40    437
                                                                                                        
-------------------------------------------------------------------------------------------------       
 Average Temperature (deg F [tenths deg F for monthly])                                                 
 DAY  1  2  3  4  5  6  7  8  9 10 11 12 13 14 15 16 17 18 19 20 21 22 23 24 25 26 27 28 29 30 31  MONTH
-------------------------------------------------------------------------------------------------       
JAN  30 30 30 30 30 30 30 29 29 29 29 29 29 29 29 29 29 29 29 29 29 30 30 30 30 30 30 30 30 31 31    296
FEB  31 31 31 32 32 32 32 33 33 33 33 34 34 34 34 35 35 35 36 36 36 37 37 37 38 38 38 39             345
MAR  39 39 40 40 40 41 41 42 42 42 43 43 43 44 44 44 45 45 45 46 46 47 47 47 48 48 48 49 49 49 50    444
APR  50 50 51 51 51 52 52 52 53 53 53 54 54 54 55 55 55 56 56 56 56 57 57 57 58 58 58 59 59 59       547
MAY  60 60 60 61 61 61 62 62 62 63 63 63 64 64 64 64 65 65 65 66 66 66 67 67 67 68 68 68 69 69 69    645
JUN  70 70 70 71 71 71 72 72 72 72 73 73 73 74 74 74 74 74 75 75 75 75 75 76 76 76 76 76 76 77       736
JUL  77 77 77 77 77 77 77 77 77 77 77 77 78 78 78 78 78 78 78 78 78 78 78 78 78 78 78 78 77 77 77    775
AUG  77 77 77 77 77 77 77 77 77 77 76 76 76 76 76 76 76 75 75 75 75 75 75 74 74 74 74 74 73 73 73    755
SEP  73 72 72 72 72 71 71 71 71 70 70 70 69 69 69 68 68 68 67 67 67 66 66 65 65 65 64 64 64 63       683
OCT  63 62 62 61 61 61 60 60 59 59 59 58 58 57 57 57 56 56 55 55 55 54 54 54 53 53 53 52 52 51 51    567
NOV  51 50 50 50 49 49 49 48 48 47 47 47 46 46 46 45 45 44 44 44 43 43 42 42 42 41 41 40 40 40       453
DEC  39 39 38 38 38 37 37 36 36 36 35 35 35 34 34 34 34 33 33 33 33 32 32 32 32 31 31 31 31 31 30    342
                                                                                                        
-------------------------------------------------------------------------------------------------       
 Heating Degree Days                                                                                    
 DAY  1  2  3  4  5  6  7  8  9 10 11 12 13 14 15 16 17 18 19 20 21 22 23 24 25 26 27 28 29 30 31  MONTH
-------------------------------------------------------------------------------------------------       
JAN  35 35 35 35 35 35 35 36 36 36 36 36 36 36 36 36 36 36 36 36 36 36 35 35 35 35 35 35 35 34 34   1098
FEB  34 34 34 33 33 33 33 32 32 32 32 31 31 31 31 30 30 30 29 29 29 28 28 28 27 27 27 26             854
MAR  26 26 25 25 25 24 24 23 23 23 22 22 22 21 21 21 20 20 20 19 19 18 18 18 17 17 17 16 16 16 15    639
APR  15 15 14 14 14 13 13 13 12 12 12 12 11 11 11 10 10 10 10  9  9  9  9  8  8  8  8  7  7  7       321
MAY   7  7  6  6  6  6  6  5  5  5  5  5  4  4  4  4  4  4  3  3  3  3  3  3  2  2  2  2  2  2  1    124
JUN   1  1  1  1  1  1  0  0  0  0  0  0  0  0  0  0  0  0  0  0  0  0  0  0  0  0  0  0  0  0         6
JUL   0  0  0  0  0  0  0  0  0  0  0  0  0  0  0  0  0  0  0  0  0  0  0  0  0  0  0  0  0  0  0      0
AUG   0  0  0  0  0  0  0  0  0  0  0  0  0  0  0  0  0  0  0  0  0  0  0  0  0  0-99-99-99-99-99      5
SEP   0  0  0  0  0  0  1  1  1  1  1  1  1  1  1  2  2  2  2  2  2  3  3  3  3  3  4  4  4  4        52
OCT   5  5  5  6  6  6  6  7  7  7  8  8  8  9  9  9 10 10 10 10 11 11 11 12 12 12 13 13 13 14 14    287
NOV  14 15 15 15 16 16 17 17 17 18 18 18 19 19 19 20 20 21 21 21 22 22 23 23 23 24 24 25 25 25       592
DEC  26 26 27 27 27 28 28 29 29 29 30 30 30 30 31 31 31 32 32 32 32 33 33 33 33 34 34 34 34 34 35    954
                                                                                                        
-------------------------------------------------------------------------------------------------       
 Cooling Degree Days                                                                                    
 DAY  1  2  3  4  5  6  7  8  9 10 11 12 13 14 15 16 17 18 19 20 21 22 23 24 25 26 27 28 29 30 31  MONTH
-------------------------------------------------------------------------------------------------       
JAN   0  0  0  0  0  0  0  0  0  0  0  0  0  0  0  0  0  0  0  0  0  0  0  0  0  0  0  0  0  0  0      0
FEB   0  0  0  0  0  0  0  0  0  0  0  0  0  0  0  0  0  0  0  0  0  0  0  0  0  0  0  0               0
MAR   0  0  0  0  0  0  0  0  0  0  0  0  0  0  0  0  0  0  0  0  0  0  0  0  0  0  0  0  0  0  0      0
APR   0  0  0  0  0  0  0  0  0  0  0  0  0  0  0  0  0  0  0  1  1  1  1  1  1  1  1  1  1  1        11
MAY   1  2  2  2  2  2  2  2  2  2  3  3  3  3  3  3  3  4  4  4  4  4  4  5  5  5  5  5  6  6  6    107
JUN   6  6  6  7  7  7  7  7  8  8  8  8  8  9  9  9  9  9  9 10 10 10 10 10 10 11 11 11 11 11       262
JUL  11 11 12 12 12 12 12 12 12 12 12 12 13 13 13 13 13 13 13 13 13 13 13 13 13 13 13 13 13 13 12    388
AUG  13 12 12 12 12 12 12 12 12 12 12 11 11 11 11 11 11 11 10 10 10 10 10  9  9  9  9  9  9  8  8    330
SEP   8  8  7  7  7  7  7  6  6  6  6  6  5  5  5  5  5  4  4  4  4  4  4  3  3  3  3  3  3  2       150
OCT   2  2  2  2  2  2  2  2  1  1  1  1  1  1  1  1  1  1  1  0  0  0  0  0  0  0  0  0  0  0  0     27
NOV   0  0  0  0  0  0  0  0  0  0  0  0  0  0  0  0  0  0  0  0  0  0  0  0  0  0  0  0  0  0         0
DEC   0  0  0  0  0  0  0  0  0  0  0  0  0  0  0  0  0  0  0  0  0  0  0  0  0  0  0  0  0  0  0      0
                                                                                                        
-------------------------------------------------------------------------------------------------       
 Total  Precipitation (Hundreths of an Inch)                                                            
 DAY  1  2  3  4  5  6  7  8  9 10 11 12 13 14 15 16 17 18 19 20 21 22 23 24 25 26 27 28 29 30 31  MONTH
-------------------------------------------------------------------------------------------------       
JAN  10 10 10 11 11 11 11 11 10 10 10 10 10 10 10 10 10 10 10 10 10 10 10 10 10 10 10 10 10 10 10    315
FEB   9  9  9  9  9  9  9  9  9  9  9  9  9 10 10 10 10 10 10 10 10 11 11 11 11 11 12 12             276
MAR  12 12 13 13 13 13 13 14 14 14 14 14 14 15 15 15 15 15 15 15 15 15 15 15 15 15 15 16 16 16 15    446
APR  16 16 16 16 16 16 15 15 15 15 15 15 15 15 15 15 15 15 15 15 15 15 15 15 15 15 15 16 16 16       459
MAY  15 15 15 16 16 16 16 16 15 15 15 15 15 15 15 15 15 15 15 15 15 15 15 15 15 15 15 15 14 14 14    467
JUN  14 14 14 14 14 14 13 13 13 13 13 13 13 13 13 13 13 13 13 13 12 12 12 12 12 12 12 12 12 12       386
JUL  12 12 12 12 12 12 12 12 12 12 12 11 11 11 11 11 11 11 11 11 11 11 11 11 11 11 10 10 10 10 10    347
AUG  10 10 10 10 10 10 10 10 10 10 10 10 10  9  9  9  9  9  9  9  9  9  9  9  9  9 10 10 10 10 10    297
SEP  10 10 10 10 10 10 10 10 10 10 10 10 10 10 10 10 10 10 10  9  9  9  9  9  9  9  9  9  9  9       289
OCT   9  9  9  8  8  8  8  8  8  8  8  9  9  9  9  9  9  9  9 10 10 10 10 10 11 11 11 12 12 12 13    295
NOV  13 13 14 14 14 14 15 15 15 15 15 16 16 16 16 16 16 16 16 16 16 16 16 16 15 15 15 15 15 14       454
DEC  14 14 14 13 13 13 13 13 12 12 12 12 12 12 11 11 11 11 11 11 11 11 11 11 10 10 10 10 10 10 10    359
                                                                                                        
