-------------------------------------------------------------------------------------------------       
 1971-2000 Daily/Monthly Station Normals                                                                
 Provided by National Climatic Data Center/NESDIS/NOAA                                                  
-------------------------------------------------------------------------------------------------       
 Station COOP ID:                           113290                                                      
 Station Name, State, Division, Call:       FULTON L&D #13                     IL 01                    
 Latitude, Longitude, Elevation, Elements:  41 53 53 -090 09 14   592 XNP                               
-------------------------------------------------------------------------------------------------       
 Minimum Temperature (deg F [tenths deg F for monthly])                                                 
 DAY  1  2  3  4  5  6  7  8  9 10 11 12 13 14 15 16 17 18 19 20 21 22 23 24 25 26 27 28 29 30 31  MONTH
-------------------------------------------------------------------------------------------------       
JAN  13 12 12 12 12 11 11 11 11 11 11 10 10 10 10 10 10 10 10 10 10 10 11 11 11 11 11 11 11 12 12    109
FEB  12 12 13 13 13 13 14 14 14 15 15 15 16 16 16 16 17 17 17 18 18 18 19 19 20 20 20 21             161
MAR  21 21 22 22 23 23 23 24 24 24 25 25 26 26 26 27 27 27 28 28 28 29 29 30 30 30 31 31 31 32 32    266
APR  32 33 33 33 34 34 35 35 35 36 36 36 37 37 37 38 38 39 39 39 40 40 41 41 41 42 42 42 43 43       377
MAY  44 44 44 45 45 45 46 46 47 47 47 48 48 49 49 49 50 50 50 51 51 52 52 52 53 53 53 54 54 55 55    493
JUN  55 56 56 56 57 57 57 58 58 58 59 59 59 59 60 60 60 60 61 61 61 61 61 62 62 62 62 62 63 63       595
JUL  63 63 63 63 64 64 64 64 64 64 64 64 64 64 64 64 64 64 64 64 65 64 64 64 64 64 64 64 64 64 64    639
AUG  64 64 64 64 63 63 63 63 63 63 63 63 62 62 62 62 62 61 61 61 61 61 60 60 60 60 60 59 59 59 58    616
SEP  58 58 58 57 57 57 56 56 56 56 55 55 55 54 54 54 53 53 52 52 52 51 51 51 50 50 49 49 49 48       535
OCT  48 47 47 46 46 46 45 45 44 44 44 43 43 42 42 42 41 41 41 40 40 40 39 39 38 38 38 37 37 37 36    418
NOV  36 36 35 35 35 34 34 34 33 33 32 32 32 31 31 30 30 30 29 29 28 28 28 27 27 26 26 25 25 24       305
DEC  24 24 23 23 22 22 21 21 20 20 20 19 19 19 18 18 17 17 17 16 16 16 15 15 15 14 14 14 13 13 13    180
                                                                                                        
-------------------------------------------------------------------------------------------------       
 Maximum Temperature (deg F [tenths deg F for monthly])                                                 
 DAY  1  2  3  4  5  6  7  8  9 10 11 12 13 14 15 16 17 18 19 20 21 22 23 24 25 26 27 28 29 30 31  MONTH
-------------------------------------------------------------------------------------------------       
JAN  26 26 26 26 25 25 25 25 25 25 25 25 25 25 25 25 25 25 25 25 25 25 26 26 26 26 26 26 26 27 27    255
FEB  27 27 27 28 28 28 28 29 29 29 30 30 30 30 31 31 31 32 32 33 33 33 34 34 35 35 35 36             309
MAR  36 37 37 38 38 38 39 39 40 40 41 41 42 42 42 43 43 44 44 45 45 46 46 46 47 47 48 48 49 49 50    429
APR  50 50 51 51 52 52 53 53 54 54 54 55 55 56 56 56 57 57 58 58 59 59 59 60 60 61 61 61 62 62       562
MAY  63 63 63 64 64 64 65 65 66 66 66 67 67 68 68 68 69 69 69 70 70 70 71 71 71 72 72 73 73 73 74    682
JUN  74 74 75 75 75 76 76 76 76 77 77 77 77 78 78 78 78 79 79 79 79 79 80 80 80 80 80 80 81 81       778
JUL  81 81 81 81 81 81 81 81 81 82 82 82 82 82 82 82 82 82 82 82 82 82 82 82 82 82 82 82 81 81 81    816
AUG  81 81 81 81 81 81 81 81 81 80 80 80 80 80 80 79 79 79 79 79 79 78 78 78 78 77 77 77 77 76 76    792
SEP  76 76 75 75 75 75 74 74 74 73 73 73 72 72 72 71 71 71 71 70 70 69 69 69 68 68 68 67 67 67       715
OCT  66 66 65 65 65 64 64 63 63 62 62 61 61 61 60 60 59 59 58 58 57 57 56 56 55 54 54 53 53 52 52    594
NOV  51 51 50 49 49 48 48 47 47 46 45 45 44 44 43 43 42 42 41 41 40 40 39 39 38 38 37 37 36 36       432
DEC  35 35 34 34 34 33 33 32 32 32 31 31 30 30 30 29 29 29 29 28 28 28 28 27 27 27 27 27 26 26 26    299
                                                                                                        
-------------------------------------------------------------------------------------------------       
 Average Temperature (deg F [tenths deg F for monthly])                                                 
 DAY  1  2  3  4  5  6  7  8  9 10 11 12 13 14 15 16 17 18 19 20 21 22 23 24 25 26 27 28 29 30 31  MONTH
-------------------------------------------------------------------------------------------------       
JAN  19 19 19 19 18 18 18 18 18 18 18 18 18 18 18 17 18 18 18 18 18 18 18 18 18 18 18 19 19 19 19    182
FEB  20 20 20 20 21 21 21 21 22 22 22 22 23 23 23 24 24 24 25 25 26 26 26 27 27 27 28 28             235
MAR  29 29 30 30 30 31 31 32 32 32 33 33 34 34 34 35 35 36 36 36 37 37 38 38 38 39 39 40 40 40 41    348
APR  41 42 42 42 43 43 44 44 44 45 45 46 46 46 47 47 48 48 48 49 49 50 50 50 51 51 52 52 52 53       470
MAY  53 54 54 54 55 55 55 56 56 57 57 57 58 58 58 59 59 60 60 60 61 61 61 62 62 63 63 63 64 64 64    588
JUN  65 65 65 66 66 66 67 67 67 67 68 68 68 69 69 69 69 70 70 70 70 70 71 71 71 71 71 71 72 72       687
JUL  72 72 72 72 72 72 73 73 73 73 73 73 73 73 73 73 73 73 73 73 73 73 73 73 73 73 73 73 73 73 73    728
AUG  73 73 72 72 72 72 72 72 72 72 71 71 71 71 71 71 70 70 70 70 70 69 69 69 69 69 68 68 68 68 67    704
SEP  67 67 67 66 66 66 65 65 65 64 64 64 63 63 63 63 62 62 61 61 61 60 60 60 59 59 59 58 58 57       625
OCT  57 57 56 56 55 55 54 54 54 53 53 52 52 52 51 51 50 50 49 49 49 48 48 47 47 46 46 45 45 44 44    506
NOV  44 43 43 42 42 41 41 40 40 39 39 39 38 38 37 37 36 36 35 35 34 34 33 33 32 32 32 31 31 30       369
DEC  30 29 29 28 28 28 27 27 26 26 26 25 25 24 24 24 23 23 23 22 22 22 21 21 21 21 20 20 20 20 19    240
                                                                                                        
-------------------------------------------------------------------------------------------------       
 Heating Degree Days                                                                                    
 DAY  1  2  3  4  5  6  7  8  9 10 11 12 13 14 15 16 17 18 19 20 21 22 23 24 25 26 27 28 29 30 31  MONTH
-------------------------------------------------------------------------------------------------       
JAN  46 46 46 47 47 47 47 47 47 47 47 47 47 47 47 48 47 47 47 47 47 47 47 47 47 47 47 46 46 46 46   1451
FEB  45 45 45 45 44 44 44 44 43 43 43 43 42 42 42 41 41 41 40 40 40 39 39 38 38 38 37 37            1163
MAR  36 36 36 35 35 34 34 34 33 33 32 32 31 31 31 30 30 29 29 29 28 28 27 27 27 26 26 25 25 25 24    938
APR  24 23 23 22 22 22 21 21 21 20 20 19 19 19 18 18 17 17 17 16 16 16 15 15 14 14 14 13 13 13       542
MAY  12 12 12 11 11 11 10 10 10  9  9  9  8  8  8  7  7  7  7  6  6  6  5  5  5  5  4  4  4  4  4    236
JUN   3  3  3  3  2  2  2  2  2  2  1  1  1  1  1  1  1  1  1  0  0  0  0  0  0  0  0  0  0  0        33
JUL   0  0  0  0  0  0  0  0  0  0  0  0  0  0  0  0  0  0  0  0  0  0  0  0  0  0  0  0  0-99-99      2
AUG   0  0  0  0  0  0  0  1  1  1  1  1  1  1  1  1  1  1  1  1  1  1  1  1  1  1  1  2  2  2  2     28
SEP   2  2  2  2  2  2  2  3  3  3  3  3  3  4  4  4  4  5  5  5  5  6  6  6  7  7  7  8  8  8       131
OCT   9  9  9 10 10 10 11 11 12 12 12 13 13 14 14 14 15 15 16 16 16 17 17 18 18 19 19 20 20 20 21    450
NOV  21 22 22 23 23 24 24 25 25 26 26 27 27 27 28 28 29 29 30 30 31 31 32 32 33 33 34 34 34 35       845
DEC  35 36 36 37 37 38 38 38 39 39 40 40 40 41 41 41 42 42 42 43 43 43 44 44 44 45 45 45 45 45 46   1274
                                                                                                        
-------------------------------------------------------------------------------------------------       
 Cooling Degree Days                                                                                    
 DAY  1  2  3  4  5  6  7  8  9 10 11 12 13 14 15 16 17 18 19 20 21 22 23 24 25 26 27 28 29 30 31  MONTH
-------------------------------------------------------------------------------------------------       
JAN   0  0  0  0  0  0  0  0  0  0  0  0  0  0  0  0  0  0  0  0  0  0  0  0  0  0  0  0  0  0  0      0
FEB   0  0  0  0  0  0  0  0  0  0  0  0  0  0  0  0  0  0  0  0  0  0  0  0  0  0  0  0               0
MAR   0  0  0  0  0  0  0  0  0  0  0  0  0  0  0  0  0  0  0  0  0  0  0  0  0  0  0  0  0  0  0      0
APR   0  0  0  0  0  0  0  0  0  0  0  0  0  0  0  0  0  0  0  0  0  0  0  0  0  0  0  0  0-99         1
MAY   0  0  0  0  1  1  1  1  1  1  1  1  1  1  1  1  1  1  1  2  2  2  2  2  2  2  2  2  3  3  3     42
JUN   3  3  3  3  3  4  4  4  4  4  4  4  4  5  5  5  5  5  5  5  5  6  6  6  6  6  6  6  7  7       143
JUL   7  7  7  7  7  8  8  8  8  8  8  8  8  8  8  8  8  8  8  8  8  8  8  8  8  8  8  8  8  8  8    243
AUG   8  8  8  8  8  8  7  7  7  7  7  7  7  7  7  6  6  6  6  6  6  6  5  5  5  5  5  5  4  4  4    195
SEP   4  4  3  3  3  3  3  3  2  2  2  2  2  2  2  2  1  1  1  1  1  1  1  1  1  1  1  1  1  0        55
OCT -99-99-99-99  0  0  0  0  0  0  0  0  0  0  0  0  0  0  0  0  0  0  0  0  0  0  0  0  0  0  0      4
NOV   0  0  0  0  0  0  0  0  0  0  0  0  0  0  0  0  0  0  0  0  0  0  0  0  0  0  0  0  0  0         0
DEC   0  0  0  0  0  0  0  0  0  0  0  0  0  0  0  0  0  0  0  0  0  0  0  0  0  0  0  0  0  0  0      0
                                                                                                        
-------------------------------------------------------------------------------------------------       
 Total  Precipitation (Hundreths of an Inch)                                                            
 DAY  1  2  3  4  5  6  7  8  9 10 11 12 13 14 15 16 17 18 19 20 21 22 23 24 25 26 27 28 29 30 31  MONTH
-------------------------------------------------------------------------------------------------       
JAN   5  5  5  5  5  5  5  5  5  4  4  4  4  4  4  4  4  4  4  4  4  4  4  4  4  4  4  4  4  4  4    133
FEB   4  4  4  4  4  4  4  4  4  4  4  4  4  4  4  5  5  5  5  5  5  5  5  5  5  5  5  6             126
MAR   6  6  6  6  6  6  6  6  7  7  7  7  7  7  7  8  8  8  8  8  8  8  9  9  9  9  9  9  9 10 10    236
APR  10 10 10 10 10 10 11 11 11 11 11 11 11 11 11 11 11 11 12 12 12 12 12 12 12 12 12 12 12 12       336
MAY  12 12 12 12 12 12 12 12 12 12 12 12 12 12 12 12 12 12 12 12 13 13 13 13 13 13 13 14 14 14 14    387
JUN  14 15 15 15 15 15 15 15 15 15 15 15 15 15 15 15 15 15 15 15 14 14 14 14 14 13 13 13 13 12       433
JUL  12 12 12 11 11 11 11 10 10 10 10 10 10 10 10 10 10 10 10 10 10 10 10 11 11 11 11 12 12 12 12    332
AUG  13 13 13 14 14 14 14 15 15 15 15 15 15 15 15 15 15 15 15 15 15 15 15 15 15 15 15 14 14 14 14    451
SEP  13 13 13 12 12 12 12 11 11 11 11 11 10 10 10 10 10 10  9  9  9  9  9  9  9  9  9  9  9  9       310
OCT   9  9  9  9  9  8  8  8  8  8  8  8  8  8  8  8  8  8  9  9  9  9  9  9  9  9  9  9  9  9  9    266
NOV   9  9  9  9  9  9  9  9  9  9  9  9  9  9  9  9  9  9  9  9  8  8  8  8  8  8  8  8  8  7       259
DEC   7  7  7  7  7  7  6  6  6  6  6  6  6  6  6  6  5  5  5  5  5  5  5  5  5  5  5  5  5  5  5    177
                                                                                                        
