-------------------------------------------------------------------------------------------------       
 1971-2000 Daily/Monthly Station Normals                                                                
 Provided by National Climatic Data Center/NESDIS/NOAA                                                  
-------------------------------------------------------------------------------------------------       
 Station COOP ID:                           119029                                                      
 Station Name, State, Division, Call:       WAUKEGAN                           IL 02 UGN                
 Latitude, Longitude, Elevation, Elements:  42 20 57 -087 52 54   700 XNP                               
-------------------------------------------------------------------------------------------------       
 Minimum Temperature (deg F [tenths deg F for monthly])                                                 
 DAY  1  2  3  4  5  6  7  8  9 10 11 12 13 14 15 16 17 18 19 20 21 22 23 24 25 26 27 28 29 30 31  MONTH
-------------------------------------------------------------------------------------------------       
JAN  13 13 13 13 13 12 12 12 12 12 12 12 12 11 11 11 11 11 11 11 12 12 12 12 12 12 12 12 12 13 13    120
FEB  13 13 14 14 14 14 14 15 15 15 16 16 16 16 17 17 17 17 18 18 18 19 19 19 20 20 20 21             166
MAR  21 21 22 22 22 23 23 23 24 24 24 25 25 25 26 26 26 27 27 27 28 28 28 29 29 29 30 30 30 31 31    260
APR  31 31 32 32 32 33 33 33 34 34 34 34 35 35 35 36 36 36 37 37 37 38 38 38 39 39 39 40 40 40       356
MAY  41 41 41 42 42 42 43 43 43 44 44 44 45 45 46 46 46 47 47 47 48 48 48 49 49 49 49 50 50 50 51    458
JUN  51 51 52 52 52 53 53 53 54 54 54 54 55 55 55 56 56 56 56 57 57 57 57 58 58 58 58 59 59 59       553
JUL  59 60 60 60 60 60 60 61 61 61 61 61 61 61 62 62 62 62 62 62 62 62 62 62 62 62 62 62 62 62 62    613
AUG  62 62 62 62 62 62 62 62 62 62 62 61 61 61 61 61 61 61 60 60 60 60 60 59 59 59 59 58 58 58 57    605
SEP  57 57 57 56 56 56 55 55 55 54 54 54 53 53 53 52 52 52 51 51 51 50 50 49 49 49 48 48 48 47       524
OCT  47 46 46 45 45 45 44 44 43 43 43 42 42 42 41 41 40 40 40 39 39 39 38 38 38 37 37 37 36 36 35    409
NOV  35 35 35 34 34 33 33 33 32 32 32 31 31 31 30 30 29 29 29 28 28 28 27 27 26 26 25 25 25 24       299
DEC  24 23 23 23 22 22 21 21 21 20 20 19 19 19 18 18 18 17 17 17 16 16 16 16 15 15 15 14 14 14 14    183
                                                                                                        
-------------------------------------------------------------------------------------------------       
 Maximum Temperature (deg F [tenths deg F for monthly])                                                 
 DAY  1  2  3  4  5  6  7  8  9 10 11 12 13 14 15 16 17 18 19 20 21 22 23 24 25 26 27 28 29 30 31  MONTH
-------------------------------------------------------------------------------------------------       
JAN  29 29 29 29 29 29 29 29 28 28 28 28 28 28 28 28 28 28 28 28 28 28 28 28 29 29 29 29 29 29 29    285
FEB  29 30 30 30 30 31 31 31 31 31 32 32 32 33 33 33 33 34 34 34 35 35 35 36 36 36 37 37             329
MAR  37 38 38 39 39 39 40 40 40 41 41 42 42 42 43 43 43 44 44 44 45 45 46 46 46 47 47 47 48 48 49    430
APR  49 49 50 50 50 51 51 52 52 52 53 53 54 54 54 55 55 56 56 56 57 57 58 58 58 59 59 60 60 60       546
MAY  61 61 62 62 62 63 63 64 64 64 65 65 66 66 66 67 67 68 68 68 69 69 69 70 70 71 71 71 72 72 72    667
JUN  73 73 74 74 74 75 75 75 76 76 76 76 77 77 77 77 78 78 78 78 79 79 79 79 80 80 80 80 80 80       771
JUL  81 81 81 81 81 81 81 81 81 82 82 82 82 82 82 82 82 82 82 82 82 82 82 82 82 82 82 82 82 82 82    817
AUG  82 82 82 82 82 81 81 81 81 81 81 81 81 81 80 80 80 80 80 80 80 79 79 79 79 79 78 78 78 78 77    801
SEP  77 77 77 77 76 76 76 75 75 75 75 74 74 74 73 73 73 73 72 72 72 71 71 70 70 70 69 69 69 68       731
OCT  68 67 67 67 66 66 66 65 65 64 64 63 63 63 62 62 61 61 60 60 60 59 59 58 58 57 57 56 56 55 55    616
NOV  54 54 53 53 52 52 51 51 50 50 49 49 49 48 48 47 47 46 46 45 45 44 44 43 43 42 42 41 41 40       473
DEC  40 39 39 38 38 37 37 36 36 36 35 35 35 34 34 33 33 33 33 32 32 32 31 31 31 31 30 30 30 30 30    339
                                                                                                        
-------------------------------------------------------------------------------------------------       
 Average Temperature (deg F [tenths deg F for monthly])                                                 
 DAY  1  2  3  4  5  6  7  8  9 10 11 12 13 14 15 16 17 18 19 20 21 22 23 24 25 26 27 28 29 30 31  MONTH
-------------------------------------------------------------------------------------------------       
JAN  21 21 21 21 21 20 20 20 20 20 20 20 20 20 20 20 20 20 20 20 20 20 20 20 20 20 20 21 21 21 21    203
FEB  21 22 22 22 22 22 23 23 23 23 24 24 24 24 25 25 25 26 26 26 27 27 27 27 28 28 29 29             248
MAR  29 30 30 30 31 31 31 32 32 32 33 33 33 34 34 35 35 35 36 36 36 37 37 37 38 38 38 39 39 39 40    345
APR  40 40 41 41 41 42 42 42 43 43 43 44 44 45 45 45 46 46 46 47 47 47 48 48 49 49 49 50 50 50       451
MAY  51 51 52 52 52 53 53 53 54 54 54 55 55 56 56 56 57 57 57 58 58 58 59 59 60 60 60 61 61 61 62    563
JUN  62 62 63 63 63 64 64 64 65 65 65 65 66 66 66 67 67 67 67 68 68 68 68 68 69 69 69 69 69 70       662
JUL  70 70 70 70 71 71 71 71 71 71 71 71 72 72 72 72 72 72 72 72 72 72 72 72 72 72 72 72 72 72 72    715
AUG  72 72 72 72 72 72 72 72 71 71 71 71 71 71 71 71 70 70 70 70 70 70 69 69 69 69 68 68 68 68 67    703
SEP  67 67 67 66 66 66 66 65 65 65 64 64 64 63 63 63 63 62 62 61 61 61 60 60 60 59 59 59 58 58       628
OCT  57 57 57 56 56 55 55 55 54 54 53 53 53 52 52 51 51 50 50 50 49 49 48 48 48 47 47 46 46 46 45    513
NOV  45 44 44 44 43 43 42 42 41 41 41 40 40 39 39 38 38 38 37 37 36 36 35 35 34 34 34 33 33 32       386
DEC  32 31 31 30 30 30 29 29 28 28 28 27 27 26 26 26 25 25 25 24 24 24 24 23 23 23 23 22 22 22 22    261
                                                                                                        
-------------------------------------------------------------------------------------------------       
 Heating Degree Days                                                                                    
 DAY  1  2  3  4  5  6  7  8  9 10 11 12 13 14 15 16 17 18 19 20 21 22 23 24 25 26 27 28 29 30 31  MONTH
-------------------------------------------------------------------------------------------------       
JAN  44 44 44 44 44 45 45 45 45 45 45 45 45 45 45 45 45 45 45 45 45 45 45 45 45 45 45 45 44 44 44   1387
FEB  44 43 43 43 43 43 42 42 42 42 41 41 41 41 40 40 40 39 39 39 38 38 38 38 37 37 36 36            1126
MAR  36 35 35 35 34 34 34 33 33 33 32 32 32 31 31 30 30 30 29 29 29 28 28 28 27 27 27 26 26 26 25    945
APR  25 25 24 24 24 23 23 23 22 22 21 21 21 20 20 20 19 19 19 18 18 18 17 17 17 16 16 16 15 15       598
MAY  14 14 14 13 13 13 12 12 12 11 11 11 10 10 10 10  9  9  9  8  8  8  8  7  7  7  7  6  6  6  6    301
JUN   5  5  5  5  4  4  4  4  4  3  3  3  3  3  2  2  2  2  2  2  2  2  1  1  1  1  1  1  1  1        79
JUL   1  1  1  1  1  1  1  1  0  0  0  0  0  0  0  0  0  0  0  0  0  0  0  0  0  0  0  0  1  1  1     11
AUG   1  1  1  1  1  1  1  1  1  1  1  1  1  1  1  1  1  1  1  1  1  1  1  1  1  2  2  2  2  2  2     37
SEP   2  2  2  2  2  2  2  2  2  3  3  3  3  3  3  4  4  4  4  4  5  5  5  6  6  6  7  7  7  8       118
OCT   8  8  9  9 10 10 10 11 11 12 12 12 13 13 13 14 14 15 15 15 16 16 17 17 17 18 18 19 19 19 20    430
NOV  20 21 21 22 22 22 23 23 24 24 24 25 25 26 26 27 27 27 28 28 29 29 30 30 31 31 31 32 32 33       793
DEC  33 34 34 35 35 35 36 36 37 37 37 38 38 39 39 39 40 40 40 41 41 41 41 42 42 42 42 43 43 43 43   1206
                                                                                                        
-------------------------------------------------------------------------------------------------       
 Cooling Degree Days                                                                                    
 DAY  1  2  3  4  5  6  7  8  9 10 11 12 13 14 15 16 17 18 19 20 21 22 23 24 25 26 27 28 29 30 31  MONTH
-------------------------------------------------------------------------------------------------       
JAN   0  0  0  0  0  0  0  0  0  0  0  0  0  0  0  0  0  0  0  0  0  0  0  0  0  0  0  0  0  0  0      0
FEB   0  0  0  0  0  0  0  0  0  0  0  0  0  0  0  0  0  0  0  0  0  0  0  0  0  0  0  0               0
MAR   0  0  0  0  0  0  0  0  0  0  0  0  0  0  0  0  0  0  0  0  0  0  0  0  0  0  0  0  0  0  0      0
APR   0  0  0  0  0  0  0  0  0  0  0  0  0  0  0  0  0  0  0  0  0  0  0  0  0  0  0  0  0  0         0
MAY   0  0  0  0  0  0  0  0  1  1  1  1  1  1  1  1  1  1  1  1  1  1  1  1  2  2  2  2  2  2  2     30
JUN   2  2  2  3  3  3  3  3  3  3  3  3  4  4  4  4  4  4  4  4  4  5  5  5  5  5  5  5  5  5       114
JUL   6  6  6  6  6  6  6  6  6  7  7  7  7  7  7  7  7  7  7  7  7  7  7  7  7  7  8  8  8  8  8    213
AUG   8  8  8  8  8  8  7  7  7  7  7  7  7  7  7  7  7  7  6  6  6  6  6  6  5  5  5  5  5  4  4    201
SEP   4  4  4  3  3  3  3  3  2  2  2  2  2  2  1  1  1  1  1  1  1  1  1  1  1  0  0  0  0  0        50
OCT -99-99-99-99-99  0  0  0  0  0  0  0  0  0  0  0  0  0  0  0  0  0  0  0  0  0  0  0  0  0  0      5
NOV   0  0  0  0  0  0  0  0  0  0  0  0  0  0  0  0  0  0  0  0  0  0  0  0  0  0  0  0  0  0         0
DEC   0  0  0  0  0  0  0  0  0  0  0  0  0  0  0  0  0  0  0  0  0  0  0  0  0  0  0  0  0  0  0      0
                                                                                                        
-------------------------------------------------------------------------------------------------       
 Total  Precipitation (Hundreths of an Inch)                                                            
 DAY  1  2  3  4  5  6  7  8  9 10 11 12 13 14 15 16 17 18 19 20 21 22 23 24 25 26 27 28 29 30 31  MONTH
-------------------------------------------------------------------------------------------------       
JAN   6  6  6  6  6  5  5  5  5  5  5  5  5  5  5  5  5  5  5  5  5  5  5  5  5  5  5  5  5  5  5    160
FEB   5  5  5  5  5  5  5  5  5  5  5  5  5  5  5  5  5  5  5  5  5  5  5  5  5  5  5  5             140
MAR   5  5  5  5  5  5  6  6  6  6  6  6  6  6  6  7  7  7  7  7  8  8  8  8  8  9  9  9  9 10 10    215
APR  10 11 11 11 11 12 12 12 12 12 13 13 13 13 13 13 13 13 13 13 13 13 13 13 13 13 13 13 13 12       373
MAY  12 12 12 12 11 11 11 11 11 11 11 11 11 11 11 11 11 11 10 11 11 11 11 11 11 11 11 11 11 11 11    344
JUN  12 12 12 12 12 12 12 12 12 12 12 12 12 12 13 13 12 12 12 12 12 12 12 12 12 12 12 12 12 12       362
JUL  12 11 11 11 11 11 11 11 11 11 11 11 11 11 11 11 11 11 11 11 11 11 11 11 12 12 12 12 12 12 12    349
AUG  12 13 13 13 13 13 13 13 13 14 14 14 14 14 14 14 14 14 14 14 14 14 14 14 14 14 14 14 14 13 13    422
SEP  13 13 13 13 13 13 13 12 12 12 12 12 12 12 12 11 11 11 11 11 11 10 10 10 10 10 10  9  9  9       340
OCT   9  9  9  9  8  8  8  8  8  8  8  8  8  8  7  7  7  7  7  7  7  7  7  7  8  8  8  8  8  8  8    242
NOV   8  8  8  8  8  8  9  9  9  9  9  9  9  9  9  9  9  9  9  9  9  9  9  8  8  8  8  8  8  8       257
DEC   8  8  8  8  7  7  7  7  7  7  7  7  7  7  7  6  6  6  6  6  6  6  6  6  6  6  6  6  6  6  6    205
                                                                                                        
