-------------------------------------------------------------------------------------------------       
 1971-2000 Daily/Monthly Station Normals                                                                
 Provided by National Climatic Data Center/NESDIS/NOAA                                                  
-------------------------------------------------------------------------------------------------       
 Station COOP ID:                           451760                                                      
 Station Name, State, Division, Call:       COUGAR 6 E                         WA 05                    
 Latitude, Longitude, Elevation, Elements:  46 03 45 -122 12 21   659 XNP                               
-------------------------------------------------------------------------------------------------       
 Minimum Temperature (deg F [tenths deg F for monthly])                                                 
 DAY  1  2  3  4  5  6  7  8  9 10 11 12 13 14 15 16 17 18 19 20 21 22 23 24 25 26 27 28 29 30 31  MONTH
-------------------------------------------------------------------------------------------------       
JAN  33 33 33 33 33 33 33 33 33 33 33 33 33 33 33 33 33 33 33 33 33 33 33 33 33 34 34 34 34 34 34    332
FEB  34 34 34 34 34 34 34 34 34 34 34 34 35 35 35 35 35 35 35 35 35 35 35 35 35 35 35 36             346
MAR  36 36 36 36 36 36 36 36 36 36 36 36 36 36 36 37 37 37 37 37 37 37 37 37 37 37 37 37 38 38 38    366
APR  38 38 38 38 38 38 38 38 39 39 39 39 39 39 39 40 40 40 40 40 40 40 41 41 41 41 41 42 42 42       396
MAY  42 42 43 43 43 43 43 44 44 44 44 45 45 45 45 45 45 45 46 46 46 46 46 46 46 46 47 47 47 47 47    449
JUN  47 47 47 48 48 48 48 48 48 48 48 49 49 49 49 49 49 50 50 50 50 50 50 50 51 51 51 51 51 52       492
JUL  52 52 52 52 52 52 53 53 53 53 53 53 53 53 53 53 54 54 54 54 54 54 54 54 54 54 54 54 54 54 54    533
AUG  54 54 54 54 54 54 54 54 54 54 53 53 53 53 53 53 53 53 53 53 53 53 53 53 53 53 53 53 53 53 52    533
SEP  52 52 52 52 52 52 52 52 52 52 52 51 51 51 51 51 51 51 50 50 50 50 50 50 49 49 49 49 48 48       507
OCT  48 48 48 47 47 47 47 46 46 46 46 46 45 45 45 45 44 44 44 44 44 43 43 43 43 43 42 42 42 42 42    447
NOV  41 41 41 41 41 40 40 40 40 40 39 39 39 39 39 38 38 38 38 38 37 37 37 37 37 36 36 36 36 36       385
DEC  36 35 35 35 35 35 34 34 34 34 34 34 34 34 34 33 33 33 33 33 33 33 33 33 33 33 33 33 33 33 33    337
                                                                                                        
-------------------------------------------------------------------------------------------------       
 Maximum Temperature (deg F [tenths deg F for monthly])                                                 
 DAY  1  2  3  4  5  6  7  8  9 10 11 12 13 14 15 16 17 18 19 20 21 22 23 24 25 26 27 28 29 30 31  MONTH
-------------------------------------------------------------------------------------------------       
JAN  42 42 42 42 42 42 42 42 42 42 42 42 42 42 42 42 42 43 43 43 43 43 43 43 43 43 44 44 44 44 44    426
FEB  44 44 45 45 45 45 45 45 45 46 46 46 46 46 47 47 47 47 47 47 48 48 48 48 48 49 49 49             465
MAR  49 49 50 50 50 50 50 51 51 51 51 51 52 52 52 52 52 53 53 53 53 53 53 54 54 54 54 54 54 55 55    521
APR  55 55 55 55 56 56 56 56 56 56 57 57 57 57 58 58 58 58 58 59 59 59 59 60 60 60 61 61 61 61       578
MAY  62 62 62 62 63 63 63 64 64 64 64 64 65 65 65 65 66 66 66 66 66 67 67 67 67 67 67 68 68 68 68    652
JUN  68 68 68 68 69 69 69 69 69 70 70 70 70 70 71 71 71 71 71 72 72 72 73 73 73 73 74 74 74 75       709
JUL  75 75 76 76 76 76 77 77 77 77 78 78 78 78 78 78 79 79 79 79 79 79 79 79 79 79 79 79 80 80 80    780
AUG  80 80 79 79 79 79 79 79 79 79 79 79 79 79 79 79 79 79 78 78 78 78 78 78 78 78 77 77 77 77 77    785
SEP  76 76 76 76 76 76 75 75 75 75 74 74 74 74 73 73 73 73 72 72 72 71 71 71 70 70 70 69 69 69       730
OCT  68 68 67 67 67 66 66 66 65 65 64 64 63 63 63 62 62 61 61 60 60 59 59 59 58 58 57 57 56 56 55    620
NOV  55 54 54 53 53 52 52 51 51 51 50 50 49 49 49 48 48 48 47 47 47 46 46 46 46 45 45 45 45 45       489
DEC  45 44 44 44 44 44 44 43 43 43 43 43 43 43 43 43 43 42 42 42 42 42 42 42 42 42 42 42 42 42 42    428
                                                                                                        
-------------------------------------------------------------------------------------------------       
 Average Temperature (deg F [tenths deg F for monthly])                                                 
 DAY  1  2  3  4  5  6  7  8  9 10 11 12 13 14 15 16 17 18 19 20 21 22 23 24 25 26 27 28 29 30 31  MONTH
-------------------------------------------------------------------------------------------------       
JAN  37 37 37 37 37 37 37 37 38 38 38 38 38 38 38 38 38 38 38 38 38 38 38 38 38 38 39 39 39 39 39    379
FEB  39 39 39 39 39 40 40 40 40 40 40 40 40 41 41 41 41 41 41 41 41 42 42 42 42 42 42 42             406
MAR  42 43 43 43 43 43 43 43 43 44 44 44 44 44 44 44 45 45 45 45 45 45 45 45 46 46 46 46 46 46 46    444
APR  46 46 47 47 47 47 47 47 47 48 48 48 48 48 48 49 49 49 49 49 50 50 50 50 51 51 51 51 51 52       487
MAY  52 52 52 53 53 53 53 54 54 54 54 55 55 55 55 55 55 56 56 56 56 56 57 57 57 57 57 57 57 57 58    551
JUN  58 58 58 58 58 58 59 59 59 59 59 59 59 60 60 60 60 60 61 61 61 61 61 62 62 62 62 63 63 63       601
JUL  63 64 64 64 64 64 65 65 65 65 65 65 66 66 66 66 66 66 66 66 66 67 67 67 67 67 67 67 67 67 67    657
AUG  67 67 67 67 67 67 66 66 66 66 66 66 66 66 66 66 66 66 66 66 66 66 65 65 65 65 65 65 65 65 65    659
SEP  64 64 64 64 64 64 64 64 63 63 63 63 63 62 62 62 62 62 61 61 61 61 60 60 60 60 59 59 59 58       619
OCT  58 58 58 57 57 57 56 56 56 55 55 55 54 54 54 54 53 53 53 52 52 51 51 51 50 50 50 49 49 49 48    534
NOV  48 48 47 47 47 46 46 46 45 45 45 44 44 44 44 43 43 43 43 42 42 42 42 41 41 41 41 41 40 40       437
DEC  40 40 40 40 39 39 39 39 39 39 39 38 38 38 38 38 38 38 38 38 38 38 38 38 38 37 37 37 37 37 37    383
                                                                                                        
-------------------------------------------------------------------------------------------------       
 Heating Degree Days                                                                                    
 DAY  1  2  3  4  5  6  7  8  9 10 11 12 13 14 15 16 17 18 19 20 21 22 23 24 25 26 27 28 29 30 31  MONTH
-------------------------------------------------------------------------------------------------       
JAN  28 28 28 28 28 28 28 28 27 27 27 27 27 27 27 27 27 27 27 27 27 27 27 27 27 27 26 26 26 26 26    840
FEB  26 26 26 26 26 25 25 25 25 25 25 25 25 25 24 24 24 24 24 24 24 24 23 23 23 23 23 23             685
MAR  23 23 22 22 22 22 22 22 22 21 21 21 21 21 21 21 21 20 20 20 20 20 20 20 19 19 19 19 19 19 19    641
APR  19 18 18 18 18 18 18 18 17 17 17 17 17 17 17 16 16 16 16 16 15 15 15 15 15 14 14 14 14 14       489
MAY  13 13 13 13 12 12 12 12 12 11 11 11 11 11 10 10 10 10 10  9  9  9  9  9  9  9  8  8  8  8  8    320
JUN   8  7  7  7  7  7  7  7  7  6  6  6  6  6  6  6  5  5  5  5  5  5  5  5  4  4  4  4  4  4       170
JUL   4  4  4  3  3  3  3  3  3  3  3  3  3  3  3  3  2  2  2  2  2  2  2  2  2  2  2  2  2  2  2     81
AUG   2  2  2  2  2  2  2  2  2  2  2  2  2  2  2  3  3  3  3  3  3  3  3  3  3  3  3  3  3  3  3     78
SEP   3  3  3  4  4  4  4  4  4  4  4  4  5  5  5  5  5  5  5  6  6  6  6  6  6  7  7  7  7  8       152
OCT   8  8  8  8  9  9  9  9 10 10 10 10 11 11 11 12 12 12 13 13 13 13 14 14 14 15 15 15 16 16 17    365
NOV  17 17 18 18 18 19 19 19 20 20 20 21 21 21 21 22 22 22 22 23 23 23 23 24 24 24 24 24 25 25       639
DEC  25 25 25 26 26 26 26 26 26 26 26 27 27 27 27 27 27 27 27 27 27 27 27 27 28 28 28 28 28 28 28    830
                                                                                                        
-------------------------------------------------------------------------------------------------       
 Cooling Degree Days                                                                                    
 DAY  1  2  3  4  5  6  7  8  9 10 11 12 13 14 15 16 17 18 19 20 21 22 23 24 25 26 27 28 29 30 31  MONTH
-------------------------------------------------------------------------------------------------       
JAN   0  0  0  0  0  0  0  0  0  0  0  0  0  0  0  0  0  0  0  0  0  0  0  0  0  0  0  0  0  0  0      0
FEB   0  0  0  0  0  0  0  0  0  0  0  0  0  0  0  0  0  0  0  0  0  0  0  0  0  0  0  0               0
MAR   0  0  0  0  0  0  0  0  0  0  0  0  0  0  0  0  0  0  0  0  0  0  0  0  0  0  0  0  0  0  0      0
APR   0  0  0  0  0  0  0  0  0  0  0  0  0  0  0  0  0  0  0  0  0  0  0  0  0  0  0  0  0  0         0
MAY   0  0  0  0  0  0  0  0  0  0  0  0-99-99-99-99-99-99-99-99-99-99-99  0  0  0  0  0  0  0  0     11
JUN   0  0  0  0  0  0  0  0  0  0  0  0  1  1  1  1  1  1  1  1  1  1  1  1  1  1  2  2  2  2        22
JUL   2  2  2  2  2  3  3  3  3  3  3  3  3  3  3  3  3  3  3  4  4  4  4  4  4  4  4  4  4  4  4    100
AUG   4  4  4  4  4  4  4  4  4  4  4  4  4  4  3  3  3  3  3  3  3  3  3  3  3  3  3  3  3  3  3    107
SEP   3  3  3  3  3  2  2  2  2  2  2  2  2  2  2  2  2  2  2  2  2  1  1  1  1  1  1  1  1  1        56
OCT   1  1  1  0  0  0  0  0  0  0  0  0  0  0  0  0  0  0  0  0  0  0  0  0  0  0  0  0  0  0  0      3
NOV   0  0  0  0  0  0  0  0  0  0  0  0  0  0  0  0  0  0  0  0  0  0  0  0  0  0  0  0  0  0         0
DEC   0  0  0  0  0  0  0  0  0  0  0  0  0  0  0  0  0  0  0  0  0  0  0  0  0  0  0  0  0  0  0      0
                                                                                                        
-------------------------------------------------------------------------------------------------       
 Total  Precipitation (Hundreths of an Inch)                                                            
 DAY  1  2  3  4  5  6  7  8  9 10 11 12 13 14 15 16 17 18 19 20 21 22 23 24 25 26 27 28 29 30 31  MONTH
-------------------------------------------------------------------------------------------------       
JAN  57 57 57 57 56 56 56 56 56 55 55 55 55 55 55 55 55 55 55 55 55 55 55 55 55 55 55 55 55 56 56   1720
FEB  56 56 56 56 56 56 56 56 56 56 56 55 55 55 55 54 54 54 53 53 52 52 51 51 50 49 49 48            1506
MAR  47 47 46 45 45 44 43 43 42 42 41 40 40 39 39 38 38 38 37 37 36 36 36 35 35 35 34 34 34 34 34   1214
APR  33 33 33 33 33 32 32 32 31 31 31 31 30 30 30 29 29 29 28 28 27 27 26 26 26 25 25 24 24 23       871
MAY  23 22 22 21 21 20 20 19 19 19 18 18 18 17 17 17 17 16 16 16 16 16 15 15 15 15 15 15 15 15 15    543
JUN  15 15 15 15 15 15 15 15 15 14 14 14 14 14 14 14 13 13 13 13 12 12 12 11 11 11 10 10 10  9       393
JUL   9  8  8  8  7  7  7  6  6  6  5  5  5  5  5  4  4  4  4  4  4  4  4  3  3  3  3  3  3  3  4    154
AUG   3  4  4  4  4  4  4  4  4  5  5  5  5  5  5  6  6  6  6  7  7  7  8  8  8  8  9  9 10 10 10    190
SEP  11 11 11 12 12 12 13 13 13 14 14 14 15 15 15 15 15 16 16 16 16 16 17 17 17 17 17 17 17 17       441
OCT  17 18 18 18 18 19 19 19 20 21 21 22 23 23 24 25 26 27 28 29 30 31 33 34 35 37 38 40 41 43 45    842
NOV  46 48 50 51 52 54 55 56 58 59 60 61 62 63 63 64 65 65 66 66 66 67 67 67 67 67 67 67 67 67      1833
DEC  66 66 66 65 65 65 64 64 64 63 63 63 62 62 62 62 61 61 61 60 60 60 60 59 59 59 58 58 58 58 57   1911
                                                                                                        
