-------------------------------------------------------------------------------------------------       
 1971-2000 Daily/Monthly Station Normals                                                                
 Provided by National Climatic Data Center/NESDIS/NOAA                                                  
-------------------------------------------------------------------------------------------------       
 Station COOP ID:                           459238                                                      
 Station Name, State, Division, Call:       WILBUR                             WA 07                    
 Latitude, Longitude, Elevation, Elements:  47 45 10 -118 40 56  2230 XNP                               
-------------------------------------------------------------------------------------------------       
 Minimum Temperature (deg F [tenths deg F for monthly])                                                 
 DAY  1  2  3  4  5  6  7  8  9 10 11 12 13 14 15 16 17 18 19 20 21 22 23 24 25 26 27 28 29 30 31  MONTH
-------------------------------------------------------------------------------------------------       
JAN  18 18 18 18 18 18 18 18 18 18 18 18 18 18 18 18 18 18 19 19 19 19 19 19 19 20 20 20 20 20 20    186
FEB  21 21 21 21 21 22 22 22 22 22 23 23 23 23 23 23 24 24 24 24 24 25 25 25 25 25 26 26             232
MAR  26 26 26 27 27 27 27 27 27 28 28 28 28 28 29 29 29 29 29 29 29 29 29 30 30 30 30 30 30 30 30    284
APR  30 30 31 31 31 31 31 31 31 31 32 32 32 32 32 32 33 33 33 33 33 34 34 34 34 34 35 35 35 35       325
MAY  36 36 36 36 37 37 37 37 38 38 38 38 38 39 39 39 39 40 40 40 40 40 40 41 41 41 41 41 42 42 42    390
JUN  42 42 42 43 43 43 43 43 43 44 44 44 44 44 45 45 45 45 45 45 46 46 46 46 47 47 47 47 47 48       447
JUL  48 48 48 48 49 49 49 49 49 49 50 50 50 50 50 50 50 51 51 51 51 51 51 51 51 51 51 51 51 51 51    500
AUG  51 51 51 51 51 51 51 51 51 51 51 51 51 51 50 50 50 50 50 50 49 49 49 49 49 48 48 48 47 47 47    498
SEP  47 46 46 46 45 45 45 44 44 44 43 43 43 42 42 42 42 41 41 41 40 40 40 39 39 39 38 38 38 37       420
OCT  37 37 36 36 36 35 35 35 34 34 34 34 33 33 33 32 32 32 32 32 31 31 31 31 30 30 30 30 30 29 29    327
NOV  29 29 29 29 28 28 28 28 28 27 27 27 27 27 26 26 26 26 26 25 25 25 25 24 24 24 24 23 23 23       262
DEC  23 22 22 22 21 21 21 21 21 20 20 20 20 20 19 19 19 19 19 19 19 19 18 18 18 18 18 18 18 18 18    196
                                                                                                        
-------------------------------------------------------------------------------------------------       
 Maximum Temperature (deg F [tenths deg F for monthly])                                                 
 DAY  1  2  3  4  5  6  7  8  9 10 11 12 13 14 15 16 17 18 19 20 21 22 23 24 25 26 27 28 29 30 31  MONTH
-------------------------------------------------------------------------------------------------       
JAN  31 31 30 30 30 31 31 31 31 31 31 31 31 31 31 31 31 31 32 32 32 32 32 32 33 33 33 33 33 34 34    316
FEB  34 34 35 35 35 36 36 36 36 37 37 37 38 38 38 39 39 39 40 40 40 41 41 41 42 42 43 43             383
MAR  43 44 44 44 45 45 46 46 46 47 47 47 48 48 48 49 49 49 50 50 51 51 51 52 52 52 53 53 53 53 54    487
APR  54 54 55 55 55 56 56 56 57 57 57 58 58 58 59 59 59 60 60 60 60 61 61 61 62 62 62 63 63 63       587
MAY  64 64 64 64 65 65 65 66 66 66 67 67 67 67 68 68 68 68 69 69 69 69 70 70 70 70 70 71 71 71 71    677
JUN  72 72 72 72 72 73 73 73 73 74 74 74 74 75 75 75 76 76 76 76 77 77 77 78 78 78 79 79 79 80       753
JUL  80 80 81 81 82 82 82 82 83 83 83 83 84 84 84 84 85 85 85 85 85 85 85 86 86 86 86 86 86 86 86    839
AUG  86 86 86 86 86 86 86 86 86 86 86 85 85 85 85 85 85 84 84 84 84 83 83 83 83 82 82 82 81 81 81    843
SEP  80 80 79 79 79 78 78 77 77 77 76 76 75 75 75 74 74 73 73 73 72 72 71 71 71 70 70 69 69 69       744
OCT  68 68 67 67 66 66 65 65 64 64 63 63 62 62 61 60 60 59 59 58 57 57 56 56 55 54 54 53 52 51 51    601
NOV  50 49 49 48 47 47 46 45 45 44 43 43 42 42 41 41 40 40 39 39 38 38 38 37 37 37 36 36 36 35       416
DEC  35 35 35 34 34 34 34 33 33 33 33 33 32 32 32 32 32 32 31 31 31 31 31 31 31 31 31 31 31 31 31    323
                                                                                                        
-------------------------------------------------------------------------------------------------       
 Average Temperature (deg F [tenths deg F for monthly])                                                 
 DAY  1  2  3  4  5  6  7  8  9 10 11 12 13 14 15 16 17 18 19 20 21 22 23 24 25 26 27 28 29 30 31  MONTH
-------------------------------------------------------------------------------------------------       
JAN  24 24 24 24 24 24 24 24 24 24 24 25 25 25 25 25 25 25 25 25 25 26 26 26 26 26 26 27 27 27 27    251
FEB  27 28 28 28 28 29 29 29 29 30 30 30 30 31 31 31 31 32 32 32 32 33 33 33 34 34 34 34             308
MAR  35 35 35 36 36 36 36 37 37 37 37 38 38 38 39 39 39 39 39 40 40 40 40 41 41 41 41 41 42 42 42    386
APR  42 42 43 43 43 43 44 44 44 44 44 45 45 45 45 46 46 46 46 47 47 47 47 48 48 48 49 49 49 49       456
MAY  50 50 50 50 51 51 51 52 52 52 52 53 53 53 53 54 54 54 54 54 55 55 55 55 55 56 56 56 56 56 57    534
JUN  57 57 57 57 58 58 58 58 58 59 59 59 59 60 60 60 60 60 61 61 61 61 62 62 62 63 63 63 63 64       600
JUL  64 64 65 65 65 65 66 66 66 66 66 67 67 67 67 67 67 68 68 68 68 68 68 68 68 68 69 69 69 69 69    670
AUG  69 69 69 69 69 69 69 68 68 68 68 68 68 68 68 67 67 67 67 67 67 66 66 66 66 65 65 65 64 64 64    671
SEP  63 63 63 62 62 62 61 61 61 60 60 60 59 59 58 58 58 57 57 57 56 56 55 55 55 54 54 54 53 53       582
OCT  52 52 52 51 51 51 50 50 49 49 49 48 48 47 47 46 46 46 45 45 44 44 44 43 43 42 42 41 41 40 40    464
NOV  40 39 39 38 38 37 37 37 36 36 35 35 35 34 34 33 33 33 32 32 32 31 31 31 31 30 30 30 29 29       339
DEC  29 29 28 28 28 28 27 27 27 27 27 26 26 26 26 26 26 25 25 25 25 25 25 25 25 25 24 24 24 24 24    260
                                                                                                        
-------------------------------------------------------------------------------------------------       
 Heating Degree Days                                                                                    
 DAY  1  2  3  4  5  6  7  8  9 10 11 12 13 14 15 16 17 18 19 20 21 22 23 24 25 26 27 28 29 30 31  MONTH
-------------------------------------------------------------------------------------------------       
JAN  41 41 41 41 41 41 41 41 41 41 41 40 40 40 40 40 40 40 40 40 40 39 39 39 39 39 39 38 38 38 38   1237
FEB  38 37 37 37 37 36 36 36 36 35 35 35 35 34 34 34 34 33 33 33 33 32 32 32 32 31 31 31             959
MAR  30 30 30 30 29 29 29 28 28 28 28 27 27 27 27 26 26 26 26 25 25 25 25 24 24 24 24 24 23 23 23    820
APR  23 23 22 22 22 22 21 21 21 21 21 20 20 20 20 19 19 19 19 18 18 18 18 17 17 17 16 16 16 16       582
MAY  15 15 15 15 14 14 14 13 13 13 13 13 12 12 12 12 11 11 11 11 11 10 10 10 10 10  9  9  9  9  9    365
JUN   9  8  8  8  8  8  8  7  7  7  7  7  7  6  6  6  6  6  6  5  5  5  5  5  5  5  4  4  4  4       186
JUL   4  4  4  3  3  3  3  3  3  3  3  3  2  2  2  2  2  2  2  2  2  2  2  2  2  2  1  1  1  1  1     72
AUG   1  1  1  1  1  1  1  1  1  1  2  2  2  2  2  2  2  2  2  2  2  3  3  3  3  3  3  4  4  4  4     66
SEP   4  5  5  5  5  5  6  6  6  6  7  7  7  8  8  8  8  9  9  9 10 10 10 11 11 11 11 12 12 13       244
OCT  13 13 14 14 14 15 15 15 16 16 17 17 17 18 18 18 19 19 20 20 21 21 21 22 22 23 23 24 24 24 25    578
NOV  25 26 26 27 27 28 28 28 29 29 30 30 30 31 31 32 32 32 33 33 33 34 34 34 35 35 35 35 36 36       934
DEC  36 37 37 37 37 37 38 38 38 38 39 39 39 39 39 39 39 40 40 40 40 40 40 40 40 40 41 41 41 41 41   1211
                                                                                                        
-------------------------------------------------------------------------------------------------       
 Cooling Degree Days                                                                                    
 DAY  1  2  3  4  5  6  7  8  9 10 11 12 13 14 15 16 17 18 19 20 21 22 23 24 25 26 27 28 29 30 31  MONTH
-------------------------------------------------------------------------------------------------       
JAN   0  0  0  0  0  0  0  0  0  0  0  0  0  0  0  0  0  0  0  0  0  0  0  0  0  0  0  0  0  0  0      0
FEB   0  0  0  0  0  0  0  0  0  0  0  0  0  0  0  0  0  0  0  0  0  0  0  0  0  0  0  0               0
MAR   0  0  0  0  0  0  0  0  0  0  0  0  0  0  0  0  0  0  0  0  0  0  0  0  0  0  0  0  0  0  0      0
APR   0  0  0  0  0  0  0  0  0  0  0  0  0  0  0  0  0  0  0  0  0  0  0  0  0  0  0  0  0  0         0
MAY   0  0  0  0  0  0  0  0  0  0  0  0  0  0  0  0  0  0  0  0  0  0  0  0  0  0  0-99-99-99-99      4
JUN   0  0  0  0  0  0  1  1  1  1  1  1  1  1  1  1  1  1  1  1  2  2  2  2  2  2  2  2  3  3        36
JUL   3  3  3  3  3  3  4  4  4  4  4  4  4  4  4  4  5  5  5  5  5  5  5  5  5  5  5  5  5  5  5    133
AUG   5  5  5  5  5  5  5  5  5  5  5  5  4  4  4  4  4  4  4  4  4  4  4  4  3  3  3  3  3  3  3    129
SEP   3  3  2  2  2  2  2  2  2  2  2  1  1  1  1  1  1  1  1  1  1  1  1  1  1  1  0  0  0  0        39
OCT   0  0  0  0  0  0  0  0  0  0  0  0  0  0  0  0  0  0  0  0  0  0  0  0  0  0  0  0  0  0  0      0
NOV   0  0  0  0  0  0  0  0  0  0  0  0  0  0  0  0  0  0  0  0  0  0  0  0  0  0  0  0  0  0         0
DEC   0  0  0  0  0  0  0  0  0  0  0  0  0  0  0  0  0  0  0  0  0  0  0  0  0  0  0  0  0  0  0      0
                                                                                                        
-------------------------------------------------------------------------------------------------       
 Total  Precipitation (Hundreths of an Inch)                                                            
 DAY  1  2  3  4  5  6  7  8  9 10 11 12 13 14 15 16 17 18 19 20 21 22 23 24 25 26 27 28 29 30 31  MONTH
-------------------------------------------------------------------------------------------------       
JAN   4  4  4  4  4  4  4  4  4  4  4  4  4  4  4  4  4  4  4  4  3  3  4  4  4  4  4  4  4  4  4    122
FEB   4  4  4  4  4  4  4  4  4  4  4  4  4  4  4  4  4  4  4  4  5  5  5  5  5  5  4  4             118
MAR   4  4  4  4  4  4  4  4  4  4  4  4  4  4  4  4  4  4  4  4  4  4  4  4  4  4  4  4  3  3  3    121
APR   3  3  3  3  3  3  3  3  3  3  3  3  3  3  3  3  3  3  3  3  3  3  3  3  3  3  3  3  3  4        91
MAY   4  4  4  4  4  4  4  4  4  4  4  4  5  5  5  5  5  5  5  5  5  5  4  4  4  4  4  4  4  4  4    134
JUN   4  4  4  4  4  4  4  4  3  3  3  3  3  3  3  3  3  3  3  3  3  3  3  3  3  3  3  3  3  3        98
JUL   3  3  3  3  3  3  3  3  3  3  3  3  3  3  3  3  3  3  3  3  3  3  3  3  3  3  3  3  2  2  2     90
AUG   2  2  2  2  2  2  2  2  2  2  2  2  2  2  2  2  2  1  1  1  1  1  1  1  2  2  2  2  2  2  2     55
SEP   2  2  2  2  2  2  2  2  2  2  2  2  2  2  2  2  2  2  2  3  3  3  2  2  2  2  2  2  2  2        63
OCT   2  2  2  2  2  2  2  2  2  2  2  2  2  2  2  3  3  3  3  3  3  3  3  3  3  3  4  4  4  4  4     83
NOV   4  4  4  4  5  5  5  5  5  5  5  5  5  5  6  6  6  6  6  6  6  6  6  6  6  6  6  6  6  6       162
DEC   6  6  6  6  6  6  6  6  6  6  6  6  6  6  6  6  6  5  5  5  5  5  5  5  5  5  5  5  5  5  5    172
                                                                                                        
