-------------------------------------------------------------------------------------------------       
 1971-2000 Daily/Monthly Station Normals                                                                
 Provided by National Climatic Data Center/NESDIS/NOAA                                                  
-------------------------------------------------------------------------------------------------       
 Station COOP ID:                           452675                                                      
 Station Name, State, Division, Call:       EVERETT                            WA 03                    
 Latitude, Longitude, Elevation, Elements:  47 58 34 -122 11 42    60 XNP                               
-------------------------------------------------------------------------------------------------       
 Minimum Temperature (deg F [tenths deg F for monthly])                                                 
 DAY  1  2  3  4  5  6  7  8  9 10 11 12 13 14 15 16 17 18 19 20 21 22 23 24 25 26 27 28 29 30 31  MONTH
-------------------------------------------------------------------------------------------------       
JAN  33 33 33 33 33 33 33 33 33 33 33 33 34 34 34 34 34 34 34 34 34 34 34 34 34 34 34 34 34 34 34    336
FEB  34 34 34 34 34 34 34 34 35 35 35 35 35 35 35 35 35 35 35 35 35 35 35 36 36 36 36 36             349
MAR  36 36 36 36 36 36 36 36 37 37 37 37 37 37 37 37 37 37 38 38 38 38 38 38 38 38 38 39 39 39 39    373
APR  39 39 39 39 40 40 40 40 40 40 40 41 41 41 41 41 41 42 42 42 42 42 42 43 43 43 43 43 43 44       412
MAY  44 44 44 44 44 45 45 45 45 45 45 46 46 46 46 46 47 47 47 47 47 47 47 48 48 48 48 48 48 49 49    463
JUN  49 49 49 49 50 50 50 50 50 50 50 51 51 51 51 51 51 51 51 52 52 52 52 52 52 52 53 53 53 53       510
JUL  53 53 53 53 53 53 54 54 54 54 54 54 54 54 54 54 54 54 54 55 55 55 55 55 55 55 55 55 55 55 55    542
AUG  55 55 55 55 55 55 55 55 55 55 55 54 54 54 54 54 54 54 54 54 54 53 53 53 53 53 53 52 52 52 52    539
SEP  52 52 51 51 51 51 51 50 50 50 50 50 49 49 49 49 48 48 48 48 48 47 47 47 47 47 46 46 46 46       488
OCT  46 45 45 45 45 44 44 44 44 44 43 43 43 43 43 42 42 42 42 42 41 41 41 41 41 41 40 40 40 40 40    425
NOV  40 39 39 39 39 39 39 38 38 38 38 38 38 38 37 37 37 37 37 37 37 36 36 36 36 36 36 36 36 35       374
DEC  35 35 35 35 35 35 35 35 34 34 34 34 34 34 34 34 34 34 34 34 34 34 34 33 33 33 33 33 33 33 33    340
                                                                                                        
-------------------------------------------------------------------------------------------------       
 Maximum Temperature (deg F [tenths deg F for monthly])                                                 
 DAY  1  2  3  4  5  6  7  8  9 10 11 12 13 14 15 16 17 18 19 20 21 22 23 24 25 26 27 28 29 30 31  MONTH
-------------------------------------------------------------------------------------------------       
JAN  45 45 45 45 45 45 45 45 45 45 45 45 45 46 46 46 46 46 46 46 46 46 46 46 47 47 47 47 47 47 47    458
FEB  47 48 48 48 48 48 48 49 49 49 49 49 49 49 49 49 50 50 50 50 50 50 50 51 51 51 51 51             493
MAR  51 51 51 52 52 52 52 52 52 52 53 53 53 53 53 53 53 54 54 54 54 54 54 54 55 55 55 55 55 55 56    533
APR  56 56 56 56 56 56 57 57 57 57 57 57 58 58 58 58 58 59 59 59 59 59 60 60 60 60 60 61 61 61       582
MAY  61 61 62 62 62 62 62 62 63 63 63 63 63 64 64 64 64 64 64 65 65 65 65 65 65 65 66 66 66 66 66    638
JUN  66 66 67 67 67 67 67 67 67 67 68 68 68 68 68 68 69 69 69 69 69 69 70 70 70 70 70 70 71 71       684
JUL  71 71 71 72 72 72 72 72 72 72 73 73 73 73 73 73 73 73 74 74 74 74 74 74 74 74 74 74 74 74 74    730
AUG  74 74 75 75 75 75 75 75 75 74 74 74 74 74 74 74 74 74 74 74 74 74 74 73 73 73 73 73 73 72 72    739
SEP  72 72 72 72 71 71 71 71 70 70 70 70 69 69 69 69 69 68 68 68 67 67 67 67 66 66 66 65 65 65       687
OCT  64 64 64 64 63 63 63 62 62 62 61 61 61 60 60 60 59 59 59 58 58 58 57 57 57 57 56 56 56 55 55    597
NOV  55 54 54 54 53 53 53 53 52 52 52 51 51 51 51 50 50 50 50 49 49 49 49 48 48 48 48 48 47 47       506
DEC  47 47 47 46 46 46 46 46 46 45 45 45 45 45 45 45 45 45 45 45 45 45 44 44 44 44 44 44 45 45 45    452
                                                                                                        
-------------------------------------------------------------------------------------------------       
 Average Temperature (deg F [tenths deg F for monthly])                                                 
 DAY  1  2  3  4  5  6  7  8  9 10 11 12 13 14 15 16 17 18 19 20 21 22 23 24 25 26 27 28 29 30 31  MONTH
-------------------------------------------------------------------------------------------------       
JAN  39 39 39 39 39 39 39 39 39 39 39 39 39 40 40 40 40 40 40 40 40 40 40 40 40 40 40 41 41 41 41    397
FEB  41 41 41 41 41 41 41 42 42 42 42 42 42 42 42 42 42 42 43 43 43 43 43 43 43 43 43 43             421
MAR  44 44 44 44 44 44 44 44 44 44 45 45 45 45 45 45 45 45 46 46 46 46 46 46 46 47 47 47 47 47 47    453
APR  47 48 48 48 48 48 48 48 49 49 49 49 49 49 50 50 50 50 50 50 51 51 51 51 51 51 52 52 52 52       497
MAY  52 53 53 53 53 53 54 54 54 54 54 55 55 55 55 55 55 56 56 56 56 56 56 56 57 57 57 57 57 57 57    551
JUN  58 58 58 58 58 58 58 59 59 59 59 59 59 59 60 60 60 60 60 60 60 61 61 61 61 61 61 62 62 62       597
JUL  62 62 62 62 63 63 63 63 63 63 63 63 63 64 64 64 64 64 64 64 64 64 64 64 64 64 65 65 65 65 65    636
AUG  65 65 65 65 65 65 65 65 65 64 64 64 64 64 64 64 64 64 64 64 64 64 63 63 63 63 63 63 62 62 62    639
SEP  62 62 62 61 61 61 61 61 60 60 60 60 59 59 59 59 59 58 58 58 58 57 57 57 57 56 56 56 55 55       588
OCT  55 55 54 54 54 54 53 53 53 53 52 52 52 52 51 51 51 51 50 50 50 49 49 49 49 49 48 48 48 48 47    511
NOV  47 47 47 46 46 46 46 46 45 45 45 45 44 44 44 44 44 43 43 43 43 43 42 42 42 42 42 42 41 41       440
DEC  41 41 41 41 41 40 40 40 40 40 40 40 40 40 39 39 39 39 39 39 39 39 39 39 39 39 39 39 39 39 39    396
                                                                                                        
-------------------------------------------------------------------------------------------------       
 Heating Degree Days                                                                                    
 DAY  1  2  3  4  5  6  7  8  9 10 11 12 13 14 15 16 17 18 19 20 21 22 23 24 25 26 27 28 29 30 31  MONTH
-------------------------------------------------------------------------------------------------       
JAN  26 26 26 26 26 26 26 26 26 26 26 26 26 25 25 25 25 25 25 25 25 25 25 25 25 25 25 24 24 24 24    784
FEB  24 24 24 24 24 24 24 23 23 23 23 23 23 23 23 23 23 23 22 22 22 22 22 22 22 22 22 22             641
MAR  21 21 21 21 21 21 21 21 21 20 20 20 20 20 20 20 20 20 19 19 19 19 19 19 19 19 18 18 18 18 18    611
APR  18 18 17 17 17 17 17 17 16 16 16 16 16 16 15 15 15 15 15 15 14 14 14 14 14 14 13 13 13 13       460
MAY  13 12 12 12 12 12 11 11 11 11 11 11 10 10 10 10 10  9  9  9  9  9  9  9  8  8  8  8  8  8  8    308
JUN   7  7  7  7  7  7  7  7  6  6  6  6  6  6  6  6  5  5  5  5  5  5  5  5  5  4  4  4  4  4       169
JUL   4  4  4  4  4  3  3  3  3  3  3  3  3  3  3  3  3  3  3  3  3  3  3  2  2  2  2  2  2  2  2     90
AUG   2  2  2  2  2  2  2  2  2  3  3  3  3  3  3  3  3  3  3  3  3  3  3  3  3  4  4  4  4  4  4     90
SEP   4  4  4  5  5  5  5  5  5  5  6  6  6  6  6  7  7  7  7  7  8  8  8  8  8  9  9  9  9 10       198
OCT  10 10 11 11 11 11 12 12 12 12 13 13 13 13 14 14 14 14 15 15 15 15 16 16 16 16 17 17 17 17 18    430
NOV  18 18 18 19 19 19 19 19 20 20 20 20 21 21 21 21 21 22 22 22 22 22 23 23 23 23 23 23 24 24       630
DEC  24 24 24 24 25 25 25 25 25 25 25 25 25 25 26 26 26 26 26 26 26 26 26 26 26 26 26 26 26 26 26    788
                                                                                                        
-------------------------------------------------------------------------------------------------       
 Cooling Degree Days                                                                                    
 DAY  1  2  3  4  5  6  7  8  9 10 11 12 13 14 15 16 17 18 19 20 21 22 23 24 25 26 27 28 29 30 31  MONTH
-------------------------------------------------------------------------------------------------       
JAN   0  0  0  0  0  0  0  0  0  0  0  0  0  0  0  0  0  0  0  0  0  0  0  0  0  0  0  0  0  0  0      0
FEB   0  0  0  0  0  0  0  0  0  0  0  0  0  0  0  0  0  0  0  0  0  0  0  0  0  0  0  0               0
MAR   0  0  0  0  0  0  0  0  0  0  0  0  0  0  0  0  0  0  0  0  0  0  0  0  0  0  0  0  0  0  0      0
APR   0  0  0  0  0  0  0  0  0  0  0  0  0  0  0  0  0  0  0  0  0  0  0  0  0  0  0  0  0  0         0
MAY   0  0  0  0  0  0  0  0  0  0  0  0  0  0  0  0  0  0  0  0  0  0  0  0  0  0  0  0  0  0  0      0
JUN   0  0  0  0  0  0  0  0  0  0  0  0  0  0  0  0  0  0  0  0  1  1  1  1  1  1  1  1  1  1        10
JUL   1  1  1  1  1  1  1  1  1  1  1  1  1  1  1  1  2  2  2  2  2  2  2  2  2  2  2  2  2  2  2     46
AUG   2  2  2  2  2  2  2  2  2  2  2  2  2  2  2  2  2  2  2  2  2  2  2  2  1  1  1  1  1  1  1     55
SEP   1  1  1  1  1  1  1  1  1  1  0  0  0  0  0  0  0  0  0  0  0  0  0  0  0  0  0  0  0  0        10
OCT   0  0  0  0  0  0  0  0  0  0  0  0  0  0  0  0  0  0  0  0  0  0  0  0  0  0  0  0  0  0  0      0
NOV   0  0  0  0  0  0  0  0  0  0  0  0  0  0  0  0  0  0  0  0  0  0  0  0  0  0  0  0  0  0         0
DEC   0  0  0  0  0  0  0  0  0  0  0  0  0  0  0  0  0  0  0  0  0  0  0  0  0  0  0  0  0  0  0      0
                                                                                                        
-------------------------------------------------------------------------------------------------       
 Total  Precipitation (Hundreths of an Inch)                                                            
 DAY  1  2  3  4  5  6  7  8  9 10 11 12 13 14 15 16 17 18 19 20 21 22 23 24 25 26 27 28 29 30 31  MONTH
-------------------------------------------------------------------------------------------------       
JAN  15 15 15 15 15 15 15 15 15 15 14 14 14 14 14 14 14 14 14 14 14 14 14 14 13 13 13 13 13 13 13    437
FEB  13 13 13 13 13 12 12 12 12 12 12 12 12 12 12 12 12 12 12 12 12 12 12 12 12 12 12 12             341
MAR  12 12 12 12 13 13 13 13 13 13 13 13 13 13 13 13 13 13 13 12 12 12 12 12 12 12 12 12 12 12 11    386
APR  11 11 11 11 11 11 11 11 10 10 10 10 10 10 10 10 10 10  9  9  9  9  9  9  9  9  9  9  9  9       296
MAY   9  9  9  9  9  9  9  9  9  8  8  8  8  8  8  8  8  8  8  8  8  8  8  8  8  8  8  8  8  8  8    257
JUN   8  8  8  8  8  8  8  8  8  8  8  8  8  8  8  8  8  8  8  7  7  7  7  7  7  7  7  6  6  6       226
JUL   6  6  5  5  5  5  5  5  5  5  4  4  4  4  4  4  4  4  4  4  4  4  4  4  4  4  3  3  3  3  4    132
AUG   4  4  4  4  4  4  4  4  4  4  4  4  4  4  4  4  4  4  4  4  5  5  5  5  5  5  5  5  5  5  5    135
SEP   6  6  6  6  6  6  6  6  6  6  7  7  7  7  7  7  7  7  7  7  7  8  8  8  8  8  8  8  8  8       209
OCT   8  8  8  8  9  9  9  9  9  9  9  9 10 10 10 10 10 11 11 11 11 11 12 12 12 13 13 13 13 14 14    325
NOV  14 15 15 15 16 16 16 16 16 17 17 17 17 17 17 18 18 18 18 18 18 18 18 18 18 18 18 18 18 18       511
DEC  18 17 17 17 17 17 17 17 17 17 16 16 16 16 16 16 16 16 16 16 16 16 16 15 15 15 15 15 15 15 15    499
                                                                                                        
