-------------------------------------------------------------------------------------------------       
 1971-2000 Daily/Monthly Station Normals                                                                
 Provided by National Climatic Data Center/NESDIS/NOAA                                                  
-------------------------------------------------------------------------------------------------       
 Station COOP ID:                           451233                                                      
 Station Name, State, Division, Call:       CEDAR LAKE                         WA 05                    
 Latitude, Longitude, Elevation, Elements:  47 24 46 -121 45 23  1560 XNP                               
-------------------------------------------------------------------------------------------------       
 Minimum Temperature (deg F [tenths deg F for monthly])                                                 
 DAY  1  2  3  4  5  6  7  8  9 10 11 12 13 14 15 16 17 18 19 20 21 22 23 24 25 26 27 28 29 30 31  MONTH
-------------------------------------------------------------------------------------------------       
JAN  30 30 30 30 30 30 30 30 30 30 30 30 30 30 30 30 31 31 31 31 31 31 31 31 31 31 31 31 31 31 31    305
FEB  31 31 31 31 31 31 32 32 32 32 32 32 32 32 32 32 32 32 32 32 32 32 32 32 32 32 32 32             318
MAR  32 32 32 32 32 33 33 33 33 33 33 33 33 33 33 33 33 33 33 33 33 33 33 34 34 34 34 34 34 34 34    331
APR  34 34 34 34 35 35 35 35 35 35 35 35 36 36 36 36 36 36 36 37 37 37 37 37 37 38 38 38 38 38       360
MAY  39 39 39 39 39 39 40 40 40 40 40 41 41 41 41 41 41 42 42 42 42 42 42 43 43 43 43 43 43 43 44    412
JUN  44 44 44 44 44 44 45 45 45 45 45 45 45 45 46 46 46 46 46 46 46 47 47 47 47 47 47 47 48 48       457
JUL  48 48 48 48 48 49 49 49 49 49 49 49 49 50 50 50 50 50 50 50 50 50 50 50 50 51 51 51 51 51 51    496
AUG  51 51 51 51 51 51 51 51 51 51 51 51 51 51 51 51 50 50 50 50 50 50 50 50 50 50 50 49 49 49 49    504
SEP  49 49 49 48 48 48 48 48 48 47 47 47 47 47 46 46 46 46 46 45 45 45 45 45 45 44 44 44 44 43       463
OCT  43 43 43 43 42 42 42 42 42 41 41 41 41 41 40 40 40 40 40 39 39 39 39 39 38 38 38 38 38 37 37    402
NOV  37 37 37 37 36 36 36 36 36 35 35 35 35 35 35 34 34 34 34 34 34 34 33 33 33 33 33 33 32 32       346
DEC  32 32 32 32 32 32 31 31 31 31 31 31 31 31 31 31 31 31 31 30 30 30 30 30 30 30 30 30 30 30 30    308
                                                                                                        
-------------------------------------------------------------------------------------------------       
 Maximum Temperature (deg F [tenths deg F for monthly])                                                 
 DAY  1  2  3  4  5  6  7  8  9 10 11 12 13 14 15 16 17 18 19 20 21 22 23 24 25 26 27 28 29 30 31  MONTH
-------------------------------------------------------------------------------------------------       
JAN  39 39 39 39 40 40 40 40 40 40 40 40 40 40 40 40 40 40 40 41 41 41 41 41 41 41 41 42 42 42 42    404
FEB  42 42 43 43 43 43 43 43 43 44 44 44 44 44 44 45 45 45 45 45 45 45 46 46 46 46 46 46             443
MAR  46 47 47 47 47 47 47 47 47 48 48 48 48 48 48 48 48 49 49 49 49 49 49 50 50 50 50 50 50 50 51    484
APR  51 51 51 51 51 52 52 52 52 52 53 53 53 53 53 54 54 54 54 54 55 55 55 55 56 56 56 56 57 57       536
MAY  57 57 58 58 58 58 58 59 59 59 59 60 60 60 60 60 61 61 61 61 61 61 62 62 62 62 62 62 62 63 63    602
JUN  63 63 63 63 63 64 64 64 64 64 64 64 65 65 65 65 65 66 66 66 66 67 67 67 67 67 68 68 68 68       653
JUL  69 69 69 70 70 70 70 70 71 71 71 71 71 72 72 72 72 72 72 73 73 73 73 73 73 73 73 73 73 73 73    716
AUG  73 73 74 74 74 74 73 73 73 73 73 73 73 73 73 73 73 73 73 73 72 72 72 72 72 72 71 71 71 71 71    726
SEP  70 70 70 70 69 69 69 69 69 68 68 68 68 67 67 67 67 66 66 66 65 65 65 65 64 64 64 63 63 63       668
OCT  63 62 62 62 61 61 61 60 60 60 59 59 59 58 58 57 57 57 56 56 56 55 55 54 54 53 53 53 52 52 51    573
NOV  51 50 50 49 49 48 48 48 47 47 47 46 46 46 45 45 45 44 44 44 44 43 43 43 43 42 42 42 42 42       455
DEC  42 41 41 41 41 41 41 41 41 40 40 40 40 40 40 40 40 40 40 40 40 40 40 40 40 40 40 39 39 39 39    402
                                                                                                        
-------------------------------------------------------------------------------------------------       
 Average Temperature (deg F [tenths deg F for monthly])                                                 
 DAY  1  2  3  4  5  6  7  8  9 10 11 12 13 14 15 16 17 18 19 20 21 22 23 24 25 26 27 28 29 30 31  MONTH
-------------------------------------------------------------------------------------------------       
JAN  35 35 35 35 35 35 35 35 35 35 35 35 35 35 35 35 35 35 36 36 36 36 36 36 36 36 36 36 36 37 37    355
FEB  37 37 37 37 37 37 37 38 38 38 38 38 38 38 38 38 38 38 39 39 39 39 39 39 39 39 39 39             381
MAR  39 40 40 40 40 40 40 40 40 40 40 40 40 41 41 41 41 41 41 41 41 41 41 42 42 42 42 42 42 42 42    408
APR  43 43 43 43 43 43 43 43 44 44 44 44 44 44 45 45 45 45 45 45 46 46 46 46 46 47 47 47 47 48       448
MAY  48 48 48 48 49 49 49 49 50 50 50 50 50 50 51 51 51 51 51 52 52 52 52 52 52 52 53 53 53 53 53    507
JUN  53 53 53 54 54 54 54 54 54 55 55 55 55 55 55 55 56 56 56 56 56 57 57 57 57 57 58 58 58 58       555
JUL  58 59 59 59 59 59 59 60 60 60 60 60 60 61 61 61 61 61 61 61 61 61 62 62 62 62 62 62 62 62 62    606
AUG  62 62 62 62 62 62 62 62 62 62 62 62 62 62 62 62 62 62 62 61 61 61 61 61 61 61 61 60 60 60 60    615
SEP  60 59 59 59 59 59 59 58 58 58 58 57 57 57 57 57 56 56 56 56 55 55 55 55 54 54 54 54 54 53       566
OCT  53 53 52 52 52 52 51 51 51 51 50 50 50 49 49 49 49 48 48 48 47 47 47 47 46 46 46 45 45 45 44    488
NOV  44 44 43 43 43 42 42 42 42 41 41 41 40 40 40 40 40 39 39 39 39 38 38 38 38 38 38 37 37 37       401
DEC  37 37 37 36 36 36 36 36 36 36 36 36 36 35 35 35 35 35 35 35 35 35 35 35 35 35 35 35 35 35 35    355
                                                                                                        
-------------------------------------------------------------------------------------------------       
 Heating Degree Days                                                                                    
 DAY  1  2  3  4  5  6  7  8  9 10 11 12 13 14 15 16 17 18 19 20 21 22 23 24 25 26 27 28 29 30 31  MONTH
-------------------------------------------------------------------------------------------------       
JAN  30 30 30 30 30 30 30 30 30 30 30 30 30 30 30 30 30 30 29 29 29 29 29 29 29 29 29 29 29 29 28    916
FEB  28 28 28 28 28 28 28 28 27 27 27 27 27 27 27 27 27 27 27 26 26 26 26 26 26 26 26 26             755
MAR  26 26 25 25 25 25 25 25 25 25 25 25 25 25 24 24 24 24 24 24 24 24 24 23 23 23 23 23 23 23 23    752
APR  23 22 22 22 22 22 22 22 21 21 21 21 21 21 20 20 20 20 20 20 19 19 19 19 18 18 18 18 18 17       606
MAY  17 17 17 17 16 16 16 16 15 15 15 15 15 15 14 14 14 14 14 13 13 13 13 13 13 13 12 12 12 12 12    443
JUN  12 12 11 11 11 11 11 11 11 11 10 10 10 10 10 10  9  9  9  9  9  9  9  8  8  8  8  8  8  7       290
JUL   7  7  7  7  7  6  6  6  6  6  6  6  5  5  5  5  5  5  5  5  5  5  4  4  4  4  4  4  4  4  4    163
AUG   4  4  4  4  4  4  4  4  4  4  4  4  4  4  4  4  4  4  4  4  4  5  5  5  5  5  5  5  5  6  6    136
SEP   6  6  6  6  7  7  7  7  7  8  8  8  8  8  9  9  9  9  9 10 10 10 10 10 11 11 11 11 12 12       262
OCT  12 12 13 13 13 13 14 14 14 15 15 15 15 16 16 16 16 17 17 17 18 18 18 19 19 19 19 20 20 20 21    504
NOV  21 21 22 22 22 23 23 23 23 24 24 24 25 25 25 25 26 26 26 26 26 27 27 27 27 27 27 28 28 28       748
DEC  28 28 28 29 29 29 29 29 29 29 29 29 30 30 30 30 30 30 30 30 30 30 30 30 30 30 30 30 30 30 30    915
                                                                                                        
-------------------------------------------------------------------------------------------------       
 Cooling Degree Days                                                                                    
 DAY  1  2  3  4  5  6  7  8  9 10 11 12 13 14 15 16 17 18 19 20 21 22 23 24 25 26 27 28 29 30 31  MONTH
-------------------------------------------------------------------------------------------------       
JAN   0  0  0  0  0  0  0  0  0  0  0  0  0  0  0  0  0  0  0  0  0  0  0  0  0  0  0  0  0  0  0      0
FEB   0  0  0  0  0  0  0  0  0  0  0  0  0  0  0  0  0  0  0  0  0  0  0  0  0  0  0  0               0
MAR   0  0  0  0  0  0  0  0  0  0  0  0  0  0  0  0  0  0  0  0  0  0  0  0  0  0  0  0  0  0  0      0
APR   0  0  0  0  0  0  0  0  0  0  0  0  0  0  0  0  0  0  0  0  0  0  0  0  0  0  0  0  0  0         0
MAY   0  0  0  0  0  0  0  0  0  0  0  0  0  0  0  0  0  0  0  0  0  0  0  0  0  0  0  0  0  0  0      0
JUN   0  0  0  0  0  0  0  0  0  0  0  0  0  0  0  0  0  0  0  0  0  0  0  0  0  0-99-99-99-99         4
JUL   0  0  0  0  0  1  1  1  1  1  1  1  1  1  1  1  1  1  1  1  1  1  1  1  1  1  1  1  1  1  1     26
AUG   1  1  1  1  1  1  1  1  1  1  1  1  1  1  1  1  1  1  1  1  1  1  1  1  1  1  1  0  0  0  0     27
SEP -99-99-99-99-99-99-99-99-99  0  0  0  0  0  0  0  0  0  0  0  0  0  0  0  0  0  0  0  0  0         9
OCT   0  0  0  0  0  0  0  0  0  0  0  0  0  0  0  0  0  0  0  0  0  0  0  0  0  0  0  0  0  0  0      0
NOV   0  0  0  0  0  0  0  0  0  0  0  0  0  0  0  0  0  0  0  0  0  0  0  0  0  0  0  0  0  0         0
DEC   0  0  0  0  0  0  0  0  0  0  0  0  0  0  0  0  0  0  0  0  0  0  0  0  0  0  0  0  0  0  0      0
                                                                                                        
-------------------------------------------------------------------------------------------------       
 Total  Precipitation (Hundreths of an Inch)                                                            
 DAY  1  2  3  4  5  6  7  8  9 10 11 12 13 14 15 16 17 18 19 20 21 22 23 24 25 26 27 28 29 30 31  MONTH
-------------------------------------------------------------------------------------------------       
JAN  40 41 41 41 41 41 42 42 42 42 42 42 42 42 43 43 43 42 42 42 42 42 42 42 42 42 41 41 41 41 40   1292
FEB  40 40 39 39 39 39 38 38 38 38 37 37 37 37 36 36 36 36 35 35 35 35 35 35 34 34 34 34            1026
MAR  34 34 33 33 33 33 33 33 33 32 32 32 32 32 32 32 32 32 31 31 31 31 31 31 31 31 31 31 30 30 30    987
APR  30 30 30 30 30 30 30 29 29 29 29 29 29 29 28 28 28 28 28 27 27 27 27 26 26 26 25 25 25 25       839
MAY  24 24 24 23 23 23 23 22 22 22 22 21 21 21 21 21 21 20 20 20 20 20 20 20 20 20 20 20 20 20 20    658
JUN  20 20 20 20 20 20 20 20 19 19 19 19 19 19 19 18 18 18 18 17 17 17 17 16 16 16 15 15 15 14       540
JUL  14 13 13 13 12 12 12 11 11 11 10 10 10 10  9  9  9  9  9  8  8  8  8  8  8  7  7  7  7  7  7    297
AUG   7  7  7  7  7  7  7  7  7  7  7  7  7  7  7  8  8  8  8  8  9  9  9  9 10 10 10 10 11 11 12    255
SEP  12 12 13 13 13 14 14 14 15 15 15 15 16 16 16 16 17 17 17 17 18 18 18 18 18 18 18 19 19 19       480
OCT  19 19 19 19 20 20 20 20 21 21 22 22 23 23 24 25 26 26 27 28 29 30 31 32 33 34 35 36 37 38 40    819
NOV  41 42 43 45 46 47 47 48 49 50 50 51 51 52 52 52 52 52 52 52 52 52 52 52 51 51 50 50 49 48      1481
DEC  47 47 46 45 44 44 43 43 42 42 41 41 40 40 40 40 39 39 39 39 39 39 39 39 39 39 39 39 39 40 40   1272
                                                                                                        
