-------------------------------------------------------------------------------------------------       
 1971-2000 Daily/Monthly Station Normals                                                                
 Provided by National Climatic Data Center/NESDIS/NOAA                                                  
-------------------------------------------------------------------------------------------------       
 Station COOP ID:                           451350                                                      
 Station Name, State, Division, Call:       CHELAN                             WA 07                    
 Latitude, Longitude, Elevation, Elements:  47 49 56 -120 02 35  1120 XNP                               
-------------------------------------------------------------------------------------------------       
 Minimum Temperature (deg F [tenths deg F for monthly])                                                 
 DAY  1  2  3  4  5  6  7  8  9 10 11 12 13 14 15 16 17 18 19 20 21 22 23 24 25 26 27 28 29 30 31  MONTH
-------------------------------------------------------------------------------------------------       
JAN  22 22 22 22 21 21 21 21 21 21 21 21 21 22 22 22 22 22 22 22 22 22 22 22 22 23 23 23 23 23 23    219
FEB  24 24 24 24 24 24 25 25 25 25 25 26 26 26 26 26 27 27 27 27 27 28 28 28 28 28 29 29             261
MAR  29 29 30 30 30 30 31 31 31 31 32 32 32 32 32 33 33 33 33 34 34 34 34 35 35 35 35 36 36 36 36    327
APR  37 37 37 37 38 38 38 38 39 39 39 39 40 40 40 40 41 41 41 41 42 42 42 42 43 43 43 44 44 44       403
MAY  44 45 45 45 46 46 46 46 47 47 47 47 48 48 48 49 49 49 49 49 50 50 50 51 51 51 51 51 52 52 52    484
JUN  52 53 53 53 53 54 54 54 54 54 55 55 55 55 56 56 56 56 56 57 57 57 57 57 58 58 58 58 58 59       556
JUL  59 59 59 59 59 59 60 60 60 60 60 60 60 61 61 61 61 61 61 61 61 61 61 61 62 62 62 62 62 62 62    606
AUG  62 62 62 62 62 62 62 62 62 62 61 61 61 61 61 61 61 60 60 60 60 60 59 59 59 58 58 58 57 57 57    603
SEP  57 56 56 55 55 55 54 54 54 53 53 52 52 52 51 51 51 50 50 50 49 49 48 48 48 47 47 47 46 46       512
OCT  45 45 45 44 44 44 43 43 43 42 42 42 41 41 41 40 40 40 39 39 39 39 38 38 38 37 37 37 37 36 36    405
NOV  36 36 35 35 35 35 34 34 34 33 33 33 33 32 32 32 32 31 31 31 30 30 30 29 29 29 29 28 28 28       319
DEC  27 27 27 27 26 26 26 25 25 25 25 25 24 24 24 24 23 23 23 23 23 23 23 22 22 22 22 22 22 22 22    240
                                                                                                        
-------------------------------------------------------------------------------------------------       
 Maximum Temperature (deg F [tenths deg F for monthly])                                                 
 DAY  1  2  3  4  5  6  7  8  9 10 11 12 13 14 15 16 17 18 19 20 21 22 23 24 25 26 27 28 29 30 31  MONTH
-------------------------------------------------------------------------------------------------       
JAN  32 31 31 31 32 32 32 32 32 32 32 32 32 32 32 32 32 33 33 33 33 33 33 34 34 34 34 34 35 35 35    327
FEB  35 36 36 36 37 37 37 37 38 38 38 39 39 39 40 40 41 41 41 42 42 42 43 43 44 44 44 45             398
MAR  45 46 46 47 47 47 48 48 49 49 49 50 50 50 51 51 52 52 52 53 53 53 54 54 54 55 55 56 56 56 56    511
APR  57 57 57 58 58 58 59 59 59 60 60 60 61 61 61 62 62 62 63 63 63 63 64 64 64 65 65 65 66 66       614
MAY  66 67 67 67 67 68 68 68 69 69 69 69 70 70 70 70 71 71 71 71 72 72 72 72 73 73 73 73 73 74 74    703
JUN  74 74 74 75 75 75 75 75 76 76 76 76 76 77 77 77 77 78 78 78 78 79 79 79 80 80 80 80 81 81       772
JUL  81 82 82 82 82 83 83 83 83 84 84 84 84 84 85 85 85 85 85 85 85 86 86 86 86 86 86 86 86 86 86    844
AUG  86 87 87 87 87 87 86 86 86 86 86 86 86 86 86 85 85 85 85 85 84 84 84 84 83 83 83 82 82 82 81    849
SEP  81 80 80 80 79 79 78 78 78 77 77 76 76 76 75 75 74 74 73 73 73 72 72 71 71 71 70 70 69 69       749
OCT  69 68 68 67 67 66 66 66 65 65 64 64 63 63 62 61 61 60 60 59 59 58 58 57 56 56 55 54 54 53 53    612
NOV  52 51 51 50 49 49 48 48 47 46 46 45 45 44 44 43 43 42 42 41 41 41 40 40 39 39 38 38 38 37       439
DEC  37 37 36 36 36 35 35 35 35 34 34 34 34 34 33 33 33 33 33 33 32 32 32 32 32 32 32 32 32 32 32    336
                                                                                                        
-------------------------------------------------------------------------------------------------       
 Average Temperature (deg F [tenths deg F for monthly])                                                 
 DAY  1  2  3  4  5  6  7  8  9 10 11 12 13 14 15 16 17 18 19 20 21 22 23 24 25 26 27 28 29 30 31  MONTH
-------------------------------------------------------------------------------------------------       
JAN  27 27 27 26 26 26 26 26 27 27 27 27 27 27 27 27 27 27 27 27 27 28 28 28 28 28 28 29 29 29 29    273
FEB  30 30 30 30 30 31 31 31 31 32 32 32 32 33 33 33 34 34 34 34 35 35 35 36 36 36 37 37             330
MAR  37 38 38 38 39 39 39 39 40 40 40 41 41 41 42 42 42 43 43 43 43 44 44 44 45 45 45 46 46 46 46    419
APR  47 47 47 48 48 48 48 49 49 49 50 50 50 50 51 51 51 52 52 52 52 53 53 53 54 54 54 55 55 55       509
MAY  55 56 56 56 57 57 57 57 58 58 58 58 59 59 59 60 60 60 60 60 61 61 61 61 62 62 62 62 63 63 63    594
JUN  63 63 64 64 64 64 65 65 65 65 65 66 66 66 66 66 67 67 67 67 68 68 68 68 69 69 69 69 69 70       664
JUL  70 70 70 71 71 71 71 71 72 72 72 72 72 72 73 73 73 73 73 73 73 73 74 74 74 74 74 74 74 74 74    725
AUG  74 74 74 74 74 74 74 74 74 74 74 74 74 74 73 73 73 73 73 72 72 72 72 71 71 71 71 70 70 69 69    726
SEP  69 68 68 68 67 67 66 66 66 65 65 64 64 64 63 63 63 62 62 61 61 61 60 60 59 59 59 58 58 57       631
OCT  57 57 56 56 56 55 55 54 54 53 53 53 52 52 51 51 51 50 50 49 49 48 48 48 47 47 46 46 45 45 44    509
NOV  44 43 43 43 42 42 41 41 40 40 40 39 39 38 38 37 37 37 36 36 36 35 35 35 34 34 33 33 33 33       379
DEC  32 32 32 31 31 31 30 30 30 30 29 29 29 29 29 28 28 28 28 28 28 28 27 27 27 27 27 27 27 27 27    288
                                                                                                        
-------------------------------------------------------------------------------------------------       
 Heating Degree Days                                                                                    
 DAY  1  2  3  4  5  6  7  8  9 10 11 12 13 14 15 16 17 18 19 20 21 22 23 24 25 26 27 28 29 30 31  MONTH
-------------------------------------------------------------------------------------------------       
JAN  38 38 38 39 39 39 39 38 38 38 38 38 38 38 38 38 38 38 38 38 38 37 37 37 37 37 37 36 36 36 36   1168
FEB  36 35 35 35 35 34 34 34 34 33 33 33 33 32 32 32 31 31 31 31 30 30 30 29 29 29 28 28             897
MAR  28 27 27 27 26 26 26 26 25 25 25 24 24 24 23 23 23 22 22 22 22 21 21 21 20 20 20 19 19 19 19    716
APR  18 18 18 18 17 17 17 16 16 16 16 15 15 15 14 14 14 13 13 13 13 12 12 12 11 11 11 10 10 10       425
MAY  10  9  9  9  8  8  8  8  7  7  7  7  6  6  6  6  6  6  5  5  5  5  5  5  4  4  4  4  4  4  4    191
JUN   4  4  3  3  3  3  3  3  3  3  3  3  3  3  2  2  2  2  2  2  2  2  2  2  2  2  2  1  1  1        73
JUL   1  1  1  1  1  1  1  1  1  1  1  1  1  1  1  1  0  0  0  0  0  0  0  0  0  0  0  0  0  0  0     16
AUG   0  0  0  0  0  0  0  0  0  0  0  0  0  0  0  0  0  0  0  1  1  1  1  1  1  1  1  1  1  1  1     12
SEP   1  2  2  2  2  2  2  2  3  3  3  3  3  4  4  4  4  4  5  5  5  5  6  6  6  7  7  7  8  8       125
OCT   8  9  9  9 10 10 10 11 11 12 12 12 13 13 14 14 14 15 15 16 16 17 17 17 18 18 19 19 20 20 21    439
NOV  21 22 22 22 23 23 24 24 25 25 25 26 26 27 27 27 28 28 29 29 29 30 30 30 31 31 32 32 32 33       813
DEC  33 33 33 34 34 34 35 35 35 35 36 36 36 36 36 37 37 37 37 37 37 37 38 38 38 38 38 38 38 38 38   1122
                                                                                                        
-------------------------------------------------------------------------------------------------       
 Cooling Degree Days                                                                                    
 DAY  1  2  3  4  5  6  7  8  9 10 11 12 13 14 15 16 17 18 19 20 21 22 23 24 25 26 27 28 29 30 31  MONTH
-------------------------------------------------------------------------------------------------       
JAN   0  0  0  0  0  0  0  0  0  0  0  0  0  0  0  0  0  0  0  0  0  0  0  0  0  0  0  0  0  0  0      0
FEB   0  0  0  0  0  0  0  0  0  0  0  0  0  0  0  0  0  0  0  0  0  0  0  0  0  0  0  0               0
MAR   0  0  0  0  0  0  0  0  0  0  0  0  0  0  0  0  0  0  0  0  0  0  0  0  0  0  0  0  0  0  0      0
APR   0  0  0  0  0  0  0  0  0  0  0  0  0  0  0  0  0  0  0  0  0  0  0  0  0  0  0  0  0  0         0
MAY   0  0  0  0  0  0  0  0  0  0  0  0  0  0  0  0  0  1  1  1  1  1  1  1  1  1  1  1  1  2  2     16
JUN   2  2  2  2  2  2  3  3  3  3  3  3  3  4  4  4  4  4  4  4  5  5  5  5  5  5  6  6  6  6       115
JUL   6  6  7  7  7  7  7  7  7  7  8  8  8  8  8  8  8  8  8  9  9  9  9  9  9  9  9  9  9  9  9    248
AUG   9  9  9  9  9  9  9  9  9  9  9  9  9  9  9  8  8  8  8  8  8  7  7  7  7  7  6  6  6  6  5    247
SEP   5  5  5  4  4  4  4  3  3  3  3  3  2  2  2  2  2  2  1  1  1  1  1  1  1  1  1  0  0  0        67
OCT   0  0  0  0  0  0  0  0  0  0  0  0  0  0  0  0  0  0  0  0  0  0  0  0  0  0  0  0  0  0  0      0
NOV   0  0  0  0  0  0  0  0  0  0  0  0  0  0  0  0  0  0  0  0  0  0  0  0  0  0  0  0  0  0         0
DEC   0  0  0  0  0  0  0  0  0  0  0  0  0  0  0  0  0  0  0  0  0  0  0  0  0  0  0  0  0  0  0      0
                                                                                                        
-------------------------------------------------------------------------------------------------       
 Total  Precipitation (Hundreths of an Inch)                                                            
 DAY  1  2  3  4  5  6  7  8  9 10 11 12 13 14 15 16 17 18 19 20 21 22 23 24 25 26 27 28 29 30 31  MONTH
-------------------------------------------------------------------------------------------------       
JAN   6  6  5  5  5  5  5  5  5  5  5  5  5  5  5  5  5  5  5  5  5  5  5  5  5  5  5  5  5  5  5    157
FEB   5  5  5  5  5  5  5  5  5  5  5  4  4  4  4  4  4  4  4  4  4  4  4  4  4  4  4  4             123
MAR   4  4  4  4  4  4  3  3  3  3  3  3  3  3  3  3  3  3  3  3  3  3  3  3  3  3  3  3  3  3  3     99
APR   3  3  3  3  3  3  3  3  3  2  2  2  2  2  2  2  2  2  2  2  2  2  2  2  2  2  2  2  2  3        70
MAY   2  2  2  2  2  2  2  2  2  2  2  3  3  3  3  3  3  3  3  3  3  3  3  3  3  3  3  3  3  3  3     82
JUN   3  3  3  3  3  3  3  3  3  3  3  3  3  3  3  3  3  3  3  3  3  2  2  2  2  2  2  2  2  2        81
JUL   2  2  2  2  2  2  2  1  1  1  1  1  1  1  1  1  1  1  1  1  1  1  1  1  1  1  1  1  1  1  1     38
AUG   1  1  1  1  1  1  1  1  1  1  1  1  1  1  1  1  1  1  2  2  2  2  2  2  2  2  2  2  2  2  2     44
SEP   2  2  2  2  2  2  2  2  2  2  2  2  2  2  2  2  1  1  1  1  1  1  1  1  1  1  1  1  1  1        46
OCT   1  1  1  1  1  1  1  1  1  1  1  1  2  2  2  2  2  2  2  2  2  2  2  3  3  3  3  3  3  3  4     59
NOV   4  4  4  4  4  5  5  5  5  5  5  5  5  5  6  6  6  6  6  6  6  6  6  6  6  6  6  6  6  6       161
DEC   6  6  6  6  6  6  6  6  6  6  6  6  6  6  6  6  6  6  6  5  5  5  5  5  5  5  5  5  5  5  5    174
                                                                                                        
