-------------------------------------------------------------------------------------------------       
 1971-2000 Daily/Monthly Station Normals                                                                
 Provided by National Climatic Data Center/NESDIS/NOAA                                                  
-------------------------------------------------------------------------------------------------       
 Station COOP ID:                           458207                                                      
 Station Name, State, Division, Call:       SUNNYSIDE                          WA 08                    
 Latitude, Longitude, Elevation, Elements:  46 19 25 -120 00 37   747 XNP                               
-------------------------------------------------------------------------------------------------       
 Minimum Temperature (deg F [tenths deg F for monthly])                                                 
 DAY  1  2  3  4  5  6  7  8  9 10 11 12 13 14 15 16 17 18 19 20 21 22 23 24 25 26 27 28 29 30 31  MONTH
-------------------------------------------------------------------------------------------------       
JAN  24 24 24 24 24 24 24 24 24 24 24 25 25 25 25 25 25 25 25 25 25 25 25 26 26 26 26 26 26 26 26    249
FEB  27 27 27 27 27 27 27 28 28 28 28 28 28 29 29 29 29 29 29 30 30 30 30 30 30 31 31 31             287
MAR  31 31 32 32 32 32 32 33 33 33 33 33 33 34 34 34 34 34 35 35 35 35 35 35 35 36 36 36 36 36 36    339
APR  37 37 37 37 37 37 37 38 38 38 38 38 39 39 39 39 39 40 40 40 40 40 41 41 41 41 42 42 42 42       392
MAY  43 43 43 43 44 44 44 44 45 45 45 45 46 46 46 46 46 47 47 47 47 48 48 48 48 48 49 49 49 49 50    462
JUN  50 50 50 50 50 51 51 51 51 51 52 52 52 52 52 53 53 53 53 53 53 54 54 54 54 54 54 55 55 55       524
JUL  55 55 55 55 55 56 56 56 56 56 56 56 56 56 56 56 56 57 57 57 57 57 57 57 57 57 57 57 57 57 57    563
AUG  57 57 57 57 57 56 56 56 56 56 56 56 56 56 55 55 55 55 55 55 54 54 54 54 54 53 53 53 53 52 52    550
SEP  52 51 51 51 51 50 50 50 49 49 49 48 48 48 47 47 47 46 46 46 45 45 45 44 44 44 43 43 42 42       471
OCT  42 41 41 41 40 40 40 39 39 39 38 38 38 38 37 37 37 36 36 36 36 36 35 35 35 35 35 34 34 34 34    373
NOV  34 34 33 33 33 33 33 33 32 32 32 32 32 32 31 31 31 31 31 30 30 30 30 29 29 29 29 28 28 28       311
DEC  28 28 27 27 27 27 26 26 26 26 26 26 25 25 25 25 25 25 25 25 24 24 24 24 24 24 24 24 24 24 24    253
                                                                                                        
-------------------------------------------------------------------------------------------------       
 Maximum Temperature (deg F [tenths deg F for monthly])                                                 
 DAY  1  2  3  4  5  6  7  8  9 10 11 12 13 14 15 16 17 18 19 20 21 22 23 24 25 26 27 28 29 30 31  MONTH
-------------------------------------------------------------------------------------------------       
JAN  38 38 38 38 38 38 38 39 39 39 39 39 39 39 39 40 40 40 40 40 41 41 41 41 41 42 42 42 42 43 43    399
FEB  43 44 44 44 45 45 45 45 46 46 46 47 47 47 48 48 49 49 49 50 50 50 51 51 52 52 52 53             478
MAR  53 54 54 54 55 55 56 56 56 57 57 57 58 58 58 59 59 59 60 60 60 60 61 61 61 61 62 62 62 62 63    584
APR  63 63 63 64 64 64 64 65 65 65 65 66 66 66 66 67 67 67 68 68 68 68 69 69 69 70 70 70 71 71       667
MAY  71 71 72 72 72 73 73 73 73 74 74 74 74 75 75 75 76 76 76 76 76 77 77 77 77 78 78 78 78 78 79    751
JUN  79 79 79 79 80 80 80 80 80 81 81 81 81 82 82 82 82 83 83 83 83 84 84 84 84 85 85 85 86 86       821
JUL  86 87 87 87 87 88 88 88 88 89 89 89 89 89 90 90 90 90 90 90 90 91 91 91 91 91 91 91 91 91 91    894
AUG  91 91 91 91 91 91 91 91 90 90 90 90 90 90 90 89 89 89 89 89 88 88 88 88 87 87 87 86 86 86 85    890
SEP  85 85 84 84 84 83 83 83 82 82 82 81 81 80 80 80 79 79 79 78 78 78 77 77 76 76 76 75 75 75       799
OCT  74 74 73 73 73 72 72 71 71 71 70 70 69 69 68 68 67 67 66 66 65 64 64 63 63 62 61 61 60 60 59    673
NOV  58 58 57 56 56 55 55 54 53 53 52 52 51 51 50 50 49 49 48 48 47 47 46 46 46 45 45 44 44 44       503
DEC  43 43 43 42 42 42 41 41 41 40 40 40 40 40 39 39 39 39 39 39 39 38 38 38 38 38 38 38 38 38 38    397
                                                                                                        
-------------------------------------------------------------------------------------------------       
 Average Temperature (deg F [tenths deg F for monthly])                                                 
 DAY  1  2  3  4  5  6  7  8  9 10 11 12 13 14 15 16 17 18 19 20 21 22 23 24 25 26 27 28 29 30 31  MONTH
-------------------------------------------------------------------------------------------------       
JAN  31 31 31 31 31 31 31 31 31 32 32 32 32 32 32 32 32 32 33 33 33 33 33 33 34 34 34 34 34 34 35    324
FEB  35 35 35 36 36 36 36 37 37 37 37 38 38 38 38 39 39 39 39 40 40 40 40 41 41 41 42 42             383
MAR  42 43 43 43 43 44 44 44 45 45 45 45 46 46 46 46 47 47 47 47 47 48 48 48 48 49 49 49 49 49 50    462
APR  50 50 50 50 51 51 51 51 51 52 52 52 52 53 53 53 53 53 54 54 54 54 55 55 55 56 56 56 56 57       530
MAY  57 57 57 58 58 58 59 59 59 59 60 60 60 60 61 61 61 61 62 62 62 62 62 63 63 63 63 63 64 64 64    607
JUN  64 64 65 65 65 65 65 66 66 66 66 67 67 67 67 67 68 68 68 68 68 69 69 69 69 70 70 70 70 71       673
JUL  71 71 71 71 71 72 72 72 72 72 73 73 73 73 73 73 73 73 73 74 74 74 74 74 74 74 74 74 74 74 74    729
AUG  74 74 74 74 74 74 73 73 73 73 73 73 73 73 73 72 72 72 72 72 71 71 71 71 70 70 70 70 69 69 69    720
SEP  68 68 68 67 67 67 67 66 66 65 65 65 64 64 64 63 63 63 62 62 62 61 61 61 60 60 60 59 59 58       635
OCT  58 58 57 57 57 56 56 55 55 55 54 54 53 53 53 52 52 52 51 51 50 50 50 49 49 48 48 48 47 47 46    523
NOV  46 46 45 45 44 44 44 43 43 43 42 42 42 41 41 40 40 40 39 39 39 38 38 38 37 37 37 36 36 36       407
DEC  35 35 35 35 34 34 34 34 33 33 33 33 33 32 32 32 32 32 32 32 32 31 31 31 31 31 31 31 31 31 31    325
                                                                                                        
-------------------------------------------------------------------------------------------------       
 Heating Degree Days                                                                                    
 DAY  1  2  3  4  5  6  7  8  9 10 11 12 13 14 15 16 17 18 19 20 21 22 23 24 25 26 27 28 29 30 31  MONTH
-------------------------------------------------------------------------------------------------       
JAN  34 34 34 34 34 34 34 34 34 33 33 33 33 33 33 33 33 33 32 32 32 32 32 32 31 31 31 31 31 31 30   1011
FEB  30 30 30 29 29 29 29 29 28 28 28 28 27 27 27 26 26 26 26 25 25 25 25 24 24 24 23 23             750
MAR  23 23 22 22 22 21 21 21 21 20 20 20 19 19 19 19 18 18 18 18 18 17 17 17 17 16 16 16 16 16 15    585
APR  15 15 15 15 14 14 14 14 14 13 13 13 13 13 12 12 12 12 11 11 11 11 10 10 10 10 10  9  9  9       364
MAY   8  8  8  8  7  7  7  7  7  6  6  6  6  6  5  5  5  5  5  5  4  4  4  4  4  4  4  3  3  3  3    167
JUN   3  3  3  3  3  2  2  2  2  2  2  2  2  2  2  2  2  2  1  1  1  1  1  1  1  1  1  1  1  1        53
JUL   1  1  1  1  1  1  1  1  1  1  1  1  0  0  0  0  0  0  0  0  0  0  0  0  0  0  0  0  0  0  0     12
AUG   0  0  0  0  0  0  0  0  0  0  0  0  0  0  0  0  0  0  0  0  0  1  1  1  1  1  1  1  1  1  1     10
SEP   1  2  2  2  2  2  2  2  3  3  3  3  3  3  4  4  4  4  5  5  5  5  5  6  6  6  7  7  7  7       120
OCT   8  8  8  9  9  9 10 10 10 10 11 11 11 12 12 13 13 13 14 14 14 15 15 16 16 16 17 17 18 18 18    395
NOV  19 19 20 20 20 21 21 22 22 22 23 23 24 24 24 25 25 25 26 26 26 27 27 27 28 28 28 29 29 29       729
DEC  30 30 30 30 31 31 31 31 32 32 32 32 32 33 33 33 33 33 33 33 34 34 34 34 34 34 34 34 34 34 34   1009
                                                                                                        
-------------------------------------------------------------------------------------------------       
 Cooling Degree Days                                                                                    
 DAY  1  2  3  4  5  6  7  8  9 10 11 12 13 14 15 16 17 18 19 20 21 22 23 24 25 26 27 28 29 30 31  MONTH
-------------------------------------------------------------------------------------------------       
JAN   0  0  0  0  0  0  0  0  0  0  0  0  0  0  0  0  0  0  0  0  0  0  0  0  0  0  0  0  0  0  0      0
FEB   0  0  0  0  0  0  0  0  0  0  0  0  0  0  0  0  0  0  0  0  0  0  0  0  0  0  0  0               0
MAR   0  0  0  0  0  0  0  0  0  0  0  0  0  0  0  0  0  0  0  0  0  0  0  0  0  0  0  0  0  0  0      0
APR   0  0  0  0  0  0  0  0  0  0  0  0  0  0  0  0  0  0  0  0  0  0  0  0  0  0  0-99-99-99         3
MAY   0  0  0  0  0  0  0  1  1  1  1  1  1  1  1  1  1  1  1  1  1  1  1  1  2  2  2  2  2  2  2     31
JUN   2  2  2  3  3  3  3  3  3  3  3  3  4  4  4  4  4  4  4  5  5  5  5  5  5  6  6  6  6  6       121
JUL   6  7  7  7  7  7  8  8  8  8  8  8  8  8  8  8  9  9  9  9  9  9  9  9  9  9  9  9  9  9  9    256
AUG   9  9  9  9  9  8  8  8  8  8  8  8  8  8  8  8  7  7  7  7  7  7  7  6  6  6  6  6  5  5  5    227
SEP   5  5  4  4  4  4  4  4  3  3  3  3  3  3  2  2  2  2  2  2  2  1  1  1  1  1  1  1  1  1        75
OCT   1  0  0  0  0  0  0  0  0  0  0  0  0  0  0  0  0  0  0  0  0  0  0  0  0  0  0  0  0  0  0      1
NOV   0  0  0  0  0  0  0  0  0  0  0  0  0  0  0  0  0  0  0  0  0  0  0  0  0  0  0  0  0  0         0
DEC   0  0  0  0  0  0  0  0  0  0  0  0  0  0  0  0  0  0  0  0  0  0  0  0  0  0  0  0  0  0  0      0
                                                                                                        
-------------------------------------------------------------------------------------------------       
 Total  Precipitation (Hundreths of an Inch)                                                            
 DAY  1  2  3  4  5  6  7  8  9 10 11 12 13 14 15 16 17 18 19 20 21 22 23 24 25 26 27 28 29 30 31  MONTH
-------------------------------------------------------------------------------------------------       
JAN   3  3  3  3  3  3  3  3  3  3  3  3  3  3  3  3  3  3  3  3  3  3  3  3  3  3  2  2  2  2  2     88
FEB   3  3  3  3  2  2  2  2  2  2  2  2  2  2  2  2  2  2  2  2  2  2  2  2  2  2  2  2              60
MAR   2  2  2  2  2  2  2  2  2  2  2  2  2  2  2  2  2  2  2  2  2  2  2  2  2  2  2  2  2  2  2     62
APR   2  2  2  2  2  2  2  2  2  2  2  2  2  2  1  1  1  1  1  1  1  1  1  2  2  2  2  2  2  2        51
MAY   1  1  1  2  2  2  2  2  2  2  2  2  2  2  2  2  2  2  2  2  2  2  2  2  2  2  2  1  1  1  1     55
JUN   2  2  2  2  2  2  2  2  2  2  2  2  1  1  1  1  1  1  1  1  1  1  1  1  1  1  1  1  1  1        42
JUL   1  1  1  1  1  1  1  1  1  1  1  1  1  1  1  0  0  0  0  0  0  0  0  0  0  0  0  1  1  1  1     19
AUG   0  1  1  1  1  1  1  1  1  1  1  1  1  1  1  1  1  1  1  1  1  1  1  1  1  1  1  1  1  1  1     30
SEP   1  1  1  1  1  1  1  1  1  1  2  2  2  2  2  2  2  2  2  2  2  2  2  2  2  2  2  1  1  1        47
OCT   2  2  1  1  1  1  1  1  1  1  1  2  2  2  2  2  2  2  2  2  2  2  2  2  2  2  2  2  2  2  2     53
NOV   2  2  3  3  3  3  3  3  3  3  3  3  3  3  3  3  3  3  3  3  3  3  4  4  4  4  4  4  4  4        96
DEC   4  4  4  4  4  4  4  4  4  4  4  4  4  4  4  4  4  4  4  4  4  4  4  3  3  3  3  3  3  3  3    116
                                                                                                        
