-------------------------------------------------------------------------------------------------       
 1971-2000 Daily/Monthly Station Normals                                                                
 Provided by National Climatic Data Center/NESDIS/NOAA                                                  
-------------------------------------------------------------------------------------------------       
 Station COOP ID:                           455224                                                      
 Station Name, State, Division, Call:       MC MILLIN RESERVOIR                WA 03                    
 Latitude, Longitude, Elevation, Elements:  47 08 00 -122 16 00   579 XNP                               
-------------------------------------------------------------------------------------------------       
 Minimum Temperature (deg F [tenths deg F for monthly])                                                 
 DAY  1  2  3  4  5  6  7  8  9 10 11 12 13 14 15 16 17 18 19 20 21 22 23 24 25 26 27 28 29 30 31  MONTH
-------------------------------------------------------------------------------------------------       
JAN  31 31 31 31 31 31 31 31 31 32 32 32 32 32 32 32 32 32 32 32 32 32 32 32 32 32 32 32 32 32 32    317
FEB  32 32 32 33 33 33 33 33 33 33 33 33 33 33 33 33 33 33 33 34 34 34 34 34 34 34 34 34             332
MAR  34 34 34 35 35 35 35 35 35 35 35 35 35 35 35 35 36 36 36 36 36 36 36 36 36 36 36 36 36 36 37    354
APR  37 37 37 37 37 37 37 37 37 37 38 38 38 38 38 38 38 38 39 39 39 39 39 39 40 40 40 40 40 41       383
MAY  41 41 41 41 42 42 42 42 42 43 43 43 43 43 43 44 44 44 44 44 44 45 45 45 45 45 45 45 46 46 46    435
JUN  46 46 46 46 47 47 47 47 47 47 47 47 48 48 48 48 48 48 48 48 49 49 49 49 49 49 49 50 50 50       479
JUL  50 50 50 50 50 50 51 51 51 51 51 51 51 51 51 51 51 51 51 52 52 52 52 52 52 52 52 52 52 52 52    512
AUG  52 52 52 52 52 52 52 52 52 52 52 52 52 52 52 52 52 51 51 51 51 51 51 51 51 51 50 50 50 50 50    514
SEP  50 50 49 49 49 49 49 48 48 48 48 48 47 47 47 47 47 46 46 46 46 46 45 45 45 45 45 44 44 44       469
OCT  44 43 43 43 43 43 42 42 42 42 42 41 41 41 41 41 40 40 40 40 40 40 39 39 39 39 39 39 38 38 38    407
NOV  38 38 38 38 38 37 37 37 37 37 37 37 36 36 36 36 36 36 35 35 35 35 35 35 35 34 34 34 34 34       360
DEC  34 33 33 33 33 33 33 33 33 32 32 32 32 32 32 32 32 32 32 32 32 31 31 31 31 31 31 31 31 31 31    320
                                                                                                        
-------------------------------------------------------------------------------------------------       
 Maximum Temperature (deg F [tenths deg F for monthly])                                                 
 DAY  1  2  3  4  5  6  7  8  9 10 11 12 13 14 15 16 17 18 19 20 21 22 23 24 25 26 27 28 29 30 31  MONTH
-------------------------------------------------------------------------------------------------       
JAN  43 43 44 44 44 44 44 44 44 44 44 44 44 44 44 44 44 45 45 45 45 45 45 45 45 45 45 46 46 46 46    445
FEB  46 46 46 47 47 47 47 47 47 47 48 48 48 48 48 48 48 48 49 49 49 49 49 49 49 50 50 50             480
MAR  50 50 50 50 51 51 51 51 51 51 52 52 52 52 52 52 52 53 53 53 53 53 53 54 54 54 54 54 54 54 55    523
APR  55 55 55 55 55 56 56 56 56 56 56 57 57 57 57 57 58 58 58 58 58 59 59 59 59 60 60 60 60 60       574
MAY  61 61 61 61 61 62 62 62 62 63 63 63 63 63 64 64 64 64 64 64 65 65 65 65 65 65 66 66 66 66 66    636
JUN  66 66 67 67 67 67 67 67 67 68 68 68 68 68 68 69 69 69 69 69 70 70 70 70 71 71 71 71 71 72       687
JUL  72 72 72 73 73 73 73 73 74 74 74 74 74 74 75 75 75 75 75 75 75 75 76 76 76 76 76 76 76 76 76    745
AUG  76 76 76 76 76 76 76 76 76 76 76 76 76 76 76 76 75 75 75 75 75 75 75 75 75 74 74 74 74 74 73    753
SEP  73 73 73 73 72 72 72 72 71 71 71 71 70 70 70 70 69 69 69 68 68 68 67 67 67 67 66 66 65 65       695
OCT  65 64 64 64 63 63 63 62 62 61 61 61 60 60 60 59 59 59 58 58 57 57 57 56 56 56 55 55 55 54 54    593
NOV  54 53 53 53 52 52 52 51 51 51 50 50 50 50 49 49 49 49 48 48 48 48 47 47 47 47 46 46 46 46       494
DEC  46 46 45 45 45 45 45 45 45 44 44 44 44 44 44 44 44 44 44 44 44 44 43 43 43 43 43 43 43 43 44    441
                                                                                                        
-------------------------------------------------------------------------------------------------       
 Average Temperature (deg F [tenths deg F for monthly])                                                 
 DAY  1  2  3  4  5  6  7  8  9 10 11 12 13 14 15 16 17 18 19 20 21 22 23 24 25 26 27 28 29 30 31  MONTH
-------------------------------------------------------------------------------------------------       
JAN  37 37 37 37 37 38 38 38 38 38 38 38 38 38 38 38 38 38 38 38 38 38 38 39 39 39 39 39 39 39 39    381
FEB  39 39 39 40 40 40 40 40 40 40 40 40 40 41 41 41 41 41 41 41 41 41 41 42 42 42 42 42             406
MAR  42 42 42 43 43 43 43 43 43 43 43 43 44 44 44 44 44 44 44 44 44 45 45 45 45 45 45 45 45 45 46    439
APR  46 46 46 46 46 46 46 47 47 47 47 47 47 48 48 48 48 48 48 49 49 49 49 49 49 50 50 50 50 51       479
MAY  51 51 51 51 52 52 52 52 52 53 53 53 53 53 54 54 54 54 54 54 55 55 55 55 55 55 55 56 56 56 56    536
JUN  56 56 56 57 57 57 57 57 57 57 58 58 58 58 58 58 58 59 59 59 59 59 59 60 60 60 60 60 61 61       583
JUL  61 61 61 61 62 62 62 62 62 62 63 63 63 63 63 63 63 63 63 63 64 64 64 64 64 64 64 64 64 64 64    629
AUG  64 64 64 64 64 64 64 64 64 64 64 64 64 64 64 64 64 63 63 63 63 63 63 63 63 63 62 62 62 62 62    634
SEP  62 61 61 61 61 61 60 60 60 60 59 59 59 59 58 58 58 58 57 57 57 57 56 56 56 56 55 55 55 54       582
OCT  54 54 54 53 53 53 52 52 52 52 51 51 51 50 50 50 50 49 49 49 49 48 48 48 48 47 47 47 47 46 46    500
NOV  46 46 45 45 45 45 44 44 44 44 44 43 43 43 43 42 42 42 42 42 42 41 41 41 41 41 40 40 40 40       427
DEC  40 40 39 39 39 39 39 39 39 38 38 38 38 38 38 38 38 38 38 38 38 38 37 37 37 37 37 37 37 37 37    381
                                                                                                        
-------------------------------------------------------------------------------------------------       
 Heating Degree Days                                                                                    
 DAY  1  2  3  4  5  6  7  8  9 10 11 12 13 14 15 16 17 18 19 20 21 22 23 24 25 26 27 28 29 30 31  MONTH
-------------------------------------------------------------------------------------------------       
JAN  28 28 28 28 28 27 27 27 27 27 27 27 27 27 27 27 27 27 27 27 27 27 27 26 26 26 26 26 26 26 26    834
FEB  26 26 26 25 25 25 25 25 25 25 25 25 25 25 24 24 24 24 24 24 24 24 24 23 23 23 23 23             684
MAR  23 23 23 23 22 22 22 22 22 22 22 22 21 21 21 21 21 21 21 21 21 20 20 20 20 20 20 20 20 20 19    656
APR  19 19 19 19 19 19 19 18 18 18 18 18 18 17 17 17 17 17 17 16 16 16 16 16 16 15 15 15 15 15       514
MAY  14 14 14 14 13 13 13 13 13 13 12 12 12 12 12 11 11 11 11 11 11 10 10 10 10 10 10  9  9  9  9    356
JUN   9  9  9  8  8  8  8  8  8  8  8  7  7  7  7  7  7  7  6  6  6  6  6  6  6  5  5  5  5  5       207
JUL   5  5  4  4  4  4  4  4  4  4  4  3  3  3  3  3  3  3  3  3  3  3  3  3  3  3  3  2  2  2  2    102
AUG   2  2  2  2  2  2  2  2  3  3  3  3  3  3  3  3  3  3  3  3  3  3  3  3  4  4  4  4  4  4  4     92
SEP   4  4  5  5  5  5  5  5  6  6  6  6  6  7  7  7  7  7  8  8  8  8  9  9  9  9 10 10 10 11       212
OCT  11 11 11 12 12 12 13 13 13 13 14 14 14 15 15 15 15 16 16 16 16 17 17 17 17 18 18 18 18 19 19    465
NOV  19 19 20 20 20 20 21 21 21 21 21 22 22 22 22 22 23 23 23 23 24 24 24 24 24 24 25 25 25 25       669
DEC  25 25 26 26 26 26 26 26 26 27 27 27 27 27 27 27 27 27 27 27 27 27 28 28 28 28 28 28 28 28 28    835
                                                                                                        
-------------------------------------------------------------------------------------------------       
 Cooling Degree Days                                                                                    
 DAY  1  2  3  4  5  6  7  8  9 10 11 12 13 14 15 16 17 18 19 20 21 22 23 24 25 26 27 28 29 30 31  MONTH
-------------------------------------------------------------------------------------------------       
JAN   0  0  0  0  0  0  0  0  0  0  0  0  0  0  0  0  0  0  0  0  0  0  0  0  0  0  0  0  0  0  0      0
FEB   0  0  0  0  0  0  0  0  0  0  0  0  0  0  0  0  0  0  0  0  0  0  0  0  0  0  0  0               0
MAR   0  0  0  0  0  0  0  0  0  0  0  0  0  0  0  0  0  0  0  0  0  0  0  0  0  0  0  0  0  0  0      0
APR   0  0  0  0  0  0  0  0  0  0  0  0  0  0  0  0  0  0  0  0  0  0  0  0  0  0  0  0  0  0         0
MAY   0  0  0  0  0  0  0  0  0  0  0  0  0  0  0  0  0  0  0  0  0  0  0  0  0  0  0  0  0  0  0      0
JUN   0  0  0  0  0  0  0  0  0  0  0  0  0  0  0  0  0  0  0  0  0  0  0  0  1  1  1  1  1  1         6
JUL   1  1  1  1  1  1  1  1  1  1  1  1  1  1  1  1  1  1  1  1  1  1  1  1  1  1  2  2  2  2  2     36
AUG   2  2  2  2  2  2  2  2  2  2  2  1  1  1  1  1  1  1  1  1  1  1  1  1  1  1  1  1  1  1  1     42
SEP   1  1  1  1  1  1  1  1  1  0  0  0  0  0  0  0  0  0  0  0  0  0  0  0  0  0  0  0  0  0         9
OCT   0  0  0  0  0  0  0  0  0  0  0  0  0  0  0  0  0  0  0  0  0  0  0  0  0  0  0  0  0  0  0      0
NOV   0  0  0  0  0  0  0  0  0  0  0  0  0  0  0  0  0  0  0  0  0  0  0  0  0  0  0  0  0  0         0
DEC   0  0  0  0  0  0  0  0  0  0  0  0  0  0  0  0  0  0  0  0  0  0  0  0  0  0  0  0  0  0  0      0
                                                                                                        
-------------------------------------------------------------------------------------------------       
 Total  Precipitation (Hundreths of an Inch)                                                            
 DAY  1  2  3  4  5  6  7  8  9 10 11 12 13 14 15 16 17 18 19 20 21 22 23 24 25 26 27 28 29 30 31  MONTH
-------------------------------------------------------------------------------------------------       
JAN  18 18 18 18 18 18 18 18 18 18 18 18 18 18 18 18 18 18 18 18 18 18 18 18 18 18 18 17 17 17 17    554
FEB  18 18 17 17 17 17 17 17 17 17 17 17 17 17 17 17 17 17 16 16 16 16 16 16 16 16 16 16             468
MAR  16 15 15 15 15 15 15 15 15 15 15 14 14 14 14 14 14 14 14 14 14 14 14 13 13 13 13 13 13 13 13    438
APR  13 13 13 13 13 12 12 12 12 12 12 12 12 12 12 12 11 11 11 11 11 11 11 11 10 10 10 10 10 10       345
MAY  10 10 10  9  9  9  9  9  9  9  9  9  9  8  8  8  8  8  8  8  8  8  8  8  8  8  8  8  8  8  8    264
JUN   8  8  8  8  8  8  8  8  8  8  8  8  8  8  8  7  7  7  7  7  7  7  7  7  6  6  6  6  6  6       219
JUL   5  5  5  5  5  5  5  4  4  4  4  4  4  4  4  4  3  3  3  3  3  3  3  3  3  3  3  3  3  3  3    116
AUG   3  3  3  3  3  3  3  3  3  4  4  4  4  4  4  4  4  4  4  4  4  4  4  5  5  5  5  5  5  5  5    123
SEP   5  6  6  6  6  6  6  6  6  6  6  7  7  7  7  7  7  7  7  7  7  7  7  7  7  7  7  7  8  8       200
OCT   8  8  8  8  8  8  8  8  8  9  9  9  9 10 10 10 11 11 11 12 12 12 13 13 14 14 15 15 16 16 17    340
NOV  18 18 19 19 20 20 20 21 21 22 22 22 22 23 23 23 23 23 23 23 23 23 23 23 23 23 23 23 22 22       653
DEC  22 21 21 21 21 21 20 20 20 20 19 19 19 19 19 19 19 18 18 18 18 18 18 18 18 18 18 18 18 18 18    592
                                                                                                        
