-------------------------------------------------------------------------------------------------       
 1971-2000 Daily/Monthly Station Normals                                                                
 Provided by National Climatic Data Center/NESDIS/NOAA                                                  
-------------------------------------------------------------------------------------------------       
 Station COOP ID:                           455844                                                      
 Station Name, State, Division, Call:       NEWPORT                            WA 09                    
 Latitude, Longitude, Elevation, Elements:  48 11 02 -117 02 50  2135 XNP                               
-------------------------------------------------------------------------------------------------       
 Minimum Temperature (deg F [tenths deg F for monthly])                                                 
 DAY  1  2  3  4  5  6  7  8  9 10 11 12 13 14 15 16 17 18 19 20 21 22 23 24 25 26 27 28 29 30 31  MONTH
-------------------------------------------------------------------------------------------------       
JAN  19 19 19 19 19 19 20 20 20 20 20 20 20 20 20 20 20 20 20 20 20 20 20 20 20 21 21 21 21 21 21    200
FEB  21 21 21 22 22 22 22 22 22 22 22 23 23 23 23 23 23 23 23 23 24 24 24 24 24 24 24 24             228
MAR  25 25 25 25 25 25 25 25 26 26 26 26 26 26 26 26 27 27 27 27 27 27 27 28 28 28 28 28 28 28 29    265
APR  29 29 29 29 29 29 30 30 30 30 30 31 31 31 31 31 32 32 32 32 32 33 33 33 33 34 34 34 34 35       314
MAY  35 35 35 36 36 36 37 37 37 37 37 38 38 38 38 39 39 39 39 40 40 40 40 41 41 41 41 41 42 42 42    386
JUN  42 42 43 43 43 43 43 44 44 44 44 44 44 45 45 45 45 45 45 45 46 46 46 46 46 46 46 47 47 47       447
JUL  47 47 47 47 47 48 48 48 48 48 48 48 48 48 48 48 48 48 48 48 48 48 49 49 49 49 49 49 49 49 48    481
AUG  49 49 48 48 48 48 48 48 48 48 48 48 48 47 47 47 47 47 47 46 46 46 46 45 45 45 45 44 44 44 44    467
SEP  43 43 43 42 42 42 42 41 41 41 40 40 40 40 39 39 39 38 38 38 38 37 37 37 37 36 36 36 36 35       392
OCT  35 35 35 35 34 34 34 34 34 33 33 33 33 33 32 32 32 32 32 32 32 31 31 31 31 31 31 31 31 30 30    325
NOV  30 30 30 30 30 30 30 29 29 29 29 29 29 28 28 28 28 28 27 27 27 27 27 26 26 26 25 25 25 25       279
DEC  24 24 24 23 23 23 23 22 22 22 22 21 21 21 21 21 21 20 20 20 20 20 20 20 20 20 20 20 20 20 19    212
                                                                                                        
-------------------------------------------------------------------------------------------------       
 Maximum Temperature (deg F [tenths deg F for monthly])                                                 
 DAY  1  2  3  4  5  6  7  8  9 10 11 12 13 14 15 16 17 18 19 20 21 22 23 24 25 26 27 28 29 30 31  MONTH
-------------------------------------------------------------------------------------------------       
JAN  32 32 32 32 32 32 32 32 32 32 32 32 33 33 33 33 33 33 33 33 33 34 34 34 34 34 35 35 35 35 35    331
FEB  36 36 36 36 37 37 37 37 38 38 38 39 39 39 40 40 40 40 41 41 41 42 42 42 43 43 44 44             395
MAR  44 45 45 45 46 46 47 47 47 48 48 48 49 49 49 50 50 51 51 51 52 52 52 53 53 53 54 54 55 55 55    498
APR  56 56 56 57 57 57 58 58 58 59 59 59 60 60 60 61 61 61 62 62 62 63 63 63 64 64 64 65 65 65       605
MAY  65 66 66 66 67 67 67 67 68 68 68 69 69 69 69 70 70 70 70 70 71 71 71 71 72 72 72 72 72 73 73    694
JUN  73 73 73 74 74 74 74 74 75 75 75 75 75 76 76 76 77 77 77 77 78 78 78 78 79 79 79 80 80 80       763
JUL  81 81 81 81 82 82 82 83 83 83 83 84 84 84 84 84 84 85 85 85 85 85 85 85 85 85 86 86 86 86 86    839
AUG  86 86 86 86 86 86 86 85 85 85 85 85 85 85 85 84 84 84 84 84 83 83 83 82 82 82 82 81 81 80 80    839
SEP  80 79 79 79 78 78 77 77 77 76 76 75 75 74 74 74 73 73 72 72 71 71 70 70 69 69 68 68 67 67       736
OCT  67 66 66 65 64 64 63 63 62 62 61 61 60 60 59 58 58 57 57 56 55 55 54 53 53 52 51 51 50 49 49    581
NOV  48 47 47 46 45 45 44 44 43 43 42 42 41 41 40 40 39 39 38 38 38 37 37 37 36 36 36 36 35 35       405
DEC  35 35 35 34 34 34 34 34 34 33 33 33 33 33 33 33 33 33 33 32 32 32 32 32 32 32 32 32 32 32 32    330
                                                                                                        
-------------------------------------------------------------------------------------------------       
 Average Temperature (deg F [tenths deg F for monthly])                                                 
 DAY  1  2  3  4  5  6  7  8  9 10 11 12 13 14 15 16 17 18 19 20 21 22 23 24 25 26 27 28 29 30 31  MONTH
-------------------------------------------------------------------------------------------------       
JAN  26 26 26 26 26 26 26 26 26 26 26 26 26 26 26 26 26 27 27 27 27 27 27 27 27 27 28 28 28 28 28    266
FEB  28 29 29 29 29 29 30 30 30 30 30 31 31 31 31 31 32 32 32 32 33 33 33 33 34 34 34 34             312
MAR  35 35 35 35 36 36 36 36 36 37 37 37 37 38 38 38 38 39 39 39 39 40 40 40 40 41 41 41 41 42 42    382
APR  42 42 43 43 43 43 44 44 44 45 45 45 45 46 46 46 46 47 47 47 47 48 48 48 49 49 49 49 50 50       460
MAY  50 51 51 51 51 52 52 52 52 53 53 53 53 54 54 54 54 55 55 55 55 55 56 56 56 56 57 57 57 57 57    540
JUN  58 58 58 58 58 58 59 59 59 59 60 60 60 60 60 61 61 61 61 61 62 62 62 62 62 63 63 63 63 64       605
JUL  64 64 64 64 65 65 65 65 65 65 66 66 66 66 66 66 66 67 67 67 67 67 67 67 67 67 67 67 67 67 67    660
AUG  67 67 67 67 67 67 67 67 67 67 66 66 66 66 66 66 66 65 65 65 65 64 64 64 64 63 63 63 63 62 62    653
SEP  62 61 61 60 60 60 59 59 59 58 58 58 57 57 57 56 56 56 55 55 54 54 54 53 53 53 52 52 52 51       564
OCT  51 50 50 50 49 49 49 48 48 48 47 47 46 46 46 45 45 45 44 44 43 43 43 42 42 42 41 41 40 40 40    453
NOV  39 39 38 38 38 37 37 37 36 36 36 35 35 34 34 34 34 33 33 33 32 32 32 31 31 31 31 30 30 30       342
DEC  30 29 29 29 29 28 28 28 28 28 27 27 27 27 27 27 27 27 26 26 26 26 26 26 26 26 26 26 26 26 26    271
                                                                                                        
-------------------------------------------------------------------------------------------------       
 Heating Degree Days                                                                                    
 DAY  1  2  3  4  5  6  7  8  9 10 11 12 13 14 15 16 17 18 19 20 21 22 23 24 25 26 27 28 29 30 31  MONTH
-------------------------------------------------------------------------------------------------       
JAN  39 39 39 39 39 39 39 39 39 39 39 39 39 39 39 39 39 39 39 38 38 38 38 38 38 38 38 37 37 37 37   1193
FEB  37 36 36 36 36 36 35 35 35 35 35 34 34 34 34 34 33 33 33 33 32 32 32 32 32 31 31 31             947
MAR  30 30 30 30 30 29 29 29 29 28 28 28 28 27 27 27 27 26 26 26 26 25 25 25 25 24 24 24 24 23 23    832
APR  23 23 22 22 22 22 21 21 21 21 20 20 20 19 19 19 19 18 18 18 18 17 17 17 16 16 16 16 15 15       571
MAY  15 15 14 14 14 13 13 13 13 12 12 12 12 11 11 11 11 10 10 10 10 10  9  9  9  9  9  8  8  8  8    343
JUN   8  7  7  7  7  7  7  6  6  6  6  6  6  6  5  5  5  5  5  5  5  5  4  4  4  4  4  4  4  4       164
JUL   3  3  3  3  3  3  3  3  3  3  3  2  2  2  2  2  2  2  2  2  2  2  2  2  2  2  2  2  2  2  1     72
AUG   1  1  1  1  1  1  1  2  2  2  2  2  2  2  2  2  2  2  3  3  3  3  3  3  4  4  4  4  4  5  5     77
SEP   5  5  6  6  6  6  7  7  7  8  8  8  8  9  9  9 10 10 10 11 11 11 12 12 12 12 13 13 14 14       279
OCT  14 15 15 15 16 16 16 17 17 18 18 18 19 19 19 20 20 20 21 21 22 22 22 23 23 23 24 24 25 25 25    612
NOV  26 26 27 27 27 28 28 28 29 29 29 30 30 31 31 31 31 32 32 32 33 33 33 34 34 34 34 35 35 35       924
DEC  35 36 36 36 36 37 37 37 37 37 38 38 38 38 38 38 38 38 39 39 39 39 39 39 39 39 39 39 39 39 39   1175
                                                                                                        
-------------------------------------------------------------------------------------------------       
 Cooling Degree Days                                                                                    
 DAY  1  2  3  4  5  6  7  8  9 10 11 12 13 14 15 16 17 18 19 20 21 22 23 24 25 26 27 28 29 30 31  MONTH
-------------------------------------------------------------------------------------------------       
JAN   0  0  0  0  0  0  0  0  0  0  0  0  0  0  0  0  0  0  0  0  0  0  0  0  0  0  0  0  0  0  0      0
FEB   0  0  0  0  0  0  0  0  0  0  0  0  0  0  0  0  0  0  0  0  0  0  0  0  0  0  0  0               0
MAR   0  0  0  0  0  0  0  0  0  0  0  0  0  0  0  0  0  0  0  0  0  0  0  0  0  0  0  0  0  0  0      0
APR   0  0  0  0  0  0  0  0  0  0  0  0  0  0  0  0  0  0  0  0  0  0  0  0  0  0  0  0  0  0         0
MAY   0  0  0  0  0  0  0  0  0  0  0  0  0  0  0  0  0  0  0  0  0  0  0  0  0  0  0  0  0-99-99      2
JUN   0  0  0  0  0  0  0  0  0  1  1  1  1  1  1  1  1  1  1  1  1  1  1  2  2  2  2  2  2  2        28
JUL   2  2  2  2  3  3  3  3  3  3  3  3  3  3  3  3  3  3  4  4  4  4  4  4  4  4  4  4  4  4  4    102
AUG   4  4  4  3  3  3  3  3  3  3  3  3  3  3  3  3  3  3  3  3  3  3  2  2  2  2  2  2  2  2  2     87
SEP   2  2  2  1  1  1  1  1  1  1  1  1  1  1  1  1  1  1  0  0  0  0  0  0  0  0  0  0  0  0        21
OCT   0  0  0  0  0  0  0  0  0  0  0  0  0  0  0  0  0  0  0  0  0  0  0  0  0  0  0  0  0  0  0      0
NOV   0  0  0  0  0  0  0  0  0  0  0  0  0  0  0  0  0  0  0  0  0  0  0  0  0  0  0  0  0  0         0
DEC   0  0  0  0  0  0  0  0  0  0  0  0  0  0  0  0  0  0  0  0  0  0  0  0  0  0  0  0  0  0  0      0
                                                                                                        
-------------------------------------------------------------------------------------------------       
 Total  Precipitation (Hundreths of an Inch)                                                            
 DAY  1  2  3  4  5  6  7  8  9 10 11 12 13 14 15 16 17 18 19 20 21 22 23 24 25 26 27 28 29 30 31  MONTH
-------------------------------------------------------------------------------------------------       
JAN  11 11 11 10 10 10 10 10 10 10  9  9  9  9  9  9  9  9  9  9  9  9  9  9  8  8  8  9  9  9  9    289
FEB   9  9  9  9  9  9  9  9  9  9  9  9  9  9  9  9  9  9  9  9  8  8  8  8  8  8  8  8             244
MAR   8  8  8  8  8  8  8  8  7  7  7  7  7  7  7  7  7  7  7  7  7  7  7  7  7  7  6  6  6  6  6    220
APR   6  6  6  6  6  6  6  6  6  6  6  6  6  6  6  6  6  6  6  6  7  7  7  7  7  7  7  7  7  7       190
MAY   7  7  7  7  7  7  7  7  7  7  7  7  7  8  8  8  8  8  8  8  8  8  8  8  8  8  7  7  7  7  7    230
JUN   7  7  7  7  7  7  7  7  7  7  7  7  7  7  7  7  6  6  6  6  6  6  6  6  6  6  6  6  5  5       194
JUL   5  5  5  5  5  5  5  5  5  5  4  4  4  4  4  4  4  4  4  4  4  4  4  4  4  4  4  4  4  4  4    134
AUG   4  4  4  4  4  4  4  4  4  3  3  3  3  3  3  3  3  4  4  4  4  4  4  4  4  4  4  4  4  4  4    116
SEP   3  3  3  4  4  4  4  4  4  4  4  4  4  4  4  4  4  4  4  4  4  4  4  4  4  4  4  4  4  4       117
OCT   4  4  4  4  4  4  4  4  4  4  4  4  5  5  5  5  5  5  5  6  6  6  6  6  7  7  7  7  7  8  8    164
NOV   8  9  9  9  9 10 10 10 10 11 11 11 11 11 12 12 12 12 12 12 13 13 13 13 13 13 13 13 13 13       341
DEC  13 13 13 14 14 14 14 14 14 14 14 14 13 13 13 13 13 13 13 13 13 13 13 12 12 12 12 12 12 11 11    402
                                                                                                        
