-------------------------------------------------------------------------------------------------       
 1971-2000 Daily/Monthly Station Normals                                                                
 Provided by National Climatic Data Center/NESDIS/NOAA                                                  
-------------------------------------------------------------------------------------------------       
 Station COOP ID:                           472173                                                      
 Station Name, State, Division, Call:       DODGEVILLE                         WI 07                    
 Latitude, Longitude, Elevation, Elements:  42 58 39 -090 06 59  1110 XNP                               
-------------------------------------------------------------------------------------------------       
 Minimum Temperature (deg F [tenths deg F for monthly])                                                 
 DAY  1  2  3  4  5  6  7  8  9 10 11 12 13 14 15 16 17 18 19 20 21 22 23 24 25 26 27 28 29 30 31  MONTH
-------------------------------------------------------------------------------------------------       
JAN   8  7  7  7  7  7  6  6  6  6  6  6  6  6  6  6  6  6  6  6  6  6  6  6  6  6  7  7  7  7  7     64
FEB   8  8  8  8  9  9  9 10 10 10 11 11 11 11 12 12 13 13 13 14 14 14 15 15 16 16 16 17             119
MAR  17 18 18 18 19 19 20 20 21 21 21 22 22 23 23 23 24 24 24 25 25 26 26 26 27 27 27 28 28 28 29    232
APR  29 30 30 30 31 31 31 32 32 32 33 33 33 34 34 35 35 35 36 36 36 37 37 37 38 38 39 39 39 40       344
MAY  40 41 41 41 42 42 42 43 43 44 44 44 45 45 45 46 46 46 47 47 47 48 48 48 49 49 50 50 50 50 51    456
JUN  51 51 52 52 52 53 53 53 53 54 54 54 55 55 55 55 56 56 56 56 56 57 57 57 57 58 58 58 58 58       550
JUL  59 59 59 59 59 59 59 60 60 60 60 60 60 60 60 60 60 60 60 60 60 60 61 61 60 60 60 60 60 60 60    598
AUG  60 60 60 60 60 60 60 60 59 59 59 59 59 59 58 58 58 58 58 57 57 57 57 56 56 56 56 55 55 55 54    579
SEP  54 54 53 53 53 52 52 52 51 51 51 50 50 50 49 49 49 48 48 47 47 47 46 46 46 45 45 44 44 44       490
OCT  43 43 43 42 42 41 41 41 40 40 39 39 39 38 38 38 37 37 36 36 36 35 35 34 34 34 33 33 32 32 32    375
NOV  31 31 30 30 30 29 29 28 28 28 27 27 26 26 26 25 25 24 24 23 23 22 22 22 21 21 20 20 19 19       252
DEC  18 18 18 17 17 16 16 16 15 15 14 14 14 13 13 12 12 12 11 11 11 10 10 10 10  9  9  9  8  8  8    127
                                                                                                        
-------------------------------------------------------------------------------------------------       
 Maximum Temperature (deg F [tenths deg F for monthly])                                                 
 DAY  1  2  3  4  5  6  7  8  9 10 11 12 13 14 15 16 17 18 19 20 21 22 23 24 25 26 27 28 29 30 31  MONTH
-------------------------------------------------------------------------------------------------       
JAN  25 25 25 25 25 25 25 24 24 24 24 24 24 24 24 24 24 24 24 24 25 25 25 25 25 25 25 26 26 26 26    247
FEB  26 27 27 27 27 28 28 28 29 29 29 29 30 30 30 31 31 32 32 32 33 33 33 34 34 35 35 35             305
MAR  36 36 37 37 37 38 38 39 39 40 40 41 41 41 42 42 43 43 44 44 45 45 46 46 47 47 48 48 49 49 50    425
APR  50 51 51 52 52 52 53 53 54 54 55 55 56 56 57 57 57 58 58 59 59 59 60 60 61 61 61 62 62 63       566
MAY  63 63 64 64 64 65 65 66 66 66 67 67 67 68 68 69 69 69 70 70 70 71 71 71 72 72 72 73 73 74 74    685
JUN  74 75 75 75 76 76 76 77 77 77 77 78 78 78 78 79 79 79 79 79 80 80 80 80 80 80 81 81 81 81       782
JUL  81 81 81 82 82 82 82 82 82 82 82 82 82 82 82 82 82 82 82 82 82 82 82 82 82 82 82 82 82 82 82    819
AUG  82 82 82 82 81 81 81 81 81 81 81 81 80 80 80 80 80 80 79 79 79 79 78 78 78 78 77 77 77 77 76    796
SEP  76 76 75 75 75 74 74 74 73 73 73 73 72 72 72 71 71 71 70 70 70 69 69 69 68 68 68 67 67 67       714
OCT  66 66 66 65 65 64 64 64 63 63 62 62 61 61 60 60 60 59 59 58 57 57 56 56 55 55 54 53 53 52 52    596
NOV  51 50 50 49 49 48 47 47 46 46 45 45 44 43 43 42 42 41 41 40 40 39 39 38 38 37 37 36 36 35       428
DEC  35 35 34 34 33 33 33 32 32 31 31 31 30 30 30 29 29 29 28 28 28 28 27 27 27 27 26 26 26 26 26    297
                                                                                                        
-------------------------------------------------------------------------------------------------       
 Average Temperature (deg F [tenths deg F for monthly])                                                 
 DAY  1  2  3  4  5  6  7  8  9 10 11 12 13 14 15 16 17 18 19 20 21 22 23 24 25 26 27 28 29 30 31  MONTH
-------------------------------------------------------------------------------------------------       
JAN  17 16 16 16 16 16 16 15 15 15 15 15 15 15 15 15 15 15 15 15 15 15 16 16 16 16 16 16 16 17 17    156
FEB  17 17 18 18 18 18 19 19 19 20 20 20 20 21 21 22 22 22 23 23 23 24 24 24 25 25 26 26             212
MAR  27 27 27 28 28 29 29 30 30 30 31 31 32 32 32 33 33 34 34 35 35 35 36 36 37 37 38 38 38 39 39    329
APR  40 40 40 41 41 42 42 43 43 43 44 44 45 45 45 46 46 47 47 47 48 48 48 49 49 50 50 50 51 51       455
MAY  52 52 52 53 53 53 54 54 55 55 55 56 56 56 57 57 58 58 58 59 59 59 60 60 60 61 61 61 62 62 62    571
JUN  63 63 63 64 64 64 65 65 65 65 66 66 66 66 67 67 67 67 68 68 68 68 68 69 69 69 69 69 70 70       666
JUL  70 70 70 70 70 71 71 71 71 71 71 71 71 71 71 71 71 71 71 71 71 71 72 71 71 71 71 71 71 71 71    709
AUG  71 71 71 71 71 71 70 70 70 70 70 70 70 69 69 69 69 69 69 68 68 68 68 67 67 67 67 66 66 66 65    688
SEP  65 65 64 64 64 63 63 63 62 62 62 62 61 61 60 60 60 59 59 59 58 58 58 57 57 57 56 56 56 55       602
OCT  55 54 54 54 53 53 53 52 52 51 51 50 50 50 49 49 48 48 47 47 47 46 46 45 45 44 44 43 43 42 42    486
NOV  41 41 40 40 39 39 38 37 37 37 36 36 35 35 34 34 33 33 32 32 31 31 30 30 29 29 28 28 28 27       340
DEC  27 26 26 25 25 25 24 24 23 23 23 22 22 22 21 21 21 20 20 20 19 19 19 18 18 18 18 17 17 17 17    212
                                                                                                        
-------------------------------------------------------------------------------------------------       
 Heating Degree Days                                                                                    
 DAY  1  2  3  4  5  6  7  8  9 10 11 12 13 14 15 16 17 18 19 20 21 22 23 24 25 26 27 28 29 30 31  MONTH
-------------------------------------------------------------------------------------------------       
JAN  49 49 49 49 49 49 50 50 50 50 50 50 50 50 50 50 50 50 50 50 50 50 50 49 49 49 49 49 49 48 48   1534
FEB  48 48 47 47 47 47 46 46 46 45 45 45 45 44 44 44 43 43 42 42 42 41 41 41 40 40 39 39            1227
MAR  39 38 38 37 37 36 36 36 35 35 34 34 33 33 33 32 32 31 31 30 30 30 29 29 28 28 27 27 27 26 26    997
APR  25 25 25 24 24 23 23 22 22 22 21 21 20 20 20 19 19 18 18 18 17 17 17 16 16 16 15 15 14 14       586
MAY  14 13 13 13 12 12 12 11 11 11 10 10 10  9  9  9  8  8  8  8  7  7  7  6  6  6  6  5  5  5  5    276
JUN   4  4  4  4  3  3  3  3  3  2  2  2  2  2  2  1  1  1  1  1  1  1  1  1  1  1  1  1  0  0        56
JUL -99-99  0  0  0  0  0  0  0  0  0  0  0  0  0  0  0  0  1  1  1  1  1  1  1  1  1  1  1  1  1     15
AUG   1  1  1  1  1  1  1  1  1  1  1  1  1  1  1  1  1  1  2  2  2  2  2  2  2  2  2  2  2  3  3     46
SEP   3  3  3  3  3  4  4  4  4  4  4  5  5  5  5  6  6  6  6  7  7  7  8  8  8  8  9  9  9 10       173
OCT  10 11 11 11 12 12 13 13 13 14 14 15 15 15 16 16 17 17 18 18 19 19 20 20 20 21 21 22 22 23 23    511
NOV  24 24 25 25 26 27 27 27 28 28 29 29 30 30 31 31 32 32 33 33 34 34 35 35 36 36 37 37 37 38       930
DEC  38 39 39 40 40 40 41 41 42 42 42 43 43 43 44 44 44 45 45 45 46 46 46 47 47 47 47 48 48 48 48   1358
                                                                                                        
-------------------------------------------------------------------------------------------------       
 Cooling Degree Days                                                                                    
 DAY  1  2  3  4  5  6  7  8  9 10 11 12 13 14 15 16 17 18 19 20 21 22 23 24 25 26 27 28 29 30 31  MONTH
-------------------------------------------------------------------------------------------------       
JAN   0  0  0  0  0  0  0  0  0  0  0  0  0  0  0  0  0  0  0  0  0  0  0  0  0  0  0  0  0  0  0      0
FEB   0  0  0  0  0  0  0  0  0  0  0  0  0  0  0  0  0  0  0  0  0  0  0  0  0  0  0  0               0
MAR   0  0  0  0  0  0  0  0  0  0  0  0  0  0  0  0  0  0  0  0  0  0  0  0  0  0  0  0  0  0  0      0
APR   0  0  0  0  0  0  0  0  0  0  0  0  0  0  0  0  0  0  0  0  0  0  0  0  0  0  0  0  0-99         1
MAY   0  0  0  0  0  0  0  0  1  1  1  1  1  1  1  1  1  1  1  1  1  1  1  1  1  2  2  2  2  2  2     29
JUN   2  2  2  2  2  2  3  3  3  3  3  3  3  3  3  3  4  4  4  4  4  4  4  4  5  5  5  5  5  5       104
JUL   5  5  5  6  6  6  6  6  6  6  6  6  6  6  6  6  6  7  7  7  7  7  7  7  7  7  7  7  7  7  7    197
AUG   7  7  7  7  6  6  6  6  6  6  6  6  6  6  6  5  5  5  5  5  5  5  5  4  4  4  4  4  3  3  3    163
SEP   3  3  3  2  2  2  2  2  1  1  1  1  1  1  1  1  1  0  0  0  0  0  0  0  0  0  0  0  0  0        28
OCT   0  0  0  0  0  0  0  0  0  0  0  0  0  0  0  0  0  0  0  0-99  0  0  0  0  0  0  0  0  0  0      1
NOV   0  0  0  0  0  0  0  0  0  0  0  0  0  0  0  0  0  0  0  0  0  0  0  0  0  0  0  0  0  0         0
DEC   0  0  0  0  0  0  0  0  0  0  0  0  0  0  0  0  0  0  0  0  0  0  0  0  0  0  0  0  0  0  0      0
                                                                                                        
-------------------------------------------------------------------------------------------------       
 Total  Precipitation (Hundreths of an Inch)                                                            
 DAY  1  2  3  4  5  6  7  8  9 10 11 12 13 14 15 16 17 18 19 20 21 22 23 24 25 26 27 28 29 30 31  MONTH
-------------------------------------------------------------------------------------------------       
JAN   4  4  4  4  4  4  4  4  4  5  5  5  5  5  5  5  5  5  4  4  4  4  4  4  4  4  4  4  4  4  4    133
FEB   4  4  4  4  4  4  4  4  4  4  4  4  5  5  5  5  5  5  5  5  5  5  5  6  6  6  6  6             133
MAR   6  6  7  7  7  7  7  7  7  8  8  8  8  8  8  9  9  9  9  9  9  9 10 10 10 10 10 10 11 11 11    265
APR  11 11 11 11 12 12 12 12 12 12 12 12 12 12 12 13 13 13 13 13 13 13 13 13 13 12 12 12 12 12       366
MAY  12 12 12 12 12 12 12 12 12 12 12 12 12 12 12 12 12 12 12 12 12 12 12 13 13 13 13 13 13 13 13    380
JUN  14 14 14 14 14 14 14 14 15 15 15 15 15 15 15 15 15 15 15 15 15 15 15 15 15 15 15 15 15 15       442
JUL  15 15 15 15 15 15 15 15 15 15 15 15 14 14 14 14 15 15 15 15 15 15 15 15 15 15 15 15 15 15 15    461
AUG  15 15 15 15 15 15 16 16 16 16 15 15 15 15 15 15 15 15 15 15 15 15 15 15 15 14 14 14 14 14 14    463
SEP  13 13 13 13 13 13 12 12 12 12 12 12 11 11 11 11 11 11 11 10 10 10 10 10 10  9  9  9  9  9       332
OCT   9  9  8  8  8  8  8  8  8  8  8  8  8  7  7  7  7  7  7  7  7  8  8  8  8  8  8  8  8  8  8    242
NOV   8  8  9  9  9  9  9  9  9  9  9  9  9  9  9  9  9  9  9  9  8  8  8  8  8  8  8  8  7  7       256
DEC   7  7  7  7  6  6  6  6  6  6  5  5  5  5  5  5  5  5  5  5  5  4  4  4  4  4  4  4  4  4  4    159
                                                                                                        
