-------------------------------------------------------------------------------------------------       
 1971-2000 Daily/Monthly Station Normals                                                                
 Provided by National Climatic Data Center/NESDIS/NOAA                                                  
-------------------------------------------------------------------------------------------------       
 Station COOP ID:                           474821                                                      
 Station Name, State, Division, Call:       LONE ROCK TRI CO                   WI 07 LNR                
 Latitude, Longitude, Elevation, Elements:  43 12 00 -090 11 00   719 XNP                               
-------------------------------------------------------------------------------------------------       
 Minimum Temperature (deg F [tenths deg F for monthly])                                                 
 DAY  1  2  3  4  5  6  7  8  9 10 11 12 13 14 15 16 17 18 19 20 21 22 23 24 25 26 27 28 29 30 31  MONTH
-------------------------------------------------------------------------------------------------       
JAN   5  5  5  4  4  4  4  3  3  3  3  3  3  3  2  2  2  2  2  2  2  2  3  3  3  3  3  3  3  3  4     31
FEB   4  4  4  4  5  5  5  6  6  6  7  7  7  8  8  8  9  9  9 10 10 11 11 12 12 13 13 14              81
MAR  14 15 15 16 16 17 17 18 18 19 19 20 20 20 21 21 22 22 23 23 24 24 24 25 25 26 26 26 27 27 27    212
APR  28 28 28 29 29 30 30 30 31 31 31 32 32 33 33 33 34 34 34 35 35 35 36 36 37 37 37 38 38 39       331
MAY  39 39 40 40 40 41 41 42 42 42 43 43 44 44 44 45 45 46 46 46 47 47 48 48 48 49 49 50 50 50 51    448
JUN  51 52 52 52 53 53 53 54 54 54 55 55 55 55 56 56 56 56 57 57 57 57 57 57 58 58 58 58 58 58       554
JUL  58 58 58 58 58 58 58 58 58 59 59 59 59 59 59 59 59 59 59 59 59 59 59 59 59 59 59 59 58 58 58    586
AUG  58 58 58 58 58 58 58 58 58 58 57 57 57 57 57 57 56 56 56 56 55 55 55 55 54 54 54 53 53 53 52    561
SEP  52 52 51 51 50 50 50 49 49 49 48 48 48 47 47 46 46 46 45 45 45 44 44 43 43 43 42 42 42 41       466
OCT  41 40 40 40 39 39 39 38 38 37 37 37 36 36 36 35 35 35 34 34 33 33 33 32 32 32 31 31 31 30 30    353
NOV  30 30 29 29 29 28 28 27 27 27 26 26 26 25 25 24 24 23 23 23 22 22 21 21 20 20 19 19 18 18       243
DEC  17 17 17 16 16 15 15 14 14 13 13 12 12 12 11 11 10 10 10  9  9  8  8  8  7  7  7  6  6  6  5    110
                                                                                                        
-------------------------------------------------------------------------------------------------       
 Maximum Temperature (deg F [tenths deg F for monthly])                                                 
 DAY  1  2  3  4  5  6  7  8  9 10 11 12 13 14 15 16 17 18 19 20 21 22 23 24 25 26 27 28 29 30 31  MONTH
-------------------------------------------------------------------------------------------------       
JAN  25 25 25 25 25 24 24 24 24 24 24 24 24 24 24 24 24 24 24 24 24 24 24 25 25 25 25 25 25 26 26    245
FEB  26 27 27 27 27 28 28 28 28 29 29 29 30 30 30 31 31 31 32 32 33 33 33 34 34 34 35 35             304
MAR  36 36 36 37 37 38 38 39 39 40 40 40 41 41 42 42 43 43 44 44 45 45 45 46 46 47 47 48 48 49 49    423
APR  50 50 51 51 52 52 53 53 54 54 55 55 56 56 57 57 58 58 59 59 59 60 60 61 61 62 62 63 63 63       568
MAY  64 64 65 65 66 66 66 67 67 68 68 68 69 69 69 70 70 71 71 71 72 72 72 73 73 73 74 74 74 75 75    697
JUN  75 76 76 76 76 77 77 77 78 78 78 78 79 79 79 79 79 80 80 80 80 80 80 81 81 81 81 81 81 81       788
JUL  81 82 82 82 82 82 82 82 82 82 82 82 82 82 83 83 83 83 83 83 83 83 83 83 83 83 83 82 82 82 82    824
AUG  82 82 82 82 82 82 82 82 82 82 81 81 81 81 81 81 80 80 80 80 80 79 79 79 79 79 78 78 78 77 77    803
SEP  77 77 76 76 76 75 75 75 74 74 74 73 73 73 73 72 72 72 71 71 71 70 70 70 69 69 69 68 68 67       723
OCT  67 67 66 66 66 65 65 64 64 64 63 63 62 62 61 61 60 60 59 59 58 58 57 57 56 56 55 54 54 53 53    605
NOV  52 51 51 50 50 49 49 48 47 47 46 46 45 45 44 43 43 42 42 41 41 40 40 39 39 38 38 37 37 36       439
DEC  36 35 35 34 34 34 33 33 32 32 32 31 31 30 30 30 29 29 29 28 28 28 27 27 27 27 26 26 26 26 25    300
                                                                                                        
-------------------------------------------------------------------------------------------------       
 Average Temperature (deg F [tenths deg F for monthly])                                                 
 DAY  1  2  3  4  5  6  7  8  9 10 11 12 13 14 15 16 17 18 19 20 21 22 23 24 25 26 27 28 29 30 31  MONTH
-------------------------------------------------------------------------------------------------       
JAN  15 15 15 15 14 14 14 14 14 14 13 13 13 13 13 13 13 13 13 13 13 13 14 14 14 14 14 14 14 15 15    138
FEB  15 15 15 16 16 16 17 17 17 18 18 18 18 19 19 20 20 20 21 21 21 22 22 23 23 24 24 25             193
MAR  25 25 26 26 27 27 28 28 29 29 30 30 31 31 31 32 32 33 33 34 34 35 35 35 36 36 37 37 38 38 38    318
APR  39 39 40 40 41 41 41 42 42 43 43 44 44 44 45 45 46 46 46 47 47 48 48 49 49 49 50 50 51 51       450
MAY  51 52 52 53 53 53 54 54 55 55 55 56 56 57 57 57 58 58 59 59 59 60 60 60 61 61 61 62 62 63 63    573
JUN  63 64 64 64 65 65 65 65 66 66 66 67 67 67 67 68 68 68 68 68 68 69 69 69 69 69 69 70 70 70       671
JUL  70 70 70 70 70 70 70 70 70 70 70 70 71 71 71 71 71 71 71 71 71 71 71 71 71 71 71 71 70 70 70    705
AUG  70 70 70 70 70 70 70 70 70 70 69 69 69 69 69 69 68 68 68 68 67 67 67 67 67 66 66 66 65 65 65    682
SEP  64 64 64 63 63 63 63 62 62 61 61 61 60 60 60 59 59 59 58 58 58 57 57 57 56 56 56 55 55 54       595
OCT  54 54 53 53 52 52 52 51 51 51 50 50 49 49 48 48 48 47 47 46 46 45 45 45 44 44 43 43 42 42 41    479
NOV  41 40 40 40 39 39 38 38 37 37 36 36 35 35 34 34 33 33 32 32 31 31 31 30 30 29 29 28 28 27       341
DEC  27 26 26 25 25 24 24 23 23 23 22 22 21 21 21 20 20 19 19 19 18 18 18 17 17 17 17 16 16 16 15    205
                                                                                                        
-------------------------------------------------------------------------------------------------       
 Heating Degree Days                                                                                    
 DAY  1  2  3  4  5  6  7  8  9 10 11 12 13 14 15 16 17 18 19 20 21 22 23 24 25 26 27 28 29 30 31  MONTH
-------------------------------------------------------------------------------------------------       
JAN  50 50 50 50 51 51 51 51 51 51 52 52 52 52 52 52 52 52 52 52 52 52 51 51 51 51 51 51 51 50 50   1587
FEB  50 50 49 49 49 49 48 48 48 48 47 47 47 46 46 45 45 45 44 44 44 43 43 42 42 41 41 41            1281
MAR  40 40 39 39 38 38 37 37 36 36 36 35 35 34 34 33 33 32 32 31 31 31 30 30 29 29 28 28 27 27 27   1032
APR  26 26 25 25 24 24 24 23 23 22 22 21 21 21 20 20 19 19 19 18 18 17 17 17 16 16 15 15 15 14       602
MAY  14 14 13 13 13 12 12 11 11 11 10 10 10  9  9  9  8  8  8  8  7  7  7  6  6  6  6  5  5  5  4    277
JUN   4  4  4  3  3  3  3  3  2  2  2  2  2  2  1  1  1  1  1  1  1  1  1  1  0  0  0  0  0  0        49
JUL   0  0  0  0  0  0  0  0  0  0  0  0  0  0  0  0  1  1  1  1  1  1  1  1  1  1  1  1  1  1  1     15
AUG   1  1  1  1  1  1  1  1  1  1  1  1  1  1  1  2  2  2  2  2  2  2  2  2  2  2  3  3  3  3  3     52
SEP   3  3  4  4  4  4  4  4  5  5  5  5  5  6  6  6  7  7  7  7  8  8  8  9  9  9 10 10 10 11       193
OCT  11 11 12 12 13 13 13 14 14 14 15 15 16 16 17 17 17 18 18 19 19 20 20 20 21 21 22 22 23 23 24    530
NOV  24 25 25 25 26 26 27 27 28 28 29 29 30 30 31 31 32 32 33 33 33 34 34 35 35 36 36 37 37 38       926
DEC  38 39 39 40 40 41 41 42 42 42 43 43 44 44 44 45 45 45 46 46 47 47 47 48 48 48 48 49 49 49 50   1379
                                                                                                        
-------------------------------------------------------------------------------------------------       
 Cooling Degree Days                                                                                    
 DAY  1  2  3  4  5  6  7  8  9 10 11 12 13 14 15 16 17 18 19 20 21 22 23 24 25 26 27 28 29 30 31  MONTH
-------------------------------------------------------------------------------------------------       
JAN   0  0  0  0  0  0  0  0  0  0  0  0  0  0  0  0  0  0  0  0  0  0  0  0  0  0  0  0  0  0  0      0
FEB   0  0  0  0  0  0  0  0  0  0  0  0  0  0  0  0  0  0  0  0  0  0  0  0  0  0  0  0               0
MAR   0  0  0  0  0  0  0  0  0  0  0  0  0  0  0  0  0  0  0  0  0  0  0  0  0  0  0  0  0  0  0      0
APR   0  0  0  0  0  0  0  0  0  0  0  0  0  0  0  0  0  0  0  0  0  0  0  0  0  0  0  0  0-99         1
MAY   0  0  0  0  0  1  1  1  1  1  1  1  1  1  1  1  1  1  1  1  1  2  2  2  2  2  2  2  2  2  2     36
JUN   2  2  3  3  3  3  3  3  3  3  3  3  3  4  4  4  4  4  4  4  4  4  4  5  5  5  5  5  5  5       112
JUL   5  5  6  6  6  6  6  6  6  6  6  6  6  6  6  6  6  6  6  6  6  6  6  7  7  6  6  6  6  6  6    186
AUG   6  6  6  6  6  6  6  6  6  6  6  6  5  5  5  5  5  5  5  5  5  4  4  4  4  4  4  3  3  3  3    153
SEP   3  3  2  2  2  2  2  2  1  1  1  1  1  1  1  1  1  1  0  0  0  0  0  0  0  0  0  0  0  0        28
OCT   0  0  0  0  0  0  0  0  0  0  0  0  0  0  0  0  0-99  0  0  0  0  0  0  0  0  0  0  0  0  0      1
NOV   0  0  0  0  0  0  0  0  0  0  0  0  0  0  0  0  0  0  0  0  0  0  0  0  0  0  0  0  0  0         0
DEC   0  0  0  0  0  0  0  0  0  0  0  0  0  0  0  0  0  0  0  0  0  0  0  0  0  0  0  0  0  0  0      0
                                                                                                        
-------------------------------------------------------------------------------------------------       
 Total  Precipitation (Hundreths of an Inch)                                                            
 DAY  1  2  3  4  5  6  7  8  9 10 11 12 13 14 15 16 17 18 19 20 21 22 23 24 25 26 27 28 29 30 31  MONTH
-------------------------------------------------------------------------------------------------       
JAN   3  3  3  3  3  3  3  3  3  3  4  4  4  4  4  4  4  4  4  4  4  4  4  3  3  3  3  3  3  3  3    106
FEB   3  3  3  3  3  3  3  3  3  3  3  3  3  3  3  3  3  3  4  4  4  4  4  4  4  4  4  4              94
MAR   4  4  4  4  4  4  4  5  5  5  5  5  5  5  5  6  6  6  6  6  7  7  7  7  7  8  8  8  8  8  9    182
APR   9  9  9  9 10 10 10 10 10 10 10 11 11 11 11 11 11 11 11 11 11 11 11 10 10 10 10 10 10 10       308
MAY  10  9  9  9  9  9  9  9  9  8  8  8  8  8  8  8  9  9  9  9  9  9  9  9  9 10 10 10 10 10 11    280
JUN  11 11 12 12 12 12 12 12 13 13 13 13 13 13 13 13 13 13 13 13 13 13 13 13 13 13 13 13 13 13       380
JUL  12 12 12 12 12 12 12 12 12 12 11 11 11 11 11 11 11 11 11 11 11 11 11 11 12 12 12 12 12 12 12    358
AUG  12 12 13 13 13 13 13 13 13 13 13 13 13 13 13 13 13 13 13 13 13 13 13 13 13 13 13 13 13 13 13    401
SEP  12 12 12 12 12 12 12 12 12 11 11 11 11 11 11 11 10 10 10 10 10 10  9  9  9  9  9  9  8  8       315
OCT   8  8  8  8  8  7  7  7  7  7  7  7  7  7  7  6  6  6  6  6  6  6  6  6  6  6  6  6  6  7  7    208
NOV   6  7  7  7  7  7  7  7  7  7  7  7  7  7  7  7  7  7  7  6  6  6  6  6  6  6  6  6  5  5       196
DEC   5  5  5  5  5  5  4  4  4  4  4  4  4  4  4  4  4  4  3  3  3  3  3  3  3  3  3  3  3  3  3    117
                                                                                                        
