-------------------------------------------------------------------------------------------------       
 1971-2000 Daily/Monthly Station Normals                                                                
 Provided by National Climatic Data Center/NESDIS/NOAA                                                  
-------------------------------------------------------------------------------------------------       
 Station COOP ID:                           470991                                                      
 Station Name, State, Division, Call:       BOWLER                             WI 03                    
 Latitude, Longitude, Elevation, Elements:  44 51 21 -088 59 20  1080 XNP                               
-------------------------------------------------------------------------------------------------       
 Minimum Temperature (deg F [tenths deg F for monthly])                                                 
 DAY  1  2  3  4  5  6  7  8  9 10 11 12 13 14 15 16 17 18 19 20 21 22 23 24 25 26 27 28 29 30 31  MONTH
-------------------------------------------------------------------------------------------------       
JAN   2  1  1  1  1  0  0  0 -1 -1 -1 -1 -1 -1 -1 -1 -1 -1 -1 -1 -1 -1 -1 -1 -1 -1 -1 -1 -1  0  0     -5
FEB   0  1  1  1  1  2  2  2  2  3  3  3  4  4  5  5  5  6  6  6  7  7  8  8  9  9  9 10              46
MAR  10 11 11 12 12 13 13 14 14 15 15 15 16 16 17 17 18 18 19 19 19 20 20 21 21 22 22 23 23 23 24    172
APR  24 25 25 26 26 27 27 27 28 28 29 29 29 30 30 31 31 31 32 32 33 33 33 34 34 34 35 35 35 36       303
MAY  36 36 37 37 38 38 38 39 39 39 40 40 40 41 41 41 42 42 42 43 43 43 43 44 44 44 45 45 45 46 46    412
JUN  46 47 47 47 47 48 48 48 49 49 49 49 50 50 50 50 51 51 51 51 52 52 52 52 52 53 53 53 53 53       501
JUL  53 54 54 54 54 54 54 55 55 55 55 55 55 55 55 55 55 56 56 56 56 56 56 56 56 56 56 56 56 56 56    552
AUG  56 56 56 55 55 55 55 55 55 55 55 54 54 54 54 54 53 53 53 53 53 52 52 52 51 51 51 51 50 50 49    533
SEP  49 49 48 48 48 47 47 47 46 46 45 45 45 44 44 44 43 43 43 42 42 41 41 41 40 40 40 39 39 38       438
OCT  38 38 37 37 36 36 36 35 35 35 34 34 34 33 33 32 32 32 31 31 31 30 30 30 29 29 29 28 28 28 27    325
NOV  27 27 26 26 26 25 25 24 24 24 23 23 23 22 22 21 21 21 20 20 19 19 18 18 17 17 17 16 16 15       214
DEC  15 14 14 13 13 12 12 12 11 11 10 10  9  9  8  8  8  7  7  6  6  6  5  5  4  4  4  3  3  3  2     82
                                                                                                        
-------------------------------------------------------------------------------------------------       
 Maximum Temperature (deg F [tenths deg F for monthly])                                                 
 DAY  1  2  3  4  5  6  7  8  9 10 11 12 13 14 15 16 17 18 19 20 21 22 23 24 25 26 27 28 29 30 31  MONTH
-------------------------------------------------------------------------------------------------       
JAN  22 21 21 21 21 21 21 21 21 21 20 20 20 20 20 21 21 21 21 21 21 21 21 21 22 22 22 22 23 23 23    212
FEB  23 24 24 24 25 25 25 26 26 26 26 27 27 27 28 28 28 29 29 29 30 30 30 31 31 31 32 32             276
MAR  32 33 33 34 34 34 35 35 35 36 36 37 37 38 38 38 39 39 40 40 41 41 42 42 43 43 43 44 44 45 46    386
APR  46 46 47 47 48 49 49 50 50 51 51 52 52 53 53 54 54 55 55 56 56 57 57 58 58 59 59 60 60 60       534
MAY  61 62 62 62 63 63 64 64 65 65 65 66 66 67 67 67 68 68 68 69 69 69 70 70 70 70 71 71 71 72 72    670
JUN  72 72 72 73 73 73 73 74 74 74 74 74 75 75 75 75 76 76 76 76 76 76 77 77 77 77 77 78 78 78       751
JUL  78 78 78 79 79 79 79 79 79 79 79 79 80 80 80 80 80 80 80 80 80 80 80 80 80 80 80 80 80 80 80    795
AUG  80 79 79 79 79 79 79 79 79 78 78 78 78 78 77 77 77 77 76 76 76 76 75 75 75 74 74 74 74 73 73    768
SEP  72 72 72 71 71 71 70 70 70 69 69 69 68 68 67 67 67 66 66 66 65 65 65 65 64 64 64 63 63 63       674
OCT  62 62 62 61 61 61 60 60 59 59 59 58 58 57 57 56 56 55 55 55 54 54 53 53 52 51 51 50 50 49 49    561
NOV  48 48 47 46 46 45 45 44 43 43 42 42 41 41 40 40 39 39 38 38 37 36 36 35 35 34 34 33 33 32       400
DEC  32 31 31 31 30 30 29 29 28 28 28 27 27 27 26 26 25 25 25 25 24 24 24 23 23 23 23 22 22 22 22    262
                                                                                                        
-------------------------------------------------------------------------------------------------       
 Average Temperature (deg F [tenths deg F for monthly])                                                 
 DAY  1  2  3  4  5  6  7  8  9 10 11 12 13 14 15 16 17 18 19 20 21 22 23 24 25 26 27 28 29 30 31  MONTH
-------------------------------------------------------------------------------------------------       
JAN  12 11 11 11 11 11 10 10 10 10 10 10 10 10 10 10 10 10 10 10 10 10 10 10 10 10 11 11 11 11 11    104
FEB  12 12 12 13 13 13 14 14 14 14 15 15 15 16 16 16 17 17 18 18 18 19 19 19 20 20 21 21             161
MAR  21 22 22 23 23 23 24 24 25 25 26 26 27 27 27 28 28 29 29 30 30 31 31 31 32 32 33 33 34 34 35    279
APR  35 36 36 37 37 38 38 39 39 39 40 40 41 41 42 42 43 43 44 44 44 45 45 46 46 47 47 47 48 48       419
MAY  49 49 49 50 50 51 51 51 52 52 52 53 53 54 54 54 55 55 55 56 56 56 57 57 57 57 58 58 58 59 59    541
JUN  59 59 60 60 60 60 61 61 61 61 62 62 62 62 63 63 63 63 63 64 64 64 64 65 65 65 65 65 66 66       626
JUL  66 66 66 66 66 67 67 67 67 67 67 67 67 67 68 68 68 68 68 68 68 68 68 68 68 68 68 68 68 68 68    674
AUG  68 68 67 67 67 67 67 67 67 67 66 66 66 66 66 65 65 65 65 65 64 64 64 63 63 63 63 62 62 62 61    651
SEP  61 60 60 60 59 59 59 58 58 58 57 57 56 56 56 55 55 55 54 54 54 53 53 53 52 52 52 51 51 50       556
OCT  50 50 49 49 49 48 48 48 47 47 46 46 46 45 45 44 44 44 43 43 42 42 42 41 41 40 40 39 39 38 38    443
NOV  37 37 37 36 36 35 35 34 34 33 33 32 32 31 31 30 30 30 29 29 28 28 27 27 26 26 25 25 24 24       307
DEC  23 23 22 22 22 21 21 20 20 19 19 19 18 18 17 17 17 16 16 15 15 15 14 14 14 13 13 13 13 12 12    172
                                                                                                        
-------------------------------------------------------------------------------------------------       
 Heating Degree Days                                                                                    
 DAY  1  2  3  4  5  6  7  8  9 10 11 12 13 14 15 16 17 18 19 20 21 22 23 24 25 26 27 28 29 30 31  MONTH
-------------------------------------------------------------------------------------------------       
JAN  53 54 54 54 54 55 55 55 55 55 55 55 55 55 55 56 56 55 55 55 55 55 55 55 55 55 54 54 54 54 54   1696
FEB  53 53 53 52 52 52 51 51 51 51 50 50 50 49 49 49 48 48 47 47 47 46 46 46 45 45 44 44            1369
MAR  44 43 43 42 42 41 41 41 40 40 39 39 38 38 38 37 37 36 36 35 35 34 34 34 33 33 32 32 31 31 30   1149
APR  30 29 29 28 28 27 27 26 26 25 25 25 24 24 23 23 22 22 22 21 21 20 20 19 19 19 18 18 17 17       694
MAY  17 16 16 15 15 15 14 14 14 13 13 13 12 12 12 11 11 11 10 10 10 10  9  9  9  8  8  8  8  7  7    357
JUN   7  7  7  6  6  6  6  6  5  5  5  5  5  4  4  4  4  4  4  3  3  3  3  3  3  3  3  3  2  2       131
JUL   2  2  2  2  2  2  2  2  2  2  2  2  2  2  1  1  1  1  1  1  1  1  1  1  1  1  1  1  1  1  1     45
AUG   1  1  1  1  1  1  1  2  2  2  2  2  2  2  2  2  3  3  3  3  3  3  3  4  4  4  4  5  5  5  5     82
SEP   5  6  6  6  6  7  7  7  8  8  8  8  9  9  9 10 10 10 11 11 11 11 12 12 13 13 13 14 14 14       288
OCT  15 15 15 16 16 17 17 17 18 18 19 19 19 20 20 21 21 21 22 22 23 23 23 24 24 25 25 26 26 27 27    641
NOV  28 28 28 29 29 30 30 31 31 32 32 33 33 34 34 34 35 35 36 36 37 37 38 38 39 39 40 40 41 41      1028
DEC  42 42 43 43 43 44 44 45 45 46 46 46 47 47 48 48 48 49 49 49 50 50 51 51 51 52 52 52 52 53 53   1481
                                                                                                        
-------------------------------------------------------------------------------------------------       
 Cooling Degree Days                                                                                    
 DAY  1  2  3  4  5  6  7  8  9 10 11 12 13 14 15 16 17 18 19 20 21 22 23 24 25 26 27 28 29 30 31  MONTH
-------------------------------------------------------------------------------------------------       
JAN   0  0  0  0  0  0  0  0  0  0  0  0  0  0  0  0  0  0  0  0  0  0  0  0  0  0  0  0  0  0  0      0
FEB   0  0  0  0  0  0  0  0  0  0  0  0  0  0  0  0  0  0  0  0  0  0  0  0  0  0  0  0               0
MAR   0  0  0  0  0  0  0  0  0  0  0  0  0  0  0  0  0  0  0  0  0  0  0  0  0  0  0  0  0  0  0      0
APR   0  0  0  0  0  0  0  0  0  0  0  0  0  0  0  0  0  0  0  0  0  0  0  0  0  0  0  0  0  0         0
MAY   0  0  0  0  0  0  0  0  0  0  0  0  0  1  1  1  1  1  1  1  1  1  1  1  1  1  1  1  1  1  1     18
JUN   1  1  1  1  1  1  1  1  2  2  2  2  2  2  2  2  2  2  2  2  2  2  2  3  3  3  3  3  3  3        59
JUL   3  3  3  3  3  3  4  4  4  4  4  4  4  4  4  4  4  4  4  4  4  4  4  4  4  4  4  4  4  4  4    118
AUG   4  4  4  4  4  3  3  3  3  3  3  3  3  3  3  3  3  3  2  2  2  2  2  2  2  2  2  2  2  1  1     83
SEP   1  1  1  1  1  1  0  0  0  0  0  0  0  0  0  0  0  0  0  0  0  0  0  0  0  0  0  0  0  0         6
OCT   0  0  0  0  0  0  0  0  0  0  0  0  0  0  0  0  0  0  0  0  0  0  0  0  0  0  0  0  0  0  0      0
NOV   0  0  0  0  0  0  0  0  0  0  0  0  0  0  0  0  0  0  0  0  0  0  0  0  0  0  0  0  0  0         0
DEC   0  0  0  0  0  0  0  0  0  0  0  0  0  0  0  0  0  0  0  0  0  0  0  0  0  0  0  0  0  0  0      0
                                                                                                        
-------------------------------------------------------------------------------------------------       
 Total  Precipitation (Hundreths of an Inch)                                                            
 DAY  1  2  3  4  5  6  7  8  9 10 11 12 13 14 15 16 17 18 19 20 21 22 23 24 25 26 27 28 29 30 31  MONTH
-------------------------------------------------------------------------------------------------       
JAN   4  4  4  4  3  3  3  3  3  3  3  3  3  3  3  3  3  3  3  3  3  3  3  3  3  3  3  3  3  3  3     97
FEB   3  3  3  3  3  3  3  3  3  3  3  3  3  3  3  3  3  3  3  3  3  3  4  4  4  4  4  4              90
MAR   4  4  4  4  4  4  5  5  5  5  5  5  5  5  5  5  6  6  6  6  6  6  6  7  7  7  7  7  7  7  8    173
APR   8  8  8  8  8  8  9  9  9  9  9  9  9  9 10 10 10 10 10 10 10 10 10 10 10 11 11 11 11 11       285
MAY  11 11 11 11 11 11 11 11 11 11 11 11 11 11 11 11 11 12 12 12 12 12 12 12 12 12 12 12 12 12 12    355
JUN  12 12 12 12 12 12 12 12 12 12 12 12 12 12 12 13 13 13 13 13 13 13 13 13 13 13 13 13 13 13       375
JUL  13 13 12 12 12 12 12 12 12 12 12 13 13 13 13 13 13 13 13 13 13 13 13 13 13 13 13 13 13 13 13    394
AUG  13 13 13 13 13 13 13 13 13 13 13 13 13 13 13 13 13 14 14 14 14 14 14 14 14 14 14 14 14 14 14    417
SEP  14 14 14 14 14 14 14 13 13 13 13 13 13 13 13 13 13 13 12 12 12 12 12 12 11 11 11 11 11 10       378
OCT  10 10 10 10  9  9  9  9  9  8  8  8  8  8  8  8  8  7  7  7  7  7  7  7  7  7  7  7  7  7  7    247
NOV   7  7  7  7  7  7  7  7  7  7  7  7  7  7  7  7  7  7  7  7  7  7  7  7  6  6  6  6  6  6       204
DEC   6  6  5  5  5  5  5  5  5  5  5  5  4  4  4  4  4  4  4  4  4  4  4  4  4  4  4  4  4  3  3    136
                                                                                                        
