-------------------------------------------------------------------------------------------------       
 1971-2000 Daily/Monthly Station Normals                                                                
 Provided by National Climatic Data Center/NESDIS/NOAA                                                  
-------------------------------------------------------------------------------------------------       
 Station COOP ID:                           475091                                                      
 Station Name, State, Division, Call:       MARINETTE                          WI 03                    
 Latitude, Longitude, Elevation, Elements:  45 05 27 -087 37 45   610 XNP                               
-------------------------------------------------------------------------------------------------       
 Minimum Temperature (deg F [tenths deg F for monthly])                                                 
 DAY  1  2  3  4  5  6  7  8  9 10 11 12 13 14 15 16 17 18 19 20 21 22 23 24 25 26 27 28 29 30 31  MONTH
-------------------------------------------------------------------------------------------------       
JAN  10  9  9  9  9  9  8  8  8  8  8  8  8  8  8  8  7  7  7  8  8  8  8  8  8  8  8  8  8  9  9     82
FEB   9  9  9 10 10 10 10 11 11 11 11 12 12 12 12 13 13 13 14 14 14 14 15 15 15 16 16 16             124
MAR  17 17 17 18 18 18 19 19 20 20 20 21 21 21 22 22 22 23 23 23 24 24 24 25 25 26 26 26 27 27 27    220
APR  28 28 28 29 29 30 30 30 31 31 31 32 32 33 33 33 34 34 35 35 35 36 36 36 37 37 38 38 38 39       332
MAY  39 40 40 40 41 41 42 42 42 43 43 43 44 44 45 45 45 46 46 46 47 47 47 48 48 48 49 49 49 50 50    448
JUN  50 51 51 51 51 52 52 52 53 53 53 53 54 54 54 54 55 55 55 55 56 56 56 56 57 57 57 57 58 58       542
JUL  58 58 58 59 59 59 59 59 59 60 60 60 60 60 60 60 60 60 60 60 60 60 61 61 61 60 60 60 60 60 60    597
AUG  60 60 60 60 60 60 60 59 59 59 59 59 59 59 59 58 58 58 58 58 57 57 57 57 57 56 56 56 56 55 55    581
SEP  55 55 54 54 54 53 53 53 53 52 52 52 51 51 51 50 50 50 49 49 49 48 48 48 47 47 47 46 46 45       504
OCT  45 45 44 44 44 43 43 42 42 42 41 41 41 40 40 39 39 39 38 38 37 37 37 36 36 36 35 35 34 34 34    394
NOV  33 33 33 32 32 31 31 31 30 30 29 29 29 28 28 27 27 27 26 26 25 25 24 24 24 23 23 22 22 21       275
DEC  21 20 20 20 19 19 18 18 17 17 17 16 16 16 15 15 14 14 14 13 13 13 12 12 12 11 11 11 11 10 10    150
                                                                                                        
-------------------------------------------------------------------------------------------------       
 Maximum Temperature (deg F [tenths deg F for monthly])                                                 
 DAY  1  2  3  4  5  6  7  8  9 10 11 12 13 14 15 16 17 18 19 20 21 22 23 24 25 26 27 28 29 30 31  MONTH
-------------------------------------------------------------------------------------------------       
JAN  26 25 25 25 25 25 25 25 25 25 24 24 24 24 24 24 24 24 24 24 24 25 25 25 25 25 25 25 25 25 26    247
FEB  26 26 26 26 26 27 27 27 27 27 28 28 28 29 29 29 29 30 30 30 31 31 31 31 32 32 33 33             289
MAR  33 34 34 34 35 35 36 36 36 37 37 37 38 38 39 39 40 40 40 41 41 42 42 42 43 43 44 44 45 45 45    392
APR  46 46 47 47 48 48 49 49 50 50 51 51 51 52 52 53 53 54 54 55 55 56 56 57 57 57 58 58 59 59       526
MAY  60 60 61 61 62 62 63 63 64 64 64 65 65 66 66 66 67 67 68 68 68 69 69 69 70 70 70 71 71 71 72    662
JUN  72 72 73 73 73 74 74 74 74 75 75 75 76 76 76 76 77 77 77 77 78 78 78 78 79 79 79 79 79 80       761
JUL  80 80 80 80 80 81 81 81 81 81 81 81 81 82 82 82 82 82 82 82 82 82 82 82 82 82 82 81 81 81 81    813
AUG  81 81 81 81 81 81 80 80 80 80 80 80 79 79 79 79 79 78 78 78 78 77 77 77 77 76 76 76 75 75 75    785
SEP  74 74 74 74 73 73 73 72 72 71 71 71 70 70 70 69 69 69 68 68 67 67 67 66 66 66 65 65 64 64       694
OCT  64 63 63 62 62 61 61 61 60 60 59 59 58 58 57 57 57 56 56 55 55 54 54 53 53 52 52 51 51 50 50    569
NOV  49 49 48 48 47 47 46 46 45 45 44 44 44 43 43 42 42 41 41 40 40 39 39 38 38 37 37 36 36 35       423
DEC  35 34 34 34 33 33 32 32 32 31 31 31 30 30 30 29 29 29 28 28 28 27 27 27 27 27 26 26 26 26 26    296
                                                                                                        
-------------------------------------------------------------------------------------------------       
 Average Temperature (deg F [tenths deg F for monthly])                                                 
 DAY  1  2  3  4  5  6  7  8  9 10 11 12 13 14 15 16 17 18 19 20 21 22 23 24 25 26 27 28 29 30 31  MONTH
-------------------------------------------------------------------------------------------------       
JAN  18 17 17 17 17 17 17 17 16 16 16 16 16 16 16 16 16 16 16 16 16 16 16 16 16 17 17 17 17 17 17    165
FEB  17 18 18 18 18 18 19 19 19 19 20 20 20 20 21 21 21 22 22 22 22 23 23 23 24 24 24 25             207
MAR  25 25 26 26 27 27 27 28 28 28 29 29 29 30 30 31 31 31 32 32 32 33 33 34 34 34 35 35 36 36 36    306
APR  37 37 38 38 38 39 39 40 40 41 41 41 42 42 43 43 43 44 44 45 45 46 46 47 47 47 48 48 49 49       429
MAY  50 50 50 51 51 52 52 53 53 53 54 54 54 55 55 56 56 56 57 57 57 58 58 59 59 59 60 60 60 61 61    555
JUN  61 62 62 62 62 63 63 63 64 64 64 64 65 65 65 65 66 66 66 66 67 67 67 67 68 68 68 68 69 69       652
JUL  69 69 69 69 70 70 70 70 70 70 70 71 71 71 71 71 71 71 71 71 71 71 71 71 71 71 71 71 71 71 71    705
AUG  71 71 70 70 70 70 70 70 70 70 69 69 69 69 69 69 68 68 68 68 68 67 67 67 67 66 66 66 65 65 65    683
SEP  65 64 64 64 63 63 63 63 62 62 62 61 61 61 60 60 59 59 59 58 58 58 57 57 57 56 56 55 55 55       599
OCT  54 54 54 53 53 52 52 52 51 51 50 50 49 49 49 48 48 47 47 47 46 46 45 45 44 44 44 43 43 42 42    482
NOV  41 41 41 40 40 39 39 38 38 37 37 36 36 36 35 35 34 34 33 33 32 32 32 31 31 30 30 29 29 28       349
DEC  28 27 27 27 26 26 25 25 24 24 24 23 23 23 22 22 22 21 21 21 20 20 20 20 19 19 19 19 18 18 18    223
                                                                                                        
-------------------------------------------------------------------------------------------------       
 Heating Degree Days                                                                                    
 DAY  1  2  3  4  5  6  7  8  9 10 11 12 13 14 15 16 17 18 19 20 21 22 23 24 25 26 27 28 29 30 31  MONTH
-------------------------------------------------------------------------------------------------       
JAN  47 48 48 48 48 48 48 48 49 49 49 49 49 49 49 49 49 49 49 49 49 49 49 49 49 49 48 48 48 48 48   1505
FEB  48 48 47 47 47 47 46 46 46 46 46 45 45 45 44 44 44 44 43 43 43 42 42 42 41 41 41 40            1243
MAR  40 40 39 39 39 38 38 38 37 37 36 36 36 35 35 34 34 34 33 33 33 32 32 31 31 31 30 30 29 29 28   1067
APR  28 28 27 27 26 26 26 25 25 24 24 24 23 23 22 22 22 21 21 20 20 19 19 19 18 18 17 17 17 16       664
MAY  16 15 15 15 14 14 14 13 13 13 12 12 11 11 11 10 10 10  9  9  9  9  8  8  8  7  7  7  7  6  6    329
JUN   6  6  5  5  5  5  4  4  4  4  4  3  3  3  3  3  3  2  2  2  2  2  2  2  2  2  1  1  1  1        92
JUL   1  1  1  1  1  1  1  1  1  1  1  1  1  1  1  1  1  1  1  1  0  0  0  0  0  0  0  0  0  0  0     20
AUG   0  0  0  0  1  1  1  1  1  1  1  1  1  1  1  1  1  1  1  1  2  2  2  2  2  2  2  2  2  3  3     40
SEP   3  3  3  3  4  4  4  4  4  5  5  5  5  5  6  6  6  7  7  7  7  8  8  8  9  9  9 10 10 10       184
OCT  11 11 12 12 12 13 13 14 14 14 15 15 16 16 16 17 17 18 18 19 19 19 20 20 21 21 22 22 22 23 23    525
NOV  24 24 25 25 25 26 26 27 27 28 28 28 29 29 30 30 31 31 32 32 33 33 33 34 34 35 35 36 36 37       903
DEC  37 38 38 38 39 39 40 40 40 41 41 42 42 42 43 43 43 44 44 44 45 45 45 45 46 46 46 47 47 47 47   1324
                                                                                                        
-------------------------------------------------------------------------------------------------       
 Cooling Degree Days                                                                                    
 DAY  1  2  3  4  5  6  7  8  9 10 11 12 13 14 15 16 17 18 19 20 21 22 23 24 25 26 27 28 29 30 31  MONTH
-------------------------------------------------------------------------------------------------       
JAN   0  0  0  0  0  0  0  0  0  0  0  0  0  0  0  0  0  0  0  0  0  0  0  0  0  0  0  0  0  0  0      0
FEB   0  0  0  0  0  0  0  0  0  0  0  0  0  0  0  0  0  0  0  0  0  0  0  0  0  0  0  0               0
MAR   0  0  0  0  0  0  0  0  0  0  0  0  0  0  0  0  0  0  0  0  0  0  0  0  0  0  0  0  0  0  0      0
APR   0  0  0  0  0  0  0  0  0  0  0  0  0  0  0  0  0  0  0  0  0  0  0  0  0  0  0  0  0  0         0
MAY   0  0  0  0  1  1  1  1  1  1  1  1  1  1  1  1  1  1  1  1  1  1  1  1  2  2  2  2  2  2  2     34
JUN   2  2  2  2  2  2  2  2  3  3  3  3  3  3  3  3  3  3  3  4  4  4  4  4  4  4  4  5  5  5        96
JUL   5  5  5  5  6  6  6  6  6  6  6  6  6  6  6  6  6  7  7  7  7  7  7  7  7  6  6  6  6  6  6    190
AUG   6  6  6  6  6  6  6  5  5  5  5  5  5  5  5  5  5  4  4  4  4  4  4  4  4  3  3  3  3  3  3    142
SEP   3  2  2  2  2  2  2  2  2  1  1  1  1  1  1  1  1  1  1  1  1  1  0  0  0  0  0  0  0  0        32
OCT -99-99  0  0  0  0  0  0  0  0  0  0  0  0  0  0  0  0  0  0  0  0  0  0  0  0  0  0  0  0  0      2
NOV   0  0  0  0  0  0  0  0  0  0  0  0  0  0  0  0  0  0  0  0  0  0  0  0  0  0  0  0  0  0         0
DEC   0  0  0  0  0  0  0  0  0  0  0  0  0  0  0  0  0  0  0  0  0  0  0  0  0  0  0  0  0  0  0      0
                                                                                                        
-------------------------------------------------------------------------------------------------       
 Total  Precipitation (Hundreths of an Inch)                                                            
 DAY  1  2  3  4  5  6  7  8  9 10 11 12 13 14 15 16 17 18 19 20 21 22 23 24 25 26 27 28 29 30 31  MONTH
-------------------------------------------------------------------------------------------------       
JAN   6  6  6  6  6  6  7  7  7  7  7  7  7  7  7  7  7  7  7  7  7  6  6  6  6  6  6  6  6  6  5    200
FEB   5  5  5  5  5  5  5  5  5  4  4  4  4  4  4  4  4  5  5  5  5  5  5  5  5  5  5  6             133
MAR   6  6  6  6  6  7  7  7  7  7  7  7  8  8  8  8  8  8  8  8  8  8  8  9  9  9  9  9  9  9  9    239
APR   9  9  9  9  9  9  9  9  9  9  9  9  9  9  9  9  9  9  9  9  9  9  9  9 10 10 10 10 10  9       275
MAY   9  9  9  9  9  9  9  9  9  9 10 10 10 10 10 10 10 10 10 10 10 10 10 10 10 11 11 11 11 11 11    306
JUN  11 11 12 12 12 12 12 12 12 12 12 12 12 12 12 12 12 12 13 13 12 12 12 12 12 12 12 12 12 12       360
JUL  12 12 12 12 12 12 11 11 11 11 11 11 11 11 11 11 11 11 11 11 11 11 11 11 11 11 11 11 10 10 10    344
AUG  11 10 10 10 10 10 10 10 10 10 10 11 11 11 11 11 11 11 11 11 11 11 11 11 11 11 11 12 12 12 12    335
SEP  12 12 12 12 12 12 12 13 13 13 13 12 12 12 12 12 12 12 12 12 12 12 11 11 11 11 11 10 10 10       353
OCT  10  9  9  9  9  9  8  8  8  8  8  8  8  8  8  7  7  7  7  7  7  7  7  8  8  8  8  8  8  8  8    247
NOV   9  9  9  9  9  9  9  9  9  9  9 10 10 10 10  9  9  9  9  9  9  9  9  9  9  8  8  8  8  8       269
DEC   7  7  7  7  7  6  6  6  6  6  6  6  6  6  5  5  5  5  5  5  5  5  5  5  5  5  6  6  6  6  6    179
                                                                                                        
