-------------------------------------------------------------------------------------------------       
 1971-2000 Daily/Monthly Station Normals                                                                
 Provided by National Climatic Data Center/NESDIS/NOAA                                                  
-------------------------------------------------------------------------------------------------       
 Station COOP ID:                           471131                                                      
 Station Name, State, Division, Call:       BRULE R S                          WI 01                    
 Latitude, Longitude, Elevation, Elements:  46 32 16 -091 35 31  1000   P                               
-------------------------------------------------------------------------------------------------       
 Total  Precipitation (Hundreths of an Inch)                                                            
 DAY  1  2  3  4  5  6  7  8  9 10 11 12 13 14 15 16 17 18 19 20 21 22 23 24 25 26 27 28 29 30 31  MONTH
-------------------------------------------------------------------------------------------------       
JAN   4  4  4  4  4  4  4  4  4  4  5  5  5  5  5  5  5  5  5  5  5  4  4  4  4  4  4  4  4  4  4    135
FEB   4  4  4  3  3  3  3  3  3  3  3  3  3  3  3  3  3  3  3  4  4  4  4  4  4  4  5  5              98
MAR   5  5  5  5  5  6  6  6  6  6  6  6  7  7  7  7  7  7  7  7  7  7  7  7  7  7  8  8  8  8  8    205
APR   7  7  7  7  8  8  8  8  8  8  8  8  8  8  8  8  8  8  8  8  8  8  8  8  8  8  8  8  8  8       236
MAY   8  9  9  9  9  9  9  9  9  9  9  9  9  9 10 10 10 10 10 10 10 10 10 11 11 11 11 11 11 11 11    303
JUN  12 12 12 12 12 12 12 13 13 13 13 13 13 13 13 13 14 14 14 14 14 14 14 14 14 14 14 14 14 14       397
JUL  14 15 15 15 15 15 15 15 15 15 15 15 15 15 15 15 15 15 15 15 15 15 15 15 15 15 15 15 15 15 15    464
AUG  15 15 15 15 15 15 15 15 15 15 15 15 15 15 15 15 15 15 15 15 15 15 15 15 15 15 15 15 15 15 15    465
SEP  15 14 14 14 14 14 14 14 14 14 14 14 13 13 13 13 13 13 13 13 12 12 12 12 12 12 11 11 11 11       389
OCT  11 10 10 10 10 10  9  9  9  9  9  9  9  9  9  9  9  8  8  8  8  8  8  8  8  8  9  9  9  9  9    277
NOV   9  9  9  9  9  9  9  9  9  9  9  9  9  9  9  9  9  9  8  8  8  8  8  8  7  7  7  7  7  6       251
DEC   6  6  6  5  5  5  5  5  4  4  4  4  4  4  4  4  4  3  3  3  3  3  3  3  3  3  3  4  4  4  4    125
                                                                                                        
