-------------------------------------------------------------------------------------------------       
 1971-2000 Daily/Monthly Station Normals                                                                
 Provided by National Climatic Data Center/NESDIS/NOAA                                                  
-------------------------------------------------------------------------------------------------       
 Station COOP ID:                           477092                                                      
 Station Name, State, Division, Call:       REST LAKE                          WI 02                    
 Latitude, Longitude, Elevation, Elements:  46 06 58 -089 52 38  1610 XNP                               
-------------------------------------------------------------------------------------------------       
 Minimum Temperature (deg F [tenths deg F for monthly])                                                 
 DAY  1  2  3  4  5  6  7  8  9 10 11 12 13 14 15 16 17 18 19 20 21 22 23 24 25 26 27 28 29 30 31  MONTH
-------------------------------------------------------------------------------------------------       
JAN  -2 -2 -3 -3 -3 -3 -4 -4 -4 -4 -4 -4 -4 -5 -5 -5 -5 -5 -5 -5 -5 -5 -5 -5 -4 -4 -4 -4 -4 -4 -4    -41
FEB  -4 -3 -3 -3 -3 -2 -2 -2 -2 -1 -1 -1 -1  0  0  0  1  1  1  2  2  3  3  3  4  4  5  5               2
MAR   5  6  6  7  7  7  8  8  9  9 10 10 10 11 11 12 12 13 13 14 14 14 15 15 16 16 17 17 17 18 18    118
APR  19 19 20 20 21 21 21 22 22 23 23 24 24 25 25 26 26 27 27 27 28 28 29 29 30 30 31 31 32 32       254
MAY  33 33 34 34 35 35 36 36 36 37 37 38 38 39 39 39 40 40 40 41 41 42 42 42 43 43 43 44 44 44 45    391
JUN  45 45 45 46 46 46 46 47 47 47 47 48 48 48 48 49 49 49 49 50 50 50 50 50 51 51 51 51 51 52       484
JUL  52 52 52 52 52 52 52 53 53 53 53 53 53 53 53 53 53 53 54 54 54 54 54 54 54 54 54 54 54 54 54    532
AUG  54 54 54 53 53 53 53 53 53 53 53 53 52 52 52 52 52 51 51 51 51 51 50 50 50 50 49 49 49 48 48    515
SEP  48 47 47 47 46 46 46 45 45 45 44 44 44 43 43 43 42 42 42 41 41 41 40 40 40 39 39 38 38 38       428
OCT  38 37 37 36 36 36 35 35 35 35 34 34 33 33 33 32 32 32 31 31 30 30 30 29 29 29 28 28 27 27 27    322
NOV  26 26 25 25 25 24 24 23 23 22 22 22 21 21 20 20 19 19 18 18 17 17 16 15 15 14 14 13 13 12       196
DEC  11 11 10 10  9  9  8  8  7  7  6  6  5  5  4  4  3  3  2  2  2  1  1  0  0  0 -1 -1 -1 -2 -2     41
                                                                                                        
-------------------------------------------------------------------------------------------------       
 Maximum Temperature (deg F [tenths deg F for monthly])                                                 
 DAY  1  2  3  4  5  6  7  8  9 10 11 12 13 14 15 16 17 18 19 20 21 22 23 24 25 26 27 28 29 30 31  MONTH
-------------------------------------------------------------------------------------------------       
JAN  19 18 18 18 18 18 18 18 18 18 18 18 18 18 18 18 18 18 18 18 18 19 19 19 19 19 19 20 20 20 20    185
FEB  21 21 21 22 22 22 23 23 23 24 24 24 24 25 25 25 26 26 26 27 27 27 28 28 28 29 29 30             250
MAR  30 30 31 31 31 32 32 32 33 33 34 34 35 35 35 36 36 37 37 38 38 39 39 39 40 40 41 41 42 42 43    360
APR  43 44 45 45 46 46 47 47 48 48 49 49 50 50 51 52 52 53 53 54 54 55 55 56 56 57 58 58 59 59       513
MAY  60 60 61 61 62 62 63 63 64 64 65 65 65 66 66 67 67 67 68 68 68 68 69 69 69 69 70 70 70 70 70    660
JUN  71 71 71 71 71 71 71 72 72 72 72 72 72 73 73 73 73 73 73 73 74 74 74 74 74 74 75 75 75 75       728
JUL  75 75 75 75 76 76 76 76 76 76 76 76 76 76 76 77 77 77 77 77 77 77 77 77 77 77 77 77 77 77 77    764
AUG  77 77 77 76 76 76 76 76 76 76 76 75 75 75 75 75 74 74 74 74 73 73 73 73 72 72 72 71 71 70 70    742
SEP  70 69 69 69 68 68 67 67 67 66 66 66 65 65 65 64 64 64 63 63 63 62 62 62 61 61 61 61 60 60       646
OCT  60 59 59 59 58 58 58 57 57 56 56 56 55 55 54 54 53 53 52 52 51 51 50 50 49 48 48 47 46 46 45    533
NOV  44 44 43 42 42 41 40 40 39 39 38 37 37 36 36 35 35 34 34 33 33 32 32 31 31 30 30 29 29 28       358
DEC  28 27 27 27 26 26 25 25 25 24 24 24 23 23 23 22 22 22 22 21 21 21 20 20 20 20 20 19 19 19 19    227
                                                                                                        
-------------------------------------------------------------------------------------------------       
 Average Temperature (deg F [tenths deg F for monthly])                                                 
 DAY  1  2  3  4  5  6  7  8  9 10 11 12 13 14 15 16 17 18 19 20 21 22 23 24 25 26 27 28 29 30 31  MONTH
-------------------------------------------------------------------------------------------------       
JAN   8  8  8  8  7  7  7  7  7  7  7  7  7  7  6  6  7  7  7  7  7  7  7  7  7  7  7  8  8  8  8     72
FEB   9  9  9  9 10 10 10 10 11 11 11 12 12 12 13 13 13 14 14 14 15 15 15 16 16 16 17 17             126
MAR  18 18 18 19 19 20 20 20 21 21 22 22 22 23 23 24 24 25 25 26 26 26 27 27 28 28 29 29 30 30 31    239
APR  31 32 32 33 33 34 34 35 35 35 36 36 37 37 38 39 39 40 40 41 41 42 42 43 43 44 44 45 45 46       384
MAY  46 47 47 48 48 49 49 50 50 51 51 51 52 52 53 53 53 54 54 54 55 55 55 56 56 56 57 57 57 57 58    526
JUN  58 58 58 58 59 59 59 59 59 60 60 60 60 60 61 61 61 61 61 61 62 62 62 62 62 63 63 63 63 63       606
JUL  64 64 64 64 64 64 64 65 65 65 65 65 65 65 65 65 65 65 65 65 65 65 65 65 66 65 65 65 65 65 65    648
AUG  65 65 65 65 65 65 65 65 65 64 64 64 64 64 64 63 63 63 63 62 62 62 62 61 61 61 60 60 60 59 59    629
SEP  59 58 58 58 57 57 57 56 56 56 55 55 54 54 54 53 53 53 52 52 52 51 51 51 51 50 50 50 49 49       537
OCT  49 48 48 48 47 47 47 46 46 46 45 45 44 44 44 43 43 42 42 41 41 40 40 39 39 39 38 37 37 36 36    428
NOV  35 35 34 34 33 33 32 32 31 31 30 30 29 28 28 27 27 26 26 25 25 24 24 23 23 22 22 21 21 20       277
DEC  20 19 19 18 18 17 17 16 16 15 15 15 14 14 13 13 13 12 12 12 11 11 11 10 10 10  9  9  9  9  8    134
                                                                                                        
-------------------------------------------------------------------------------------------------       
 Heating Degree Days                                                                                    
 DAY  1  2  3  4  5  6  7  8  9 10 11 12 13 14 15 16 17 18 19 20 21 22 23 24 25 26 27 28 29 30 31  MONTH
-------------------------------------------------------------------------------------------------       
JAN  57 57 57 57 58 58 58 58 58 58 58 58 58 59 59 59 59 58 58 58 58 58 58 58 58 58 58 57 57 57 57   1794
FEB  56 56 56 56 55 55 55 55 54 54 54 53 53 53 52 52 52 51 51 51 50 50 50 49 49 49 48 48            1467
MAR  47 47 47 46 46 45 45 45 44 44 43 43 43 42 42 41 41 40 40 39 39 39 38 38 37 37 36 36 35 35 34   1274
APR  34 33 33 32 32 31 31 30 30 29 29 28 28 27 27 26 26 25 25 24 24 23 23 23 22 22 21 21 20 20       799
MAY  19 19 18 18 17 17 16 16 16 15 15 14 14 14 13 13 13 12 12 12 11 11 11 10 10 10  9  9  9  9  8    410
JUN   8  8  8  8  7  7  7  7  7  6  6  6  6  6  6  5  5  5  5  5  5  5  4  4  4  4  4  4  4  4       170
JUL   4  4  3  3  3  3  3  3  3  3  3  3  3  3  3  3  3  3  3  3  2  2  2  2  2  2  2  2  2  2  2     84
AUG   2  2  2  2  3  3  3  3  3  3  3  3  3  3  3  4  4  4  4  4  4  5  5  5  5  6  6  6  6  7  7    123
SEP   7  7  8  8  8  9  9  9  9 10 10 10 11 11 11 11 12 12 12 13 13 13 14 14 14 15 15 15 16 16       342
OCT  16 17 17 17 18 18 18 19 19 19 20 20 21 21 21 22 22 23 23 24 24 25 25 26 26 27 27 28 28 29 29    689
NOV  30 30 31 31 32 32 33 33 34 34 35 35 36 36 37 38 38 39 39 40 40 41 41 42 42 43 43 44 44 45      1118
DEC  45 46 46 47 47 48 48 49 49 50 50 50 51 51 52 52 52 53 53 53 54 54 54 55 55 55 56 56 56 56 57   1600
                                                                                                        
-------------------------------------------------------------------------------------------------       
 Cooling Degree Days                                                                                    
 DAY  1  2  3  4  5  6  7  8  9 10 11 12 13 14 15 16 17 18 19 20 21 22 23 24 25 26 27 28 29 30 31  MONTH
-------------------------------------------------------------------------------------------------       
JAN   0  0  0  0  0  0  0  0  0  0  0  0  0  0  0  0  0  0  0  0  0  0  0  0  0  0  0  0  0  0  0      0
FEB   0  0  0  0  0  0  0  0  0  0  0  0  0  0  0  0  0  0  0  0  0  0  0  0  0  0  0  0               0
MAR   0  0  0  0  0  0  0  0  0  0  0  0  0  0  0  0  0  0  0  0  0  0  0  0  0  0  0  0  0  0  0      0
APR   0  0  0  0  0  0  0  0  0  0  0  0  0  0  0  0  0  0  0  0  0  0  0  0  0  0  0  0  0  0         0
MAY   0  0  0  0  0  0  0  0  1  1  1  1  1  1  1  1  1  1  1  1  1  1  1  1  1  1  1  1  1  1  1     23
JUN   1  1  1  1  1  1  1  1  1  1  1  1  1  1  1  1  1  1  1  1  1  1  2  2  2  2  2  2  2  2        38
JUL   2  2  2  2  2  2  2  2  2  2  2  2  2  3  3  3  3  3  3  3  3  3  3  3  3  3  3  3  3  3  2     79
AUG   3  3  3  2  2  2  2  2  2  2  2  2  2  2  2  2  2  2  2  2  2  2  1  1  1  1  1  1  1  1  1     56
SEP   1  1  1  0  0  0  0  0  0  0  0  0  0  0  0  0  0  0  0  0  0  0  0  0  0  0  0  0  0  0         3
OCT   0  0  0  0  0  0  0  0  0  0  0  0  0  0  0  0  0  0  0  0  0  0  0  0  0  0  0  0  0  0  0      0
NOV   0  0  0  0  0  0  0  0  0  0  0  0  0  0  0  0  0  0  0  0  0  0  0  0  0  0  0  0  0  0         0
DEC   0  0  0  0  0  0  0  0  0  0  0  0  0  0  0  0  0  0  0  0  0  0  0  0  0  0  0  0  0  0  0      0
                                                                                                        
-------------------------------------------------------------------------------------------------       
 Total  Precipitation (Hundreths of an Inch)                                                            
 DAY  1  2  3  4  5  6  7  8  9 10 11 12 13 14 15 16 17 18 19 20 21 22 23 24 25 26 27 28 29 30 31  MONTH
-------------------------------------------------------------------------------------------------       
JAN   4  4  4  4  4  4  4  4  4  4  4  4  4  4  4  4  4  4  4  4  4  4  4  4  4  4  3  3  3  3  3    119
FEB   3  3  3  3  3  3  3  3  2  2  2  2  2  2  3  3  3  3  3  3  3  3  3  3  3  3  3  4              79
MAR   4  4  4  4  4  5  5  5  5  5  5  5  5  5  6  6  6  6  6  6  6  6  6  6  6  6  6  6  6  6  6    167
APR   6  6  6  6  6  7  7  7  7  7  7  7  7  7  7  7  7  7  8  8  8  8  8  8  8  8  9  9  9  9       221
MAY   9  9 10 10 10 10 10 10 11 11 11 11 11 11 11 11 12 12 12 12 12 12 12 12 12 13 13 13 13 13 13    352
JUN  13 13 13 13 13 13 13 13 13 13 13 13 14 14 14 14 14 14 14 14 14 14 14 14 14 14 14 14 13 13       406
JUL  14 14 14 13 13 13 13 13 13 13 13 13 13 14 14 14 14 14 14 14 14 14 14 14 14 14 14 14 14 14 15    425
AUG  15 15 15 15 15 15 15 15 15 15 15 15 15 15 16 16 15 15 15 15 15 15 15 15 15 15 15 15 15 15 15    467
SEP  15 14 14 14 14 14 14 14 14 14 13 13 13 13 13 13 13 13 13 12 12 12 12 12 12 12 12 11 11 11       387
OCT  11 11 11 11 11 10 10 10 10 10 10 10 10 10 10 10  9  9  9  9  9  9  9  9  9  9  9  9  9  8  8    298
NOV   8  8  8  8  8  8  8  8  8  8  8  8  7  7  7  7  7  7  7  7  7  7  6  6  6  6  6  6  6  6       214
DEC   5  5  5  5  5  4  4  4  4  4  4  4  4  4  4  4  4  4  4  4  4  4  4  4  4  4  4  4  4  4  4    129
                                                                                                        
