-------------------------------------------------------------------------------------------------       
 1971-2000 Daily/Monthly Station Normals                                                                
 Provided by National Climatic Data Center/NESDIS/NOAA                                                  
-------------------------------------------------------------------------------------------------       
 Station COOP ID:                           470892                                                      
 Station Name, State, Division, Call:       BLANCHARDVILLE NO 2                WI 07                    
 Latitude, Longitude, Elevation, Elements:  42 48 00 -089 52 00   833   P                               
-------------------------------------------------------------------------------------------------       
 Total  Precipitation (Hundreths of an Inch)                                                            
 DAY  1  2  3  4  5  6  7  8  9 10 11 12 13 14 15 16 17 18 19 20 21 22 23 24 25 26 27 28 29 30 31  MONTH
-------------------------------------------------------------------------------------------------       
JAN   4  4  4  4  4  4  4  4  4  4  4  4  4  4  4  4  4  4  4  4  4  4  4  4  4  4  4  4  4  4  4    124
FEB   4  4  4  4  4  4  4  4  5  5  5  5  5  5  5  5  5  5  5  5  5  5  5  5  6  6  6  6             136
MAR   6  6  6  6  6  6  6  6  7  7  7  7  7  7  7  7  8  8  8  8  8  8  8  9  9  9  9  9  9  9 10    233
APR  10 10 10 10 10 10 11 11 11 11 11 11 11 11 11 11 11 11 12 12 12 12 12 12 12 12 11 11 11 11       332
MAY  11 11 11 11 11 11 11 11 11 11 11 11 11 11 12 12 12 12 12 12 12 12 12 12 12 13 13 13 13 13 13    364
JUN  14 14 14 14 14 14 15 15 15 15 15 15 15 15 15 15 15 15 15 15 16 16 15 15 15 15 15 15 15 15       446
JUL  15 15 15 15 15 14 14 14 14 14 14 14 14 14 14 14 14 14 14 14 14 14 14 14 14 14 14 14 13 13 13    436
AUG  14 14 14 14 14 14 14 14 13 13 13 13 13 13 13 13 13 13 13 13 13 13 13 13 13 13 13 13 13 13 13    411
SEP  13 13 13 12 12 12 12 12 12 12 12 12 12 12 11 11 11 11 11 11 11 10 10 10 10 10 10  9  9  9       335
OCT   9  9  9  8  8  8  8  8  8  8  8  7  7  7  7  7  7  7  7  7  7  7  7  7  7  7  8  8  8  8  8    236
NOV   8  8  8  8  9  9  9  9  9  9  9  9  9  9  9  9  9  9  9  9  9  8  8  8  8  8  8  8  7  7       255
DEC   7  7  7  7  6  6  6  6  6  6  6  5  5  5  5  5  5  5  5  5  4  4  4  4  4  4  4  4  4  4  4    159
                                                                                                        
