-------------------------------------------------------------------------------------------------       
 1971-2000 Daily/Monthly Station Normals                                                                
 Provided by National Climatic Data Center/NESDIS/NOAA                                                  
-------------------------------------------------------------------------------------------------       
 Station COOP ID:                           477725                                                      
 Station Name, State, Division, Call:       SHEBOYGAN                          WI 06                    
 Latitude, Longitude, Elevation, Elements:  43 45 00 -087 43 00   648 XNP                               
-------------------------------------------------------------------------------------------------       
 Minimum Temperature (deg F [tenths deg F for monthly])                                                 
 DAY  1  2  3  4  5  6  7  8  9 10 11 12 13 14 15 16 17 18 19 20 21 22 23 24 25 26 27 28 29 30 31  MONTH
-------------------------------------------------------------------------------------------------       
JAN  14 14 14 14 13 13 13 13 13 13 13 13 13 13 13 12 12 13 13 13 13 13 13 13 13 13 13 14 14 14 14    132
FEB  15 15 15 15 16 16 16 16 17 17 17 17 18 18 18 18 19 19 19 19 20 20 20 21 21 21 22 22             181
MAR  22 22 23 23 23 24 24 24 25 25 25 25 26 26 26 27 27 27 27 28 28 28 29 29 29 30 30 30 31 31 31    266
APR  31 32 32 32 33 33 33 34 34 34 34 35 35 35 36 36 36 37 37 37 37 38 38 38 39 39 39 40 40 40       358
MAY  41 41 41 41 42 42 42 43 43 43 44 44 44 45 45 45 45 46 46 46 47 47 47 48 48 48 49 49 49 50 50    452
JUN  50 51 51 51 51 52 52 52 53 53 53 54 54 54 54 55 55 55 56 56 56 56 57 57 57 57 58 58 58 59       545
JUL  59 59 59 59 60 60 60 60 61 61 61 61 61 61 62 62 62 62 62 62 62 62 62 62 63 63 63 63 63 63 63    614
AUG  63 63 63 63 63 63 63 62 62 62 62 62 62 62 62 62 61 61 61 61 61 61 60 60 60 60 60 59 59 59 58    613
SEP  58 58 58 57 57 57 56 56 56 55 55 55 55 54 54 54 53 53 53 52 52 51 51 51 50 50 50 49 49 49       536
OCT  48 48 47 47 47 46 46 46 45 45 45 44 44 43 43 43 42 42 42 41 41 41 40 40 39 39 39 38 38 38 37    427
NOV  37 37 36 36 35 35 35 34 34 34 33 33 32 32 32 31 31 30 30 30 29 29 28 28 27 27 27 26 26 25       313
DEC  25 24 24 24 23 23 22 22 22 21 21 20 20 20 19 19 19 18 18 18 17 17 17 17 16 16 16 15 15 15 15    193
                                                                                                        
-------------------------------------------------------------------------------------------------       
 Maximum Temperature (deg F [tenths deg F for monthly])                                                 
 DAY  1  2  3  4  5  6  7  8  9 10 11 12 13 14 15 16 17 18 19 20 21 22 23 24 25 26 27 28 29 30 31  MONTH
-------------------------------------------------------------------------------------------------       
JAN  29 29 29 29 29 29 29 28 28 28 28 28 28 28 28 28 28 28 28 28 28 29 29 29 29 29 29 29 29 30 30    286
FEB  30 30 30 30 31 31 31 31 32 32 32 32 32 33 33 33 34 34 34 34 35 35 35 35 36 36 36 37             330
MAR  37 37 38 38 38 39 39 39 40 40 40 41 41 41 42 42 42 43 43 43 44 44 44 45 45 45 46 46 46 47 47    420
APR  47 48 48 48 49 49 50 50 50 51 51 51 52 52 52 53 53 54 54 54 55 55 56 56 56 57 57 57 58 58       527
MAY  59 59 60 60 60 61 61 62 62 62 63 63 64 64 64 65 65 65 66 66 67 67 67 68 68 69 69 69 70 70 71    647
JUN  71 71 72 72 72 73 73 73 74 74 74 75 75 75 76 76 76 77 77 77 77 78 78 78 78 79 79 79 79 80       756
JUL  80 80 80 80 80 81 81 81 81 81 81 81 81 82 82 82 82 82 82 82 82 82 82 82 82 82 82 82 82 82 82    814
AUG  82 82 82 81 81 81 81 81 81 81 81 81 80 80 80 80 80 80 79 79 79 79 79 78 78 78 78 78 77 77 77    797
SEP  76 76 76 76 75 75 75 75 74 74 74 73 73 73 72 72 72 71 71 70 70 70 69 69 69 68 68 67 67 67       719
OCT  66 66 65 65 64 64 64 63 63 62 62 61 61 60 60 59 59 59 58 58 57 57 56 56 55 55 54 54 53 53 52    594
NOV  52 51 51 50 50 49 49 48 48 47 47 47 46 46 45 45 44 44 43 43 42 42 42 41 41 40 40 39 39 39       450
DEC  38 38 37 37 36 36 36 35 35 35 34 34 34 33 33 33 32 32 32 32 31 31 31 31 31 30 30 30 30 30 29    331
                                                                                                        
-------------------------------------------------------------------------------------------------       
 Average Temperature (deg F [tenths deg F for monthly])                                                 
 DAY  1  2  3  4  5  6  7  8  9 10 11 12 13 14 15 16 17 18 19 20 21 22 23 24 25 26 27 28 29 30 31  MONTH
-------------------------------------------------------------------------------------------------       
JAN  22 22 21 21 21 21 21 21 21 21 21 20 20 20 20 20 20 20 20 21 21 21 21 21 21 21 21 21 22 22 22    209
FEB  22 23 23 23 23 23 24 24 24 24 25 25 25 25 26 26 26 26 27 27 27 28 28 28 28 29 29 29             256
MAR  30 30 30 31 31 31 31 32 32 32 33 33 33 34 34 34 35 35 35 36 36 36 36 37 37 37 38 38 38 39 39    343
APR  39 40 40 40 41 41 41 42 42 42 43 43 43 44 44 44 45 45 46 46 46 47 47 47 48 48 48 49 49 49       443
MAY  50 50 50 51 51 51 52 52 53 53 53 54 54 54 55 55 55 56 56 56 57 57 57 58 58 59 59 59 60 60 60    550
JUN  61 61 61 62 62 62 63 63 63 64 64 64 64 65 65 65 66 66 66 66 67 67 67 68 68 68 68 69 69 69       651
JUL  69 70 70 70 70 70 71 71 71 71 71 71 71 72 72 72 72 72 72 72 72 72 72 72 72 72 72 72 72 72 72    714
AUG  72 72 72 72 72 72 72 72 72 72 71 71 71 71 71 71 71 70 70 70 70 70 70 69 69 69 69 68 68 68 68    705
SEP  67 67 67 67 66 66 66 65 65 65 64 64 64 64 63 63 62 62 62 61 61 61 60 60 60 59 59 58 58 58       628
OCT  57 57 56 56 56 55 55 54 54 54 53 53 52 52 52 51 51 50 50 49 49 49 48 48 47 47 47 46 46 45 45    511
NOV  44 44 44 43 43 42 42 41 41 41 40 40 39 39 38 38 38 37 37 36 36 35 35 35 34 34 33 33 32 32       382
DEC  31 31 31 30 30 29 29 29 28 28 28 27 27 27 26 26 26 25 25 25 24 24 24 24 23 23 23 23 22 22 22    262
                                                                                                        
-------------------------------------------------------------------------------------------------       
 Heating Degree Days                                                                                    
 DAY  1  2  3  4  5  6  7  8  9 10 11 12 13 14 15 16 17 18 19 20 21 22 23 24 25 26 27 28 29 30 31  MONTH
-------------------------------------------------------------------------------------------------       
JAN  43 43 44 44 44 44 44 44 44 44 44 45 45 45 45 45 45 45 45 45 44 44 44 44 44 44 44 44 43 43 43   1368
FEB  43 43 42 42 42 42 41 41 41 41 40 40 40 40 39 39 39 39 38 38 38 38 37 37 37 36 36 36            1105
MAR  35 35 35 34 34 34 34 33 33 33 32 32 32 31 31 31 30 30 30 29 29 29 29 28 28 28 27 27 27 26 26    952
APR  26 25 25 25 24 24 24 23 23 23 22 22 22 21 21 21 20 20 20 19 19 19 18 18 17 17 17 16 16 16       623
MAY  15 15 15 14 14 14 13 13 13 12 12 12 11 11 11 10 10 10 10  9  9  9  8  8  8  7  7  7  7  6  6    326
JUN   6  6  5  5  5  5  4  4  4  4  4  3  3  3  3  3  3  2  2  2  2  2  2  2  2  1  1  1  1  1        91
JUL   1  1  1  1  1  1  1  1  1  1  1  1  1  0  0  0  0  0  0  0  0  0  0  0  0  0  0  0  0  0  0     13
AUG   0  0  0  0  0  0  0  0  0  0  0  0  1  1  1  1  1  1  1  1  1  1  1  1  1  1  1  1  1  1  1     19
SEP   1  2  2  2  2  2  2  2  2  2  3  3  3  3  3  4  4  4  4  5  5  5  5  6  6  6  7  7  7  8       117
OCT   8  8  9  9 10 10 10 11 11 12 12 12 13 13 14 14 14 15 15 16 16 16 17 17 18 18 18 19 19 20 20    434
NOV  21 21 21 22 22 23 23 24 24 24 25 25 26 26 27 27 28 28 28 29 29 30 30 31 31 31 32 32 33 33       806
DEC  33 34 34 35 35 36 36 36 37 37 37 38 38 38 39 39 39 40 40 40 41 41 41 41 42 42 42 42 43 43 43   1202
                                                                                                        
-------------------------------------------------------------------------------------------------       
 Cooling Degree Days                                                                                    
 DAY  1  2  3  4  5  6  7  8  9 10 11 12 13 14 15 16 17 18 19 20 21 22 23 24 25 26 27 28 29 30 31  MONTH
-------------------------------------------------------------------------------------------------       
JAN   0  0  0  0  0  0  0  0  0  0  0  0  0  0  0  0  0  0  0  0  0  0  0  0  0  0  0  0  0  0  0      0
FEB   0  0  0  0  0  0  0  0  0  0  0  0  0  0  0  0  0  0  0  0  0  0  0  0  0  0  0  0               0
MAR   0  0  0  0  0  0  0  0  0  0  0  0  0  0  0  0  0  0  0  0  0  0  0  0  0  0  0  0  0  0  0      0
APR   0  0  0  0  0  0  0  0  0  0  0  0  0  0  0  0  0  0  0  0  0  0  0  0  0  0  0  0  0  0         0
MAY   0  0  0  0  0  0  0  0  0  0  0  0  0  0  0  0  1  1  1  1  1  1  1  1  1  1  1  1  1  1  1     15
JUN   1  1  2  2  2  2  2  2  2  2  2  3  3  3  3  3  3  3  3  4  4  4  4  4  4  4  5  5  5  5        92
JUL   5  5  6  6  6  6  6  6  6  7  7  7  7  7  7  7  7  7  7  7  7  7  7  7  8  8  8  8  8  8  7    212
AUG   7  7  7  7  7  7  7  7  7  7  7  7  7  7  7  6  6  6  6  6  6  6  5  5  5  5  5  5  4  4  4    189
SEP   4  4  3  3  3  3  3  2  2  2  2  2  2  2  2  1  1  1  1  1  1  1  1  1  1  1  0  0  0  0        50
OCT -99  0  0  0  0  0  0  0  0  0  0  0  0  0  0  0  0  0  0  0  0  0  0  0  0  0  0  0  0  0  0      1
NOV   0  0  0  0  0  0  0  0  0  0  0  0  0  0  0  0  0  0  0  0  0  0  0  0  0  0  0  0  0  0         0
DEC   0  0  0  0  0  0  0  0  0  0  0  0  0  0  0  0  0  0  0  0  0  0  0  0  0  0  0  0  0  0  0      0
                                                                                                        
-------------------------------------------------------------------------------------------------       
 Total  Precipitation (Hundreths of an Inch)                                                            
 DAY  1  2  3  4  5  6  7  8  9 10 11 12 13 14 15 16 17 18 19 20 21 22 23 24 25 26 27 28 29 30 31  MONTH
-------------------------------------------------------------------------------------------------       
JAN   6  6  6  6  6  6  6  6  6  6  6  6  6  6  6  6  6  6  6  6  6  5  5  5  5  5  5  5  5  5  5    176
FEB   5  5  5  5  5  5  5  5  4  4  4  4  4  4  4  5  5  5  5  5  5  5  5  5  5  5  5  5             133
MAR   5  6  6  6  6  6  6  6  6  7  7  7  7  7  7  7  7  7  8  8  8  8  8  8  8  8  9  9  9  9  9    225
APR   9 10 10 10 10 10 10 10 10 10 10 10 10 10 10 10 10 10 10 10 10 10 10 10 10 10 10 10 10 10       299
MAY  10 10 10  9  9  9  9  9  9  9  9  9  9  9  9  9  9  9  9  9  9  9  9 10 10 10 10 10 10 10 10    290
JUN  10 10 11 11 11 11 11 11 11 11 11 11 11 11 11 11 11 11 11 11 11 11 11 11 11 11 11 11 11 11       328
JUL  10 10 10 10 10 10 10 10 10 10 10 10 10 10 10 10 10 10 10 10 10 10 10 11 11 11 11 11 11 11 12    319
AUG  12 12 12 12 13 13 13 13 13 13 13 13 13 13 14 14 14 14 14 14 14 14 14 13 13 13 13 13 13 13 13    408
SEP  13 13 13 12 12 12 12 12 12 12 12 11 11 11 11 11 11 11 11 10 10 10 10 10 10 10  9  9  9  9       329
OCT   9  9  9  8  8  8  8  8  8  8  8  8  8  8  8  8  8  8  8  8  8  8  8  8  8  8  8  8  8  8  8    251
NOV   8  8  8  8  8  8  8  8  9  9  9  9  9  8  8  8  8  8  8  8  8  8  8  8  8  8  8  8  7  7       243
DEC   7  7  7  7  7  6  6  6  6  6  6  6  6  6  6  6  6  6  6  6  6  6  6  6  5  5  6  6  6  6  6    189
                                                                                                        
