-------------------------------------------------------------------------------------------------       
 1971-2000 Daily/Monthly Station Normals                                                                
 Provided by National Climatic Data Center/NESDIS/NOAA                                                  
-------------------------------------------------------------------------------------------------       
 Station COOP ID:                           130213                                                      
 Station Name, State, Division, Call:       ANAMOSA 1 WNW                      IA 06                    
 Latitude, Longitude, Elevation, Elements:  42 07 00 -091 18 00   805 XNP                               
-------------------------------------------------------------------------------------------------       
 Minimum Temperature (deg F [tenths deg F for monthly])                                                 
 DAY  1  2  3  4  5  6  7  8  9 10 11 12 13 14 15 16 17 18 19 20 21 22 23 24 25 26 27 28 29 30 31  MONTH
-------------------------------------------------------------------------------------------------       
JAN   8  8  8  8  7  7  7  7  7  6  6  6  6  6  6  6  6  6  6  6  6  6  6  6  6  7  7  7  7  7  7     66
FEB   8  8  8  8  9  9  9 10 10 10 11 11 11 12 12 12 13 13 13 14 14 15 15 15 16 16 17 17             120
MAR  18 18 19 19 20 20 21 21 21 22 22 23 23 24 24 24 25 25 26 26 26 27 27 28 28 28 29 29 30 30 30    243
APR  31 31 31 32 32 33 33 33 34 34 34 35 35 35 36 36 36 37 37 37 38 38 39 39 39 40 40 40 41 41       359
MAY  41 42 42 42 43 43 43 44 44 44 45 45 46 46 46 47 47 47 48 48 48 49 49 49 50 50 51 51 51 52 52    466
JUN  52 53 53 53 54 54 54 55 55 55 56 56 56 56 57 57 57 57 58 58 58 58 58 59 59 59 59 59 60 60       565
JUL  60 60 60 60 60 61 61 61 61 61 61 61 61 61 61 61 61 61 61 61 61 61 61 62 62 61 61 61 61 61 61    609
AUG  61 61 61 61 61 61 61 61 61 60 60 60 60 60 59 59 59 59 59 58 58 58 57 57 57 57 56 56 55 55 55    588
SEP  54 54 54 53 53 52 52 52 51 51 51 50 50 49 49 49 48 48 48 47 47 46 46 46 45 45 45 44 44 44       489
OCT  43 43 43 42 42 42 41 41 41 40 40 39 39 39 38 38 38 37 37 36 36 36 35 35 34 34 33 33 33 32 32    378
NOV  31 31 30 30 30 29 29 28 28 27 27 27 26 26 25 25 25 24 24 23 23 22 22 22 21 21 21 20 20 19       252
DEC  19 19 18 18 17 17 17 16 16 16 15 15 15 14 14 13 13 13 12 12 12 11 11 11 11 10 10 10  9  9  9    136
                                                                                                        
-------------------------------------------------------------------------------------------------       
 Maximum Temperature (deg F [tenths deg F for monthly])                                                 
 DAY  1  2  3  4  5  6  7  8  9 10 11 12 13 14 15 16 17 18 19 20 21 22 23 24 25 26 27 28 29 30 31  MONTH
-------------------------------------------------------------------------------------------------       
JAN  27 27 27 27 27 27 26 26 26 26 26 26 26 26 26 26 26 26 26 26 26 27 27 27 27 27 27 27 28 28 28    266
FEB  28 29 29 29 29 30 30 30 31 31 31 32 32 32 33 33 33 34 34 35 35 35 36 36 37 37 37 38             327
MAR  38 39 39 40 40 40 41 41 42 42 43 43 44 44 45 45 46 46 47 47 48 48 49 49 50 50 51 51 51 52 53    453
APR  53 54 54 55 55 56 56 56 57 57 58 58 59 59 60 60 61 61 61 62 62 62 63 63 64 64 64 65 65 65       596
MAY  66 66 66 67 67 67 68 68 68 69 69 70 70 70 71 71 71 72 72 72 73 73 73 74 74 74 75 75 75 76 76    709
JUN  76 77 77 77 78 78 78 79 79 79 80 80 80 80 80 81 81 81 81 82 82 82 82 82 82 83 83 83 83 83       803
JUL  83 83 83 83 83 83 84 84 84 84 84 84 84 84 84 84 84 84 84 84 84 84 84 84 84 84 84 84 84 84 84    838
AUG  84 84 84 83 83 83 83 83 83 83 83 83 82 82 82 82 82 82 81 81 81 81 81 80 80 80 80 80 79 79 79    817
SEP  78 78 78 78 77 77 77 76 76 76 76 75 75 75 74 74 74 74 73 73 73 72 72 72 71 71 71 70 70 70       742
OCT  69 69 69 68 68 67 67 67 66 66 65 65 64 64 63 63 62 62 61 61 60 60 59 59 58 57 57 56 56 55 54    625
NOV  53 53 52 52 51 50 50 49 48 48 47 47 46 45 45 44 44 43 43 42 42 41 41 40 40 39 39 38 38 37       449
DEC  37 36 36 36 35 35 34 34 34 33 33 33 32 32 32 31 31 31 30 30 30 30 29 29 29 29 28 28 28 28 27    316
                                                                                                        
-------------------------------------------------------------------------------------------------       
 Average Temperature (deg F [tenths deg F for monthly])                                                 
 DAY  1  2  3  4  5  6  7  8  9 10 11 12 13 14 15 16 17 18 19 20 21 22 23 24 25 26 27 28 29 30 31  MONTH
-------------------------------------------------------------------------------------------------       
JAN  18 18 17 17 17 17 17 16 16 16 16 16 16 16 16 16 16 16 16 16 16 16 16 17 17 17 17 17 17 18 18    166
FEB  18 18 19 19 19 19 20 20 20 21 21 21 22 22 22 23 23 23 24 24 25 25 25 26 26 27 27 28             224
MAR  28 29 29 29 30 30 31 31 32 32 33 33 33 34 34 35 35 36 36 37 37 38 38 38 39 39 40 40 41 41 41    348
APR  42 42 43 43 44 44 44 45 45 46 46 47 47 47 48 48 49 49 49 50 50 50 51 51 51 52 52 53 53 53       478
MAY  54 54 54 55 55 55 56 56 56 57 57 57 58 58 58 59 59 59 60 60 61 61 61 62 62 62 63 63 63 64 64    588
JUN  64 65 65 65 66 66 66 67 67 67 68 68 68 68 69 69 69 69 70 70 70 70 70 70 71 71 71 71 71 71       684
JUL  71 71 72 72 72 72 72 72 72 72 72 72 72 72 72 73 73 73 73 73 73 73 73 73 73 73 73 73 73 72 72    724
AUG  73 72 72 72 72 72 72 72 72 72 72 71 71 71 71 71 70 70 70 70 70 69 69 69 69 68 68 68 67 67 67    703
SEP  66 66 66 66 65 65 65 64 64 64 63 63 62 62 62 61 61 61 60 60 60 59 59 59 58 58 58 57 57 57       616
OCT  56 56 56 55 55 55 54 54 53 53 53 52 52 51 51 50 50 50 49 49 48 48 47 47 46 46 45 45 44 43 43    502
NOV  42 42 41 41 40 40 39 39 38 38 37 37 36 36 35 35 34 34 33 33 32 32 31 31 31 30 30 29 29 28       351
DEC  28 28 27 27 26 26 26 25 25 24 24 24 23 23 23 22 22 22 21 21 21 21 20 20 20 19 19 19 19 18 18    226
                                                                                                        
-------------------------------------------------------------------------------------------------       
 Heating Degree Days                                                                                    
 DAY  1  2  3  4  5  6  7  8  9 10 11 12 13 14 15 16 17 18 19 20 21 22 23 24 25 26 27 28 29 30 31  MONTH
-------------------------------------------------------------------------------------------------       
JAN  47 47 48 48 48 48 48 49 49 49 49 49 49 49 49 49 49 49 49 49 49 49 49 49 48 48 48 48 48 47 47   1501
FEB  47 47 47 46 46 46 45 45 45 44 44 44 43 43 43 42 42 42 41 41 40 40 40 39 39 38 38 37            1194
MAR  37 37 36 36 35 35 34 34 33 33 32 32 31 31 31 30 30 29 29 28 28 27 27 27 26 26 25 25 24 24 23    935
APR  23 23 22 22 21 21 21 20 20 19 19 19 18 18 17 17 17 16 16 16 15 15 14 14 14 13 13 13 12 12       520
MAY  12 12 11 11 11 10 10 10  9  9  9  9  8  8  8  7  7  7  7  6  6  6  6  5  5  5  4  4  4  4  4    234
JUN   3  3  3  3  2  2  2  2  2  2  1  1  1  1  1  1  1  1  0  0  0  0  0  0  0  0  0  0  0  0        32
JUL   0  0  0  0  0  0  0  0  0  0  0  0  0  0  0  0  0  0  0  0  0  0  0-99-99-99-99-99-99-99-99      8
AUG   0  0  0  0  0  0  0  1  1  1  1  1  1  1  1  1  1  1  1  1  1  1  1  1  2  2  2  2  2  2  2     31
SEP   2  2  2  3  3  3  3  3  3  4  4  4  4  4  5  5  5  5  5  6  6  6  6  7  7  7  8  8  8  9       147
OCT   9  9 10 10 10 11 11 11 12 12 13 13 13 14 14 15 15 16 16 16 17 17 18 18 19 19 20 20 21 22 22    463
NOV  23 23 24 24 25 25 26 26 27 27 28 29 29 30 30 30 31 31 32 32 33 33 34 34 35 35 35 36 36 37       900
DEC  37 37 38 38 39 39 39 40 40 41 41 41 42 42 42 43 43 43 44 44 44 44 45 45 45 46 46 46 46 47 47   1314
                                                                                                        
-------------------------------------------------------------------------------------------------       
 Cooling Degree Days                                                                                    
 DAY  1  2  3  4  5  6  7  8  9 10 11 12 13 14 15 16 17 18 19 20 21 22 23 24 25 26 27 28 29 30 31  MONTH
-------------------------------------------------------------------------------------------------       
JAN   0  0  0  0  0  0  0  0  0  0  0  0  0  0  0  0  0  0  0  0  0  0  0  0  0  0  0  0  0  0  0      0
FEB   0  0  0  0  0  0  0  0  0  0  0  0  0  0  0  0  0  0  0  0  0  0  0  0  0  0  0  0               0
MAR   0  0  0  0  0  0  0  0  0  0  0  0  0  0  0  0  0  0  0  0  0  0  0  0  0  0  0  0  0  0  0      0
APR   0  0  0  0  0  0  0  0  0  0  0  0  0  0  0  0  0  0  0  0  0  0  0  0  0  0  0  0-99-99         2
MAY   0  0  0  0  1  1  1  1  1  1  1  1  1  1  1  1  1  1  1  2  2  2  2  2  2  2  2  2  2  2  3     40
JUN   3  3  3  3  3  3  3  4  4  4  4  4  4  4  4  5  5  5  5  5  5  5  5  6  6  6  6  6  6  6       135
JUL   6  7  7  7  7  7  7  7  7  7  7  7  8  8  8  8  8  8  8  8  8  8  8  8  8  8  8  8  8  8  8    235
AUG   8  8  8  8  8  7  7  7  7  7  7  7  7  7  7  6  6  6  6  6  6  6  5  5  5  5  5  4  4  4  4    193
SEP   4  3  3  3  3  3  2  2  2  2  2  2  1  1  1  1  1  1  1  1  1  1  1  0  0  0  0  0  0  0        42
OCT -99-99-99  0  0  0  0  0  0  0  0  0  0  0  0  0  0  0  0  0  0  0  0  0  0  0  0  0  0  0  0      3
NOV   0  0  0  0  0  0  0  0  0  0  0  0  0  0  0  0  0  0  0  0  0  0  0  0  0  0  0  0  0  0         0
DEC   0  0  0  0  0  0  0  0  0  0  0  0  0  0  0  0  0  0  0  0  0  0  0  0  0  0  0  0  0  0  0      0
                                                                                                        
-------------------------------------------------------------------------------------------------       
 Total  Precipitation (Hundreths of an Inch)                                                            
 DAY  1  2  3  4  5  6  7  8  9 10 11 12 13 14 15 16 17 18 19 20 21 22 23 24 25 26 27 28 29 30 31  MONTH
-------------------------------------------------------------------------------------------------       
JAN   3  4  4  4  4  4  4  4  4  4  4  4  4  4  4  4  4  4  4  4  4  4  4  4  4  3  3  3  3  3  3    117
FEB   4  4  4  4  4  4  4  4  4  4  4  4  4  4  4  4  4  4  4  4  4  5  5  5  5  5  5  5             119
MAR   5  6  6  6  6  6  6  6  7  7  7  7  7  7  7  8  8  8  8  8  8  8  9  9  9  9  9  9 10 10 10    236
APR  10 10 10 10 11 11 11 11 11 11 11 12 12 12 12 12 12 12 12 12 12 12 12 12 13 13 13 13 13 13       351
MAY  13 13 13 13 13 13 13 13 13 13 13 13 13 13 13 13 13 13 13 13 13 14 14 14 14 14 14 14 14 14 14    413
JUN  14 14 14 14 14 15 15 15 15 15 15 15 15 15 15 15 15 15 15 15 15 14 14 14 14 14 14 14 14 14       436
JUL  14 14 14 14 14 14 14 13 13 13 13 13 13 13 13 13 13 13 13 13 13 13 14 14 14 14 14 14 14 14 14    419
AUG  14 14 14 14 15 15 15 15 15 15 15 15 15 15 15 15 15 15 15 15 15 14 14 14 14 14 14 14 14 14 13    450
SEP  13 13 13 13 13 13 12 12 12 12 12 12 12 11 11 11 11 11 11 11 10 10 10 10 10 10 10  9  9  9       336
OCT   9  9  9  9  9  8  8  8  8  8  8  8  8  8  8  8  8  8  8  8  8  8  8  8  8  8  8  8  8  8  9    254
NOV   8  9  9  9  9  9  9  9  9  9  9  9  9  9  9  9  9  9  9  8  8  8  8  8  8  8  7  7  7  7       254
DEC   7  7  6  6  6  6  6  5  5  5  5  5  5  5  5  4  4  4  4  4  4  4  4  4  4  4  4  4  4  4  4    148
                                                                                                        
