-------------------------------------------------------------------------------------------------       
 1971-2000 Daily/Monthly Station Normals                                                                
 Provided by National Climatic Data Center/NESDIS/NOAA                                                  
-------------------------------------------------------------------------------------------------       
 Station COOP ID:                           132977                                                      
 Station Name, State, Division, Call:       FOREST CITY 2 NNE                  IA 02                    
 Latitude, Longitude, Elevation, Elements:  43 17 02 -093 37 51  1300 XNP                               
-------------------------------------------------------------------------------------------------       
 Minimum Temperature (deg F [tenths deg F for monthly])                                                 
 DAY  1  2  3  4  5  6  7  8  9 10 11 12 13 14 15 16 17 18 19 20 21 22 23 24 25 26 27 28 29 30 31  MONTH
-------------------------------------------------------------------------------------------------       
JAN   4  4  4  4  3  3  3  3  3  3  3  2  2  2  2  2  2  2  3  3  3  3  3  3  3  3  4  4  4  4  5     31
FEB   5  5  6  6  6  7  7  7  8  8  8  9  9  9 10 10 11 11 11 12 12 13 13 14 14 15 15 16              99
MAR  16 17 17 18 18 19 19 20 20 20 21 21 22 22 23 23 23 24 24 24 25 25 26 26 26 27 27 27 28 28 28    227
APR  29 29 29 29 30 30 31 31 31 32 32 32 33 33 34 34 34 35 35 36 36 37 37 38 38 39 39 39 40 41       341
MAY  41 42 42 43 43 44 44 45 45 45 46 46 47 47 48 48 48 49 49 50 50 50 51 51 52 52 52 53 53 53 53    478
JUN  54 54 54 55 55 55 55 56 56 56 57 57 57 57 57 58 58 58 58 59 59 59 59 59 60 60 60 60 60 60       574
JUL  61 61 61 61 61 61 61 61 61 62 62 62 62 62 62 62 62 62 62 62 62 62 62 62 62 62 62 62 62 62 62    617
AUG  62 62 62 62 61 61 61 61 61 61 61 60 60 60 60 60 59 59 59 58 58 58 58 57 57 57 56 56 55 55 55    591
SEP  54 54 53 53 53 52 52 51 51 51 50 50 49 49 49 48 48 48 47 47 47 46 46 46 45 45 45 44 44 44       487
OCT  43 43 43 42 42 42 41 41 41 40 40 39 39 39 38 38 37 37 36 36 36 35 35 34 34 33 33 32 32 31 31    375
NOV  30 30 29 29 28 28 27 27 26 26 25 25 24 24 23 23 22 22 21 21 20 20 19 19 18 18 17 17 16 16       230
DEC  15 15 15 14 14 13 13 12 12 12 11 11 10 10 10  9  9  9  8  8  7  7  7  7  6  6  6  5  5  5  4     95
                                                                                                        
-------------------------------------------------------------------------------------------------       
 Maximum Temperature (deg F [tenths deg F for monthly])                                                 
 DAY  1  2  3  4  5  6  7  8  9 10 11 12 13 14 15 16 17 18 19 20 21 22 23 24 25 26 27 28 29 30 31  MONTH
-------------------------------------------------------------------------------------------------       
JAN  23 23 23 23 23 23 23 23 23 23 23 23 23 23 23 23 23 23 23 23 23 23 23 23 24 24 24 24 24 25 25    233
FEB  25 25 26 26 26 27 27 27 27 28 28 28 29 29 29 30 30 31 31 31 32 32 33 33 33 34 34 35             295
MAR  35 35 36 36 37 37 38 38 39 39 40 40 41 41 42 42 43 43 44 44 45 45 45 46 47 47 48 48 49 49 50    422
APR  50 51 51 52 52 53 53 54 54 55 55 56 56 57 57 58 58 59 59 60 60 61 61 62 62 62 63 64 64 64       574
MAY  65 65 66 66 67 67 68 68 69 69 69 70 70 71 71 71 72 72 73 73 73 74 74 74 75 75 75 76 76 76 77    712
JUN  77 77 78 78 78 78 79 79 79 79 80 80 80 80 81 81 81 81 81 82 82 82 82 82 82 82 82 83 83 83       804
JUL  83 83 83 83 83 83 83 83 83 83 83 83 84 84 84 84 84 84 84 84 84 83 83 83 83 83 83 83 83 83 83    833
AUG  83 83 83 83 82 82 82 82 82 82 82 82 81 81 81 81 81 81 80 80 80 80 80 79 79 79 79 78 78 78 78    807
SEP  77 77 77 77 76 76 76 75 75 75 74 74 74 74 73 73 73 72 72 72 71 71 71 70 70 70 69 69 69 68       730
OCT  68 68 67 67 67 66 66 65 65 64 64 64 63 63 62 62 61 60 60 59 59 58 57 57 56 56 55 54 53 53 52    610
NOV  51 51 50 49 48 48 47 46 46 45 44 44 43 43 42 41 41 40 39 39 38 38 37 37 36 36 35 35 34 34       419
DEC  33 33 32 32 31 31 30 30 30 29 29 28 28 28 27 27 27 26 26 26 26 25 25 25 25 24 24 24 24 24 24    275
                                                                                                        
-------------------------------------------------------------------------------------------------       
 Average Temperature (deg F [tenths deg F for monthly])                                                 
 DAY  1  2  3  4  5  6  7  8  9 10 11 12 13 14 15 16 17 18 19 20 21 22 23 24 25 26 27 28 29 30 31  MONTH
-------------------------------------------------------------------------------------------------       
JAN  14 14 13 13 13 13 13 13 13 13 13 13 12 12 12 13 13 13 13 13 13 13 13 13 13 14 14 14 14 14 15    132
FEB  15 15 16 16 16 17 17 17 18 18 18 19 19 19 20 20 20 21 21 22 22 22 23 23 24 24 25 25             197
MAR  26 26 27 27 28 28 28 29 29 30 30 31 31 32 32 33 33 33 34 34 35 35 36 36 37 37 37 38 38 39 39    325
APR  39 40 40 41 41 41 42 42 43 43 44 44 45 45 45 46 46 47 47 48 48 49 49 50 50 51 51 52 52 53       458
MAY  53 54 54 54 55 55 56 56 57 57 58 58 59 59 59 60 60 61 61 61 62 62 62 63 63 63 64 64 64 65 65    595
JUN  65 66 66 66 67 67 67 67 68 68 68 68 69 69 69 69 69 70 70 70 70 70 71 71 71 71 71 71 71 72       689
JUL  72 72 72 72 72 72 72 72 72 72 72 72 73 73 73 73 73 73 73 73 73 73 73 73 73 73 73 73 72 72 72    725
AUG  72 72 72 72 72 72 72 72 72 71 71 71 71 71 70 70 70 70 70 69 69 69 69 68 68 68 67 67 67 67 66    699
SEP  66 66 65 65 65 64 64 63 63 63 62 62 62 61 61 61 60 60 60 59 59 59 58 58 58 57 57 57 56 56       609
OCT  56 55 55 55 54 54 54 53 53 52 52 51 51 51 50 50 49 49 48 48 47 47 46 46 45 44 44 43 43 42 41    493
NOV  41 40 40 39 38 38 37 37 36 35 35 34 34 33 33 32 32 31 30 30 29 29 28 28 27 27 26 26 25 25       325
DEC  24 24 23 23 22 22 22 21 21 20 20 20 19 19 19 18 18 17 17 17 17 16 16 16 15 15 15 15 14 14 14    185
                                                                                                        
-------------------------------------------------------------------------------------------------       
 Heating Degree Days                                                                                    
 DAY  1  2  3  4  5  6  7  8  9 10 11 12 13 14 15 16 17 18 19 20 21 22 23 24 25 26 27 28 29 30 31  MONTH
-------------------------------------------------------------------------------------------------       
JAN  51 51 52 52 52 52 52 52 52 52 52 53 53 53 53 52 52 52 52 52 52 52 52 52 52 51 51 51 51 50 50   1606
FEB  50 50 49 49 49 48 48 48 47 47 47 46 46 46 45 45 45 44 44 43 43 43 42 42 41 41 40 40            1268
MAR  39 39 38 38 38 37 37 36 36 35 35 34 34 33 33 33 32 32 31 31 30 30 29 29 29 28 28 27 27 26 26   1010
APR  26 25 25 24 24 23 23 23 22 22 21 21 20 20 19 19 19 18 18 17 17 16 16 16 15 15 14 14 13 13       578
MAY  13 12 12 11 11 11 10 10  9  9  9  8  8  8  7  7  7  6  6  6  6  5  5  5  4  4  4  4  4  3  3    227
JUN   3  3  3  2  2  2  2  2  2  2  1  1  1  1  1  1  1  1  1  1  0  0  0  0  0  0  0  0  0  0        33
JUL   0  0  0  0  0  0  0  0  0  0  0  0  0  0  0-99-99-99-99-99-99-99-99-99-99-99-99  0  0  0  0     12
AUG   0  0  0  0  0  0  0  1  1  1  1  1  1  1  1  1  1  1  1  1  1  1  1  2  2  2  2  2  2  2  2     32
SEP   2  3  3  3  3  3  3  4  4  4  4  4  5  5  5  5  6  6  6  6  7  7  7  7  8  8  8  8  9  9       162
OCT   9 10 10 10 11 11 12 12 12 13 13 14 14 15 15 15 16 16 17 17 18 18 19 20 20 21 21 22 22 23 24    490
NOV  24 25 25 26 27 27 28 29 29 30 30 31 31 32 33 33 34 34 35 35 36 36 37 37 38 38 39 39 40 40       978
DEC  41 41 42 42 43 43 43 44 44 45 45 45 46 46 47 47 47 48 48 48 48 49 49 49 50 50 50 50 51 51 51   1443
                                                                                                        
-------------------------------------------------------------------------------------------------       
 Cooling Degree Days                                                                                    
 DAY  1  2  3  4  5  6  7  8  9 10 11 12 13 14 15 16 17 18 19 20 21 22 23 24 25 26 27 28 29 30 31  MONTH
-------------------------------------------------------------------------------------------------       
JAN   0  0  0  0  0  0  0  0  0  0  0  0  0  0  0  0  0  0  0  0  0  0  0  0  0  0  0  0  0  0  0      0
FEB   0  0  0  0  0  0  0  0  0  0  0  0  0  0  0  0  0  0  0  0  0  0  0  0  0  0  0  0               0
MAR   0  0  0  0  0  0  0  0  0  0  0  0  0  0  0  0  0  0  0  0  0  0  0  0  0  0  0  0  0  0  0      0
APR   0  0  0  0  0  0  0  0  0  0  0  0  0  0  0  0  0  0  0  0  0  0  0  0  0  0  0  0  1  1         2
MAY   1  1  1  1  1  1  1  1  1  1  1  1  2  2  2  2  2  2  2  2  2  2  2  2  3  3  3  3  3  3  3     57
JUN   3  3  4  4  4  4  4  4  4  4  4  5  5  5  5  5  5  5  5  5  6  6  6  6  6  6  6  7  7  7       150
JUL   7  7  7  7  7  8  8  8  8  8  8  8  8  8  8  8  8  8  8  8  8  8  8  8  8  8  8  8  8  8  8    243
AUG   8  8  8  7  7  7  7  7  7  7  7  7  6  6  6  6  6  6  6  5  5  5  5  5  5  4  4  4  4  4  4    183
SEP   3  3  3  3  3  2  2  2  2  2  2  1  1  1  1  1  1  1  1  1  1  1  0  0  0  0  0  0  0  0        38
OCT -99  0  0  0  0  0  0  0  0  0  0  0  0  0  0  0  0  0  0  0  0  0  0  0  0  0  0  0  0  0  0      1
NOV   0  0  0  0  0  0  0  0  0  0  0  0  0  0  0  0  0  0  0  0  0  0  0  0  0  0  0  0  0  0         0
DEC   0  0  0  0  0  0  0  0  0  0  0  0  0  0  0  0  0  0  0  0  0  0  0  0  0  0  0  0  0  0  0      0
                                                                                                        
-------------------------------------------------------------------------------------------------       
 Total  Precipitation (Hundreths of an Inch)                                                            
 DAY  1  2  3  4  5  6  7  8  9 10 11 12 13 14 15 16 17 18 19 20 21 22 23 24 25 26 27 28 29 30 31  MONTH
-------------------------------------------------------------------------------------------------       
JAN   3  3  3  3  3  3  3  3  3  3  3  3  3  3  3  3  3  3  3  3  3  3  3  3  3  2  2  2  2  2  2     87
FEB   3  3  2  2  2  2  2  2  2  2  2  2  2  3  3  3  3  3  3  3  3  3  3  3  3  3  4  4              75
MAR   4  4  4  4  4  4  5  5  5  5  5  5  6  6  6  6  6  6  7  7  7  7  7  7  8  8  8  8  8  9  9    190
APR   9  9  9 10 10 10 10 10 11 11 11 11 11 11 11 11 11 11 12 12 12 12 12 12 12 12 12 12 12 12       331
MAY  12 12 12 12 12 12 12 12 12 12 12 12 12 12 12 12 12 12 12 12 13 13 13 13 13 13 14 14 14 14 14    388
JUN  15 15 15 15 15 16 16 16 16 16 16 16 16 16 16 16 16 16 16 16 16 16 16 16 16 16 16 16 15 15       473
JUL  15 15 15 14 14 14 14 14 14 14 14 14 14 14 14 13 13 13 13 13 14 14 14 14 14 14 14 14 14 14 14    432
AUG  14 15 15 15 15 15 15 15 15 15 15 15 15 15 15 15 15 15 15 15 14 14 14 14 14 14 13 13 13 13 13    448
SEP  12 12 12 12 11 11 11 11 11 10 10 10 10 10 10  9  9  9  9  9  9  9  9  9  9  8  8  8  8  8       293
OCT   8  8  8  8  8  8  8  8  8  8  8  8  8  8  8  8  7  7  7  7  7  7  7  7  7  7  7  7  7  7  7    233
NOV   7  7  7  7  7  7  6  6  6  6  6  6  6  6  6  6  6  6  5  5  5  5  5  5  5  5  5  5  4  4       172
DEC   4  4  4  4  4  3  3  3  3  3  3  3  3  3  3  3  3  3  3  3  3  3  3  3  3  3  3  3  3  3  3     98
                                                                                                        
