-------------------------------------------------------------------------------------------------       
 1971-2000 Daily/Monthly Station Normals                                                                
 Provided by National Climatic Data Center/NESDIS/NOAA                                                  
-------------------------------------------------------------------------------------------------       
 Station COOP ID:                           138632                                                      
 Station Name, State, Division, Call:       WALFORD 2 SE                       IA 06                    
 Latitude, Longitude, Elevation, Elements:  41 51 40 -091 48 08   790   P                               
-------------------------------------------------------------------------------------------------       
 Total  Precipitation (Hundreths of an Inch)                                                            
 DAY  1  2  3  4  5  6  7  8  9 10 11 12 13 14 15 16 17 18 19 20 21 22 23 24 25 26 27 28 29 30 31  MONTH
-------------------------------------------------------------------------------------------------       
JAN   3  3  3  3  3  3  3  3  3  3  3  3  3  3  2  2  2  2  2  2  3  3  3  3  3  3  3  3  3  3  3     87
FEB   3  3  3  3  3  3  3  3  3  3  3  3  3  3  4  4  4  4  4  4  4  4  4  4  4  4  5  5             100
MAR   5  5  5  5  5  5  5  6  6  6  6  6  6  6  7  7  7  7  7  7  7  7  8  8  8  8  8  8  8  9  9    207
APR   9  9  9  9  9 10 10 10 10 10 10 10 10 10 11 11 11 11 11 11 11 11 11 11 11 11 11 11 12 12       313
MAY  12 12 12 12 12 12 12 12 12 12 12 12 12 13 13 13 13 13 13 13 13 13 14 14 14 14 14 14 14 15 15    401
JUN  15 15 15 15 16 16 16 16 16 16 16 16 16 16 16 16 16 16 16 16 16 16 15 15 15 15 15 15 14 14       466
JUL  14 14 13 13 13 13 13 13 13 12 12 12 12 12 12 12 12 12 12 12 12 12 12 12 12 12 12 13 13 13 13    387
AUG  13 13 13 14 14 14 14 14 14 14 14 14 14 15 15 15 15 15 15 15 15 15 15 14 14 14 14 14 14 14 14    441
SEP  14 14 13 13 13 13 13 13 13 12 12 12 12 12 12 11 11 11 11 11 11 11 10 10 10 10 10 10 10  9       347
OCT   9  9  9  9  9  9  8  8  8  8  8  8  8  8  8  8  8  8  8  7  7  7  7  7  7  7  7  8  8  8  8    246
NOV   8  8  8  8  8  8  8  8  8  8  8  8  8  8  8  8  7  7  7  7  7  7  7  7  7  7  6  6  6  6       222
DEC   6  6  6  5  5  5  5  5  5  5  4  4  4  4  4  4  4  4  4  3  3  3  3  3  3  3  3  3  3  3  3    125
                                                                                                        
