-------------------------------------------------------------------------------------------------       
 1971-2000 Daily/Monthly Station Normals                                                                
 Provided by National Climatic Data Center/NESDIS/NOAA                                                  
-------------------------------------------------------------------------------------------------       
 Station COOP ID:                           136389                                                      
 Station Name, State, Division, Call:       OTTUMWA AP                         IA 09 OTM                
 Latitude, Longitude, Elevation, Elements:  41 06 28 -092 26 48   842 XNP                               
-------------------------------------------------------------------------------------------------       
 Minimum Temperature (deg F [tenths deg F for monthly])                                                 
 DAY  1  2  3  4  5  6  7  8  9 10 11 12 13 14 15 16 17 18 19 20 21 22 23 24 25 26 27 28 29 30 31  MONTH
-------------------------------------------------------------------------------------------------       
JAN  15 14 14 14 14 14 14 14 13 13 13 13 13 13 13 13 13 13 13 13 14 14 14 14 14 14 15 15 15 15 15    138
FEB  16 16 16 16 17 17 17 18 18 18 19 19 19 19 20 20 20 21 21 22 22 22 23 23 23 24 24 24             198
MAR  25 25 26 26 26 27 27 28 28 28 29 29 29 30 30 31 31 31 32 32 32 33 33 33 34 34 35 35 35 36 36    305
APR  36 37 37 37 38 38 38 39 39 40 40 40 41 41 41 42 42 42 43 43 44 44 44 45 45 46 46 46 47 47       416
MAY  48 48 48 49 49 50 50 50 51 51 51 52 52 53 53 53 54 54 54 55 55 55 56 56 56 57 57 58 58 58 58    532
JUN  59 59 59 60 60 60 61 61 61 61 62 62 62 63 63 63 63 63 64 64 64 64 65 65 65 65 65 66 66 66       627
JUL  66 66 66 66 67 67 67 67 67 67 67 67 67 67 67 67 67 68 68 68 68 68 68 68 67 67 67 67 67 67 67    671
AUG  67 67 67 67 67 66 66 66 66 66 66 65 65 65 65 65 64 64 64 64 64 63 63 63 62 62 62 62 61 61 61    644
SEP  60 60 60 59 59 59 58 58 58 57 57 57 56 56 55 55 55 54 54 54 53 53 52 52 52 51 51 51 50 50       552
OCT  49 49 49 48 48 47 47 47 46 46 46 45 45 44 44 44 43 43 42 42 42 41 41 40 40 39 39 39 38 38 37    435
NOV  37 37 36 36 35 35 35 34 34 33 33 32 32 32 31 31 30 30 30 29 29 28 28 27 27 27 26 26 25 25       310
DEC  24 24 24 23 23 22 22 22 21 21 21 20 20 19 19 19 19 18 18 18 17 17 17 16 16 16 16 15 15 15 15    191
                                                                                                        
-------------------------------------------------------------------------------------------------       
 Maximum Temperature (deg F [tenths deg F for monthly])                                                 
 DAY  1  2  3  4  5  6  7  8  9 10 11 12 13 14 15 16 17 18 19 20 21 22 23 24 25 26 27 28 29 30 31  MONTH
-------------------------------------------------------------------------------------------------       
JAN  30 30 30 30 30 30 30 30 30 29 29 29 29 30 30 30 30 30 30 30 30 30 30 30 30 31 31 31 31 31 32    301
FEB  32 32 32 33 33 33 33 34 34 34 35 35 35 35 36 36 37 37 37 38 38 39 39 39 40 40 41 41             360
MAR  42 42 43 43 44 44 45 45 45 46 46 47 47 48 48 49 49 50 50 50 51 51 52 52 53 53 54 54 54 55 55    486
APR  56 56 56 57 57 58 58 59 59 59 60 60 61 61 61 62 62 63 63 63 64 64 64 65 65 66 66 66 67 67       615
MAY  67 68 68 68 69 69 69 70 70 71 71 71 72 72 72 73 73 73 74 74 74 75 75 75 76 76 76 77 77 78 78    726
JUN  78 79 79 79 80 80 80 80 81 81 81 82 82 82 82 83 83 83 83 83 84 84 84 84 84 85 85 85 85 85       822
JUL  85 85 86 86 86 86 86 86 86 86 86 86 86 86 86 86 87 87 87 87 87 87 87 87 86 86 86 86 86 86 86    862
AUG  86 86 86 86 86 86 85 85 85 85 85 85 85 84 84 84 84 84 84 83 83 83 83 83 82 82 82 82 81 81 81    839
SEP  81 80 80 80 79 79 79 78 78 78 78 77 77 77 76 76 76 75 75 75 74 74 74 73 73 72 72 72 71 71       760
OCT  71 70 70 69 69 69 68 68 67 67 66 66 66 65 65 64 64 63 63 62 62 61 61 60 60 59 58 58 57 57 56    639
NOV  56 55 54 54 53 53 52 52 51 51 50 49 49 48 48 47 47 46 46 45 45 44 44 43 43 42 42 41 41 40       477
DEC  40 39 39 38 38 37 37 36 36 36 35 35 35 34 34 34 33 33 33 32 32 32 32 32 31 31 31 31 31 30 30    341
                                                                                                        
-------------------------------------------------------------------------------------------------       
 Average Temperature (deg F [tenths deg F for monthly])                                                 
 DAY  1  2  3  4  5  6  7  8  9 10 11 12 13 14 15 16 17 18 19 20 21 22 23 24 25 26 27 28 29 30 31  MONTH
-------------------------------------------------------------------------------------------------       
JAN  22 22 22 22 22 22 22 22 22 21 21 21 21 21 21 21 22 22 22 22 22 22 22 22 22 23 23 23 23 23 24    220
FEB  24 24 24 24 25 25 25 26 26 26 27 27 27 27 28 28 29 29 29 30 30 30 31 31 32 32 32 33             279
MAR  33 34 34 35 35 35 36 36 37 37 38 38 38 39 39 40 40 40 41 41 42 42 43 43 43 44 44 45 45 45 46    396
APR  46 46 47 47 48 48 48 49 49 50 50 50 51 51 51 52 52 53 53 53 54 54 54 55 55 56 56 56 57 57       516
MAY  57 58 58 59 59 59 60 60 60 61 61 62 62 62 63 63 63 64 64 64 65 65 65 66 66 66 67 67 68 68 68    629
JUN  69 69 69 69 70 70 70 71 71 71 72 72 72 72 73 73 73 73 74 74 74 74 74 75 75 75 75 75 75 76       725
JUL  76 76 76 76 76 76 76 76 76 77 77 77 77 77 77 77 77 77 77 77 77 77 77 77 77 77 77 77 77 77 77    767
AUG  77 76 76 76 76 76 76 76 76 76 75 75 75 75 75 75 74 74 74 74 73 73 73 73 72 72 72 72 71 71 71    742
SEP  70 70 70 69 69 69 69 68 68 68 67 67 67 66 66 66 65 65 64 64 64 63 63 63 62 62 62 61 61 60       656
OCT  60 60 59 59 58 58 58 57 57 56 56 56 55 55 54 54 53 53 53 52 52 51 51 50 50 49 49 48 48 47 47    537
NOV  46 46 45 45 44 44 43 43 43 42 42 41 41 40 40 39 39 38 38 37 37 36 36 35 35 34 34 33 33 33       394
DEC  32 32 31 31 30 30 29 29 29 28 28 28 27 27 26 26 26 26 25 25 25 24 24 24 24 24 23 23 23 23 23    266
                                                                                                        
-------------------------------------------------------------------------------------------------       
 Heating Degree Days                                                                                    
 DAY  1  2  3  4  5  6  7  8  9 10 11 12 13 14 15 16 17 18 19 20 21 22 23 24 25 26 27 28 29 30 31  MONTH
-------------------------------------------------------------------------------------------------       
JAN  43 43 43 43 43 43 43 43 44 44 44 44 44 44 44 44 44 43 43 43 43 43 43 43 43 43 42 42 42 42 41   1336
FEB  41 41 41 41 40 40 40 39 39 39 38 38 38 38 37 37 36 36 36 35 35 35 34 34 33 33 33 32            1039
MAR  32 31 31 30 30 30 29 29 28 28 27 27 27 26 26 25 25 25 24 24 23 23 23 22 22 21 21 21 20 20 19    789
APR  19 19 18 18 17 17 17 16 16 16 15 15 15 14 14 13 13 13 12 12 12 11 11 11 10 10 10  9  9  9       411
MAY   9  8  8  8  7  7  7  7  6  6  6  5  5  5  5  5  4  4  4  4  3  3  3  3  3  3  2  2  2  2  2    148
JUN   2  1  1  1  1  1  1  1  1  0  0  0  0  0  0  0  0  0  0  0  0  0  0  0  0  0  0  0  0  0        10
JUL   0  0  0  0  0  0  0  0  0  0  0  0  0  0  0  0  0  0  0  0  0  0  0  0  0  0  0  0  0  0-99      1
AUG   0  0  0  0  0  0  0  0  0  0  0  0  0  0  0  0  0  0  1  1  1  1  1  1  1  1  1  1  1  1  1     13
SEP   1  1  1  1  1  1  1  1  2  2  2  2  2  2  2  3  3  3  3  3  3  4  4  4  4  5  5  5  5  6        82
OCT   6  6  7  7  7  8  8  8  9  9  9 10 10 10 11 11 12 12 12 13 13 14 14 15 15 16 16 17 17 17 18    357
NOV  19 19 20 20 21 21 22 22 23 23 23 24 24 25 25 26 26 27 27 28 28 29 29 30 30 31 31 32 32 32       769
DEC  33 33 34 34 35 35 36 36 36 37 37 37 38 38 38 39 39 39 40 40 40 41 41 41 41 41 42 42 42 42 43   1190
                                                                                                        
-------------------------------------------------------------------------------------------------       
 Cooling Degree Days                                                                                    
 DAY  1  2  3  4  5  6  7  8  9 10 11 12 13 14 15 16 17 18 19 20 21 22 23 24 25 26 27 28 29 30 31  MONTH
-------------------------------------------------------------------------------------------------       
JAN   0  0  0  0  0  0  0  0  0  0  0  0  0  0  0  0  0  0  0  0  0  0  0  0  0  0  0  0  0  0  0      0
FEB   0  0  0  0  0  0  0  0  0  0  0  0  0  0  0  0  0  0  0  0  0  0  0  0  0  0  0  0               0
MAR   0  0  0  0  0  0  0  0  0  0  0  0  0  0  0  0  0  0  0  0  0  0  0  0  0  0  0  0  0  0  0      0
APR   0  0  0  0  0  0  0  0  0  0  0  0  0  0  0  0  0  0  0  0  0  0  1  1  1  1  1  1  1  1         8
MAY   1  1  1  1  1  1  1  2  2  2  2  2  2  2  2  2  3  3  3  3  3  3  4  4  4  4  4  4  5  5  5     82
JUN   5  5  6  6  6  6  6  6  7  7  7  7  7  8  8  8  8  8  8  9  9  9  9  9  9 10 10 10 10 10       233
JUL  10 11 11 11 11 11 11 11 11 12 12 12 12 12 12 12 12 12 12 12 12 12 12 12 12 12 12 12 12 12 12    362
AUG  12 12 11 11 11 11 11 11 11 11 11 10 10 10 10 10 10  9  9  9  9  9  8  8  8  8  8  7  7  7  7    296
SEP   6  6  6  6  5  5  5  5  4  4  4  4  4  3  3  3  3  3  3  2  2  2  2  2  2  2  1  1  1  1       100
OCT   1  1  1  1  1  1  1  0  0  0  0  0  0  0  0  0  0  0  0  0  0  0  0  0  0  0  0  0  0  0  0      7
NOV   0  0  0  0  0  0  0  0  0  0  0  0  0  0  0  0  0  0  0  0  0  0  0  0  0  0  0  0  0  0         0
DEC   0  0  0  0  0  0  0  0  0  0  0  0  0  0  0  0  0  0  0  0  0  0  0  0  0  0  0  0  0  0  0      0
                                                                                                        
-------------------------------------------------------------------------------------------------       
 Total  Precipitation (Hundreths of an Inch)                                                            
 DAY  1  2  3  4  5  6  7  8  9 10 11 12 13 14 15 16 17 18 19 20 21 22 23 24 25 26 27 28 29 30 31  MONTH
-------------------------------------------------------------------------------------------------       
JAN   3  3  3  3  3  3  3  3  3  3  3  3  3  3  3  3  3  3  3  3  3  3  3  3  4  4  4  4  4  4  4    100
FEB   3  3  3  3  3  3  4  4  4  4  4  4  4  4  4  4  4  4  4  5  5  5  5  5  5  5  5  6             116
MAR   6  6  6  6  6  6  6  7  7  7  7  7  7  7  8  8  8  8  8  8  8  8  8  9  9  9  9  9  9  9  9    235
APR   9  9  9 10 10 10 10 10 10 10 10 10 11 11 11 11 11 11 11 11 12 12 12 12 12 12 12 13 13 13       328
MAY  13 13 14 14 14 14 14 14 14 15 15 15 15 15 15 15 15 15 15 15 15 15 15 15 15 15 16 16 15 15 15    456
JUN  16 15 15 15 15 15 15 15 15 15 15 15 15 15 15 15 15 15 15 15 15 15 15 15 15 15 15 15 15 15       451
JUL  15 15 15 15 15 15 15 15 15 15 15 15 15 14 14 14 14 14 14 14 14 14 14 14 14 14 14 14 14 13 13    445
AUG  13 13 13 13 13 13 13 13 13 13 13 13 13 13 13 13 13 13 13 13 13 13 13 13 13 13 13 13 13 13 13    403
SEP  14 14 14 14 14 14 14 14 14 14 14 14 14 14 14 14 14 14 14 14 14 13 13 13 13 13 12 12 12 12       407
OCT  11 11 11 11 10 10 10 10  9  9  9  9  9  9  9  8  8  8  8  8  8  8  8  8  8  8  8  8  8  8  8    275
NOV   8  8  8  8  9  9  9  9  9  9  9  9  9  8  8  8  8  8  8  8  8  8  8  8  7  7  7  7  7  6       242
DEC   6  6  6  6  6  5  5  5  5  5  5  5  4  4  4  4  4  4  4  4  4  4  3  3  3  3  3  3  3  3  3    132
                                                                                                        
