-------------------------------------------------------------------------------------------------       
 1971-2000 Daily/Monthly Station Normals                                                                
 Provided by National Climatic Data Center/NESDIS/NOAA                                                  
-------------------------------------------------------------------------------------------------       
 Station COOP ID:                           134308                                                      
 Station Name, State, Division, Call:       KANAWHA                            IA 02                    
 Latitude, Longitude, Elevation, Elements:  42 55 51 -093 47 35  1185   P                               
-------------------------------------------------------------------------------------------------       
 Total  Precipitation (Hundreths of an Inch)                                                            
 DAY  1  2  3  4  5  6  7  8  9 10 11 12 13 14 15 16 17 18 19 20 21 22 23 24 25 26 27 28 29 30 31  MONTH
-------------------------------------------------------------------------------------------------       
JAN   3  3  3  3  3  3  2  2  2  2  2  2  2  2  2  2  2  2  2  2  2  2  2  2  2  2  2  2  2  2  2     68
FEB   2  2  2  2  2  2  2  2  2  2  2  2  2  2  2  2  2  2  2  3  3  3  3  3  3  3  4  4              67
MAR   4  4  4  4  5  5  5  5  5  5  6  6  6  6  6  6  7  7  7  7  7  7  8  8  8  8  8  8  9  9  9    199
APR   9  9 10 10 10 10 10 10 10 11 11 11 11 11 11 11 11 11 11 11 11 11 11 12 12 12 12 12 11 11       324
MAY  11 11 11 11 11 11 11 11 12 12 12 12 12 12 12 12 12 12 12 13 13 13 13 13 13 14 14 14 14 14 15    383
JUN  15 15 15 15 16 16 16 16 16 16 16 17 17 17 17 17 17 17 17 16 16 16 16 16 16 16 16 15 15 15       481
JUL  15 15 14 14 14 14 14 13 13 13 13 13 13 13 12 12 12 12 12 12 12 12 12 12 12 12 12 12 12 12 12    395
AUG  12 13 13 13 13 13 13 13 13 13 13 13 13 13 13 13 13 13 13 13 13 13 13 13 13 13 13 13 13 12 12    400
SEP  12 12 12 12 12 12 12 12 12 11 11 11 11 11 11 11 11 10 10 10 10 10 10 10  9  9  9  9  9  9       320
OCT   9  8  8  8  8  8  8  8  7  7  7  7  7  7  7  7  7  7  7  7  7  7  7  7  6  6  6  6  6  6  7    220
NOV   7  7  7  7  7  7  7  7  6  6  6  6  6  6  6  6  6  6  6  6  6  6  6  6  5  5  5  5  5  5       182
DEC   5  5  4  4  4  4  4  4  4  4  4  3  3  3  3  3  3  3  3  3  3  3  3  3  3  3  3  2  2  2  2    102
                                                                                                        
