-------------------------------------------------------------------------------------------------       
 1971-2000 Daily/Monthly Station Normals                                                                
 Provided by National Climatic Data Center/NESDIS/NOAA                                                  
-------------------------------------------------------------------------------------------------       
 Station COOP ID:                           131402                                                      
 Station Name, State, Division, Call:       CHARLES CITY                       IA 02                    
 Latitude, Longitude, Elevation, Elements:  43 02 12 -092 40 28  1013 XNP                               
-------------------------------------------------------------------------------------------------       
 Minimum Temperature (deg F [tenths deg F for monthly])                                                 
 DAY  1  2  3  4  5  6  7  8  9 10 11 12 13 14 15 16 17 18 19 20 21 22 23 24 25 26 27 28 29 30 31  MONTH
-------------------------------------------------------------------------------------------------       
JAN   7  7  7  6  6  6  6  6  6  6  6  6  5  5  5  6  6  6  6  6  6  6  6  6  7  7  7  7  7  8  8     63
FEB   8  9  9  9 10 10 10 11 11 11 12 12 12 13 13 13 14 14 15 15 15 16 16 16 17 17 18 18             130
MAR  19 19 19 20 20 21 21 22 22 22 23 23 24 24 24 25 25 26 26 26 27 27 28 28 28 29 29 29 30 30 30    247
APR  31 31 32 32 32 33 33 33 34 34 34 35 35 36 36 36 37 37 38 38 38 39 39 40 40 40 41 41 42 42       363
MAY  42 43 43 44 44 44 45 45 46 46 46 47 47 48 48 48 49 49 49 50 50 50 51 51 51 52 52 52 53 53 53    481
JUN  54 54 54 55 55 55 55 56 56 56 57 57 57 57 58 58 58 58 58 59 59 59 59 59 59 60 60 60 60 60       574
JUL  60 60 61 61 61 61 61 61 61 61 61 61 61 61 61 61 61 61 62 62 62 62 62 62 62 62 61 61 61 61 61    612
AUG  61 61 61 61 61 61 61 61 60 60 60 60 60 60 60 59 59 59 59 59 58 58 58 58 57 57 57 56 56 56 55    590
SEP  55 55 54 54 54 53 53 53 52 52 52 51 51 51 50 50 50 49 49 49 48 48 48 47 47 46 46 46 45 45       501
OCT  45 44 44 43 43 43 42 42 42 41 41 40 40 40 39 39 38 38 38 37 37 36 36 35 35 35 34 34 33 33 33    387
NOV  32 32 31 31 30 30 29 29 28 28 28 27 27 26 26 25 25 24 24 23 23 23 22 22 21 21 20 20 19 19       255
DEC  18 18 17 17 16 16 15 15 15 14 14 13 13 13 12 12 12 11 11 10 10 10 10  9  9  9  8  8  8  8  7    122
                                                                                                        
-------------------------------------------------------------------------------------------------       
 Maximum Temperature (deg F [tenths deg F for monthly])                                                 
 DAY  1  2  3  4  5  6  7  8  9 10 11 12 13 14 15 16 17 18 19 20 21 22 23 24 25 26 27 28 29 30 31  MONTH
-------------------------------------------------------------------------------------------------       
JAN  25 25 25 25 25 25 25 24 24 24 24 24 24 24 24 24 25 25 25 25 25 25 25 25 26 26 26 26 26 27 27    250
FEB  27 27 28 28 28 28 29 29 29 30 30 30 31 31 31 32 32 32 33 33 34 34 34 35 35 36 36 37             314
MAR  37 37 38 38 39 39 40 40 41 41 42 42 43 43 43 44 44 45 46 46 47 47 48 48 49 49 50 50 51 51 52    442
APR  53 53 54 54 55 55 56 56 57 57 58 58 59 59 60 60 61 61 62 62 63 63 64 64 64 65 65 66 66 67       599
MAY  67 67 68 68 68 69 69 70 70 70 71 71 71 72 72 72 73 73 73 74 74 74 75 75 76 76 76 76 77 77 77    723
JUN  78 78 78 79 79 79 80 80 80 80 81 81 81 81 81 82 82 82 82 82 82 83 83 83 83 83 83 83 83 84       812
JUL  84 84 84 84 84 84 84 84 84 84 84 84 84 84 84 84 85 85 85 84 84 84 84 84 84 84 84 84 84 84 84    841
AUG  84 84 84 84 84 83 83 83 83 83 83 83 83 82 82 82 82 82 82 81 81 81 81 81 80 80 80 80 80 79 79    819
SEP  79 79 78 78 78 77 77 77 77 76 76 76 75 75 75 75 74 74 74 73 73 73 72 72 72 71 71 71 70 70       746
OCT  70 69 69 68 68 68 67 67 66 66 65 65 64 64 63 63 62 62 61 61 60 59 59 58 57 57 56 55 55 54 53    623
NOV  53 52 51 50 50 49 48 48 47 46 46 45 44 44 43 43 42 41 41 40 40 39 39 38 38 37 36 36 35 35       432
DEC  35 34 34 33 33 32 32 31 31 31 30 30 30 29 29 29 28 28 28 27 27 27 27 27 26 26 26 26 26 25 25    291
                                                                                                        
-------------------------------------------------------------------------------------------------       
 Average Temperature (deg F [tenths deg F for monthly])                                                 
 DAY  1  2  3  4  5  6  7  8  9 10 11 12 13 14 15 16 17 18 19 20 21 22 23 24 25 26 27 28 29 30 31  MONTH
-------------------------------------------------------------------------------------------------       
JAN  16 16 16 16 16 15 15 15 15 15 15 15 15 15 15 15 15 15 15 15 16 16 16 16 16 16 17 17 17 17 18    157
FEB  18 18 18 19 19 19 20 20 20 20 21 21 21 22 22 23 23 23 24 24 24 25 25 26 26 27 27 27             222
MAR  28 28 29 29 30 30 30 31 31 32 32 33 33 34 34 34 35 35 36 36 37 37 38 38 39 39 39 40 40 41 41    345
APR  42 42 43 43 44 44 44 45 45 46 46 47 47 48 48 48 49 49 50 50 50 51 51 52 52 53 53 53 54 54       481
MAY  55 55 55 56 56 57 57 57 58 58 59 59 59 60 60 60 61 61 61 62 62 62 63 63 63 64 64 64 65 65 65    602
JUN  66 66 66 67 67 67 67 68 68 68 69 69 69 69 69 70 70 70 70 70 71 71 71 71 71 71 72 72 72 72       693
JUL  72 72 72 72 72 72 72 72 72 73 73 73 73 73 73 73 73 73 73 73 73 73 73 73 73 73 73 73 73 73 73    727
AUG  73 73 72 72 72 72 72 72 72 72 72 71 71 71 71 71 71 70 70 70 70 70 69 69 69 69 68 68 68 68 67    705
SEP  67 67 66 66 66 65 65 65 65 64 64 64 63 63 63 62 62 62 61 61 61 60 60 60 59 59 59 58 58 57       624
OCT  57 57 56 56 56 55 55 54 54 53 53 53 52 52 51 51 50 50 49 49 48 48 47 47 46 46 45 45 44 43 43    505
NOV  42 42 41 41 40 40 39 38 38 37 37 36 36 35 35 34 34 33 32 32 31 31 30 30 29 29 28 28 27 27       344
DEC  26 26 26 25 25 24 24 23 23 23 22 22 21 21 21 20 20 20 19 19 19 18 18 18 18 17 17 17 17 17 16    207
                                                                                                        
-------------------------------------------------------------------------------------------------       
 Heating Degree Days                                                                                    
 DAY  1  2  3  4  5  6  7  8  9 10 11 12 13 14 15 16 17 18 19 20 21 22 23 24 25 26 27 28 29 30 31  MONTH
-------------------------------------------------------------------------------------------------       
JAN  49 49 49 49 49 50 50 50 50 50 50 50 50 50 50 50 50 50 50 50 50 49 49 49 49 49 48 48 48 48 48   1530
FEB  47 47 47 46 46 46 45 45 45 45 44 44 43 43 43 42 42 42 41 41 41 40 40 39 39 39 38 38            1198
MAR  37 37 36 36 35 35 35 34 34 33 33 32 32 32 31 31 30 30 29 29 28 28 27 27 26 26 26 25 25 24 24    947
APR  23 23 22 22 21 21 20 20 20 19 19 18 18 17 17 17 16 16 15 15 15 14 14 14 13 13 13 12 12 12       511
MAY  11 11 10 10 10 10  9  9  9  8  8  8  7  7  7  7  6  6  6  6  5  5  5  5  4  4  4  4  3  3  3    210
JUN   3  3  2  2  2  2  2  2  2  1  1  1  1  1  1  1  1  1  0  0  0  0  0  0  0  0  0  0  0  0        29
JUL   0  0  0  0  0  0  0  0  0  0  0  0  0  0  0  0  0  0  0  0  0-99-99-99-99-99-99-99-99-99-99     10
AUG   0  0  0  0  0  0  0  0  1  1  1  1  1  1  1  1  1  1  1  1  1  1  1  1  1  1  1  1  2  2  2     26
SEP   2  2  2  2  2  2  2  3  3  3  3  3  4  4  4  4  4  5  5  5  5  6  6  6  6  7  7  7  8  8       130
OCT   8  9  9  9 10 10 10 11 11 12 12 12 13 13 14 14 15 15 16 16 17 17 18 18 19 19 20 20 21 21 22    451
NOV  23 23 24 24 25 26 26 27 27 28 28 29 29 30 30 31 32 32 33 33 34 34 35 35 36 36 37 37 38 38       920
DEC  39 39 40 40 40 41 41 42 42 43 43 43 44 44 44 45 45 45 46 46 46 47 47 47 47 48 48 48 48 48 49   1375
                                                                                                        
-------------------------------------------------------------------------------------------------       
 Cooling Degree Days                                                                                    
 DAY  1  2  3  4  5  6  7  8  9 10 11 12 13 14 15 16 17 18 19 20 21 22 23 24 25 26 27 28 29 30 31  MONTH
-------------------------------------------------------------------------------------------------       
JAN   0  0  0  0  0  0  0  0  0  0  0  0  0  0  0  0  0  0  0  0  0  0  0  0  0  0  0  0  0  0  0      0
FEB   0  0  0  0  0  0  0  0  0  0  0  0  0  0  0  0  0  0  0  0  0  0  0  0  0  0  0  0               0
MAR   0  0  0  0  0  0  0  0  0  0  0  0  0  0  0  0  0  0  0  0  0  0  0  0  0  0  0  0  0  0  0      0
APR   0  0  0  0  0  0  0  0  0  0  0  0  0  0  0  0  0  0  0  0  0  0  0  0  0  0  1  1  1  1         4
MAY   1  1  1  1  1  1  1  1  1  1  1  2  2  2  2  2  2  2  2  2  2  2  3  3  3  3  3  3  3  3  3     60
JUN   4  4  4  4  4  4  4  4  4  5  5  5  5  5  5  5  5  6  6  6  6  6  6  6  6  6  7  7  7  7       158
JUL   7  7  8  8  8  8  8  8  8  8  8  8  8  8  8  8  8  8  8  8  9  8  8  8  8  8  8  8  8  8  8    247
AUG   8  8  8  8  8  8  7  7  7  7  7  7  7  7  7  6  6  6  6  6  6  6  5  5  5  5  5  4  4  4  4    194
SEP   4  4  3  3  3  3  3  2  2  2  2  2  2  2  2  1  1  1  1  1  1  1  1  1  1  1  0  0  0  0        50
OCT -99-99  0  0  0  0  0  0  0  0  0  0  0  0  0  0  0  0  0  0  0  0  0  0  0  0  0  0  0  0  0      2
NOV   0  0  0  0  0  0  0  0  0  0  0  0  0  0  0  0  0  0  0  0  0  0  0  0  0  0  0  0  0  0         0
DEC   0  0  0  0  0  0  0  0  0  0  0  0  0  0  0  0  0  0  0  0  0  0  0  0  0  0  0  0  0  0  0      0
                                                                                                        
-------------------------------------------------------------------------------------------------       
 Total  Precipitation (Hundreths of an Inch)                                                            
 DAY  1  2  3  4  5  6  7  8  9 10 11 12 13 14 15 16 17 18 19 20 21 22 23 24 25 26 27 28 29 30 31  MONTH
-------------------------------------------------------------------------------------------------       
JAN   3  3  3  3  3  3  3  3  3  3  3  3  3  3  3  3  3  3  3  3  3  3  3  3  3  3  3  3  3  3  3     93
FEB   3  3  3  3  3  3  3  3  3  3  3  3  3  3  3  3  3  3  3  3  3  3  3  3  3  4  4  4              87
MAR   4  4  4  5  5  5  5  5  5  5  6  6  6  6  6  6  7  7  7  7  7  7  8  8  8  8  8  9  9  9  9    201
APR  10 10 10 10 10 10 11 11 11 11 11 11 11 12 12 12 12 12 12 12 12 12 12 12 12 12 12 12 12 12       341
MAY  12 12 12 12 12 12 12 12 12 12 12 12 13 13 13 13 13 13 13 13 14 14 14 14 14 14 15 15 15 15 16    408
JUN  16 16 16 16 17 17 17 17 17 17 18 18 18 18 18 18 18 18 18 18 18 18 18 17 17 17 17 17 17 17       519
JUL  17 16 16 16 16 16 15 15 15 15 15 15 15 15 15 15 14 14 14 14 14 14 14 14 14 14 14 15 15 15 15    461
AUG  15 15 15 15 15 15 15 15 15 15 15 15 15 15 15 15 15 15 15 15 15 15 15 14 14 14 14 14 14 14 14    457
SEP  13 13 13 13 13 13 12 12 12 12 12 12 12 11 11 11 11 11 11 11 10 10 10 10 10 10 10  9  9  9       336
OCT   9  9  9  9  8  8  8  8  8  8  8  8  8  8  8  8  8  8  8  8  7  7  7  7  7  7  7  8  8  8  8    245
NOV   8  8  8  8  8  8  8  8  8  8  8  8  7  7  7  7  7  7  7  7  7  7  6  6  6  6  6  6  6  5       213
DEC   5  5  5  5  4  4  4  4  4  4  4  3  3  3  3  3  3  3  3  3  3  3  3  3  3  3  3  3  3  3  3    108
                                                                                                        
