-------------------------------------------------------------------------------------------------       
 1971-2000 Daily/Monthly Station Normals                                                                
 Provided by National Climatic Data Center/NESDIS/NOAA                                                  
-------------------------------------------------------------------------------------------------       
 Station COOP ID:                           131833                                                      
 Station Name, State, Division, Call:       CORNING                            IA 07                    
 Latitude, Longitude, Elevation, Elements:  40 59 20 -094 44 55  1215 XNP                               
-------------------------------------------------------------------------------------------------       
 Minimum Temperature (deg F [tenths deg F for monthly])                                                 
 DAY  1  2  3  4  5  6  7  8  9 10 11 12 13 14 15 16 17 18 19 20 21 22 23 24 25 26 27 28 29 30 31  MONTH
-------------------------------------------------------------------------------------------------       
JAN  12 12 11 11 11 11 11 11 11 10 10 10 10 10 10 10 10 10 10 10 10 10 11 11 11 11 11 11 11 12 12    107
FEB  12 12 13 13 13 13 13 14 14 14 15 15 15 15 16 16 16 17 17 17 18 18 18 19 19 20 20 20             158
MAR  21 21 22 22 22 23 23 23 24 24 25 25 25 26 26 27 27 27 28 28 28 29 29 30 30 30 31 31 31 32 32    265
APR  32 33 33 34 34 34 35 35 35 36 36 36 37 37 37 38 38 39 39 39 40 40 40 41 41 42 42 42 43 43       377
MAY  43 44 44 45 45 45 46 46 46 47 47 47 48 48 49 49 49 50 50 50 51 51 51 52 52 53 53 53 54 54 54    489
JUN  55 55 55 56 56 56 57 57 57 57 58 58 58 59 59 59 59 60 60 60 60 61 61 61 61 61 62 62 62 62       588
JUL  62 62 62 63 63 63 63 63 63 63 63 63 64 64 64 64 64 64 64 64 64 64 64 64 64 64 64 64 64 64 64    635
AUG  64 64 64 63 63 63 63 63 63 63 63 62 62 62 62 62 61 61 61 61 61 60 60 60 59 59 59 59 58 58 57    613
SEP  57 57 56 56 56 55 55 55 54 54 54 53 53 52 52 52 51 51 51 50 50 49 49 49 48 48 47 47 47 46       518
OCT  46 45 45 45 44 44 44 43 43 42 42 42 41 41 40 40 40 39 39 38 38 37 37 37 36 36 35 35 35 34 34    399
NOV  33 33 33 32 32 31 31 30 30 30 29 29 28 28 28 27 27 26 26 26 25 25 24 24 24 23 23 22 22 21       274
DEC  21 21 20 20 20 19 19 18 18 18 17 17 17 16 16 16 15 15 15 15 14 14 14 13 13 13 13 13 12 12 12    160
                                                                                                        
-------------------------------------------------------------------------------------------------       
 Maximum Temperature (deg F [tenths deg F for monthly])                                                 
 DAY  1  2  3  4  5  6  7  8  9 10 11 12 13 14 15 16 17 18 19 20 21 22 23 24 25 26 27 28 29 30 31  MONTH
-------------------------------------------------------------------------------------------------       
JAN  31 31 31 30 30 30 30 30 30 30 30 30 30 30 30 30 30 30 30 31 31 31 31 31 31 31 31 32 32 32 32    306
FEB  32 33 33 33 33 34 34 34 34 35 35 35 36 36 36 37 37 37 38 38 38 39 39 40 40 41 41 41             364
MAR  42 42 43 43 44 44 45 45 45 46 46 47 47 48 48 49 49 49 50 50 51 51 52 52 52 53 53 54 54 55 55    485
APR  55 56 56 57 57 58 58 58 59 59 59 60 60 61 61 61 62 62 63 63 63 64 64 64 65 65 65 66 66 66       611
MAY  67 67 67 68 68 68 69 69 69 70 70 71 71 71 72 72 72 73 73 73 74 74 74 75 75 75 76 76 76 77 77    719
JUN  78 78 78 79 79 79 79 80 80 80 81 81 81 81 82 82 82 82 83 83 83 83 84 84 84 84 84 84 85 85       816
JUL  85 85 85 85 85 86 86 86 86 86 86 86 86 86 86 86 86 86 87 87 87 87 87 87 87 87 86 86 86 86 86    861
AUG  86 86 86 86 86 86 86 86 86 85 85 85 85 85 85 85 84 84 84 84 84 83 83 83 83 83 82 82 82 82 81    843
SEP  81 81 81 80 80 80 79 79 79 78 78 78 78 77 77 77 76 76 76 75 75 75 74 74 74 73 73 73 72 72       767
OCT  72 71 71 70 70 70 69 69 68 68 67 67 67 66 66 65 65 64 64 63 63 62 61 61 60 60 59 59 58 57 57    648
NOV  56 55 55 54 54 53 52 52 51 51 50 49 49 48 48 47 47 46 46 45 45 44 43 43 42 42 42 41 41 40       477
DEC  40 39 39 38 38 37 37 37 36 36 36 35 35 34 34 34 34 33 33 33 33 32 32 32 32 32 31 31 31 31 31    344
                                                                                                        
-------------------------------------------------------------------------------------------------       
 Average Temperature (deg F [tenths deg F for monthly])                                                 
 DAY  1  2  3  4  5  6  7  8  9 10 11 12 13 14 15 16 17 18 19 20 21 22 23 24 25 26 27 28 29 30 31  MONTH
-------------------------------------------------------------------------------------------------       
JAN  21 21 21 21 21 21 21 20 20 20 20 20 20 20 20 20 20 20 20 21 21 21 21 21 21 21 21 21 22 22 22    207
FEB  22 22 23 23 23 23 24 24 24 25 25 25 25 26 26 26 27 27 27 28 28 29 29 29 30 30 30 31             261
MAR  31 32 32 33 33 33 34 34 35 35 35 36 36 37 37 38 38 38 39 39 40 40 40 41 41 42 42 42 43 43 44    375
APR  44 44 45 45 45 46 46 47 47 47 48 48 49 49 49 50 50 50 51 51 51 52 52 53 53 53 54 54 54 55       494
MAY  55 55 56 56 56 57 57 58 58 58 59 59 59 60 60 60 61 61 61 62 62 63 63 63 64 64 64 65 65 65 66    604
JUN  66 66 67 67 67 68 68 68 69 69 69 70 70 70 70 71 71 71 71 72 72 72 72 72 73 73 73 73 73 73       702
JUL  74 74 74 74 74 74 75 75 75 75 75 75 75 75 75 75 75 75 75 75 75 75 75 75 75 75 75 75 75 75 75    748
AUG  75 75 75 75 75 75 74 74 74 74 74 74 74 73 73 73 73 73 73 72 72 72 72 71 71 71 71 70 70 70 69    728
SEP  69 69 68 68 68 68 67 67 67 66 66 66 65 65 65 64 64 63 63 63 62 62 62 61 61 61 60 60 60 59       643
OCT  59 58 58 58 57 57 56 56 56 55 55 54 54 54 53 53 52 52 51 51 50 50 49 49 48 48 47 47 46 46 45    524
NOV  45 44 44 43 43 42 42 41 41 40 40 39 39 38 38 37 37 36 36 35 35 34 34 33 33 33 32 32 31 31       376
DEC  30 30 30 29 29 28 28 28 27 27 26 26 26 25 25 25 25 24 24 24 23 23 23 23 22 22 22 22 22 22 21    252
                                                                                                        
-------------------------------------------------------------------------------------------------       
 Heating Degree Days                                                                                    
 DAY  1  2  3  4  5  6  7  8  9 10 11 12 13 14 15 16 17 18 19 20 21 22 23 24 25 26 27 28 29 30 31  MONTH
-------------------------------------------------------------------------------------------------       
JAN  44 44 44 44 44 44 45 45 45 45 45 45 45 45 45 45 45 45 45 45 45 44 44 44 44 44 44 44 43 43 43   1376
FEB  43 43 42 42 42 42 41 41 41 40 40 40 40 39 39 39 38 38 38 37 37 36 36 36 35 35 35 34            1089
MAR  34 33 33 32 32 32 31 31 30 30 30 29 29 28 28 27 27 27 26 26 25 25 25 24 24 23 23 23 22 22 21    852
APR  21 21 20 20 19 19 19 18 18 18 17 17 16 16 16 15 15 15 14 14 14 13 13 13 12 12 12 11 11 11       470
MAY  11 10 10 10  9  9  9  8  8  8  8  7  7  7  7  6  6  6  6  5  5  5  5  4  4  4  4  4  3  3  3    201
JUN   3  3  2  2  2  2  2  1  1  1  1  1  1  1  1  1  0  0  0  0  0  0  0  0  0  0  0  0  0  0        25
JUL   0  0  0  0  0  0  0  0  0  0  0  0  0  0  0  0  0  0  0  0  0  0  0  0  0  0-99-99-99-99-99      5
AUG   0  0  0  0  0  0  0  0  1  1  1  1  1  1  1  1  1  1  1  1  1  1  1  1  1  1  1  1  1  1  2     24
SEP   2  2  2  2  2  2  2  2  2  2  3  3  3  3  3  3  4  4  4  4  4  5  5  5  5  6  6  6  6  7       109
OCT   7  7  8  8  8  9  9  9 10 10 10 11 11 12 12 12 13 13 14 14 15 15 16 16 17 17 17 18 19 19 20    396
NOV  20 21 21 22 22 23 23 24 24 25 25 26 26 27 27 28 28 29 29 30 30 31 31 32 32 33 33 33 34 34       823
DEC  35 35 35 36 36 37 37 37 38 38 39 39 39 40 40 40 40 41 41 41 42 42 42 42 42 43 43 43 43 44 44   1234
                                                                                                        
-------------------------------------------------------------------------------------------------       
 Cooling Degree Days                                                                                    
 DAY  1  2  3  4  5  6  7  8  9 10 11 12 13 14 15 16 17 18 19 20 21 22 23 24 25 26 27 28 29 30 31  MONTH
-------------------------------------------------------------------------------------------------       
JAN   0  0  0  0  0  0  0  0  0  0  0  0  0  0  0  0  0  0  0  0  0  0  0  0  0  0  0  0  0  0  0      0
FEB   0  0  0  0  0  0  0  0  0  0  0  0  0  0  0  0  0  0  0  0  0  0  0  0  0  0  0  0               0
MAR   0  0  0  0  0  0  0  0  0  0  0  0  0  0  0  0  0  0  0  0  0  0  0  0  0  0  0  0  0  0  0      0
APR   0  0  0  0  0  0  0  0  0  0  0  0  0  0  0  0  0  0  0  0  0  0  0  0  0  0  0  1  1  1         3
MAY   1  1  1  1  1  1  1  1  1  1  1  1  1  1  2  2  2  2  2  2  2  2  2  3  3  3  3  3  3  3  4     57
JUN   4  4  4  4  4  5  5  5  5  5  5  6  6  6  6  6  6  6  7  7  7  7  7  7  8  8  8  8  8  8       182
JUL   9  9  9  9  9  9  9 10 10 10 10 10 10 10 10 10 10 10 10 10 11 11 11 11 11 11 11 10 10 10 10    310
AUG  10 10 10 10 10 10 10 10 10 10  9  9  9  9  9  9  9  9  8  8  8  8  8  7  7  7  7  7  6  6  6    265
SEP   6  5  5  5  5  5  4  4  4  4  3  3  3  3  3  3  2  2  2  2  2  2  2  2  1  1  1  1  1  1        87
OCT   1  1  1  1  0  0  0  0  0  0  0  0  0  0  0  0  0  0  0  0  0  0  0  0  0  0  0  0  0  0  0      4
NOV   0  0  0  0  0  0  0  0  0  0  0  0  0  0  0  0  0  0  0  0  0  0  0  0  0  0  0  0  0  0         0
DEC   0  0  0  0  0  0  0  0  0  0  0  0  0  0  0  0  0  0  0  0  0  0  0  0  0  0  0  0  0  0  0      0
                                                                                                        
-------------------------------------------------------------------------------------------------       
 Total  Precipitation (Hundreths of an Inch)                                                            
 DAY  1  2  3  4  5  6  7  8  9 10 11 12 13 14 15 16 17 18 19 20 21 22 23 24 25 26 27 28 29 30 31  MONTH
-------------------------------------------------------------------------------------------------       
JAN   3  3  3  3  3  3  3  3  3  3  3  3  3  3  3  3  3  3  3  3  3  3  3  3  3  3  3  3  3  2  2     91
FEB   3  3  3  3  3  3  3  3  3  3  3  3  3  3  3  4  4  4  4  4  4  4  4  5  5  5  5  5             102
MAR   5  5  6  6  6  6  6  6  7  7  7  7  7  7  8  8  8  8  8  8  8  8  9  9  9  9  9  9  9 10 10    235
APR  10 10 10 10 10 10 11 11 11 11 11 11 11 11 11 12 12 12 12 12 12 12 13 13 13 13 13 13 13 13       347
MAY  14 14 14 14 14 14 14 14 14 14 15 15 15 15 15 15 15 15 15 15 15 15 15 15 15 15 15 15 15 15 15    455
JUN  15 15 15 15 15 15 15 15 15 15 15 15 15 15 15 15 15 15 15 15 15 15 15 15 15 15 15 15 15 15       450
JUL  15 15 15 15 15 15 15 15 15 15 15 15 15 15 15 15 15 15 14 14 14 14 14 14 14 14 14 14 14 14 14    452
AUG  14 14 13 13 13 13 13 13 13 13 13 13 13 13 13 13 13 13 13 13 14 14 14 14 14 14 14 14 14 15 15    418
SEP  15 15 15 15 15 15 15 16 16 16 16 16 16 15 15 15 15 15 15 15 15 14 14 14 14 13 13 13 12 12       440
OCT  12 11 11 11 10 10 10 10  9  9  9  9  8  8  8  8  8  8  8  8  7  7  7  7  7  7  7  7  7  7  8    263
NOV   7  7  8  8  8  8  8  8  8  8  8  8  8  8  8  8  7  7  7  7  7  7  7  7  7  7  6  6  6  6       220
DEC   6  6  5  5  5  5  5  5  4  4  4  4  4  4  4  4  4  3  3  3  3  3  3  3  3  3  3  3  3  3  3    120
                                                                                                        
