-------------------------------------------------------------------------------------------------       
 1971-2000 Daily/Monthly Station Normals                                                                
 Provided by National Climatic Data Center/NESDIS/NOAA                                                  
-------------------------------------------------------------------------------------------------       
 Station COOP ID:                           130745                                                      
 Station Name, State, Division, Call:       BLOCKTON 2 S                       IA 07                    
 Latitude, Longitude, Elevation, Elements:  40 36 00 -094 29 00  1081   P                               
-------------------------------------------------------------------------------------------------       
 Total  Precipitation (Hundreths of an Inch)                                                            
 DAY  1  2  3  4  5  6  7  8  9 10 11 12 13 14 15 16 17 18 19 20 21 22 23 24 25 26 27 28 29 30 31  MONTH
-------------------------------------------------------------------------------------------------       
JAN   3  3  3  3  3  3  2  2  2  2  3  3  3  3  3  3  3  3  3  3  3  3  3  3  3  3  3  3  3  3  3     89
FEB   3  3  3  3  3  3  3  3  3  3  3  3  4  4  4  4  4  4  4  4  4  5  5  5  5  5  5  6             108
MAR   6  6  6  6  6  7  7  7  7  7  7  7  8  8  8  8  8  8  8  8  8  9  9  9  9  9  9  9  9  9  9    241
APR   9  9  9  9  9  9  9  9 10 10 10 10 10 10 10 10 10 11 11 11 11 11 12 12 12 12 12 13 13 13       316
MAY  13 13 14 14 14 14 14 15 15 15 15 15 15 15 15 16 16 16 16 16 16 16 16 16 16 16 16 16 15 15 15    469
JUN  15 15 15 15 15 15 15 15 15 15 15 14 14 14 15 15 15 15 15 15 15 15 15 15 15 15 15 15 16 16       449
JUL  16 16 16 16 16 16 16 17 17 17 17 17 17 17 17 17 17 16 16 16 16 16 16 16 16 15 15 15 15 15 14    499
AUG  14 14 14 14 13 13 13 13 13 13 13 12 12 12 12 12 12 12 12 12 12 12 12 12 12 12 12 12 12 13 13    389
SEP  13 13 13 13 13 13 13 13 13 14 14 14 14 14 14 14 14 13 13 13 13 13 13 13 13 13 13 13 12 12       396
OCT  12 12 12 12 11 11 11 11 11 11 11 10 10 10 10 10 10 10 10 10 10  9  9  9  9  9  9  9  9  9  9    315
NOV   9  9  9  9  9  9  9  9  9  9  9  8  8  8  8  8  8  8  8  8  7  7  7  7  7  7  6  6  6  6       237
DEC   6  6  5  5  5  5  5  5  4  4  4  4  4  4  4  4  4  3  3  3  3  3  3  3  3  3  3  3  3  3  3    120
                                                                                                        
