-------------------------------------------------------------------------------------------------       
 1971-2000 Daily/Monthly Station Normals                                                                
 Provided by National Climatic Data Center/NESDIS/NOAA                                                  
-------------------------------------------------------------------------------------------------       
 Station COOP ID:                           136910                                                      
 Station Name, State, Division, Call:       RATHBUN DAM                        IA 08                    
 Latitude, Longitude, Elevation, Elements:  40 49 30 -092 53 33   965 XNP                               
-------------------------------------------------------------------------------------------------       
 Minimum Temperature (deg F [tenths deg F for monthly])                                                 
 DAY  1  2  3  4  5  6  7  8  9 10 11 12 13 14 15 16 17 18 19 20 21 22 23 24 25 26 27 28 29 30 31  MONTH
-------------------------------------------------------------------------------------------------       
JAN  11 11 11 11 10 10 10 10 10 10 10 10 10  9  9  9  9  9 10 10 10 10 10 10 10 10 10 11 11 11 11    101
FEB  12 12 12 12 13 13 13 13 14 14 14 15 15 15 16 16 17 17 17 18 18 19 19 19 20 20 21 21             159
MAR  22 22 22 23 23 24 24 25 25 26 26 26 27 27 28 28 29 29 29 30 30 31 31 31 32 32 32 33 33 34 34    280
APR  34 35 35 35 36 36 36 37 37 38 38 38 39 39 39 40 40 40 41 41 41 42 42 43 43 43 44 44 44 45       395
MAY  45 45 46 46 47 47 47 48 48 48 49 49 49 50 50 51 51 51 52 52 52 53 53 53 54 54 54 55 55 55 56    505
JUN  56 56 57 57 57 58 58 58 59 59 59 60 60 60 60 61 61 61 61 62 62 62 62 62 63 63 63 63 63 63       602
JUL  64 64 64 64 64 64 65 65 65 65 65 65 65 65 65 65 65 65 65 65 65 65 65 65 65 65 65 65 65 65 65    648
AUG  65 65 65 65 64 64 64 64 64 64 64 63 63 63 63 63 62 62 62 62 62 61 61 61 61 60 60 60 59 59 59    624
SEP  58 58 58 57 57 57 56 56 56 55 55 55 54 54 53 53 53 52 52 51 51 51 50 50 50 49 49 48 48 47       531
OCT  47 47 46 46 45 45 44 44 44 43 43 42 42 42 41 41 40 40 40 39 39 38 38 38 37 37 36 36 35 35 35    408
NOV  34 34 34 33 33 32 32 32 31 31 30 30 29 29 29 28 28 27 27 27 26 26 25 25 24 24 24 23 23 22       284
DEC  22 21 21 21 20 20 19 19 19 18 18 17 17 17 16 16 16 15 15 15 14 14 14 14 13 13 13 12 12 12 12    163
                                                                                                        
-------------------------------------------------------------------------------------------------       
 Maximum Temperature (deg F [tenths deg F for monthly])                                                 
 DAY  1  2  3  4  5  6  7  8  9 10 11 12 13 14 15 16 17 18 19 20 21 22 23 24 25 26 27 28 29 30 31  MONTH
-------------------------------------------------------------------------------------------------       
JAN  30 30 30 30 30 29 29 29 29 29 29 29 29 29 29 29 29 29 29 29 29 30 30 30 30 30 30 31 31 31 31    296
FEB  32 32 32 32 33 33 33 34 34 34 35 35 35 36 36 36 37 37 38 38 38 39 39 40 40 41 41 41             361
MAR  42 42 43 43 44 44 45 45 45 46 46 47 47 48 48 49 49 49 50 50 51 51 52 52 52 53 53 54 54 55 55    485
APR  55 56 56 57 57 57 58 58 59 59 59 60 60 60 61 61 62 62 62 63 63 64 64 64 65 65 65 66 66 66       610
MAY  67 67 67 68 68 68 69 69 69 70 70 71 71 71 72 72 72 73 73 73 74 74 74 75 75 75 76 76 76 77 77    719
JUN  77 78 78 78 79 79 79 79 80 80 80 81 81 81 81 82 82 82 82 83 83 83 83 83 84 84 84 84 84 85       813
JUL  85 85 85 85 85 85 86 86 86 86 86 86 86 86 86 86 86 86 87 87 87 87 87 87 87 87 87 86 86 86 86    861
AUG  86 86 86 86 86 86 86 86 86 85 85 85 85 85 85 84 84 84 84 84 84 83 83 83 83 82 82 82 82 81 81    842
SEP  81 81 80 80 80 79 79 79 78 78 78 78 77 77 77 76 76 76 75 75 75 74 74 74 73 73 73 72 72 72       764
OCT  71 71 71 70 70 69 69 69 68 68 67 67 67 66 66 65 65 64 64 63 63 62 62 61 60 60 59 59 58 58 57    648
NOV  56 56 55 54 54 53 53 52 52 51 50 50 49 49 48 48 47 47 46 46 45 44 44 43 43 42 42 42 41 41       481
DEC  40 40 39 39 38 38 37 37 37 36 36 36 35 35 34 34 34 33 33 33 33 32 32 32 32 31 31 31 31 30 30    345
                                                                                                        
-------------------------------------------------------------------------------------------------       
 Average Temperature (deg F [tenths deg F for monthly])                                                 
 DAY  1  2  3  4  5  6  7  8  9 10 11 12 13 14 15 16 17 18 19 20 21 22 23 24 25 26 27 28 29 30 31  MONTH
-------------------------------------------------------------------------------------------------       
JAN  21 21 20 20 20 20 20 20 20 20 19 19 19 19 19 19 19 19 19 20 20 20 20 20 20 20 20 21 21 21 21    199
FEB  22 22 22 22 23 23 23 24 24 24 25 25 25 26 26 26 27 27 27 28 28 29 29 29 30 30 31 31             260
MAR  32 32 33 33 34 34 34 35 35 36 36 37 37 38 38 38 39 39 40 40 40 41 41 42 42 43 43 43 44 44 44    383
APR  45 45 46 46 46 47 47 48 48 48 49 49 49 50 50 50 51 51 52 52 52 53 53 53 54 54 55 55 55 56       503
MAY  56 56 57 57 57 58 58 58 59 59 59 60 60 61 61 61 62 62 62 63 63 63 64 64 64 65 65 65 66 66 66    612
JUN  67 67 67 68 68 68 69 69 69 69 70 70 70 71 71 71 71 72 72 72 72 73 73 73 73 73 74 74 74 74       708
JUL  74 74 74 75 75 75 75 75 75 75 75 75 76 76 76 76 76 76 76 76 76 76 76 76 76 76 76 76 76 76 76    755
AUG  76 75 75 75 75 75 75 75 75 75 74 74 74 74 74 74 73 73 73 73 73 72 72 72 72 71 71 71 71 70 70    733
SEP  70 69 69 69 68 68 68 67 67 67 66 66 66 65 65 65 64 64 64 63 63 63 62 62 62 61 61 60 60 60       648
OCT  59 59 58 58 58 57 57 56 56 56 55 55 54 54 53 53 53 52 52 51 51 50 50 49 49 48 48 47 47 46 46    528
NOV  45 45 44 44 43 43 42 42 41 41 40 40 39 39 39 38 38 37 37 36 36 35 35 34 34 33 33 32 32 32       383
DEC  31 31 30 30 29 29 28 28 28 27 27 26 26 26 25 25 25 24 24 24 24 23 23 23 22 22 22 22 21 21 21    254
                                                                                                        
-------------------------------------------------------------------------------------------------       
 Heating Degree Days                                                                                    
 DAY  1  2  3  4  5  6  7  8  9 10 11 12 13 14 15 16 17 18 19 20 21 22 23 24 25 26 27 28 29 30 31  MONTH
-------------------------------------------------------------------------------------------------       
JAN  44 44 45 45 45 45 45 45 46 46 46 46 46 46 46 46 46 46 46 46 45 45 45 45 45 45 45 44 44 44 44   1401
FEB  43 43 43 43 42 42 42 41 41 41 40 40 40 39 39 39 38 38 38 37 37 36 36 36 35 35 34 34            1092
MAR  33 33 32 32 32 31 31 30 30 29 29 28 28 28 27 27 26 26 25 25 25 24 24 23 23 23 22 22 21 21 21    831
APR  20 20 19 19 19 18 18 17 17 17 16 16 16 15 15 15 14 14 14 13 13 13 12 12 12 11 11 11 10 10       447
MAY  10  9  9  9  9  8  8  8  7  7  7  7  6  6  6  6  5  5  5  5  5  4  4  4  4  3  3  3  3  3  2    180
JUN   2  2  2  2  2  1  1  1  1  1  1  1  1  0  0  0  0  0  0  0  0  0  0  0  0  0  0  0  0  0        18
JUL   0  0  0  0  0  0  0  0  0  0  0  0  0  0  0  0  0  0  0  0  0  0  0  0  0  0  0  0  0  0  0      0
AUG   0  0  0  0  0  0  0  0  0  0  0  0  0  0  0  1  1  1  1  1  1  1  1  1  1  1  1  1  1  1  1     16
SEP   1  1  1  1  1  2  2  2  2  2  2  2  3  3  3  3  3  3  4  4  4  4  5  5  5  5  6  6  6  6        97
OCT   7  7  7  8  8  8  9  9  9 10 10 10 11 11 12 12 12 13 13 14 14 15 15 16 16 17 17 18 18 19 19    384
NOV  20 20 21 21 22 22 23 23 24 24 25 25 26 26 27 27 27 28 28 29 29 30 30 31 31 32 32 33 33 33       802
DEC  34 34 35 35 36 36 37 37 37 38 38 38 39 39 40 40 40 41 41 41 41 42 42 42 43 43 43 43 44 44 44   1227
                                                                                                        
-------------------------------------------------------------------------------------------------       
 Cooling Degree Days                                                                                    
 DAY  1  2  3  4  5  6  7  8  9 10 11 12 13 14 15 16 17 18 19 20 21 22 23 24 25 26 27 28 29 30 31  MONTH
-------------------------------------------------------------------------------------------------       
JAN   0  0  0  0  0  0  0  0  0  0  0  0  0  0  0  0  0  0  0  0  0  0  0  0  0  0  0  0  0  0  0      0
FEB   0  0  0  0  0  0  0  0  0  0  0  0  0  0  0  0  0  0  0  0  0  0  0  0  0  0  0  0               0
MAR   0  0  0  0  0  0  0  0  0  0  0  0  0  0  0  0  0  0  0  0  0  0  0  0  0  0  0  0  0  0  0      0
APR   0  0  0  0  0  0  0  0  0  0  0  0  0  0  0  0  0  0  0  0  0  0  0  0  0  1  1  1  1  1         5
MAY   1  1  1  1  1  1  1  1  1  1  1  1  2  2  2  2  2  2  2  2  2  3  3  3  3  3  3  3  4  4  4     63
JUN   4  4  4  4  5  5  5  5  5  5  6  6  6  6  6  6  7  7  7  7  7  7  8  8  8  8  8  8  9  9       190
JUL   9  9  9  9 10 10 10 10 10 10 10 10 11 11 11 11 11 11 11 11 11 11 11 11 11 11 11 11 11 11 11    325
AUG  11 11 11 11 10 10 10 10 10 10 10 10  9  9  9  9  9  9  9  8  8  8  8  8  7  7  7  7  6  6  6    273
SEP   6  6  5  5  5  5  4  4  4  4  4  3  3  3  3  3  3  2  2  2  2  2  2  2  1  1  1  1  1  1        90
OCT   1  1  1  1  1  1  0  0  0  0  0  0  0  0  0  0  0  0  0  0  0  0  0  0  0  0  0  0  0  0  0      6
NOV   0  0  0  0  0  0  0  0  0  0  0  0  0  0  0  0  0  0  0  0  0  0  0  0  0  0  0  0  0  0         0
DEC   0  0  0  0  0  0  0  0  0  0  0  0  0  0  0  0  0  0  0  0  0  0  0  0  0  0  0  0  0  0  0      0
                                                                                                        
-------------------------------------------------------------------------------------------------       
 Total  Precipitation (Hundreths of an Inch)                                                            
 DAY  1  2  3  4  5  6  7  8  9 10 11 12 13 14 15 16 17 18 19 20 21 22 23 24 25 26 27 28 29 30 31  MONTH
-------------------------------------------------------------------------------------------------       
JAN   3  3  3  3  3  3  3  3  3  3  3  3  3  3  3  2  2  2  3  3  3  3  3  3  3  3  3  3  3  3  3     90
FEB   3  3  3  3  3  3  3  3  3  3  4  4  4  4  4  4  4  4  4  4  4  4  5  5  5  5  5  5             108
MAR   5  5  5  6  6  6  6  6  6  6  6  6  7  7  7  7  7  7  7  8  8  8  8  8  8  8  9  9  9  9  9    219
APR   9  9 10 10 10 10 10 10 11 11 11 11 11 11 11 12 12 12 12 12 12 13 13 13 13 13 13 13 14 14       346
MAY  14 14 14 14 14 15 15 15 15 15 15 15 15 15 15 15 15 15 15 15 16 16 16 16 16 15 15 15 15 15 15    465
JUN  15 15 15 15 15 15 15 15 15 15 15 15 15 15 15 15 15 15 15 15 16 16 16 16 16 16 16 16 16 16       460
JUL  17 17 17 17 17 17 17 17 17 17 17 17 17 17 17 17 17 17 17 17 17 16 16 16 16 16 16 15 15 15 15    513
AUG  15 14 14 14 14 13 13 13 13 13 13 13 12 12 12 12 12 12 12 12 12 12 12 12 12 12 13 13 13 13 13    395
SEP  13 13 14 14 14 14 14 14 14 14 14 14 14 14 14 14 14 14 14 14 14 14 13 13 13 13 13 13 12 12       408
OCT  12 12 11 11 11 11 11 10 10 10 10 10  9  9  9  9  9  9  9  9  9  9  9  9  8  8  8  8  8  8  8    293
NOV   8  8  9  9  9  9  8  8  8  8  8  8  8  8  8  8  8  8  8  8  8  8  7  7  7  7  7  7  7  6       235
DEC   6  6  6  6  6  5  5  5  5  5  5  5  4  4  4  4  4  4  4  4  4  4  4  3  3  3  3  3  3  3  3    133
                                                                                                        
