-------------------------------------------------------------------------------------------------       
 1971-2000 Daily/Monthly Station Normals                                                                
 Provided by National Climatic Data Center/NESDIS/NOAA                                                  
-------------------------------------------------------------------------------------------------       
 Station COOP ID:                           136800                                                      
 Station Name, State, Division, Call:       PRIMGHAR                           IA 01                    
 Latitude, Longitude, Elevation, Elements:  43 05 10 -095 37 46  1520 XNP                               
-------------------------------------------------------------------------------------------------       
 Minimum Temperature (deg F [tenths deg F for monthly])                                                 
 DAY  1  2  3  4  5  6  7  8  9 10 11 12 13 14 15 16 17 18 19 20 21 22 23 24 25 26 27 28 29 30 31  MONTH
-------------------------------------------------------------------------------------------------       
JAN   7  7  7  7  6  6  6  6  6  6  6  6  6  6  6  6  6  6  6  6  7  7  7  7  7  7  8  8  8  9  9     67
FEB   9  9 10 10 10 11 11 11 12 12 12 13 13 14 14 14 15 15 15 16 16 16 17 17 17 18 18 19             137
MAR  19 19 20 20 20 21 21 22 22 22 23 23 23 24 24 25 25 25 26 26 26 27 27 27 28 28 29 29 29 30 30    245
APR  30 31 31 32 32 32 33 33 34 34 34 35 35 36 36 36 37 37 38 38 38 39 39 40 40 40 41 41 42 42       362
MAY  43 43 43 44 44 45 45 46 46 46 47 47 48 48 48 49 49 50 50 50 51 51 51 52 52 52 53 53 53 54 54    486
JUN  54 55 55 55 56 56 56 57 57 57 57 58 58 58 58 59 59 59 59 59 60 60 60 60 60 60 61 61 61 61       582
JUL  61 61 61 61 62 62 62 62 62 62 62 62 62 62 62 62 62 62 63 63 63 63 63 63 63 63 63 63 63 63 63    623
AUG  63 63 63 62 62 62 62 62 62 62 62 62 61 61 61 61 61 60 60 60 60 59 59 59 59 58 58 58 57 57 57    604
SEP  56 56 55 55 55 54 54 54 53 53 53 52 52 51 51 51 50 50 50 49 49 49 48 48 47 47 47 46 46 46       509
OCT  45 45 44 44 44 43 43 43 42 42 41 41 41 40 40 39 39 38 38 38 37 37 36 36 35 35 34 34 33 33 32    391
NOV  32 31 31 30 30 29 29 28 28 27 27 26 26 26 25 25 24 24 23 23 22 22 21 21 20 20 19 19 18 18       248
DEC  17 17 16 16 16 15 15 14 14 13 13 13 12 12 12 11 11 11 10 10 10  9  9  9  9  8  8  8  8  7  7    116
                                                                                                        
-------------------------------------------------------------------------------------------------       
 Maximum Temperature (deg F [tenths deg F for monthly])                                                 
 DAY  1  2  3  4  5  6  7  8  9 10 11 12 13 14 15 16 17 18 19 20 21 22 23 24 25 26 27 28 29 30 31  MONTH
-------------------------------------------------------------------------------------------------       
JAN  23 23 23 22 22 22 22 22 22 22 22 22 22 22 22 22 23 23 23 23 23 23 23 23 24 24 24 24 25 25 25    229
FEB  25 26 26 26 27 27 27 27 28 28 28 29 29 30 30 30 31 31 31 32 32 33 33 33 34 34 35 35             299
MAR  35 36 36 37 37 38 38 39 39 39 40 40 41 41 42 42 43 43 44 44 45 45 46 46 47 48 48 49 49 50 50    425
APR  51 52 52 53 53 54 54 55 55 56 56 57 57 58 58 59 59 60 60 61 61 62 62 63 63 63 64 64 65 65       584
MAY  66 66 66 67 67 67 68 68 69 69 69 70 70 70 71 71 72 72 72 73 73 73 74 74 74 75 75 75 76 76 76    711
JUN  77 77 77 78 78 78 79 79 79 79 80 80 80 80 80 81 81 81 81 81 81 82 82 82 82 82 82 82 82 83       802
JUL  83 83 83 83 83 83 83 83 83 83 83 83 83 83 83 83 83 83 83 83 83 83 83 83 83 83 83 83 83 83 83    830
AUG  83 83 82 82 82 82 82 82 82 82 82 82 81 81 81 81 81 81 80 80 80 80 80 80 79 79 79 79 78 78 78    807
SEP  78 77 77 77 77 76 76 76 76 75 75 75 75 74 74 74 73 73 73 72 72 72 72 71 71 71 70 70 70 69       737
OCT  69 68 68 68 67 67 66 66 65 65 64 64 63 63 62 62 61 61 60 59 59 58 57 57 56 55 54 54 53 52 51    611
NOV  50 50 49 48 47 46 46 45 44 44 43 42 42 41 40 40 39 38 38 37 37 36 36 35 34 34 33 33 33 32       404
DEC  32 31 31 30 30 30 29 29 28 28 28 27 27 27 26 26 26 26 25 25 25 25 24 24 24 24 23 23 23 23 23    265
                                                                                                        
-------------------------------------------------------------------------------------------------       
 Average Temperature (deg F [tenths deg F for monthly])                                                 
 DAY  1  2  3  4  5  6  7  8  9 10 11 12 13 14 15 16 17 18 19 20 21 22 23 24 25 26 27 28 29 30 31  MONTH
-------------------------------------------------------------------------------------------------       
JAN  15 15 15 15 14 14 14 14 14 14 14 14 14 14 14 14 14 14 15 15 15 15 15 15 15 16 16 16 16 17 17    148
FEB  17 18 18 18 18 19 19 19 20 20 20 21 21 22 22 22 23 23 23 24 24 24 25 25 26 26 26 27             218
MAR  27 28 28 28 29 29 30 30 30 31 31 32 32 33 33 33 34 34 35 35 36 36 37 37 37 38 38 39 39 40 40    335
APR  41 41 42 42 43 43 43 44 44 45 45 46 46 47 47 48 48 48 49 49 50 50 51 51 52 52 52 53 53 54       473
MAY  54 54 55 55 56 56 57 57 57 58 58 59 59 59 60 60 60 61 61 61 62 62 63 63 63 64 64 64 65 65 65    599
JUN  66 66 66 66 67 67 67 68 68 68 68 69 69 69 69 70 70 70 70 70 71 71 71 71 71 71 71 72 72 72       692
JUL  72 72 72 72 72 72 72 72 72 73 73 73 73 73 73 73 73 73 73 73 73 73 73 73 73 73 73 73 73 73 73    727
AUG  73 73 73 72 72 72 72 72 72 72 72 72 71 71 71 71 71 71 70 70 70 70 69 69 69 69 68 68 68 68 67    706
SEP  67 67 66 66 66 65 65 65 64 64 64 64 63 63 63 62 62 62 61 61 61 60 60 59 59 59 58 58 58 57       623
OCT  57 57 56 56 55 55 55 54 54 53 53 52 52 52 51 51 50 49 49 48 48 47 47 46 46 45 44 44 43 42 42    501
NOV  41 41 40 39 39 38 37 37 36 36 35 34 34 33 33 32 32 31 30 30 29 29 28 28 27 27 26 26 25 25       326
DEC  24 24 24 23 23 22 22 22 21 21 20 20 20 19 19 19 18 18 18 18 17 17 17 17 16 16 16 16 15 15 15    191
                                                                                                        
-------------------------------------------------------------------------------------------------       
 Heating Degree Days                                                                                    
 DAY  1  2  3  4  5  6  7  8  9 10 11 12 13 14 15 16 17 18 19 20 21 22 23 24 25 26 27 28 29 30 31  MONTH
-------------------------------------------------------------------------------------------------       
JAN  50 50 50 51 51 51 51 51 51 51 51 51 51 51 51 51 51 51 50 50 50 50 50 50 50 49 49 49 49 48 48   1557
FEB  48 47 47 47 46 46 46 46 45 45 45 44 44 43 43 43 42 42 42 41 41 41 40 40 39 39 39 38            1209
MAR  38 37 37 37 36 36 35 35 35 34 34 33 33 33 32 32 31 31 30 30 29 29 28 28 28 27 27 26 26 25 25    977
APR  24 24 23 23 22 22 21 21 21 20 20 19 19 18 18 17 17 17 16 16 15 15 15 14 14 14 13 13 12 12       535
MAY  12 11 11 11 10 10 10  9  9  9  8  8  8  7  7  7  7  6  6  6  5  5  5  5  5  4  4  4  4  3  3    219
JUN   3  3  3  2  2  2  2  2  2  2  1  1  1  1  1  1  1  1  1  1  1  0  0  0  0  0  0  0  0  0        34
JUL   0  0  0  0  0  0  0  0  0  0  0  0  0  0  0  0  0  0  0  0-99-99-99-99-99-99-99-99-99-99-99     11
AUG   0  0  0  0  0  0  0  0  1  1  1  1  1  1  1  1  1  1  1  1  1  1  1  1  1  1  2  2  2  2  2     28
SEP   2  2  2  2  3  3  3  3  3  3  3  4  4  4  4  4  5  5  5  5  6  6  6  6  7  7  7  8  8  8       138
OCT   8  9  9  9 10 10 11 11 11 12 12 13 13 14 14 14 15 15 16 17 17 18 18 19 19 20 21 21 22 22 23    463
NOV  24 24 25 26 26 27 28 28 29 29 30 31 31 32 32 33 33 34 34 35 36 36 37 37 38 38 39 39 40 40       971
DEC  41 41 41 42 42 43 43 43 44 44 45 45 45 46 46 46 47 47 47 48 48 48 48 49 49 49 49 49 50 50 50   1425
                                                                                                        
-------------------------------------------------------------------------------------------------       
 Cooling Degree Days                                                                                    
 DAY  1  2  3  4  5  6  7  8  9 10 11 12 13 14 15 16 17 18 19 20 21 22 23 24 25 26 27 28 29 30 31  MONTH
-------------------------------------------------------------------------------------------------       
JAN   0  0  0  0  0  0  0  0  0  0  0  0  0  0  0  0  0  0  0  0  0  0  0  0  0  0  0  0  0  0  0      0
FEB   0  0  0  0  0  0  0  0  0  0  0  0  0  0  0  0  0  0  0  0  0  0  0  0  0  0  0  0               0
MAR   0  0  0  0  0  0  0  0  0  0  0  0  0  0  0  0  0  0  0  0  0  0  0  0  0  0  0  0  0  0  0      0
APR   0  0  0  0  0  0  0  0  0  0  0  0  0  0  0  0  0  0  0  0  0  0  0  0  0  1  1  1  1  1         5
MAY   1  1  1  1  1  1  1  1  1  1  1  1  2  2  2  2  2  2  2  2  2  2  2  3  3  3  3  3  3  3  3     58
JUN   4  4  4  4  4  4  4  4  5  5  5  5  5  5  5  5  5  6  6  6  6  6  6  6  6  7  7  7  7  7       160
JUL   7  7  8  8  8  8  8  8  8  8  8  8  8  8  8  8  8  8  8  8  9  9  8  8  8  8  8  8  8  8  8    248
AUG   8  8  8  8  8  8  8  7  7  7  7  7  7  7  7  7  6  6  6  6  6  6  6  5  5  5  5  5  5  4  4    199
SEP   4  4  4  3  3  3  3  3  3  2  2  2  2  2  2  2  2  1  1  1  1  1  1  1  1  1  1  1  0  0        57
OCT -99  0  0  0  0  0  0  0  0  0  0  0  0  0  0  0  0  0  0  0  0  0  0  0  0  0  0  0  0  0  0      1
NOV   0  0  0  0  0  0  0  0  0  0  0  0  0  0  0  0  0  0  0  0  0  0  0  0  0  0  0  0  0  0         0
DEC   0  0  0  0  0  0  0  0  0  0  0  0  0  0  0  0  0  0  0  0  0  0  0  0  0  0  0  0  0  0  0      0
                                                                                                        
-------------------------------------------------------------------------------------------------       
 Total  Precipitation (Hundreths of an Inch)                                                            
 DAY  1  2  3  4  5  6  7  8  9 10 11 12 13 14 15 16 17 18 19 20 21 22 23 24 25 26 27 28 29 30 31  MONTH
-------------------------------------------------------------------------------------------------       
JAN   2  2  2  2  2  2  2  2  2  3  3  3  3  3  3  3  2  2  2  2  2  2  2  2  2  2  2  2  2  2  2     69
FEB   2  2  2  2  2  2  1  1  1  2  2  2  2  2  2  2  2  2  2  2  2  2  2  3  3  3  3  3              58
MAR   3  4  4  4  4  4  5  5  5  5  5  5  6  6  6  6  6  6  7  7  7  7  7  7  8  8  8  8  8  8  9    188
APR   9  9  9  9  9  9 10 10 10 10 10 10 10 10 10 10 10 10 10 11 11 11 11 11 11 11 10 10 10 10       301
MAY  10 10 10 10 10 10 10 10 10 10 10 11 11 11 11 11 11 11 11 12 12 12 12 12 13 13 13 13 14 14 14    352
JUN  15 15 15 15 16 16 16 16 16 17 17 17 17 17 17 17 17 17 17 17 17 17 17 17 17 17 17 16 16 16       494
JUL  16 16 15 15 15 15 15 15 15 14 14 14 14 14 14 14 14 14 14 14 14 14 14 14 14 14 14 14 14 14 14    445
AUG  14 14 15 15 15 15 15 15 15 15 15 15 15 15 14 14 14 14 14 14 14 14 13 13 13 13 13 12 12 12 12    433
SEP  11 11 11 11 10 10 10 10 10  9  9  9  9  9  8  8  8  8  8  8  8  8  8  7  7  7  7  7  7  7       260
OCT   7  7  7  7  7  7  7  7  7  7  7  7  7  7  7  7  7  7  7  7  7  6  6  6  6  6  6  6  6  6  6    207
NOV   6  6  6  6  6  6  6  6  6  6  6  6  6  5  5  5  5  5  5  5  5  5  5  4  4  4  4  4  4  4       156
DEC   4  3  3  3  3  3  3  3  3  3  3  2  2  2  2  2  2  2  2  2  2  2  2  2  2  2  2  2  2  2  2     74
                                                                                                        
