-------------------------------------------------------------------------------------------------       
 1971-2000 Daily/Monthly Station Normals                                                                
 Provided by National Climatic Data Center/NESDIS/NOAA                                                  
-------------------------------------------------------------------------------------------------       
 Station COOP ID:                           134758                                                      
 Station Name, State, Division, Call:       LEON 6 ESE                         IA 08                    
 Latitude, Longitude, Elevation, Elements:  40 44 00 -093 38 00  1000 XNP                               
-------------------------------------------------------------------------------------------------       
 Minimum Temperature (deg F [tenths deg F for monthly])                                                 
 DAY  1  2  3  4  5  6  7  8  9 10 11 12 13 14 15 16 17 18 19 20 21 22 23 24 25 26 27 28 29 30 31  MONTH
-------------------------------------------------------------------------------------------------       
JAN  11 11 11 11 10 10 10 10 10 10 10 10 10 10 10 10 10 10 10 10 10 10 10 10 10 10 11 11 11 11 11    103
FEB  11 12 12 12 12 12 13 13 13 13 14 14 14 15 15 15 15 16 16 17 17 17 18 18 18 19 19 20             150
MAR  20 21 21 21 22 22 23 23 24 24 24 25 25 25 26 26 27 27 27 28 28 28 29 29 29 30 30 30 30 31 31    260
APR  31 32 32 32 32 33 33 33 34 34 34 35 35 35 36 36 36 37 37 37 38 38 39 39 39 40 40 41 41 41       360
MAY  42 42 43 43 43 44 44 44 45 45 46 46 46 47 47 47 48 48 49 49 49 50 50 50 51 51 51 52 52 52 53    474
JUN  53 53 54 54 54 55 55 55 55 56 56 56 56 57 57 57 58 58 58 58 59 59 59 59 59 60 60 60 60 60       570
JUL  61 61 61 61 61 61 62 62 62 62 62 62 62 62 62 62 63 63 63 63 63 63 63 63 63 63 63 63 62 62 62    622
AUG  62 62 62 62 62 62 62 62 61 61 61 61 61 60 60 60 60 60 59 59 59 58 58 58 58 57 57 57 56 56 55    596
SEP  55 55 54 54 54 53 53 52 52 52 51 51 51 50 50 50 49 49 48 48 48 47 47 47 46 46 45 45 45 44       497
OCT  44 44 43 43 43 42 42 41 41 41 40 40 40 39 39 38 38 38 37 37 37 36 36 35 35 35 34 34 33 33 33    384
NOV  32 32 32 31 31 30 30 30 29 29 28 28 28 27 27 26 26 26 25 25 24 24 23 23 23 22 22 21 21 20       265
DEC  20 20 19 19 18 18 18 17 17 17 16 16 15 15 15 15 14 14 14 13 13 13 13 12 12 12 12 12 11 11 11    149
                                                                                                        
-------------------------------------------------------------------------------------------------       
 Maximum Temperature (deg F [tenths deg F for monthly])                                                 
 DAY  1  2  3  4  5  6  7  8  9 10 11 12 13 14 15 16 17 18 19 20 21 22 23 24 25 26 27 28 29 30 31  MONTH
-------------------------------------------------------------------------------------------------       
JAN  31 31 31 31 31 31 31 31 30 30 30 30 30 30 31 31 31 31 31 31 31 31 31 31 32 32 32 32 32 33 33    311
FEB  33 33 34 34 34 35 35 35 36 36 36 36 37 37 38 38 38 39 39 39 40 40 41 41 42 42 42 43             376
MAR  43 44 44 45 45 46 46 47 47 47 48 48 49 49 50 50 50 51 51 52 52 52 53 53 54 54 55 55 55 56 56    499
APR  56 57 57 58 58 58 59 59 60 60 60 61 61 61 62 62 63 63 63 64 64 64 65 65 65 66 66 66 67 67       619
MAY  67 68 68 68 69 69 70 70 70 71 71 71 72 72 72 73 73 73 74 74 74 75 75 75 75 76 76 76 77 77 77    725
JUN  78 78 78 79 79 79 80 80 80 80 81 81 81 82 82 82 82 82 83 83 83 83 84 84 84 84 84 85 85 85       817
JUL  85 86 86 86 86 86 86 86 87 87 87 87 87 87 87 87 87 87 87 87 87 87 87 87 87 87 87 87 87 87 87    867
AUG  87 87 87 87 87 86 86 86 86 86 86 86 86 85 85 85 85 85 85 84 84 84 84 83 83 83 83 82 82 82 82    848
SEP  81 81 81 80 80 80 79 79 79 79 78 78 78 77 77 77 76 76 76 75 75 75 74 74 74 74 73 73 73 72       768
OCT  72 71 71 71 70 70 70 69 69 68 68 67 67 67 66 66 65 65 64 64 63 62 62 61 61 60 60 59 58 58 57    652
NOV  56 56 55 55 54 53 53 52 52 51 50 50 49 49 48 48 47 47 46 45 45 44 44 43 43 42 42 42 41 41       481
DEC  40 40 39 39 39 38 38 37 37 37 36 36 36 35 35 35 34 34 34 34 33 33 33 33 32 32 32 32 32 32 31    351
                                                                                                        
-------------------------------------------------------------------------------------------------       
 Average Temperature (deg F [tenths deg F for monthly])                                                 
 DAY  1  2  3  4  5  6  7  8  9 10 11 12 13 14 15 16 17 18 19 20 21 22 23 24 25 26 27 28 29 30 31  MONTH
-------------------------------------------------------------------------------------------------       
JAN  21 21 21 21 21 21 20 20 20 20 20 20 20 20 20 20 20 20 20 21 21 21 21 21 21 21 21 22 22 22 22    207
FEB  22 22 23 23 23 23 24 24 24 25 25 25 26 26 26 27 27 27 28 28 28 29 29 30 30 30 31 31             263
MAR  32 32 33 33 34 34 34 35 35 36 36 37 37 37 38 38 39 39 39 40 40 40 41 41 41 42 42 43 43 43 44    380
APR  44 44 45 45 45 46 46 46 47 47 47 48 48 48 49 49 49 50 50 51 51 51 52 52 52 53 53 54 54 54       490
MAY  55 55 55 56 56 57 57 57 58 58 58 59 59 59 60 60 60 61 61 61 62 62 63 63 63 63 64 64 64 65 65    600
JUN  65 66 66 66 67 67 67 68 68 68 68 69 69 69 69 70 70 70 70 71 71 71 71 72 72 72 72 72 73 73       694
JUL  73 73 73 73 74 74 74 74 74 74 74 75 75 75 75 75 75 75 75 75 75 75 75 75 75 75 75 75 75 75 75    745
AUG  75 75 74 74 74 74 74 74 74 74 73 73 73 73 73 73 72 72 72 72 71 71 71 71 70 70 70 69 69 69 69    722
SEP  68 68 68 67 67 67 66 66 66 65 65 65 64 64 63 63 63 62 62 62 61 61 61 60 60 60 59 59 59 58       633
OCT  58 58 57 57 57 56 56 55 55 55 54 54 53 53 52 52 52 51 51 50 50 49 49 48 48 47 47 46 46 45 45    518
NOV  44 44 43 43 42 42 41 41 40 40 39 39 38 38 38 37 37 36 36 35 35 34 34 33 33 32 32 31 31 31       373
DEC  30 30 29 29 28 28 28 27 27 27 26 26 26 25 25 25 24 24 24 23 23 23 23 23 22 22 22 22 22 21 21    250
                                                                                                        
-------------------------------------------------------------------------------------------------       
 Heating Degree Days                                                                                    
 DAY  1  2  3  4  5  6  7  8  9 10 11 12 13 14 15 16 17 18 19 20 21 22 23 24 25 26 27 28 29 30 31  MONTH
-------------------------------------------------------------------------------------------------       
JAN  44 44 44 44 44 44 45 45 45 45 45 45 45 45 45 45 45 45 45 45 44 44 44 44 44 44 44 43 43 43 43   1374
FEB  43 43 42 42 42 42 41 41 41 40 40 40 39 39 39 38 38 38 37 37 37 36 36 35 35 35 34 34            1084
MAR  33 33 32 32 31 31 31 30 30 29 29 29 28 28 27 27 27 26 26 25 25 25 24 24 24 23 23 22 22 22 21    839
APR  21 21 20 20 20 19 19 19 18 18 18 17 17 17 16 16 16 15 15 15 14 14 13 13 13 13 12 12 12 11       484
MAY  11 11 10 10 10  9  9  9  8  8  8  8  7  7  7  7  6  6  6  5  5  5  5  5  4  4  4  4  3  3  3    207
JUN   3  3  3  2  2  2  2  2  2  1  1  1  1  1  1  1  1  1  0  0  0  0  0  0  0  0  0  0  0  0        30
JUL   0  0  0  0  0  0  0  0  0  0  0  0  0  0  0  0  0  0  0  0  0  0  0  0  0-99-99-99-99-99-99      6
AUG   0  0  0  0  0  0  1  1  1  1  1  1  1  1  1  1  1  1  1  1  1  1  1  1  1  1  2  2  2  2  2     30
SEP   2  2  2  2  2  2  3  3  3  3  3  3  4  4  4  4  4  4  5  5  5  5  6  6  6  6  7  7  7  7       126
OCT   8  8  8  9  9  9 10 10 10 11 11 11 12 12 13 13 13 14 14 15 15 16 16 17 17 17 18 18 19 19 20    412
NOV  20 21 22 22 23 23 24 24 25 25 26 26 27 27 28 28 28 29 29 30 30 31 31 32 32 33 33 34 34 34       831
DEC  35 35 36 36 37 37 37 38 38 38 39 39 39 40 40 40 41 41 41 42 42 42 42 42 43 43 43 43 43 44 44   1240
                                                                                                        
-------------------------------------------------------------------------------------------------       
 Cooling Degree Days                                                                                    
 DAY  1  2  3  4  5  6  7  8  9 10 11 12 13 14 15 16 17 18 19 20 21 22 23 24 25 26 27 28 29 30 31  MONTH
-------------------------------------------------------------------------------------------------       
JAN   0  0  0  0  0  0  0  0  0  0  0  0  0  0  0  0  0  0  0  0  0  0  0  0  0  0  0  0  0  0  0      0
FEB   0  0  0  0  0  0  0  0  0  0  0  0  0  0  0  0  0  0  0  0  0  0  0  0  0  0  0  0               0
MAR   0  0  0  0  0  0  0  0  0  0  0  0  0  0  0  0  0  0  0  0  0  0  0  0  0  0  0  0  0  0  0      0
APR   0  0  0  0  0  0  0  0  0  0  0  0  0  0  0  0  0  0  0  0  0  0  0  0  0  0  0-99-99-99         3
MAY   0  1  1  1  1  1  1  1  1  1  1  1  1  1  1  1  2  2  2  2  2  2  2  2  2  2  3  3  3  3  3     50
JUN   3  3  3  4  4  4  4  4  4  4  5  5  5  5  5  5  5  6  6  6  6  6  7  7  7  7  7  7  8  8       160
JUL   8  8  9  9  9  9  9  9 10 10 10 10 10 10 10 10 10 10 10 10 10 10 10 10 10 10 10 10 10 10 10    300
AUG  10 10 10 10 10 10 10  9  9  9  9  9  9  9  9  8  8  8  8  8  8  7  7  7  7  7  6  6  6  6  5    254
SEP   5  5  5  4  4  4  4  3  3  3  3  3  3  2  2  2  2  2  2  2  1  1  1  1  1  1  1  1  1  1        73
OCT   1  1  1  0  0  0  0  0  0  0  0  0  0  0  0  0  0  0  0  0  0  0  0  0  0  0  0  0  0  0  0      3
NOV   0  0  0  0  0  0  0  0  0  0  0  0  0  0  0  0  0  0  0  0  0  0  0  0  0  0  0  0  0  0         0
DEC   0  0  0  0  0  0  0  0  0  0  0  0  0  0  0  0  0  0  0  0  0  0  0  0  0  0  0  0  0  0  0      0
                                                                                                        
-------------------------------------------------------------------------------------------------       
 Total  Precipitation (Hundreths of an Inch)                                                            
 DAY  1  2  3  4  5  6  7  8  9 10 11 12 13 14 15 16 17 18 19 20 21 22 23 24 25 26 27 28 29 30 31  MONTH
-------------------------------------------------------------------------------------------------       
JAN   3  3  3  3  3  3  3  3  3  3  3  3  3  3  3  3  3  3  3  3  3  3  3  3  3  3  3  4  4  4  4     97
FEB   4  4  4  4  4  4  4  4  4  4  4  4  4  5  5  5  5  5  5  5  5  5  5  5  5  5  5  6             128
MAR   6  6  6  6  6  6  6  6  6  6  7  7  7  7  7  7  7  7  8  8  8  8  8  8  8  9  9  9  9  9  9    226
APR  10 10 10 10 10 10 11 11 11 11 11 11 12 12 12 12 12 12 13 13 13 13 13 14 14 14 14 14 14 15       362
MAY  15 15 15 15 15 16 16 16 16 16 16 16 16 16 16 16 16 16 16 16 16 16 16 16 16 16 16 16 16 16 16    491
JUN  15 15 15 15 15 15 15 15 15 15 15 15 15 15 15 15 15 14 14 14 14 14 15 15 15 15 15 15 15 15       445
JUL  15 15 15 15 15 15 15 15 15 15 15 15 15 15 15 15 15 15 15 15 15 15 15 15 15 15 14 14 14 14 14    460
AUG  14 14 14 14 14 14 14 13 13 13 13 13 13 13 13 13 13 13 13 13 13 13 13 13 13 13 13 14 14 14 14    414
SEP  14 14 14 14 14 14 14 14 14 14 14 14 14 14 14 14 14 14 13 13 13 13 13 13 13 12 12 12 12 12       403
OCT  12 11 11 11 11 11 11 10 10 10 10 10 10 10 10  9  9  9  9  9  9  9  9  9  9  9  9  9  9  9  9    302
NOV   9  9  9  9  9  9  9  9  9  9  9  9  9  8  8  8  8  8  8  8  8  8  8  7  7  7  7  7  7  7       246
DEC   6  6  6  6  6  6  5  5  5  5  5  5  5  5  4  4  4  4  4  4  4  4  4  4  4  3  3  3  3  3  3    138
                                                                                                        
