-------------------------------------------------------------------------------------------------       
 1971-2000 Daily/Monthly Station Normals                                                                
 Provided by National Climatic Data Center/NESDIS/NOAA                                                  
-------------------------------------------------------------------------------------------------       
 Station COOP ID:                           123418                                                      
 Station Name, State, Division, Call:       GOSHEN 3 W                         IN 02                    
 Latitude, Longitude, Elevation, Elements:  41 33 27 -085 52 57   875 XNP                               
-------------------------------------------------------------------------------------------------       
 Minimum Temperature (deg F [tenths deg F for monthly])                                                 
 DAY  1  2  3  4  5  6  7  8  9 10 11 12 13 14 15 16 17 18 19 20 21 22 23 24 25 26 27 28 29 30 31  MONTH
-------------------------------------------------------------------------------------------------       
JAN  19 18 18 18 18 18 17 17 17 17 17 17 17 17 17 17 16 16 16 16 16 16 16 17 17 17 17 17 17 17 17    170
FEB  17 17 17 18 18 18 18 18 19 19 19 19 19 20 20 20 20 21 21 21 22 22 22 22 23 23 23 24             200
MAR  24 24 25 25 26 26 26 27 27 27 28 28 28 29 29 29 30 30 30 31 31 31 31 32 32 32 33 33 33 34 34    292
APR  34 35 35 35 35 36 36 36 37 37 37 38 38 38 38 39 39 39 40 40 40 41 41 41 42 42 42 43 43 44       387
MAY  44 44 45 45 45 46 46 46 47 47 47 48 48 49 49 49 50 50 50 51 51 51 52 52 52 53 53 53 54 54 54    492
JUN  55 55 56 56 56 57 57 57 57 58 58 58 58 59 59 59 59 60 60 60 60 60 61 61 61 61 61 61 62 62       588
JUL  62 62 62 62 62 62 63 63 63 63 63 63 63 63 63 63 63 63 63 63 63 63 63 63 63 63 63 63 63 63 63    628
AUG  63 63 63 63 63 63 62 62 62 62 62 62 62 62 62 61 61 61 61 61 60 60 60 60 60 59 59 59 59 59 58    611
SEP  58 58 57 57 57 57 56 56 56 55 55 55 55 54 54 54 53 53 53 52 52 52 51 51 50 50 50 49 49 49       536
OCT  48 48 47 47 47 46 46 46 45 45 44 44 44 43 43 43 42 42 42 41 41 41 41 40 40 40 39 39 39 39 38    429
NOV  38 38 38 37 37 37 36 36 36 35 35 35 35 34 34 34 33 33 33 32 32 32 31 31 30 30 30 29 29 28       336
DEC  28 28 27 27 27 26 26 25 25 25 24 24 24 23 23 23 22 22 22 22 21 21 21 21 20 20 20 19 19 19 19    230
                                                                                                        
-------------------------------------------------------------------------------------------------       
 Maximum Temperature (deg F [tenths deg F for monthly])                                                 
 DAY  1  2  3  4  5  6  7  8  9 10 11 12 13 14 15 16 17 18 19 20 21 22 23 24 25 26 27 28 29 30 31  MONTH
-------------------------------------------------------------------------------------------------       
JAN  32 32 32 32 32 32 32 31 31 31 31 31 31 31 31 31 31 31 31 31 31 31 31 32 32 32 32 32 32 32 32    315
FEB  33 33 33 33 33 34 34 34 34 34 35 35 35 36 36 36 37 37 37 38 38 38 39 39 39 40 40 41             361
MAR  41 42 42 42 43 43 44 44 45 45 45 46 46 47 47 48 48 48 49 49 50 50 51 51 52 52 52 53 53 54 54    476
APR  55 55 55 56 56 57 57 58 58 59 59 59 60 60 61 61 61 62 62 63 63 64 64 64 65 65 66 66 66 67       608
MAY  67 67 68 68 69 69 69 70 70 70 71 71 72 72 72 73 73 73 74 74 74 75 75 75 76 76 76 77 77 77 78    725
JUN  78 78 78 79 79 79 80 80 80 80 81 81 81 81 81 82 82 82 82 82 83 83 83 83 83 83 83 84 84 84       813
JUL  84 84 84 84 84 84 84 84 84 85 85 85 85 85 85 85 85 85 85 85 85 85 85 85 85 84 84 84 84 84 84    845
AUG  84 84 84 84 84 84 84 83 83 83 83 83 83 83 83 82 82 82 82 82 82 82 81 81 81 81 81 80 80 80 80    823
SEP  80 80 79 79 79 79 78 78 78 78 77 77 77 77 76 76 76 75 75 75 74 74 73 73 73 72 72 72 71 71       758
OCT  70 70 70 69 69 68 68 67 67 66 66 66 65 65 64 64 63 63 63 62 62 61 61 60 60 59 59 58 58 58 57    638
NOV  57 56 56 55 55 54 54 53 53 52 52 51 51 51 50 50 49 49 48 48 47 47 46 46 45 45 44 44 43 43       498
DEC  42 42 41 41 40 40 39 39 39 38 38 37 37 37 36 36 36 35 35 35 34 34 34 34 33 33 33 33 33 32 32    364
                                                                                                        
-------------------------------------------------------------------------------------------------       
 Average Temperature (deg F [tenths deg F for monthly])                                                 
 DAY  1  2  3  4  5  6  7  8  9 10 11 12 13 14 15 16 17 18 19 20 21 22 23 24 25 26 27 28 29 30 31  MONTH
-------------------------------------------------------------------------------------------------       
JAN  25 25 25 25 25 25 24 24 24 24 24 24 24 24 24 24 24 24 24 24 24 24 24 24 24 24 24 24 25 25 25    243
FEB  25 25 25 25 26 26 26 26 27 27 27 27 27 28 28 28 29 29 29 29 30 30 30 31 31 32 32 32             281
MAR  33 33 33 34 34 35 35 35 36 36 36 37 37 38 38 38 39 39 40 40 40 41 41 41 42 42 43 43 43 44 44    384
APR  44 45 45 46 46 46 47 47 47 48 48 49 49 49 50 50 50 51 51 51 52 52 53 53 53 54 54 54 55 55       498
MAY  56 56 56 57 57 57 58 58 58 59 59 60 60 60 61 61 61 62 62 62 63 63 63 64 64 64 65 65 65 66 66    609
JUN  66 67 67 67 68 68 68 69 69 69 69 70 70 70 70 70 71 71 71 71 71 72 72 72 72 72 72 73 73 73       701
JUL  73 73 73 73 73 73 73 73 74 74 74 74 74 74 74 74 74 74 74 74 74 74 74 74 74 74 74 74 74 74 73    737
AUG  74 74 73 73 73 73 73 73 73 73 73 72 72 72 72 72 72 72 71 71 71 71 71 71 70 70 70 70 70 69 69    717
SEP  69 69 68 68 68 68 67 67 67 67 66 66 66 65 65 65 64 64 64 63 63 63 62 62 62 61 61 61 60 60       647
OCT  59 59 58 58 58 57 57 56 56 56 55 55 55 54 54 53 53 53 52 52 51 51 51 50 50 50 49 49 48 48 48    534
NOV  47 47 47 46 46 46 45 45 44 44 44 43 43 42 42 42 41 41 40 40 40 39 39 38 38 37 37 36 36 36       417
DEC  35 35 34 34 33 33 33 32 32 31 31 31 30 30 30 29 29 29 28 28 28 28 27 27 27 27 26 26 26 26 26    297
                                                                                                        
-------------------------------------------------------------------------------------------------       
 Heating Degree Days                                                                                    
 DAY  1  2  3  4  5  6  7  8  9 10 11 12 13 14 15 16 17 18 19 20 21 22 23 24 25 26 27 28 29 30 31  MONTH
-------------------------------------------------------------------------------------------------       
JAN  40 40 40 40 40 40 41 41 41 41 41 41 41 41 41 41 41 41 41 41 41 41 41 41 41 41 41 41 41 40 40   1263
FEB  40 40 40 40 39 39 39 39 39 38 38 38 38 37 37 37 36 36 36 36 35 35 35 34 34 34 33 33            1035
MAR  32 32 32 31 31 31 30 30 29 29 29 28 28 27 27 27 26 26 25 25 25 24 24 24 23 23 22 22 22 21 21    826
APR  20 20 20 19 19 19 18 18 18 17 17 16 16 16 15 15 15 14 14 14 13 13 13 13 12 12 12 11 11 11       461
MAY  10 10 10 10  9  9  9  9  8  8  8  7  7  7  7  6  6  6  6  5  5  5  5  5  4  4  4  4  3  3  3    202
JUN   3  3  2  2  2  2  2  1  1  1  1  1  1  1  1  1  0  0  0  0  0  0  0  0  0  0  0  0  0  0        25
JUL   0  0  0  0  0  0  0  0  0  0  0  0  0  0  0  0  0  0  0  0  0  0  0  0  0  0  0  0  0-99-99      2
AUG   0  0  0  0  0  0  0  0  0  0  0  0  0  0  0  0  1  1  1  1  1  1  1  1  1  1  1  1  1  1  1     15
SEP   1  1  1  1  1  1  1  1  1  1  2  2  2  2  2  2  3  3  3  3  3  4  4  4  5  5  5  6  6  6        82
OCT   7  7  7  8  8  8  9  9  9 10 10 11 11 11 12 12 12 13 13 13 14 14 14 15 15 16 16 16 17 17 17    371
NOV  18 18 18 19 19 19 20 20 21 21 21 22 22 23 23 23 24 24 25 25 25 26 26 27 27 28 28 29 29 29       699
DEC  30 30 31 31 32 32 32 33 33 34 34 34 35 35 35 36 36 36 37 37 37 37 38 38 38 38 39 39 39 39 39   1094
                                                                                                        
-------------------------------------------------------------------------------------------------       
 Cooling Degree Days                                                                                    
 DAY  1  2  3  4  5  6  7  8  9 10 11 12 13 14 15 16 17 18 19 20 21 22 23 24 25 26 27 28 29 30 31  MONTH
-------------------------------------------------------------------------------------------------       
JAN   0  0  0  0  0  0  0  0  0  0  0  0  0  0  0  0  0  0  0  0  0  0  0  0  0  0  0  0  0  0  0      0
FEB   0  0  0  0  0  0  0  0  0  0  0  0  0  0  0  0  0  0  0  0  0  0  0  0  0  0  0  0               0
MAR   0  0  0  0  0  0  0  0  0  0  0  0  0  0  0  0  0  0  0  0  0  0  0  0  0  0  0  0  0  0  0      0
APR   0  0  0  0  0  0  0  0  0  0  0  0  0  0  0  0  0  0  0  0  0  0  0  0  0  0  0  1  1  1         3
MAY   1  1  1  1  1  1  1  2  2  2  2  2  2  2  2  2  2  2  3  3  3  3  3  3  3  3  4  4  4  4  4     73
JUN   4  4  4  5  5  5  5  5  5  5  5  5  6  6  6  6  6  6  6  6  7  7  7  7  7  7  7  7  8  8       177
JUL   8  8  8  8  8  8  8  8  8  8  9  9  9  9  9  9  9  9  9  9  9  9  9  9  9  9  9  9  9  9  9    269
AUG   9  9  9  9  8  8  8  8  8  8  8  8  8  8  7  7  7  7  7  7  7  7  6  6  6  6  6  5  5  5  5    222
SEP   5  4  4  4  4  4  4  3  3  3  3  3  3  2  2  2  2  2  2  2  2  1  1  1  1  1  1  1  1  1        72
OCT   1  1  1  1  1  1  1  1  1  1  0  0  0  0  0  0  0  0  0  0  0  0  0  0  0  0  0  0  0  0  0     10
NOV   0  0  0  0  0  0  0  0  0  0  0  0  0  0  0  0  0  0  0  0  0  0  0  0  0  0  0  0  0  0         0
DEC   0  0  0  0  0  0  0  0  0  0  0  0  0  0  0  0  0  0  0  0  0  0  0  0  0  0  0  0  0  0  0      0
                                                                                                        
-------------------------------------------------------------------------------------------------       
 Total  Precipitation (Hundreths of an Inch)                                                            
 DAY  1  2  3  4  5  6  7  8  9 10 11 12 13 14 15 16 17 18 19 20 21 22 23 24 25 26 27 28 29 30 31  MONTH
-------------------------------------------------------------------------------------------------       
JAN   7  7  7  7  7  6  6  6  6  6  6  6  6  6  6  6  6  6  6  6  6  5  5  5  5  5  5  5  6  6  6    184
FEB   6  6  6  6  6  6  6  6  6  6  6  6  6  6  6  6  6  6  6  7  7  7  7  7  7  7  7  7             177
MAR   7  7  8  8  8  8  8  8  8  8  8  8  8  9  9  9  9  9  9  9  9  9 10 10 10 10 10 10 10 10 10    273
APR  11 11 11 11 11 11 11 11 11 11 11 11 11 12 12 12 12 12 12 12 12 11 11 11 11 11 11 11 11 11       338
MAY  11 11 11 11 11 11 10 10 10 10 10 10 10 10 11 11 11 11 11 11 11 11 11 11 11 12 12 12 12 12 12    339
JUN  12 13 13 13 13 13 13 14 14 14 14 14 14 14 14 14 14 14 14 14 14 14 14 13 13 13 13 13 13 13       405
JUL  12 12 12 12 12 12 12 11 11 11 11 11 11 11 11 11 11 11 11 11 11 11 11 11 11 11 11 11 11 11 12    349
AUG  12 12 12 12 12 12 13 13 13 13 13 13 13 13 13 13 13 13 13 13 13 13 13 13 13 13 13 13 13 13 13    397
SEP  13 13 13 13 13 13 13 13 13 12 12 12 12 12 12 12 12 12 12 12 11 11 11 11 11 11 11 11 11 10       358
OCT  10 10 10 10 10 10 10 10 10 10  9  9  9  9  9  9  9  9  9  9  9  9  9  9  9  9  9  9  9  9  9    289
NOV   9  9  9  9  9  9  9  9  9  9  9  9  9  9  9 10 10 10 10 10 10 10 10 10 10 10 10 10  9  9       283
DEC  10 10  9  9  9  9  9  9  9  9  9  9  9  9  9  9  9  9  9  8  8  8  8  8  8  8  8  8  8  7  7    267
                                                                                                        
