-------------------------------------------------------------------------------------------------       
 1971-2000 Daily/Monthly Station Normals                                                                
 Provided by National Climatic Data Center/NESDIS/NOAA                                                  
-------------------------------------------------------------------------------------------------       
 Station COOP ID:                           128723                                                      
 Station Name, State, Division, Call:       TERRE HAUTE IN STATE               IN 04                    
 Latitude, Longitude, Elevation, Elements:  39 28 00 -087 25 00   507 XNP                               
-------------------------------------------------------------------------------------------------       
 Minimum Temperature (deg F [tenths deg F for monthly])                                                 
 DAY  1  2  3  4  5  6  7  8  9 10 11 12 13 14 15 16 17 18 19 20 21 22 23 24 25 26 27 28 29 30 31  MONTH
-------------------------------------------------------------------------------------------------       
JAN  19 19 19 18 18 18 18 18 18 18 18 18 17 17 17 17 17 17 17 17 17 17 17 17 18 18 18 18 18 18 18    177
FEB  18 18 19 19 19 19 19 20 20 20 20 21 21 21 22 22 22 23 23 23 24 24 24 25 25 26 26 27             218
MAR  27 27 28 28 29 29 30 30 30 31 31 32 32 32 33 33 33 34 34 34 35 35 35 36 36 36 36 37 37 37 37    327
APR  38 38 38 38 39 39 39 39 40 40 40 40 41 41 41 42 42 42 43 43 43 43 44 44 44 45 45 45 46 46       416
MAY  46 47 47 47 48 48 49 49 49 50 50 50 51 51 51 52 52 52 53 53 53 54 54 54 55 55 55 56 56 56 57    516
JUN  57 57 58 58 58 59 59 59 59 60 60 60 61 61 61 61 61 62 62 62 62 63 63 63 63 63 63 64 64 64       609
JUL  64 64 64 65 65 65 65 65 65 65 65 65 65 65 65 65 65 65 65 66 66 66 65 65 65 65 65 65 65 65 65    650
AUG  65 65 65 65 65 64 64 64 64 64 64 64 64 63 63 63 63 63 63 62 62 62 62 62 61 61 61 61 61 60 60    629
SEP  60 59 59 59 59 58 58 58 58 57 57 57 56 56 56 55 55 55 54 54 53 53 53 52 52 51 51 51 50 50       552
OCT  49 49 48 48 48 47 47 46 46 45 45 45 44 44 44 43 43 43 42 42 42 41 41 41 40 40 40 39 39 39 39    435
NOV  38 38 38 38 37 37 37 36 36 36 35 35 35 35 34 34 33 33 33 32 32 32 31 31 31 30 30 29 29 29       338
DEC  28 28 27 27 27 26 26 26 25 25 25 24 24 24 23 23 23 22 22 22 21 21 21 21 20 20 20 20 20 19 19    232
                                                                                                        
-------------------------------------------------------------------------------------------------       
 Maximum Temperature (deg F [tenths deg F for monthly])                                                 
 DAY  1  2  3  4  5  6  7  8  9 10 11 12 13 14 15 16 17 18 19 20 21 22 23 24 25 26 27 28 29 30 31  MONTH
-------------------------------------------------------------------------------------------------       
JAN  36 36 36 36 35 35 35 35 35 35 35 35 35 35 35 35 35 35 35 35 35 35 35 35 35 35 36 36 36 36 36    353
FEB  37 37 37 38 38 38 38 39 39 39 40 40 40 40 41 41 42 42 42 43 43 43 44 44 44 45 45 46             409
MAR  46 47 47 47 48 48 49 49 49 50 50 51 51 52 52 52 53 53 53 54 54 55 55 55 56 56 56 57 57 58 58    522
APR  58 59 59 59 60 60 60 61 61 62 62 62 63 63 63 64 64 65 65 65 66 66 66 67 67 67 68 68 69 69       636
MAY  69 70 70 71 71 71 72 72 72 73 73 73 74 74 74 75 75 75 76 76 77 77 77 78 78 78 78 79 79 79 80    747
JUN  80 80 81 81 81 81 82 82 82 83 83 83 83 84 84 84 84 84 85 85 85 85 85 85 86 86 86 86 86 86       836
JUL  86 87 87 87 87 87 87 87 87 87 87 87 87 87 88 88 88 88 88 88 88 88 88 88 87 87 87 87 87 87 87    873
AUG  87 87 87 87 87 87 87 86 86 86 86 86 86 86 86 85 85 85 85 85 85 85 84 84 84 84 84 83 83 83 83    853
SEP  83 83 82 82 82 82 81 81 81 81 80 80 80 80 79 79 79 78 78 78 78 77 77 76 76 76 75 75 75 74       789
OCT  74 74 73 73 72 72 72 71 71 70 70 69 69 69 68 68 67 67 66 66 65 65 65 64 64 63 63 62 62 61 61    676
NOV  60 60 59 58 58 57 57 56 56 56 55 55 54 54 53 53 52 52 51 51 50 50 49 49 49 48 48 47 47 46       530
DEC  46 46 45 45 44 44 44 43 43 42 42 42 41 41 41 40 40 40 40 39 39 39 38 38 38 38 37 37 37 37 36    407
                                                                                                        
-------------------------------------------------------------------------------------------------       
 Average Temperature (deg F [tenths deg F for monthly])                                                 
 DAY  1  2  3  4  5  6  7  8  9 10 11 12 13 14 15 16 17 18 19 20 21 22 23 24 25 26 27 28 29 30 31  MONTH
-------------------------------------------------------------------------------------------------       
JAN  28 27 27 27 27 27 27 26 26 26 26 26 26 26 26 26 26 26 26 26 26 26 26 26 27 27 27 27 27 27 27    265
FEB  28 28 28 28 28 29 29 29 29 30 30 30 31 31 31 32 32 32 33 33 33 34 34 35 35 35 36 36             314
MAR  37 37 38 38 38 39 39 40 40 40 41 41 42 42 42 43 43 43 44 44 44 45 45 45 46 46 46 47 47 47 48    425
APR  48 48 49 49 49 49 50 50 50 51 51 51 52 52 52 53 53 53 54 54 54 55 55 55 56 56 57 57 57 58       526
MAY  58 58 59 59 59 60 60 60 61 61 61 62 62 63 63 63 64 64 64 65 65 65 66 66 66 67 67 67 68 68 68    632
JUN  69 69 69 70 70 70 70 71 71 71 71 72 72 72 72 73 73 73 73 73 74 74 74 74 74 75 75 75 75 75       723
JUL  75 75 76 76 76 76 76 76 76 76 76 76 76 76 76 77 77 77 77 77 77 77 77 76 76 76 76 76 76 76 76    762
AUG  76 76 76 76 76 76 75 75 75 75 75 75 75 75 74 74 74 74 74 74 73 73 73 73 73 73 72 72 72 72 71    741
SEP  71 71 71 71 70 70 70 70 69 69 69 68 68 68 67 67 67 67 66 66 66 65 65 64 64 64 63 63 62 62       671
OCT  62 61 61 60 60 60 59 59 58 58 58 57 57 56 56 56 55 55 54 54 54 53 53 52 52 52 51 51 50 50 50    556
NOV  49 49 48 48 48 47 47 46 46 46 45 45 44 44 44 43 43 42 42 42 41 41 40 40 40 39 39 38 38 38       434
DEC  37 37 36 36 36 35 35 34 34 34 33 33 33 32 32 32 31 31 31 31 30 30 30 29 29 29 29 29 28 28 28    320
                                                                                                        
-------------------------------------------------------------------------------------------------       
 Heating Degree Days                                                                                    
 DAY  1  2  3  4  5  6  7  8  9 10 11 12 13 14 15 16 17 18 19 20 21 22 23 24 25 26 27 28 29 30 31  MONTH
-------------------------------------------------------------------------------------------------       
JAN  37 38 38 38 38 38 38 39 39 39 39 39 39 39 39 39 39 39 39 39 39 39 39 39 38 38 38 38 38 38 38   1194
FEB  37 37 37 37 37 36 36 36 36 35 35 35 34 34 34 34 33 33 32 32 32 31 31 31 30 30 29 29             943
MAR  28 28 28 27 27 26 26 26 25 25 24 24 24 23 23 22 22 22 21 21 21 20 20 20 19 19 18 18 18 17 17    699
APR  17 17 16 16 16 15 15 15 14 14 14 13 13 13 13 12 12 12 11 11 11 11 10 10 10 10  9  9  9  8       376
MAY   8  8  8  7  7  7  7  7  6  6  6  6  5  5  5  5  5  4  4  4  4  4  3  3  3  3  3  3  2  2  2    152
JUN   2  2  2  1  1  1  1  1  1  1  1  1  0  0  0  0  0  0  0  0  0  0  0  0  0  0  0  0  0  0        15
JUL   0  0  0  0  0  0  0  0  0  0  0  0  0  0  0  0  0  0  0  0  0  0  0  0  0  0  0  0  0  0  0      0
AUG   0  0  0  0  0  0  0  0  0  0  0  0  0  0  0  0  0  0  0  0  0  0  0-99-99-99-99-99-99-99-99      8
SEP   0  0  0  0  1  1  1  1  1  1  1  1  1  1  2  2  2  2  2  2  3  3  3  3  3  4  4  4  5  5        59
OCT   5  6  6  6  6  7  7  7  8  8  8  9  9  9 10 10 10 11 11 11 12 12 13 13 13 14 14 14 15 15 15    314
NOV  16 16 17 17 17 18 18 19 19 19 20 20 21 21 21 22 22 23 23 23 24 24 25 25 25 26 26 27 27 27       648
DEC  28 28 29 29 29 30 30 31 31 31 32 32 32 33 33 33 34 34 34 35 35 35 35 36 36 36 36 37 37 37 37   1025
                                                                                                        
-------------------------------------------------------------------------------------------------       
 Cooling Degree Days                                                                                    
 DAY  1  2  3  4  5  6  7  8  9 10 11 12 13 14 15 16 17 18 19 20 21 22 23 24 25 26 27 28 29 30 31  MONTH
-------------------------------------------------------------------------------------------------       
JAN   0  0  0  0  0  0  0  0  0  0  0  0  0  0  0  0  0  0  0  0  0  0  0  0  0  0  0  0  0  0  0      0
FEB   0  0  0  0  0  0  0  0  0  0  0  0  0  0  0  0  0  0  0  0  0  0  0  0  0  0  0  0               0
MAR   0  0  0  0  0  0  0  0  0  0  0  0  0  0  0  0  0  0  0  0  0  0  0  0  0  0  0  0  0  0  0      0
APR   0  0  0  0  0  0  0  0  0  0  0  0  0  0  0  0  0  0  0  0  0  0  0  0  0  0  1  1  1  1         4
MAY   1  1  1  2  2  2  2  2  2  2  2  2  3  3  3  3  3  3  3  4  4  4  4  4  4  4  5  5  5  5  5     95
JUN   5  6  6  6  6  6  6  7  7  7  7  7  7  7  8  8  8  8  8  8  9  9  9  9  9  9  9 10 10 10       231
JUL  10 10 10 10 11 11 11 11 11 11 11 11 11 11 11 11 11 12 12 12 12 12 12 12 12 11 11 11 11 11 11    345
AUG  11 11 11 11 11 11 11 11 10 10 10 10 10 10 10 10  9  9  9  9  9  9  8  8  8  8  8  8  7  7  7    291
SEP   7  6  6  6  6  6  5  5  5  5  5  5  4  4  4  4  4  4  3  3  3  3  3  3  2  2  2  2  2  2       121
OCT   2  2  2  1  1  1  1  1  1  1  1  1  1  1  1  1  1  0  0  0  0  0  0  0  0  0  0  0  0  0  0     20
NOV   0  0  0  0  0  0  0  0  0  0  0  0  0  0  0  0  0  0  0  0  0  0  0  0  0  0  0  0  0  0         0
DEC   0  0  0  0  0  0  0  0  0  0  0  0  0  0  0  0  0  0  0  0  0  0  0  0  0  0  0  0  0  0  0      0
                                                                                                        
-------------------------------------------------------------------------------------------------       
 Total  Precipitation (Hundreths of an Inch)                                                            
 DAY  1  2  3  4  5  6  7  8  9 10 11 12 13 14 15 16 17 18 19 20 21 22 23 24 25 26 27 28 29 30 31  MONTH
-------------------------------------------------------------------------------------------------       
JAN   7  7  7  7  7  7  7  7  7  7  7  7  7  6  6  6  6  7  7  7  7  7  7  7  7  7  7  7  7  7  7    213
FEB   8  8  8  8  8  8  8  9  9  9  9  9  9  9  9  9 10 10 10 10 10 10 10 10 10 10 10 11             258
MAR  11 11 11 11 11 11 11 11 11 11 11 12 12 12 12 12 12 12 12 12 12 12 12 12 13 13 13 13 13 13 13    368
APR  13 13 13 13 13 13 13 13 14 14 14 14 14 14 14 14 14 14 14 14 14 14 14 14 14 14 14 14 14 14       412
MAY  14 14 14 14 15 15 15 15 15 15 15 15 15 15 15 15 14 14 14 14 14 14 14 14 14 14 14 14 14 14 14    446
JUN  14 14 14 14 14 14 14 13 13 13 13 13 13 13 13 13 13 13 14 14 14 14 14 14 14 14 14 14 14 14       409
JUL  14 14 14 14 14 15 15 15 15 15 15 15 15 15 15 15 15 15 14 14 14 14 14 14 14 14 14 14 14 13 13    445
AUG  13 13 13 13 13 13 12 12 12 12 12 12 12 12 12 12 12 12 12 12 12 12 11 11 11 11 11 12 12 12 12    373
SEP  12 12 12 12 12 12 12 12 12 12 12 12 12 11 11 11 11 11 11 11 11 11 11 11 11 11 10 10 10 10       339
OCT  10 10 10 10 10  9  9  9  9  9  9  9  9  9  9  9  9  9  9 10 10 10 10 10 10 10 10 11 11 11 11    300
NOV  12 12 12 12 12 12 13 13 13 13 13 13 13 13 13 13 13 13 13 13 13 13 13 13 13 13 13 13 13 12       383
DEC  12 12 12 12 11 11 11 11 11 11 10 10 10 10 10 10  9  9  9  9  9  9  9  8  8  8  8  8  8  8  8    301
                                                                                                        
