-------------------------------------------------------------------------------------------------       
 1971-2000 Daily/Monthly Station Normals                                                                
 Provided by National Climatic Data Center/NESDIS/NOAA                                                  
-------------------------------------------------------------------------------------------------       
 Station COOP ID:                           127298                                                      
 Station Name, State, Division, Call:       RENSSELAER                         IN 01                    
 Latitude, Longitude, Elevation, Elements:  40 56 08 -087 09 23   650 XNP                               
-------------------------------------------------------------------------------------------------       
 Minimum Temperature (deg F [tenths deg F for monthly])                                                 
 DAY  1  2  3  4  5  6  7  8  9 10 11 12 13 14 15 16 17 18 19 20 21 22 23 24 25 26 27 28 29 30 31  MONTH
-------------------------------------------------------------------------------------------------       
JAN  16 16 15 15 15 15 15 15 14 14 14 14 14 14 14 14 14 14 14 14 14 14 14 14 14 14 14 14 14 15 15    144
FEB  15 15 15 16 16 16 16 16 17 17 17 17 18 18 18 19 19 19 20 20 20 21 21 22 22 22 23 23             185
MAR  24 24 24 25 25 26 26 26 27 27 28 28 28 29 29 29 30 30 30 31 31 31 32 32 32 33 33 33 34 34 34    292
APR  34 35 35 35 36 36 36 36 37 37 37 38 38 38 39 39 39 40 40 40 41 41 42 42 42 43 43 43 44 44       390
MAY  45 45 45 46 46 46 47 47 48 48 48 49 49 49 50 50 51 51 51 52 52 52 53 53 53 54 54 54 55 55 55    501
JUN  56 56 56 57 57 57 58 58 58 58 59 59 59 60 60 60 60 60 61 61 61 61 61 62 62 62 62 62 62 63       596
JUL  63 63 63 63 63 63 63 63 63 63 63 64 64 64 64 64 64 64 64 64 64 64 64 64 64 64 64 63 63 63 63    635
AUG  63 63 63 63 63 63 63 63 62 62 62 62 62 62 62 61 61 61 61 61 60 60 60 60 60 59 59 59 58 58 58    611
SEP  58 57 57 57 56 56 56 56 55 55 55 54 54 53 53 53 52 52 52 51 51 50 50 50 49 49 48 48 47 47       527
OCT  46 46 46 45 45 44 44 43 43 43 42 42 42 41 41 41 40 40 40 39 39 39 38 38 38 37 37 37 37 36 36    408
NOV  36 36 36 35 35 35 35 34 34 34 33 33 33 32 32 32 32 31 31 31 30 30 29 29 29 28 28 27 27 27       318
DEC  26 26 25 25 25 24 24 23 23 23 22 22 22 21 21 21 20 20 20 19 19 19 18 18 18 18 17 17 17 16 16    208
                                                                                                        
-------------------------------------------------------------------------------------------------       
 Maximum Temperature (deg F [tenths deg F for monthly])                                                 
 DAY  1  2  3  4  5  6  7  8  9 10 11 12 13 14 15 16 17 18 19 20 21 22 23 24 25 26 27 28 29 30 31  MONTH
-------------------------------------------------------------------------------------------------       
JAN  31 31 31 31 30 30 30 30 30 30 30 30 30 30 30 30 30 30 30 30 30 30 30 30 31 31 31 31 31 31 32    304
FEB  32 32 32 32 33 33 33 33 34 34 34 35 35 35 36 36 36 37 37 37 38 38 39 39 39 40 40 41             357
MAR  41 41 42 42 43 43 44 44 44 45 45 46 46 47 47 47 48 48 49 49 50 50 50 51 51 52 52 52 53 53 54    474
APR  54 54 55 55 56 56 56 57 57 58 58 59 59 59 60 60 61 61 61 62 62 63 63 64 64 64 65 65 66 66       600
MAY  66 67 67 68 68 69 69 69 70 70 71 71 71 72 72 72 73 73 73 74 74 75 75 75 76 76 76 77 77 77 78    723
JUN  78 78 79 79 79 79 80 80 80 80 81 81 81 81 82 82 82 82 82 82 83 83 83 83 83 83 84 84 84 84       814
JUL  84 84 84 84 84 84 84 84 84 85 85 85 85 85 85 85 85 85 85 85 85 85 85 85 85 84 84 84 84 84 84    845
AUG  84 84 84 84 84 84 84 84 83 83 83 83 83 83 83 83 82 82 82 82 82 82 82 82 81 81 81 81 81 81 80    825
SEP  80 80 80 80 79 79 79 79 78 78 78 78 77 77 77 76 76 76 75 75 75 74 74 74 73 73 72 72 71 71       762
OCT  71 70 70 69 69 68 68 67 67 66 66 65 65 64 64 64 63 63 62 62 61 61 60 60 59 59 58 58 57 57 56    635
NOV  56 55 55 54 54 53 53 52 52 51 51 50 50 49 49 48 48 47 47 46 46 45 45 44 44 44 43 43 42 42       486
DEC  41 41 40 40 39 39 39 38 38 37 37 37 36 36 36 35 35 35 34 34 34 33 33 33 33 32 32 32 32 32 31    356
                                                                                                        
-------------------------------------------------------------------------------------------------       
 Average Temperature (deg F [tenths deg F for monthly])                                                 
 DAY  1  2  3  4  5  6  7  8  9 10 11 12 13 14 15 16 17 18 19 20 21 22 23 24 25 26 27 28 29 30 31  MONTH
-------------------------------------------------------------------------------------------------       
JAN  24 23 23 23 23 23 22 22 22 22 22 22 22 22 22 22 22 22 22 22 22 22 22 22 22 22 23 23 23 23 23    224
FEB  23 24 24 24 24 24 25 25 25 26 26 26 26 27 27 27 28 28 28 29 29 29 30 30 31 31 31 32             271
MAR  32 33 33 34 34 34 35 35 36 36 36 37 37 38 38 38 39 39 40 40 40 41 41 41 42 42 42 43 43 44 44    383
APR  44 45 45 45 46 46 46 47 47 47 48 48 48 49 49 50 50 50 51 51 52 52 52 53 53 53 54 54 55 55       495
MAY  55 56 56 57 57 57 58 58 59 59 59 60 60 61 61 61 62 62 62 63 63 63 64 64 65 65 65 66 66 66 67    612
JUN  67 67 67 68 68 68 69 69 69 69 70 70 70 70 71 71 71 71 72 72 72 72 72 72 73 73 73 73 73 73       705
JUL  74 74 74 74 74 74 74 74 74 74 74 74 74 74 74 74 74 74 74 74 74 74 74 74 74 74 74 74 74 74 74    740
AUG  74 74 74 73 73 73 73 73 73 73 73 73 72 72 72 72 72 72 72 71 71 71 71 71 70 70 70 70 70 69 69    718
SEP  69 69 68 68 68 68 67 67 67 67 66 66 66 65 65 65 64 64 64 63 63 62 62 62 61 61 60 60 59 59       645
OCT  59 58 58 57 57 56 56 55 55 55 54 54 53 53 52 52 52 51 51 50 50 50 49 49 49 48 48 47 47 47 46    522
NOV  46 46 45 45 44 44 44 43 43 42 42 42 41 41 41 40 40 39 39 38 38 38 37 37 36 36 35 35 35 34       402
DEC  34 33 33 32 32 32 31 31 30 30 30 29 29 29 28 28 28 27 27 27 26 26 26 25 25 25 25 24 24 24 24    282
                                                                                                        
-------------------------------------------------------------------------------------------------       
 Heating Degree Days                                                                                    
 DAY  1  2  3  4  5  6  7  8  9 10 11 12 13 14 15 16 17 18 19 20 21 22 23 24 25 26 27 28 29 30 31  MONTH
-------------------------------------------------------------------------------------------------       
JAN  42 42 42 42 42 42 43 43 43 43 43 43 43 43 43 43 43 43 43 43 43 43 43 43 43 43 42 42 42 42 42   1322
FEB  42 41 41 41 41 41 40 40 40 40 39 39 39 38 38 38 37 37 37 36 36 36 35 35 34 34 34 33            1062
MAR  33 32 32 32 31 31 30 30 29 29 29 28 28 27 27 27 26 26 26 25 25 24 24 24 23 23 22 22 22 21 21    829
APR  21 20 20 20 19 19 19 18 18 17 17 17 16 16 16 15 15 15 14 14 14 13 13 13 12 12 12 12 11 11       469
MAY  11 10 10 10  9  9  9  8  8  8  8  7  7  7  7  6  6  6  6  5  5  5  5  4  4  4  4  3  3  3  3    200
JUN   3  2  2  2  2  2  2  1  1  1  1  1  1  1  0  0  0  0  0  0  0  0  0  0  0  0  0  0  0  0        22
JUL   0  0  0  0  0  0  0  0  0  0  0  0  0  0  0  0  0  0  0  0  0  0  0  0  0  0  0  0  0-99-99      2
AUG   0  0  0  0  0  0  0  0  0  0  1  1  1  1  1  1  1  1  1  1  1  1  1  1  1  1  1  1  1  1  1     21
SEP   1  1  1  1  1  1  1  1  2  2  2  2  2  2  2  3  3  3  3  4  4  4  4  5  5  5  6  6  7  7        91
OCT   7  8  8  8  9  9 10 10 10 11 11 12 12 12 13 13 13 14 14 15 15 15 16 16 17 17 17 18 18 18 19    405
NOV  19 19 20 20 21 21 21 22 22 22 23 23 24 24 24 25 25 26 26 27 27 27 28 28 29 29 30 30 30 31       743
DEC  31 32 32 33 33 33 34 34 35 35 35 36 36 36 37 37 38 38 38 38 39 39 39 40 40 40 40 41 41 41 41   1142
                                                                                                        
-------------------------------------------------------------------------------------------------       
 Cooling Degree Days                                                                                    
 DAY  1  2  3  4  5  6  7  8  9 10 11 12 13 14 15 16 17 18 19 20 21 22 23 24 25 26 27 28 29 30 31  MONTH
-------------------------------------------------------------------------------------------------       
JAN   0  0  0  0  0  0  0  0  0  0  0  0  0  0  0  0  0  0  0  0  0  0  0  0  0  0  0  0  0  0  0      0
FEB   0  0  0  0  0  0  0  0  0  0  0  0  0  0  0  0  0  0  0  0  0  0  0  0  0  0  0  0               0
MAR   0  0  0  0  0  0  0  0  0  0  0  0  0  0  0  0  0  0  0  0  0  0  0  0  0  0  0  0  0  0  0      0
APR   0  0  0  0  0  0  0  0  0  0  0  0  0  0  0  0  0  0  0  0  0  0  0  0  0  0  0  1  1  1         3
MAY   1  1  1  1  2  2  2  2  2  2  2  2  2  2  3  3  3  3  3  3  3  3  3  4  4  4  4  4  4  4  4     83
JUN   4  5  5  5  5  5  5  5  5  6  6  6  6  6  6  6  6  7  7  7  7  7  7  7  7  7  8  8  8  8       187
JUL   8  8  8  9  9  9  9  9  9  9  9  9  9  9  9  9  9  9  9 10 10 10 10  9  9  9  9  9  9  9  9    280
AUG   9  9  9  9  9  9  9  9  8  8  8  8  8  8  8  8  7  7  7  7  7  7  7  6  6  6  6  6  5  5  5    230
SEP   5  5  4  4  4  4  4  3  3  3  3  3  3  2  2  2  2  2  2  2  2  2  1  1  1  1  1  1  1  1        74
OCT   1  1  1  1  1  1  1  0  0  0  0  0  0  0  0  0  0  0  0  0  0  0  0  0  0  0  0  0  0  0  0      7
NOV   0  0  0  0  0  0  0  0  0  0  0  0  0  0  0  0  0  0  0  0  0  0  0  0  0  0  0  0  0  0         0
DEC   0  0  0  0  0  0  0  0  0  0  0  0  0  0  0  0  0  0  0  0  0  0  0  0  0  0  0  0  0  0  0      0
                                                                                                        
-------------------------------------------------------------------------------------------------       
 Total  Precipitation (Hundreths of an Inch)                                                            
 DAY  1  2  3  4  5  6  7  8  9 10 11 12 13 14 15 16 17 18 19 20 21 22 23 24 25 26 27 28 29 30 31  MONTH
-------------------------------------------------------------------------------------------------       
JAN   7  7  7  7  7  7  7  7  7  7  7  7  7  6  6  6  6  6  6  6  6  6  6  6  6  6  6  6  6  6  5    198
FEB   5  5  5  5  5  5  5  5  5  5  6  6  6  6  6  6  6  6  6  6  6  7  7  7  7  7  8  8             167
MAR   8  8  8  8  9  9  9  9  9 10 10 10 10 10 10 10 10 11 11 11 11 11 11 11 11 11 11 11 11 11 11    311
APR  11 11 11 11 11 11 11 11 11 11 12 12 12 12 12 12 12 12 12 12 12 12 12 12 12 12 12 12 13 13       352
MAY  13 13 13 13 13 13 13 13 13 13 13 13 14 14 14 14 14 14 14 14 14 14 14 14 14 14 14 14 14 15 15    424
JUN  14 14 15 15 15 15 15 15 15 15 15 15 15 15 15 15 14 14 14 14 14 14 14 14 14 14 14 14 14 14       434
JUL  14 13 13 13 13 13 13 13 13 13 13 13 13 12 12 12 12 12 12 12 12 12 12 12 12 12 12 12 12 11 11    384
AUG  12 12 12 12 11 11 11 11 11 11 11 11 11 11 11 11 11 11 11 11 11 11 11 11 11 11 11 11 11 11 11    345
SEP  11 11 11 11 11 11 11 11 11 11 11 11 11 11 11 11 11 11 11 11 11 11 11 11 11 10 10 10 10 10       325
OCT  10 10 10 10 10 10 10 10 10 10  9  9  9  9  9  9  9  9  9 10 10 10 10 10 10 10 10 10 10 10 10    301
NOV  10 10 10 10 11 11 11 11 11 11 11 11 11 11 11 11 11 11 11 11 11 11 11 11 11 11 10 10 10 10       322
DEC  10 10 10 10 10 10 10 10  9  9  9  9  9  9  9  9  9  9  9  8  8  8  8  8  8  8  8  8  8  8  7    274
                                                                                                        
