-------------------------------------------------------------------------------------------------       
 1971-2000 Daily/Monthly Station Normals                                                                
 Provided by National Climatic Data Center/NESDIS/NOAA                                                  
-------------------------------------------------------------------------------------------------       
 Station COOP ID:                           120200                                                      
 Station Name, State, Division, Call:       ANGOLA                             IN 03                    
 Latitude, Longitude, Elevation, Elements:  41 38 23 -084 59 24  1010 XNP                               
-------------------------------------------------------------------------------------------------       
 Minimum Temperature (deg F [tenths deg F for monthly])                                                 
 DAY  1  2  3  4  5  6  7  8  9 10 11 12 13 14 15 16 17 18 19 20 21 22 23 24 25 26 27 28 29 30 31  MONTH
-------------------------------------------------------------------------------------------------       
JAN  16 15 15 15 15 15 15 14 14 14 14 14 14 14 13 13 13 13 13 13 13 13 13 13 13 13 13 13 13 13 13    137
FEB  13 13 13 13 14 14 14 14 14 14 15 15 15 15 15 16 16 16 16 17 17 17 18 18 18 19 19 19             156
MAR  20 20 20 21 21 22 22 22 23 23 23 24 24 24 25 25 25 26 26 26 27 27 28 28 28 28 29 29 29 30 30    250
APR  30 31 31 31 32 32 32 33 33 33 34 34 34 35 35 35 36 36 37 37 37 38 38 39 39 39 40 40 40 41       354
MAY  41 42 42 43 43 43 44 44 44 45 45 46 46 46 47 47 47 48 48 49 49 49 50 50 50 51 51 51 52 52 52    470
JUN  53 53 53 54 54 54 55 55 55 55 56 56 56 56 57 57 57 57 58 58 58 58 58 58 59 59 59 59 59 59       565
JUL  59 60 60 60 60 60 60 60 60 60 60 60 60 61 61 61 61 61 61 61 61 61 61 61 61 61 60 60 60 60 60    604
AUG  60 60 60 60 60 60 60 60 60 59 59 59 59 59 59 58 58 58 58 58 58 57 57 57 57 56 56 56 56 55 55    582
SEP  55 55 54 54 54 53 53 53 53 52 52 52 51 51 51 50 50 49 49 49 48 48 48 47 47 46 46 46 45 45       502
OCT  44 44 44 43 43 42 42 42 41 41 40 40 40 39 39 39 38 38 38 37 37 37 36 36 36 36 36 35 35 35 34    389
NOV  34 34 34 33 33 33 33 32 32 32 32 31 31 31 30 30 30 29 29 29 28 28 28 27 27 27 26 26 26 25       300
DEC  25 24 24 24 23 23 23 22 22 22 21 21 21 20 20 20 20 19 19 19 18 18 18 18 17 17 17 17 16 16 16    200
                                                                                                        
-------------------------------------------------------------------------------------------------       
 Maximum Temperature (deg F [tenths deg F for monthly])                                                 
 DAY  1  2  3  4  5  6  7  8  9 10 11 12 13 14 15 16 17 18 19 20 21 22 23 24 25 26 27 28 29 30 31  MONTH
-------------------------------------------------------------------------------------------------       
JAN  30 30 29 29 29 29 29 29 29 29 29 29 29 28 28 28 28 28 28 28 28 29 29 29 29 29 29 29 29 29 29    288
FEB  30 30 30 30 30 30 31 31 31 31 32 32 32 32 33 33 33 33 34 34 34 35 35 36 36 36 37 37             328
MAR  38 38 38 39 39 40 40 40 41 41 42 42 42 43 43 44 44 44 45 45 46 46 47 47 47 48 48 49 49 50 50    437
APR  50 51 51 52 52 53 53 53 54 54 55 55 56 56 56 57 57 58 58 59 59 59 60 60 61 61 61 62 62 63       566
MAY  63 64 64 64 65 65 66 66 66 67 67 68 68 68 69 69 70 70 70 71 71 71 72 72 72 73 73 73 74 74 74    690
JUN  75 75 75 75 76 76 76 77 77 77 77 78 78 78 78 78 79 79 79 79 80 80 80 80 80 80 81 81 81 81       782
JUL  81 81 82 82 82 82 82 82 82 82 82 82 82 82 82 82 82 82 83 83 82 82 82 82 82 82 82 82 82 82 82    820
AUG  82 82 82 81 81 81 81 81 81 81 81 80 80 80 80 80 80 80 79 79 79 79 79 79 78 78 78 78 77 77 77    797
SEP  77 77 76 76 76 76 75 75 75 75 74 74 74 73 73 73 72 72 72 71 71 71 70 70 69 69 69 68 68 67       726
OCT  67 67 66 66 65 65 64 64 64 63 63 62 62 61 61 60 60 60 59 59 58 58 57 57 56 56 55 55 54 54 54    604
NOV  53 53 52 52 51 51 50 50 49 49 48 48 48 47 47 46 46 45 45 44 44 43 43 42 42 42 41 41 40 40       464
DEC  39 39 38 38 38 37 37 36 36 36 35 35 35 34 34 34 33 33 33 33 32 32 32 31 31 31 31 31 30 30 30    340
                                                                                                        
-------------------------------------------------------------------------------------------------       
 Average Temperature (deg F [tenths deg F for monthly])                                                 
 DAY  1  2  3  4  5  6  7  8  9 10 11 12 13 14 15 16 17 18 19 20 21 22 23 24 25 26 27 28 29 30 31  MONTH
-------------------------------------------------------------------------------------------------       
JAN  23 22 22 22 22 22 22 22 21 21 21 21 21 21 21 21 21 21 21 21 21 21 21 21 21 21 21 21 21 21 21    213
FEB  21 22 22 22 22 22 22 22 23 23 23 23 24 24 24 24 25 25 25 25 26 26 26 27 27 27 28 28             242
MAR  29 29 29 30 30 31 31 31 32 32 32 33 33 34 34 34 35 35 36 36 36 37 37 37 38 38 39 39 39 40 40    344
APR  40 41 41 42 42 42 43 43 43 44 44 45 45 45 46 46 47 47 47 48 48 48 49 49 50 50 51 51 51 52       460
MAY  52 53 53 53 54 54 55 55 55 56 56 57 57 57 58 58 59 59 59 60 60 60 61 61 61 62 62 62 63 63 63    580
JUN  64 64 64 65 65 65 65 66 66 66 67 67 67 67 68 68 68 68 68 69 69 69 69 69 69 70 70 70 70 70       674
JUL  70 71 71 71 71 71 71 71 71 71 71 71 71 71 71 71 72 72 72 72 72 72 72 71 71 71 71 71 71 71 71    712
AUG  71 71 71 71 71 71 70 70 70 70 70 70 70 70 69 69 69 69 69 68 68 68 68 68 68 67 67 67 67 66 66    690
SEP  66 66 65 65 65 65 64 64 64 63 63 63 62 62 62 61 61 61 60 60 60 59 59 59 58 58 57 57 57 56       614
OCT  56 55 55 54 54 54 53 53 52 52 52 51 51 50 50 50 49 49 48 48 48 47 47 47 46 46 46 45 45 44 44    497
NOV  44 43 43 43 42 42 41 41 41 40 40 40 39 39 38 38 38 37 37 37 36 36 35 35 35 34 34 33 33 32       382
DEC  32 32 31 31 31 30 30 29 29 29 28 28 28 27 27 27 26 26 26 26 25 25 25 24 24 24 24 24 23 23 23    270
                                                                                                        
-------------------------------------------------------------------------------------------------       
 Heating Degree Days                                                                                    
 DAY  1  2  3  4  5  6  7  8  9 10 11 12 13 14 15 16 17 18 19 20 21 22 23 24 25 26 27 28 29 30 31  MONTH
-------------------------------------------------------------------------------------------------       
JAN  42 43 43 43 43 43 43 43 44 44 44 44 44 44 44 44 44 44 44 44 44 44 44 44 44 44 44 44 44 44 44   1355
FEB  44 43 43 43 43 43 43 43 42 42 42 42 41 41 41 41 40 40 40 40 39 39 39 38 38 38 37 37            1142
MAR  36 36 36 35 35 35 34 34 33 33 33 32 32 31 31 31 30 30 29 29 29 28 28 28 27 27 26 26 26 25 25    950
APR  24 24 24 23 23 23 22 22 21 21 21 20 20 20 19 19 18 18 18 17 17 17 16 16 15 15 15 14 14 14       570
MAY  13 13 13 12 12 12 11 11 11 10 10 10  9  9  9  8  8  8  7  7  7  7  6  6  6  5  5  5  5  4  4    263
JUN   4  4  4  3  3  3  3  2  2  2  2  2  2  2  1  1  1  1  1  1  1  1  1  0  0  0  0  0  0  0        47
JUL   0  0  0  0  0  0  0  0  0  0  0  0  0  0  0  0  0  0  0  0  0  0  0  0-99-99-99-99-99-99-99      7
AUG   0  0  0  1  1  1  1  1  1  1  1  1  1  1  1  1  1  1  1  1  1  1  1  1  1  2  2  2  2  2  2     34
SEP   2  2  2  2  2  2  3  3  3  3  3  4  4  4  4  4  5  5  5  6  6  6  6  7  7  8  8  8  9  9       142
OCT  10 10 10 11 11 12 12 12 13 13 14 14 14 15 15 16 16 16 17 17 18 18 18 19 19 19 20 20 20 21 21    481
NOV  21 22 22 23 23 23 24 24 24 25 25 25 26 26 27 27 27 28 28 28 29 29 30 30 30 31 31 32 32 32       804
DEC  33 33 34 34 34 35 35 36 36 36 37 37 37 38 38 38 39 39 39 39 40 40 40 41 41 41 41 41 42 42 42   1178
                                                                                                        
-------------------------------------------------------------------------------------------------       
 Cooling Degree Days                                                                                    
 DAY  1  2  3  4  5  6  7  8  9 10 11 12 13 14 15 16 17 18 19 20 21 22 23 24 25 26 27 28 29 30 31  MONTH
-------------------------------------------------------------------------------------------------       
JAN   0  0  0  0  0  0  0  0  0  0  0  0  0  0  0  0  0  0  0  0  0  0  0  0  0  0  0  0  0  0  0      0
FEB   0  0  0  0  0  0  0  0  0  0  0  0  0  0  0  0  0  0  0  0  0  0  0  0  0  0  0  0               0
MAR   0  0  0  0  0  0  0  0  0  0  0  0  0  0  0  0  0  0  0  0  0  0  0  0  0  0  0  0  0  0  0      0
APR   0  0  0  0  0  0  0  0  0  0  0  0  0  0  0  0  0  0  0  0  0  0  0  0  0  0  0  0  0  0         0
MAY   1  1  1  1  1  1  1  1  1  1  1  1  1  1  1  1  2  2  2  2  2  2  2  2  2  2  2  2  2  2  2     46
JUN   3  3  3  3  3  3  3  3  3  3  3  4  4  4  4  4  4  4  4  4  4  4  5  5  5  5  5  5  5  5       117
JUL   5  6  6  6  6  6  6  6  6  6  6  6  6  6  6  7  7  7  7  7  7  7  7  7  7  7  7  7  7  6  6    199
AUG   7  6  6  6  6  6  6  6  6  6  6  6  6  5  5  5  5  5  5  5  5  4  4  4  4  4  4  4  3  3  3    156
SEP   3  3  3  2  2  2  2  2  2  2  1  1  1  1  1  1  1  1  1  1  1  0  0  0  0  0  0  0  0  0        34
OCT -99-99-99-99  0  0  0  0  0  0  0  0  0  0  0  0  0  0  0  0  0  0  0  0  0  0  0  0  0  0  0      4
NOV   0  0  0  0  0  0  0  0  0  0  0  0  0  0  0  0  0  0  0  0  0  0  0  0  0  0  0  0  0  0         0
DEC   0  0  0  0  0  0  0  0  0  0  0  0  0  0  0  0  0  0  0  0  0  0  0  0  0  0  0  0  0  0  0      0
                                                                                                        
-------------------------------------------------------------------------------------------------       
 Total  Precipitation (Hundreths of an Inch)                                                            
 DAY  1  2  3  4  5  6  7  8  9 10 11 12 13 14 15 16 17 18 19 20 21 22 23 24 25 26 27 28 29 30 31  MONTH
-------------------------------------------------------------------------------------------------       
JAN   7  7  7  7  7  7  7  7  7  7  6  6  6  6  6  6  6  6  6  6  6  6  6  6  6  6  6  6  6  6  6    196
FEB   6  6  6  6  6  6  6  6  6  6  6  6  6  6  6  7  7  7  7  7  7  7  7  7  7  7  8  8             183
MAR   8  8  8  8  8  8  8  9  9  9  9  9  9  9  9  9  9 10 10 10 10 10 10 10 10 10 10 10 10 10 11    287
APR  10 11 11 11 11 11 11 11 11 11 11 11 11 11 11 11 11 11 11 11 11 12 12 12 12 12 12 12 12 12       338
MAY  12 12 12 12 12 12 12 12 12 12 12 12 12 12 12 13 13 13 13 13 13 13 13 13 13 13 13 13 13 13 13    388
JUN  13 13 13 13 13 13 13 14 14 14 13 13 13 13 13 13 13 13 13 13 13 13 13 13 13 13 13 13 13 12       392
JUL  12 12 12 12 12 12 12 12 12 12 12 11 11 11 11 11 11 12 12 12 12 12 12 12 12 12 12 12 12 12 12    366
AUG  13 13 13 13 13 13 13 13 13 13 13 13 13 13 14 14 14 14 14 13 13 13 13 13 13 13 13 13 13 13 13    408
SEP  13 13 12 12 12 12 12 12 12 12 11 11 11 11 11 11 11 11 11 10 10 10 10 10 10 10 10  9  9  9       328
OCT   9  9  9  9  9  9  8  8  8  8  8  8  8  8  8  8  8  8  8  8  8  8  8  8  9  9  9  9  9  9  9    261
NOV   9  9 10 10 10 10 10 10 10 10 10 10 10 10 10 10 11 11 11 11 11 11 11 10 10 10 10 10 10 10       305
DEC  10 10 10 10 10 10 10 10  9  9  9  9  9  9  9  9  9  9  9  9  8  8  8  8  8  8  8  8  8  8  7    275
                                                                                                        
