-------------------------------------------------------------------------------------------------       
 1971-2000 Daily/Monthly Station Normals                                                                
 Provided by National Climatic Data Center/NESDIS/NOAA                                                  
-------------------------------------------------------------------------------------------------       
 Station COOP ID:                           121873                                                      
 Station Name, State, Division, Call:       CRAWFORDSVILLE 5 S                 IN 04                    
 Latitude, Longitude, Elevation, Elements:  39 58 00 -086 56 00   762 XNP                               
-------------------------------------------------------------------------------------------------       
 Minimum Temperature (deg F [tenths deg F for monthly])                                                 
 DAY  1  2  3  4  5  6  7  8  9 10 11 12 13 14 15 16 17 18 19 20 21 22 23 24 25 26 27 28 29 30 31  MONTH
-------------------------------------------------------------------------------------------------       
JAN  15 15 15 15 15 14 14 14 14 14 14 14 14 14 14 14 14 14 14 14 14 14 14 14 14 14 14 15 15 15 15    143
FEB  15 16 16 16 16 16 17 17 17 17 17 18 18 18 18 19 19 19 19 20 20 20 20 21 21 21 22 22             184
MAR  22 23 23 23 24 24 24 25 25 25 25 26 26 26 27 27 27 28 28 28 29 29 30 30 30 31 31 31 32 32 32    272
APR  33 33 33 34 34 34 35 35 36 36 36 37 37 37 38 38 38 39 39 39 40 40 40 41 41 41 41 42 42 42       377
MAY  43 43 43 44 44 44 45 45 45 46 46 46 47 47 47 48 48 48 49 49 50 50 50 51 51 52 52 52 53 53 54    479
JUN  54 54 55 55 55 56 56 57 57 57 57 58 58 58 59 59 59 59 60 60 60 60 60 60 61 61 61 61 61 61       583
JUL  61 61 61 61 62 62 62 62 62 62 62 62 62 62 62 62 62 62 62 62 62 62 62 62 62 62 61 61 61 61 61    617
AUG  61 61 61 61 61 60 60 60 60 60 60 60 59 59 59 59 59 59 58 58 58 58 57 57 57 57 57 56 56 56 56    587
SEP  55 55 55 54 54 54 54 53 53 53 52 52 52 51 51 51 50 50 49 49 49 48 48 47 47 47 46 46 45 45       505
OCT  44 44 44 43 43 42 42 41 41 41 40 40 40 39 39 39 38 38 38 37 37 37 37 36 36 36 36 36 35 35 35    390
NOV  35 35 35 34 34 34 34 33 33 33 33 32 32 32 32 31 31 31 30 30 29 29 29 28 28 27 27 27 26 26       310
DEC  25 25 24 24 24 23 23 22 22 21 21 21 20 20 20 19 19 19 18 18 18 18 17 17 17 17 16 16 16 16 15    197
                                                                                                        
-------------------------------------------------------------------------------------------------       
 Maximum Temperature (deg F [tenths deg F for monthly])                                                 
 DAY  1  2  3  4  5  6  7  8  9 10 11 12 13 14 15 16 17 18 19 20 21 22 23 24 25 26 27 28 29 30 31  MONTH
-------------------------------------------------------------------------------------------------       
JAN  34 33 33 33 33 33 33 33 33 33 33 32 32 32 32 32 32 33 33 33 33 33 33 33 33 33 34 34 34 34 34    330
FEB  35 35 35 35 36 36 36 36 37 37 37 37 38 38 38 39 39 39 40 40 41 41 41 42 42 42 43 43             385
MAR  44 44 45 45 45 46 46 47 47 47 48 48 49 49 49 50 50 51 51 51 52 52 53 53 53 54 54 55 55 55 56    498
APR  56 56 57 57 58 58 58 59 59 59 60 60 60 61 61 62 62 62 63 63 63 64 64 65 65 65 66 66 66 67       614
MAY  67 67 68 68 69 69 69 70 70 70 71 71 71 72 72 73 73 73 74 74 74 75 75 75 76 76 76 77 77 77 78    725
JUN  78 78 79 79 79 80 80 80 81 81 81 81 82 82 82 82 83 83 83 83 83 84 84 84 84 84 84 84 84 85       819
JUL  85 85 85 85 85 85 85 85 85 85 85 85 85 86 86 86 86 86 86 86 86 86 85 85 85 85 85 85 85 85 85    853
AUG  85 85 85 85 85 85 84 84 84 84 84 84 84 84 84 84 83 83 83 83 83 83 83 82 82 82 82 82 82 81 81    834
SEP  81 81 81 81 80 80 80 80 80 79 79 79 79 78 78 78 77 77 77 76 76 76 75 75 75 74 74 73 73 73       775
OCT  72 72 71 71 71 70 70 69 69 68 68 67 67 67 66 66 65 65 64 64 63 63 62 62 61 61 60 60 59 59 58    655
NOV  58 57 57 56 56 55 55 54 53 53 53 52 52 51 51 50 50 49 49 48 48 47 47 46 46 46 45 44 44 44       505
DEC  43 43 42 42 41 41 41 40 40 40 39 39 39 38 38 38 37 37 37 36 36 36 36 35 35 35 35 34 34 34 34    379
                                                                                                        
-------------------------------------------------------------------------------------------------       
 Average Temperature (deg F [tenths deg F for monthly])                                                 
 DAY  1  2  3  4  5  6  7  8  9 10 11 12 13 14 15 16 17 18 19 20 21 22 23 24 25 26 27 28 29 30 31  MONTH
-------------------------------------------------------------------------------------------------       
JAN  25 24 24 24 24 24 24 24 24 23 23 23 23 23 23 23 23 23 23 23 23 24 24 24 24 24 24 24 24 25 25    237
FEB  25 25 25 26 26 26 26 27 27 27 27 28 28 28 28 29 29 29 30 30 30 31 31 31 32 32 32 33             285
MAR  33 33 34 34 34 35 35 36 36 36 37 37 37 38 38 38 39 39 40 40 40 41 41 41 42 42 43 43 43 44 44    385
APR  44 45 45 45 46 46 47 47 47 48 48 48 49 49 49 50 50 51 51 51 52 52 52 53 53 53 54 54 54 55       496
MAY  55 55 56 56 56 57 57 57 58 58 58 59 59 59 60 60 60 61 61 62 62 62 63 63 63 64 64 65 65 65 66    602
JUN  66 66 67 67 67 68 68 68 69 69 69 70 70 70 70 71 71 71 71 71 72 72 72 72 72 72 73 73 73 73       701
JUL  73 73 73 73 73 73 73 73 74 74 74 74 74 74 74 74 74 74 74 74 74 74 74 74 73 73 73 73 73 73 73    735
AUG  73 73 73 73 73 73 72 72 72 72 72 72 72 72 71 71 71 71 71 71 70 70 70 70 70 70 69 69 69 69 68    711
SEP  68 68 68 68 67 67 67 67 66 66 66 65 65 65 64 64 64 63 63 63 62 62 62 61 61 60 60 60 59 59       640
OCT  58 58 57 57 57 56 56 55 55 55 54 54 53 53 53 52 52 51 51 51 50 50 50 49 49 48 48 48 47 47 47    523
NOV  46 46 46 45 45 45 44 44 43 43 43 42 42 42 41 41 40 40 39 39 39 38 38 37 37 37 36 36 35 35       408
DEC  34 34 33 33 33 32 32 31 31 31 30 30 29 29 29 28 28 28 28 27 27 27 26 26 26 26 25 25 25 25 25    288
                                                                                                        
-------------------------------------------------------------------------------------------------       
 Heating Degree Days                                                                                    
 DAY  1  2  3  4  5  6  7  8  9 10 11 12 13 14 15 16 17 18 19 20 21 22 23 24 25 26 27 28 29 30 31  MONTH
-------------------------------------------------------------------------------------------------       
JAN  41 41 41 41 41 41 41 41 42 42 42 42 42 42 42 42 42 42 42 42 42 41 41 41 41 41 41 41 41 40 40   1282
FEB  40 40 40 39 39 39 39 39 38 38 38 37 37 37 37 36 36 36 35 35 35 35 34 34 33 33 33 32            1024
MAR  32 32 31 31 31 30 30 29 29 29 28 28 28 27 27 26 26 26 25 25 25 24 24 24 23 23 22 22 22 21 21    821
APR  20 20 20 19 19 19 18 18 18 17 17 17 16 16 16 15 15 15 14 14 14 13 13 13 12 12 12 12 11 11       466
MAY  11 10 10 10 10  9  9  9  9  8  8  8  8  7  7  7  7  6  6  6  6  5  5  5  5  4  4  4  4  3  3    213
JUN   3  3  3  2  2  2  2  2  1  1  1  1  1  1  1  0  0  0  0  0  0  0  0  0  0  0  0  0  0  0        26
JUL   0  0  0  0  0  0  0  0  0  0  0  0  0  0  0  0  0  0  0  0  0  0  0  0  0  0-99-99-99-99-99      5
AUG   0  0  0  0  0  1  1  1  1  1  1  1  1  1  1  1  1  1  1  1  1  1  1  1  1  1  1  1  1  1  1     26
SEP   1  1  1  1  1  2  2  2  2  2  2  2  2  3  3  3  3  4  4  4  4  5  5  5  5  6  6  6  7  7       101
OCT   8  8  8  9  9 10 10 10 11 11 11 12 12 12 13 13 14 14 14 15 15 15 16 16 16 17 17 17 18 18 18    407
NOV  19 19 19 20 20 21 21 21 22 22 22 23 23 24 24 24 25 25 26 26 26 27 27 28 28 29 29 29 30 30       729
DEC  31 31 32 32 33 33 33 34 34 34 35 35 36 36 36 37 37 37 37 38 38 38 39 39 39 39 40 40 40 40 40   1123
                                                                                                        
-------------------------------------------------------------------------------------------------       
 Cooling Degree Days                                                                                    
 DAY  1  2  3  4  5  6  7  8  9 10 11 12 13 14 15 16 17 18 19 20 21 22 23 24 25 26 27 28 29 30 31  MONTH
-------------------------------------------------------------------------------------------------       
JAN   0  0  0  0  0  0  0  0  0  0  0  0  0  0  0  0  0  0  0  0  0  0  0  0  0  0  0  0  0  0  0      0
FEB   0  0  0  0  0  0  0  0  0  0  0  0  0  0  0  0  0  0  0  0  0  0  0  0  0  0  0  0               0
MAR   0  0  0  0  0  0  0  0  0  0  0  0  0  0  0  0  0  0  0  0  0  0  0  0  0  0  0  0  0  0  0      0
APR   0  0  0  0  0  0  0  0  0  0  0  0  0  0  0  0  0  0  0  0  0  0  0  0  0  0  0  1  1  1         3
MAY   1  1  1  1  1  1  1  1  1  1  1  1  2  2  2  2  2  2  2  2  2  3  3  3  3  3  3  3  4  4  4     63
JUN   4  4  4  4  5  5  5  5  5  5  5  6  6  6  6  6  6  6  7  7  7  7  7  7  7  7  7  8  8  8       180
JUL   8  8  8  8  8  8  8  8  8  9  9  9  9  9  9  9  9  9  9  9  9  9  9  9  9  9  9  9  9  9  8    269
AUG   9  8  8  8  8  8  8  8  8  8  8  8  7  7  7  7  7  7  7  6  6  6  6  6  6  6  5  5  5  5  5    213
SEP   4  4  4  4  4  4  3  3  3  3  3  3  3  2  2  2  2  2  2  2  2  2  1  1  1  1  1  1  1  1        71
OCT   1  1  1  1  1  1  1  1  1  1  1  0  0  0  0  0  0  0  0  0  0  0  0  0  0  0  0  0  0  0  0     11
NOV   0  0  0  0  0  0  0  0  0  0  0  0  0  0  0  0  0  0  0  0  0  0  0  0  0  0  0  0  0  0         0
DEC   0  0  0  0  0  0  0  0  0  0  0  0  0  0  0  0  0  0  0  0  0  0  0  0  0  0  0  0  0  0  0      0
                                                                                                        
-------------------------------------------------------------------------------------------------       
 Total  Precipitation (Hundreths of an Inch)                                                            
 DAY  1  2  3  4  5  6  7  8  9 10 11 12 13 14 15 16 17 18 19 20 21 22 23 24 25 26 27 28 29 30 31  MONTH
-------------------------------------------------------------------------------------------------       
JAN   7  7  7  7  7  7  7  7  7  7  7  7  7  7  7  7  7  7  7  7  7  7  7  6  6  6  6  6  6  6  6    209
FEB   6  7  7  7  7  7  7  7  7  7  7  7  7  7  7  7  7  7  7  7  7  8  8  8  8  8  8  8             202
MAR   8  9  9  9  9  9  9  9  9 10 10 10 10 10 10 10 10 10 11 11 11 11 11 11 11 11 11 11 11 12 12    315
APR  12 12 12 12 12 12 12 12 12 12 12 12 12 12 12 12 12 12 13 13 13 13 13 13 13 13 13 13 13 13       372
MAY  13 13 13 13 13 13 13 13 13 13 13 13 13 13 13 13 13 13 13 13 13 13 13 13 14 14 14 14 14 14 14    410
JUN  14 14 14 14 14 14 15 15 15 15 15 15 15 15 15 15 14 14 14 14 14 14 14 14 14 14 14 14 13 13       428
JUL  13 13 13 13 13 12 12 12 12 12 12 12 12 12 12 12 12 12 12 12 12 12 12 12 12 12 12 12 12 12 12    377
AUG  12 13 13 13 13 13 13 13 13 13 13 13 13 13 13 13 13 13 13 13 13 13 13 13 13 13 13 13 13 13 13    402
SEP  13 13 13 13 13 12 12 12 12 12 12 12 12 12 12 11 11 11 11 11 11 11 10 10 10 10 10 10 10  9       341
OCT   9  9  9  9  9  9  9  8  8  8  8  8  8  8  8  8  8  9  9  9  9  9  9  9 10 10 10 10 10 11 11    278
NOV  11 11 12 12 12 12 13 13 13 13 13 13 13 13 13 13 13 13 13 13 13 13 13 13 13 12 12 12 12 12       377
DEC  11 11 11 10 10 10 10 10  9  9  9  9  9  9  8  8  8  8  8  8  8  7  7  7  7  7  7  7  7  7  7    263
                                                                                                        
