-------------------------------------------------------------------------------------------------       
 1971-2000 Daily/Monthly Station Normals                                                                
 Provided by National Climatic Data Center/NESDIS/NOAA                                                  
-------------------------------------------------------------------------------------------------       
 Station COOP ID:                           124730                                                      
 Station Name, State, Division, Call:       LAGRANGE SEWAGE PLANT              IN 03                    
 Latitude, Longitude, Elevation, Elements:  41 39 03 -085 24 51   895 XNP                               
-------------------------------------------------------------------------------------------------       
 Minimum Temperature (deg F [tenths deg F for monthly])                                                 
 DAY  1  2  3  4  5  6  7  8  9 10 11 12 13 14 15 16 17 18 19 20 21 22 23 24 25 26 27 28 29 30 31  MONTH
-------------------------------------------------------------------------------------------------       
JAN  16 16 15 15 15 15 15 15 14 14 14 14 14 14 14 14 14 14 13 13 13 13 13 13 13 13 13 13 14 14 14    140
FEB  14 14 14 14 14 14 14 15 15 15 15 15 16 16 16 16 16 17 17 17 18 18 18 18 19 19 20 20             162
MAR  20 21 21 21 22 22 22 23 23 23 24 24 24 25 25 26 26 26 27 27 27 27 28 28 28 29 29 29 30 30 30    254
APR  31 31 31 32 32 32 32 33 33 34 34 34 35 35 35 36 36 36 37 37 37 38 38 39 39 39 40 40 41 41       356
MAY  41 42 42 43 43 43 44 44 45 45 45 46 46 47 47 47 48 48 48 49 49 49 50 50 51 51 51 52 52 52 53    472
JUN  53 53 54 54 54 55 55 55 55 56 56 56 56 57 57 57 57 58 58 58 58 58 59 59 59 59 59 59 60 60       568
JUL  60 60 60 61 61 61 61 61 61 61 61 61 61 61 61 61 61 61 61 61 61 61 61 61 61 61 61 61 61 61 61    609
AUG  61 61 61 60 60 60 60 60 60 60 60 60 59 59 59 59 59 59 58 58 58 58 58 57 57 57 57 57 56 56 56    587
SEP  56 55 55 55 55 54 54 54 53 53 53 52 52 52 52 51 51 50 50 50 49 49 49 48 48 47 47 47 46 46       511
OCT  45 45 44 44 44 43 43 42 42 42 41 41 41 40 40 40 39 39 39 38 38 38 37 37 37 37 36 36 36 35 35    398
NOV  35 35 35 34 34 34 33 33 33 33 32 32 32 31 31 31 31 30 30 30 29 29 28 28 28 27 27 27 26 26       308
DEC  25 25 25 24 24 24 23 23 22 22 22 21 21 21 20 20 20 19 19 19 19 18 18 18 18 17 17 17 16 16 16    203
                                                                                                        
-------------------------------------------------------------------------------------------------       
 Maximum Temperature (deg F [tenths deg F for monthly])                                                 
 DAY  1  2  3  4  5  6  7  8  9 10 11 12 13 14 15 16 17 18 19 20 21 22 23 24 25 26 27 28 29 30 31  MONTH
-------------------------------------------------------------------------------------------------       
JAN  30 30 30 30 30 29 29 29 29 29 29 29 29 29 29 29 29 29 29 29 29 29 29 29 29 29 29 30 30 30 30    293
FEB  30 30 31 31 31 31 31 32 32 32 32 33 33 33 33 34 34 34 35 35 35 36 36 37 37 37 38 38             336
MAR  39 39 39 40 40 41 41 41 42 42 43 43 44 44 44 45 45 46 46 46 47 47 48 48 49 49 49 50 50 51 51    448
APR  52 52 52 53 53 54 54 54 55 55 56 56 56 57 57 58 58 58 59 59 60 60 60 61 61 62 62 62 63 63       574
MAY  64 64 64 65 65 66 66 66 67 67 67 68 68 69 69 69 70 70 70 71 71 72 72 72 73 73 73 74 74 74 75    693
JUN  75 75 76 76 76 77 77 77 78 78 78 78 79 79 79 79 79 80 80 80 80 80 81 81 81 81 81 81 81 81       788
JUL  82 82 82 82 82 82 82 82 82 82 82 82 82 82 82 83 83 83 83 83 83 82 82 82 82 82 82 82 82 82 82    822
AUG  82 82 82 82 82 81 81 81 81 81 81 81 81 81 80 80 80 80 80 80 79 79 79 79 79 79 78 78 78 78 78    801
SEP  77 77 77 77 77 76 76 76 75 75 75 75 74 74 74 73 73 73 72 72 72 71 71 70 70 70 69 69 68 68       732
OCT  68 67 67 66 66 65 65 65 64 64 63 63 62 62 61 61 60 60 60 59 59 58 58 57 57 56 56 55 55 55 54    609
NOV  54 53 53 52 52 51 51 50 50 49 49 48 48 48 47 47 46 46 45 45 44 44 43 43 43 42 42 41 41 40       469
DEC  40 39 39 39 38 38 37 37 37 36 36 35 35 35 34 34 34 34 33 33 33 32 32 32 32 31 31 31 31 31 30    345
                                                                                                        
-------------------------------------------------------------------------------------------------       
 Average Temperature (deg F [tenths deg F for monthly])                                                 
 DAY  1  2  3  4  5  6  7  8  9 10 11 12 13 14 15 16 17 18 19 20 21 22 23 24 25 26 27 28 29 30 31  MONTH
-------------------------------------------------------------------------------------------------       
JAN  23 23 23 23 22 22 22 22 22 22 22 22 22 21 21 21 21 21 21 21 21 21 21 21 21 21 21 22 22 22 22    217
FEB  22 22 22 22 23 23 23 23 23 24 24 24 24 24 25 25 25 26 26 26 26 27 27 27 28 28 29 29             249
MAR  29 30 30 31 31 31 32 32 32 33 33 34 34 34 35 35 36 36 36 37 37 37 38 38 38 39 39 40 40 40 41    351
APR  41 41 42 42 43 43 43 44 44 44 45 45 45 46 46 47 47 47 48 48 49 49 49 50 50 51 51 51 52 52       465
MAY  53 53 53 54 54 55 55 55 56 56 56 57 57 58 58 58 59 59 59 60 60 61 61 61 62 62 62 63 63 63 64    583
JUN  64 64 65 65 65 66 66 66 66 67 67 67 67 68 68 68 68 69 69 69 69 69 70 70 70 70 70 70 71 71       678
JUL  71 71 71 71 71 71 71 71 71 72 72 72 72 72 72 72 72 72 72 72 72 72 72 72 72 72 72 72 71 71 71    716
AUG  71 71 71 71 71 71 71 71 71 70 70 70 70 70 70 70 69 69 69 69 69 69 68 68 68 68 68 67 67 67 67    694
SEP  66 66 66 66 66 65 65 65 64 64 64 64 63 63 63 62 62 62 61 61 61 60 60 59 59 59 58 58 57 57       622
OCT  56 56 56 55 55 54 54 54 53 53 52 52 51 51 51 50 50 50 49 49 48 48 48 47 47 46 46 46 45 45 45    504
NOV  44 44 44 43 43 43 42 42 41 41 41 40 40 40 39 39 38 38 38 37 37 36 36 36 35 35 34 34 34 33       389
DEC  33 32 32 31 31 31 30 30 29 29 29 28 28 28 27 27 27 27 26 26 26 25 25 25 25 24 24 24 24 23 23    274
                                                                                                        
-------------------------------------------------------------------------------------------------       
 Heating Degree Days                                                                                    
 DAY  1  2  3  4  5  6  7  8  9 10 11 12 13 14 15 16 17 18 19 20 21 22 23 24 25 26 27 28 29 30 31  MONTH
-------------------------------------------------------------------------------------------------       
JAN  42 42 42 43 43 43 43 43 43 43 43 43 44 44 44 44 44 44 44 44 44 44 44 44 44 44 44 43 43 43 43   1345
FEB  43 43 43 43 42 42 42 42 42 41 41 41 41 41 40 40 40 39 39 39 39 38 38 38 37 37 36 36            1123
MAR  36 35 35 35 34 34 33 33 33 32 32 31 31 31 30 30 29 29 29 28 28 28 27 27 26 26 26 25 25 25 24    927
APR  24 23 23 23 22 22 22 21 21 20 20 20 19 19 19 18 18 18 17 17 17 16 16 15 15 15 14 14 14 13       555
MAY  13 13 12 12 12 11 11 11 10 10 10  9  9  9  9  8  8  8  7  7  7  6  6  6  6  5  5  5  5  4  4    258
JUN   4  4  3  3  3  3  3  2  2  2  2  2  2  2  1  1  1  1  1  1  1  1  1  0  0  0  0  0  0  0        46
JUL   0  0  0  0  0  0  0  0  0  0  0  0  0  0  0  0  0  0  0  0  0  0  0  0  0-99-99-99-99-99-99      6
AUG   0  0  0  1  1  1  1  1  1  1  1  1  1  1  1  1  1  1  1  1  1  1  1  1  1  1  1  1  2  2  2     31
SEP   2  2  2  2  2  2  2  2  3  3  3  3  3  3  4  4  4  4  5  5  5  6  6  6  7  7  7  8  8  9       129
OCT   9  9 10 10 11 11 11 12 12 13 13 13 14 14 15 15 15 16 16 16 17 17 18 18 18 19 19 19 20 20 20    460
NOV  21 21 21 22 22 23 23 23 24 24 24 25 25 26 26 26 27 27 27 28 28 29 29 29 30 30 31 31 32 32       786
DEC  32 33 33 34 34 34 35 35 36 36 36 37 37 37 38 38 38 38 39 39 39 40 40 40 40 41 41 41 41 42 42   1166
                                                                                                        
-------------------------------------------------------------------------------------------------       
 Cooling Degree Days                                                                                    
 DAY  1  2  3  4  5  6  7  8  9 10 11 12 13 14 15 16 17 18 19 20 21 22 23 24 25 26 27 28 29 30 31  MONTH
-------------------------------------------------------------------------------------------------       
JAN   0  0  0  0  0  0  0  0  0  0  0  0  0  0  0  0  0  0  0  0  0  0  0  0  0  0  0  0  0  0  0      0
FEB   0  0  0  0  0  0  0  0  0  0  0  0  0  0  0  0  0  0  0  0  0  0  0  0  0  0  0  0               0
MAR   0  0  0  0  0  0  0  0  0  0  0  0  0  0  0  0  0  0  0  0  0  0  0  0  0  0  0  0  0  0  0      0
APR   0  0  0  0  0  0  0  0  0  0  0  0  0  0  0  0  0  0  0  0  0  0  0  0  0  0  0  0  0  1         1
MAY   1  1  1  1  1  1  1  1  1  1  1  1  1  1  1  1  2  2  2  2  2  2  2  2  2  2  2  2  3  3  3     49
JUN   3  3  3  3  3  3  3  4  4  4  4  4  4  4  4  4  4  5  5  5  5  5  5  5  5  5  6  6  6  6       130
JUL   6  6  6  6  6  6  6  6  7  7  7  7  7  7  7  7  7  7  7  7  7  7  7  7  7  7  7  7  7  7  7    209
AUG   7  7  7  7  7  6  6  6  6  6  6  6  6  6  6  6  5  5  5  5  5  5  5  5  4  4  4  4  4  4  3    168
SEP   3  3  3  3  3  2  2  2  2  2  2  2  1  1  1  1  1  1  1  1  1  1  1  1  1  0  0  0  0  0        42
OCT -99-99-99-99-99-99  0  0  0  0  0  0  0  0  0  0  0  0  0  0  0  0  0  0  0  0  0  0  0  0  0      6
NOV   0  0  0  0  0  0  0  0  0  0  0  0  0  0  0  0  0  0  0  0  0  0  0  0  0  0  0  0  0  0         0
DEC   0  0  0  0  0  0  0  0  0  0  0  0  0  0  0  0  0  0  0  0  0  0  0  0  0  0  0  0  0  0  0      0
                                                                                                        
-------------------------------------------------------------------------------------------------       
 Total  Precipitation (Hundreths of an Inch)                                                            
 DAY  1  2  3  4  5  6  7  8  9 10 11 12 13 14 15 16 17 18 19 20 21 22 23 24 25 26 27 28 29 30 31  MONTH
-------------------------------------------------------------------------------------------------       
JAN   7  7  7  7  6  6  6  6  6  6  6  6  6  6  6  6  6  6  5  5  5  5  5  5  5  5  5  5  5  6  6    179
FEB   5  6  6  6  6  6  6  6  6  6  6  6  6  6  6  6  6  6  6  7  7  7  7  7  7  7  7  7             176
MAR   7  7  7  8  8  8  8  8  8  8  8  8  8  8  8  9  9  9  9  9  9  9  9  9  9 10 10 10 10 10 10    267
APR  10 10 11 11 11 11 11 11 11 11 11 11 11 11 11 11 11 11 11 12 12 12 12 12 12 11 11 11 11 11       334
MAY  11 11 11 11 11 11 11 11 11 11 11 11 11 11 11 12 12 12 12 12 12 12 12 12 12 13 13 13 13 13 13    363
JUN  13 14 14 14 14 14 14 14 14 14 14 14 14 14 15 14 14 14 14 14 14 14 14 14 14 14 14 13 13 13       417
JUL  13 13 12 12 12 12 12 12 12 12 12 11 11 11 11 11 11 11 11 11 11 11 11 11 11 11 12 12 12 12 12    359
AUG  12 12 12 13 13 13 13 13 13 13 13 13 13 13 13 13 13 13 13 13 13 13 13 13 13 13 13 13 13 13 13    400
SEP  13 13 13 13 13 12 12 12 12 12 12 12 12 12 12 12 11 11 11 11 11 11 11 11 11 10 10 10 10 10       346
OCT  10 10  9  9  9  9  9  9  9  9  9  9  9  9  9  9  9  9  9  8  8  9  9  9  9  9  9  9  9  9  9    279
NOV   9  9  9  9  9  9  9  9  9 10 10 10 10 10 10 10 10 10 10 10 10 10 10 10 10 10 10 10  9  9       289
DEC  10 10  9  9  9  9  9  9  9  9  9  9  9  9  9  9  8  8  8  8  8  8  8  8  8  8  7  7  7  7  7    261
                                                                                                        
