-------------------------------------------------------------------------------------------------       
 1971-2000 Daily/Monthly Station Normals                                                                
 Provided by National Climatic Data Center/NESDIS/NOAA                                                  
-------------------------------------------------------------------------------------------------       
 Station COOP ID:                           128036                                                      
 Station Name, State, Division, Call:       SHOALS HIWAY 50 BRIDGE             IN 07                    
 Latitude, Longitude, Elevation, Elements:  38 40 00 -086 48 00   550 XNP                               
-------------------------------------------------------------------------------------------------       
 Minimum Temperature (deg F [tenths deg F for monthly])                                                 
 DAY  1  2  3  4  5  6  7  8  9 10 11 12 13 14 15 16 17 18 19 20 21 22 23 24 25 26 27 28 29 30 31  MONTH
-------------------------------------------------------------------------------------------------       
JAN  20 20 20 20 20 20 20 20 19 19 19 19 19 19 19 19 19 19 19 19 19 19 19 19 19 19 19 19 19 19 20    193
FEB  20 20 20 20 20 20 20 21 21 21 21 21 22 22 22 22 23 23 23 23 24 24 24 25 25 25 26 26             223
MAR  26 27 27 27 28 28 28 29 29 29 30 30 30 31 31 31 31 32 32 32 33 33 33 34 34 34 34 35 35 35 36    311
APR  36 36 36 37 37 37 37 38 38 38 39 39 39 40 40 40 40 41 41 41 42 42 42 43 43 43 43 44 44 44       400
MAY  45 45 45 46 46 46 47 47 47 48 48 48 49 49 49 50 50 50 51 51 52 52 52 53 53 53 54 54 54 55 55    498
JUN  55 56 56 56 57 57 57 58 58 58 58 59 59 59 60 60 60 60 60 61 61 61 61 62 62 62 62 62 62 63       594
JUL  63 63 63 63 63 63 64 64 64 64 64 64 64 64 64 64 64 64 64 64 64 64 64 64 64 64 64 64 64 64 64    638
AUG  64 64 64 64 64 63 63 63 63 63 63 63 63 63 62 62 62 62 62 62 61 61 61 61 61 60 60 60 60 59 59    620
SEP  59 59 58 58 58 57 57 57 57 56 56 56 55 55 54 54 54 53 53 53 52 52 51 51 50 50 49 49 49 48       540
OCT  47 47 47 46 46 45 45 44 44 44 43 43 42 42 42 41 41 41 40 40 40 40 39 39 39 39 38 38 38 38 38    418
NOV  37 37 37 37 37 36 36 36 36 36 35 35 35 35 34 34 34 33 33 33 32 32 32 31 31 31 30 30 30 29       338
DEC  29 29 28 28 27 27 27 26 26 26 25 25 25 24 24 24 24 23 23 23 23 22 22 22 22 21 21 21 21 21 21    242
                                                                                                        
-------------------------------------------------------------------------------------------------       
 Maximum Temperature (deg F [tenths deg F for monthly])                                                 
 DAY  1  2  3  4  5  6  7  8  9 10 11 12 13 14 15 16 17 18 19 20 21 22 23 24 25 26 27 28 29 30 31  MONTH
-------------------------------------------------------------------------------------------------       
JAN  38 37 37 37 37 37 37 37 37 37 37 36 36 36 36 36 37 37 37 37 37 37 37 37 37 38 38 38 38 38 39    371
FEB  39 39 40 40 40 40 41 41 41 42 42 42 42 43 43 43 44 44 44 45 45 46 46 46 47 47 47 48             431
MAR  48 48 49 49 50 50 50 51 51 51 52 52 53 53 53 54 54 54 55 55 56 56 56 57 57 58 58 58 59 59 59    537
APR  60 60 60 61 61 62 62 62 63 63 63 64 64 64 65 65 65 66 66 67 67 67 68 68 68 69 69 69 69 70       649
MAY  70 70 71 71 71 72 72 72 73 73 73 74 74 74 74 75 75 75 76 76 76 77 77 77 77 78 78 78 79 79 79    747
JUN  79 80 80 80 81 81 81 81 82 82 82 82 82 83 83 83 83 84 84 84 84 84 84 85 85 85 85 85 85 85       828
JUL  85 85 86 86 86 86 86 86 86 86 86 86 86 86 86 86 86 86 87 87 87 87 87 87 87 87 87 87 87 86 86    863
AUG  87 86 86 86 86 86 86 86 86 86 86 86 86 86 85 85 85 85 85 85 85 85 84 84 84 84 84 84 83 83 83    851
SEP  83 82 82 82 82 82 81 81 81 80 80 80 80 79 79 79 79 78 78 78 77 77 77 76 76 76 75 75 75 74       788
OCT  74 73 73 73 72 72 72 71 71 70 70 69 69 69 68 68 67 67 67 66 66 65 65 64 64 63 63 63 62 62 61    677
NOV  61 60 60 59 59 58 58 57 57 57 56 56 55 55 54 54 53 53 52 52 52 51 51 50 50 49 49 49 48 48       541
DEC  47 47 46 46 46 45 45 44 44 44 43 43 43 42 42 42 41 41 41 41 40 40 40 39 39 39 39 39 38 38 38    420
                                                                                                        
-------------------------------------------------------------------------------------------------       
 Average Temperature (deg F [tenths deg F for monthly])                                                 
 DAY  1  2  3  4  5  6  7  8  9 10 11 12 13 14 15 16 17 18 19 20 21 22 23 24 25 26 27 28 29 30 31  MONTH
-------------------------------------------------------------------------------------------------       
JAN  29 29 29 28 28 28 28 28 28 28 28 28 28 28 28 28 28 28 28 28 28 28 28 28 28 28 28 28 29 29 29    282
FEB  29 30 30 30 30 30 31 31 31 31 32 32 32 32 33 33 33 34 34 34 34 35 35 35 36 36 36 37             327
MAR  37 38 38 38 39 39 39 40 40 40 41 41 41 42 42 42 43 43 43 44 44 44 45 45 46 46 46 47 47 47 47    424
APR  48 48 48 49 49 49 50 50 50 51 51 51 52 52 52 53 53 53 54 54 54 55 55 55 56 56 56 57 57 57       525
MAY  57 58 58 58 59 59 59 60 60 60 61 61 61 62 62 62 63 63 63 64 64 64 65 65 65 66 66 66 66 67 67    623
JUN  67 68 68 68 69 69 69 69 70 70 70 71 71 71 71 71 72 72 72 72 72 73 73 73 73 73 74 74 74 74       711
JUL  74 74 74 74 75 75 75 75 75 75 75 75 75 75 75 75 75 75 75 76 76 76 76 76 76 76 75 75 75 75 75    751
AUG  75 75 75 75 75 75 75 75 75 75 74 74 74 74 74 74 74 74 73 73 73 73 73 73 72 72 72 72 72 71 71    736
SEP  71 71 70 70 70 70 69 69 69 68 68 68 67 67 67 66 66 66 65 65 65 64 64 64 63 63 62 62 62 61       664
OCT  61 60 60 59 59 59 58 58 57 57 57 56 56 55 55 55 54 54 54 53 53 53 52 52 51 51 51 50 50 50 49    548
NOV  49 49 48 48 48 47 47 47 46 46 46 45 45 45 44 44 44 43 43 42 42 42 41 41 41 40 40 39 39 39       440
DEC  38 38 37 37 37 36 36 35 35 35 34 34 34 33 33 33 33 32 32 32 31 31 31 31 30 30 30 30 30 29 29    331
                                                                                                        
-------------------------------------------------------------------------------------------------       
 Heating Degree Days                                                                                    
 DAY  1  2  3  4  5  6  7  8  9 10 11 12 13 14 15 16 17 18 19 20 21 22 23 24 25 26 27 28 29 30 31  MONTH
-------------------------------------------------------------------------------------------------       
JAN  36 36 37 37 37 37 37 37 37 37 37 37 37 37 37 37 37 37 37 37 37 37 37 37 37 37 37 37 36 36 36   1142
FEB  36 35 35 35 35 35 34 34 34 34 33 33 33 33 32 32 32 32 31 31 31 30 30 30 29 29 29 28             905
MAR  28 28 27 27 26 26 26 25 25 25 24 24 24 23 23 23 22 22 22 21 21 21 20 20 19 19 19 18 18 18 17    701
APR  17 17 16 16 16 15 15 15 14 14 14 13 13 13 13 12 12 12 12 11 11 11 11 10 10 10 10  9  9  9       380
MAY   9  8  8  8  8  8  7  7  7  7  7  6  6  6  6  6  5  5  5  5  4  4  4  4  4  3  3  3  3  3  2    171
JUN   2  2  2  2  1  1  1  1  1  1  1  1  0  0  0  0  0  0  0  0  0  0  0  0  0  0  0  0  0  0        16
JUL   0  0  0  0  0  0  0  0  0  0  0  0  0  0  0  0  0  0  0  0  0  0  0  0  0  0  0  0  0  0  0      0
AUG   0  0  0  0  0  0  0  0  0  0  0  0  0  0  0  0  0  0  0  0  0  0  0  0-99-99-99-99-99-99-99      7
SEP   0  0  0  0  1  1  1  1  1  1  1  1  1  2  2  2  2  2  2  3  3  3  3  4  4  4  5  5  5  6        66
OCT   6  6  7  7  7  8  8  8  9  9  9 10 10 10 11 11 11 11 12 12 12 13 13 13 14 14 14 15 15 15 16    336
NOV  16 16 17 17 17 18 18 18 19 19 19 20 20 20 21 21 21 22 22 23 23 23 24 24 24 25 25 26 26 26       630
DEC  27 27 28 28 28 29 29 30 30 30 31 31 31 32 32 32 32 33 33 33 34 34 34 34 35 35 35 35 35 36 36    989
                                                                                                        
-------------------------------------------------------------------------------------------------       
 Cooling Degree Days                                                                                    
 DAY  1  2  3  4  5  6  7  8  9 10 11 12 13 14 15 16 17 18 19 20 21 22 23 24 25 26 27 28 29 30 31  MONTH
-------------------------------------------------------------------------------------------------       
JAN   0  0  0  0  0  0  0  0  0  0  0  0  0  0  0  0  0  0  0  0  0  0  0  0  0  0  0  0  0  0  0      0
FEB   0  0  0  0  0  0  0  0  0  0  0  0  0  0  0  0  0  0  0  0  0  0  0  0  0  0  0  0               0
MAR   0  0  0  0  0  0  0  0  0  0  0  0  0  0  0  0  0  0  0  0  0  0  0  0  0  0  0  0  0  0  0      0
APR   0  0  0  0  0  0  0  0  0  0  0  0  0  0  0  0  0  0  0  0  0  0  0  0  0  1  1  1  1  1         5
MAY   1  1  1  1  1  2  2  2  2  2  2  2  2  2  3  3  3  3  3  3  3  3  4  4  4  4  4  4  4  4  5     84
JUN   5  5  5  5  5  5  5  6  6  6  6  6  6  6  6  7  7  7  7  7  7  8  8  8  8  8  8  8  9  9       199
JUL   9  9  9  9  9 10 10 10 10 10 10 10 10 10 10 10 10 10 10 11 11 11 11 11 11 11 11 10 10 10 10    313
AUG  10 10 10 10 10 10 10 10 10 10 10  9  9  9  9  9  9  9  9  8  8  8  8  8  8  7  7  7  7  7  6    271
SEP   6  6  6  5  5  5  5  5  5  4  4  4  4  4  4  3  3  3  3  3  3  3  2  2  2  2  2  2  2  2       109
OCT   2  2  1  1  1  1  1  1  1  1  1  1  1  1  1  1  1  0  0  0  0  0  0  0  0  0  0  0  0  0  0     19
NOV   0  0  0  0  0  0  0  0  0  0  0  0  0  0  0  0  0  0  0  0  0  0  0  0  0  0  0  0  0  0         0
DEC   0  0  0  0  0  0  0  0  0  0  0  0  0  0  0  0  0  0  0  0  0  0  0  0  0  0  0  0  0  0  0      0
                                                                                                        
-------------------------------------------------------------------------------------------------       
 Total  Precipitation (Hundreths of an Inch)                                                            
 DAY  1  2  3  4  5  6  7  8  9 10 11 12 13 14 15 16 17 18 19 20 21 22 23 24 25 26 27 28 29 30 31  MONTH
-------------------------------------------------------------------------------------------------       
JAN  10 10 10 10 10 10 11 11 11 11 11 11 10 10 10 10 10 10 10 10 10 10 10 10 10 10 10 10 10 10 10    316
FEB  10 10 10 10 10 10 10 10 10 10 10 10 10 10 10 10 10 10 11 11 11 11 11 11 11 11 12 12             292
MAR  12 12 13 13 13 13 13 13 13 14 14 14 14 14 14 14 14 14 14 14 14 14 14 15 15 15 15 14 14 14 14    427
APR  14 14 14 14 14 14 14 14 14 14 14 14 14 15 15 15 15 15 15 15 15 16 16 16 16 16 16 17 17 17       449
MAY  17 17 18 18 18 18 18 18 18 19 19 19 19 19 19 19 19 19 19 18 18 18 18 18 18 18 17 17 17 17 16    560
JUN  16 16 16 15 15 15 15 14 14 14 14 14 14 14 14 14 13 13 13 13 13 13 14 14 14 14 14 14 14 14       424
JUL  14 15 15 15 15 15 15 15 15 16 16 16 16 16 16 16 16 16 16 16 16 15 15 15 15 15 15 15 15 14 14    474
AUG  14 14 14 13 13 13 13 13 13 13 12 12 12 12 12 12 12 12 12 12 12 12 11 11 11 11 11 11 11 12 12    378
SEP  11 12 12 12 12 12 12 12 12 12 12 12 11 11 11 11 11 11 11 11 11 11 11 11 11 10 10 10 10 10       336
OCT  10 10 10 10  9  9  9  9  9  9  9  9  9  9  9 10 10 10 10 10 10 10 11 11 11 11 11 12 12 12 13    313
NOV  13 13 14 14 14 14 15 15 15 15 15 15 15 16 16 16 16 16 16 16 15 15 15 15 15 15 15 15 14 14       447
DEC  14 14 13 13 13 13 13 12 12 12 12 12 11 11 11 11 11 11 11 11 11 11 10 10 10 10 10 10 10 10 10    353
                                                                                                        
