-------------------------------------------------------------------------------------------------       
 1971-2000 Daily/Monthly Station Normals                                                                
 Provided by National Climatic Data Center/NESDIS/NOAA                                                  
-------------------------------------------------------------------------------------------------       
 Station COOP ID:                           121425                                                      
 Station Name, State, Division, Call:       CHARLESTOWN 5 NNW                  IN 09                    
 Latitude, Longitude, Elevation, Elements:  38 29 00 -085 42 00   550 XNP                               
-------------------------------------------------------------------------------------------------       
 Minimum Temperature (deg F [tenths deg F for monthly])                                                 
 DAY  1  2  3  4  5  6  7  8  9 10 11 12 13 14 15 16 17 18 19 20 21 22 23 24 25 26 27 28 29 30 31  MONTH
-------------------------------------------------------------------------------------------------       
JAN  22 22 22 22 22 22 22 22 21 21 21 21 21 21 21 21 21 21 21 21 21 21 21 21 21 21 21 22 22 22 22    214
FEB  22 22 22 22 22 22 23 23 23 23 23 23 24 24 24 24 25 25 25 25 25 26 26 26 27 27 27 28             242
MAR  28 28 28 29 29 29 30 30 30 31 31 31 32 32 32 32 33 33 33 34 34 34 34 35 35 35 35 36 36 36 36    323
APR  37 37 37 37 38 38 38 38 39 39 39 39 40 40 40 41 41 41 42 42 42 42 43 43 43 44 44 44 45 45       406
MAY  45 46 46 46 47 47 48 48 48 49 49 49 50 50 50 50 51 51 51 52 52 52 53 53 53 54 54 54 54 55 55    504
JUN  55 56 56 56 56 57 57 57 57 58 58 58 58 59 59 59 59 60 60 60 60 60 60 61 61 61 61 61 62 62       588
JUL  62 62 62 62 62 63 63 63 63 63 63 63 63 63 63 63 63 63 63 64 64 64 64 64 63 63 63 63 63 63 63    630
AUG  63 63 63 63 63 63 63 62 62 62 62 62 62 62 62 61 61 61 61 61 60 60 60 60 60 59 59 59 59 58 58    611
SEP  58 58 57 57 57 57 56 56 56 55 55 55 54 54 54 53 53 53 52 52 51 51 51 50 50 50 49 49 48 48       533
OCT  47 47 47 46 46 45 45 45 44 44 44 43 43 43 42 42 42 41 41 41 40 40 40 40 39 39 39 39 38 38 38    422
NOV  38 38 37 37 37 37 36 36 36 36 35 35 35 35 34 34 34 34 33 33 33 32 32 32 31 31 31 31 30 30       341
DEC  29 29 29 29 28 28 28 27 27 27 26 26 26 26 25 25 25 25 24 24 24 24 24 23 23 23 23 23 23 22 22    254
                                                                                                        
-------------------------------------------------------------------------------------------------       
 Maximum Temperature (deg F [tenths deg F for monthly])                                                 
 DAY  1  2  3  4  5  6  7  8  9 10 11 12 13 14 15 16 17 18 19 20 21 22 23 24 25 26 27 28 29 30 31  MONTH
-------------------------------------------------------------------------------------------------       
JAN  41 41 41 41 41 41 41 41 41 41 41 40 40 41 41 41 41 41 41 41 41 41 41 41 42 42 42 42 42 42 43    412
FEB  43 43 44 44 44 44 45 45 45 46 46 46 46 47 47 47 48 48 48 49 49 50 50 50 51 51 51 52             471
MAR  52 53 53 53 54 54 54 55 55 56 56 56 57 57 57 58 58 58 59 59 60 60 60 61 61 61 62 62 62 63 63    577
APR  63 64 64 64 65 65 65 66 66 66 67 67 67 68 68 68 68 69 69 69 70 70 70 71 71 71 72 72 72 73       680
MAY  73 73 73 74 74 74 75 75 75 76 76 76 76 77 77 77 78 78 78 78 79 79 79 79 80 80 80 81 81 81 81    772
JUN  82 82 82 82 83 83 83 83 84 84 84 84 84 85 85 85 85 85 85 86 86 86 86 86 87 87 87 87 87 87       847
JUL  87 87 88 88 88 88 88 88 88 88 88 88 88 89 89 89 89 89 89 89 89 89 89 89 89 89 89 89 89 89 89    885
AUG  89 89 89 89 89 88 88 88 88 88 88 88 88 88 88 87 87 87 87 87 87 86 86 86 86 86 86 85 85 85 85    872
SEP  84 84 84 84 84 83 83 83 83 82 82 82 81 81 81 81 80 80 80 79 79 79 78 78 78 78 77 77 77 76       806
OCT  76 76 75 75 74 74 74 73 73 73 72 72 71 71 71 70 70 69 69 69 68 68 67 67 66 66 66 65 65 64 64    701
NOV  63 63 62 62 61 61 60 60 59 59 59 58 58 57 57 56 56 55 55 55 54 54 53 53 52 52 52 51 51 50       566
DEC  50 50 49 49 48 48 48 47 47 47 46 46 46 45 45 45 45 44 44 44 44 43 43 43 43 42 42 42 42 42 42    452
                                                                                                        
-------------------------------------------------------------------------------------------------       
 Average Temperature (deg F [tenths deg F for monthly])                                                 
 DAY  1  2  3  4  5  6  7  8  9 10 11 12 13 14 15 16 17 18 19 20 21 22 23 24 25 26 27 28 29 30 31  MONTH
-------------------------------------------------------------------------------------------------       
JAN  32 32 32 31 31 31 31 31 31 31 31 31 31 31 31 31 31 31 31 31 31 31 31 31 31 32 32 32 32 32 32    313
FEB  33 33 33 33 33 33 34 34 34 34 35 35 35 35 36 36 36 36 37 37 37 38 38 38 39 39 39 40             357
MAR  40 40 41 41 41 42 42 42 43 43 44 44 44 44 45 45 45 46 46 46 47 47 47 48 48 48 49 49 49 49 50    450
APR  50 50 51 51 51 51 52 52 52 53 53 53 53 54 54 54 55 55 55 56 56 56 57 57 57 58 58 58 58 59       543
MAY  59 60 60 60 60 61 61 61 62 62 62 63 63 63 64 64 64 64 65 65 65 66 66 66 67 67 67 67 68 68 68    638
JUN  68 69 69 69 70 70 70 70 71 71 71 71 71 72 72 72 72 72 73 73 73 73 73 74 74 74 74 74 74 75       718
JUL  75 75 75 75 75 75 76 76 76 76 76 76 76 76 76 76 76 76 76 76 76 76 76 76 76 76 76 76 76 76 76    758
AUG  76 76 76 76 76 76 76 75 75 75 75 75 75 75 75 74 74 74 74 74 74 73 73 73 73 73 72 72 72 72 71    742
SEP  71 71 71 70 70 70 70 69 69 69 69 68 68 68 67 67 67 66 66 66 65 65 65 64 64 64 63 63 63 62       670
OCT  62 61 61 61 60 60 59 59 59 58 58 58 57 57 56 56 56 55 55 55 54 54 54 53 53 53 52 52 52 51 51    562
NOV  51 50 50 49 49 49 48 48 48 47 47 47 46 46 46 45 45 45 44 44 43 43 43 42 42 42 41 41 41 40       454
DEC  40 39 39 39 38 38 38 37 37 37 36 36 36 36 35 35 35 34 34 34 34 34 33 33 33 33 33 32 32 32 32    353
                                                                                                        
-------------------------------------------------------------------------------------------------       
 Heating Degree Days                                                                                    
 DAY  1  2  3  4  5  6  7  8  9 10 11 12 13 14 15 16 17 18 19 20 21 22 23 24 25 26 27 28 29 30 31  MONTH
-------------------------------------------------------------------------------------------------       
JAN  33 33 33 34 34 34 34 34 34 34 34 34 34 34 34 34 34 34 34 34 34 34 34 34 34 33 33 33 33 33 33   1045
FEB  33 32 32 32 32 32 31 31 31 31 30 30 30 30 29 29 29 29 28 28 28 27 27 27 26 26 26 25             821
MAR  25 25 24 24 24 23 23 23 22 22 22 21 21 20 20 20 20 19 19 19 18 18 18 17 17 17 16 16 16 15 15    619
APR  15 15 14 14 14 13 13 13 13 12 12 12 11 11 11 11 10 10 10 10  9  9  9  9  9  8  8  8  8  7       328
MAY   7  7  7  7  6  6  6  6  6  5  5  5  5  5  4  4  4  4  4  4  3  3  3  3  3  3  2  2  2  2  2    135
JUN   2  1  1  1  1  1  1  1  0  0  0  0  0  0  0  0  0  0  0  0  0  0  0  0  0  0  0  0  0  0         9
JUL   0  0  0  0  0  0  0  0  0  0  0  0  0  0  0  0  0  0  0  0  0  0  0  0  0  0  0  0  0  0  0      0
AUG   0  0  0  0  0  0  0  0  0  0  0  0  0  0  0  0  0  0  0  0  0  0  0  0  0  0-99-99-99-99-99      5
SEP   0  0  0  1  1  1  1  1  1  1  1  1  1  1  2  2  2  2  2  2  3  3  3  3  4  4  4  4  5  5        61
OCT   5  5  6  6  6  6  7  7  7  8  8  8  9  9  9  9 10 10 10 11 11 11 12 12 12 13 13 13 14 14 14    295
NOV  15 15 15 16 16 16 17 17 17 18 18 18 19 19 19 20 20 20 21 21 22 22 22 23 23 23 24 24 25 25       590
DEC  25 26 26 26 27 27 27 28 28 28 29 29 29 29 30 30 30 31 31 31 31 31 32 32 32 32 32 33 33 33 33    921
                                                                                                        
-------------------------------------------------------------------------------------------------       
 Cooling Degree Days                                                                                    
 DAY  1  2  3  4  5  6  7  8  9 10 11 12 13 14 15 16 17 18 19 20 21 22 23 24 25 26 27 28 29 30 31  MONTH
-------------------------------------------------------------------------------------------------       
JAN   0  0  0  0  0  0  0  0  0  0  0  0  0  0  0  0  0  0  0  0  0  0  0  0  0  0  0  0  0  0  0      0
FEB   0  0  0  0  0  0  0  0  0  0  0  0  0  0  0  0  0  0  0  0  0  0  0  0  0  0  0  0               0
MAR   0  0  0  0  0  0  0  0  0  0  0  0  0  0  0  0  0  0  0  0  0  0  0  0  0  0  0  0  0  0  0      0
APR   0  0  0  0  0  0  0  0  0  0  0  0  0  0  0  0  0  0  0  0  0  0  0  1  1  1  1  1  1  1         7
MAY   1  1  2  2  2  2  2  2  2  2  3  3  3  3  3  3  3  3  3  4  4  4  4  4  4  4  4  5  5  5  5     97
JUN   5  5  5  5  6  6  6  6  6  6  6  6  7  7  7  7  7  7  8  8  8  8  8  8  8  9  9  9  9  9       211
JUL  10 10 10 10 10 10 10 10 11 11 11 11 11 11 11 11 11 11 11 11 11 11 11 11 11 11 11 11 11 11 11    333
AUG  11 11 11 11 11 11 11 10 10 10 10 10 10 10 10 10  9  9  9  9  9  9  8  8  8  8  8  8  7  7  7    290
SEP   7  6  6  6  6  6  5  5  5  5  5  4  4  4  4  4  4  3  3  3  3  3  3  3  3  2  2  2  2  2       120
OCT   2  2  2  2  1  1  1  1  1  1  1  1  1  1  1  1  1  0  0  0  0  0  0  0  0  0  0  0  0  0  0     21
NOV   0  0  0  0  0  0  0  0  0  0  0  0  0  0  0  0  0  0  0  0  0  0  0  0  0  0  0  0  0  0         0
DEC   0  0  0  0  0  0  0  0  0  0  0  0  0  0  0  0  0  0  0  0  0  0  0  0  0  0  0  0  0  0  0      0
                                                                                                        
-------------------------------------------------------------------------------------------------       
 Total  Precipitation (Hundreths of an Inch)                                                            
 DAY  1  2  3  4  5  6  7  8  9 10 11 12 13 14 15 16 17 18 19 20 21 22 23 24 25 26 27 28 29 30 31  MONTH
-------------------------------------------------------------------------------------------------       
JAN  11 11 11 11 11 11 11 11 11 10 10 10 10 10 10 10 10 10 10 10 10 10  9  9  9  9  9  9  9  9  9    310
FEB   9  9  9  9  9  9  9  9  9  9  9 10 10 10 10 10 10 10 10 10 11 11 11 11 11 12 12 12             280
MAR  12 12 13 13 13 13 13 14 14 14 14 14 14 14 14 14 14 14 15 15 15 15 15 15 14 14 14 14 14 14 14    431
APR  14 14 14 14 14 13 13 13 13 13 13 13 13 13 14 14 14 14 14 14 14 14 14 15 15 15 15 15 16 16       420
MAY  16 16 16 17 17 17 17 17 17 17 18 18 18 18 18 18 18 18 17 17 17 17 17 17 17 17 16 16 16 16 15    526
JUN  15 15 15 14 14 14 14 14 13 13 13 13 13 13 13 13 12 12 12 12 12 12 12 12 12 12 12 12 13 13       389
JUL  12 13 13 13 13 13 13 13 13 13 13 13 13 13 14 14 14 14 14 14 14 14 14 14 14 14 14 14 14 14 14    419
AUG  14 14 14 14 14 14 13 13 13 13 13 13 13 13 13 13 13 13 13 13 13 12 12 12 12 12 12 12 12 12 12    399
SEP  12 11 11 11 11 11 11 11 11 11 11 10 10 10 10 10 10 10 10 10 10 10 10  9  9  9  9  9  9  9       305
OCT   9  9  9  9  9  9  9  8  9  9  9  9  9  9  9  9  9  9  9  9  9  9  9 10 10 10 10 10 10 10 11    287
NOV  11 11 11 11 12 12 12 12 12 12 13 13 13 13 13 13 13 13 13 13 13 13 13 14 14 14 14 14 14 14       383
DEC  14 14 14 14 14 13 13 13 13 13 13 13 13 13 13 13 13 13 13 13 13 12 12 12 12 12 12 12 12 12 12    398
                                                                                                        
