-------------------------------------------------------------------------------------------------       
 1971-2000 Daily/Monthly Station Normals                                                                
 Provided by National Climatic Data Center/NESDIS/NOAA                                                  
-------------------------------------------------------------------------------------------------       
 Station COOP ID:                           125815                                                      
 Station Name, State, Division, Call:       MONROEVILLE 1 NW                   IN 03                    
 Latitude, Longitude, Elevation, Elements:  40 59 12 -084 53 01   795   P                               
-------------------------------------------------------------------------------------------------       
 Total  Precipitation (Hundreths of an Inch)                                                            
 DAY  1  2  3  4  5  6  7  8  9 10 11 12 13 14 15 16 17 18 19 20 21 22 23 24 25 26 27 28 29 30 31  MONTH
-------------------------------------------------------------------------------------------------       
JAN   7  7  7  7  7  7  6  6  6  6  6  6  6  6  6  6  6  6  6  6  6  6  6  6  6  6  6  6  6  6  6    192
FEB   6  6  6  5  5  5  5  5  6  6  6  6  6  6  6  6  6  6  6  6  6  6  6  6  6  6  6  6             163
MAR   7  7  7  7  7  7  7  7  7  7  8  8  8  8  8  8  8  8  8  8  8  8  9  9  9  9  9  9  9  9  9    247
APR   9  9 10 10 10 10 10 10 10 10 10 10 10 10 10 10 10 10 11 11 11 11 11 11 11 11 11 11 11 11       310
MAY  11 11 11 11 11 11 11 11 11 11 11 11 11 11 11 11 11 11 11 11 12 12 12 12 12 12 12 12 12 12 12    352
JUN  12 12 12 12 12 12 12 12 12 12 12 12 12 12 12 12 12 12 12 12 12 12 12 12 13 12 12 12 12 12       361
JUL  12 12 12 12 12 12 12 12 12 12 12 12 12 12 12 12 12 12 12 12 12 12 12 12 12 11 11 11 11 11 11    366
AUG  11 11 11 11 11 11 11 11 11 11 11 11 11 11 11 11 11 11 11 11 11 10 10 10 10 10 10 10 10 10 10    331
SEP  10 10 10 10 10 10 10 10 10 10 10 10 10 10 10 10 10  9  9  9  9  9  9  9  9  9  9  9  9  8       286
OCT   8  8  8  8  8  8  8  8  8  8  8  7  7  7  7  7  7  7  8  8  8  8  8  8  8  8  8  8  8  8  8    241
NOV   9  9  9  9  9  9  9  9  9  9  9  9  9  9 10 10 10 10 10 10 10 10  9  9  9  9  9  9  9  9       278
DEC   9  9  9  9  9  9  9  9  8  8  8  8  8  8  8  8  8  8  8  8  8  8  7  7  7  7  7  7  7  7  7    247
                                                                                                        
