-------------------------------------------------------------------------------------------------       
 1971-2000 Daily/Monthly Station Normals                                                                
 Provided by National Climatic Data Center/NESDIS/NOAA                                                  
-------------------------------------------------------------------------------------------------       
 Station COOP ID:                           127522                                                      
 Station Name, State, Division, Call:       ROCKVILLE                          IN 04                    
 Latitude, Longitude, Elevation, Elements:  39 45 37 -087 13 37   690 XNP                               
-------------------------------------------------------------------------------------------------       
 Minimum Temperature (deg F [tenths deg F for monthly])                                                 
 DAY  1  2  3  4  5  6  7  8  9 10 11 12 13 14 15 16 17 18 19 20 21 22 23 24 25 26 27 28 29 30 31  MONTH
-------------------------------------------------------------------------------------------------       
JAN  20 20 20 20 20 20 20 19 19 19 19 19 19 19 19 19 19 19 19 19 19 19 19 19 19 20 20 20 20 20 20    194
FEB  21 21 21 21 22 22 22 22 22 23 23 23 24 24 24 24 25 25 25 26 26 26 26 27 27 27 28 28             241
MAR  28 29 29 29 30 30 31 31 31 32 32 32 32 33 33 33 34 34 34 35 35 35 36 36 36 37 37 37 38 38 38    334
APR  39 39 39 39 40 40 40 41 41 41 42 42 42 43 43 43 43 44 44 44 45 45 45 46 46 46 47 47 47 47       430
MAY  48 48 48 49 49 49 50 50 50 50 51 51 51 52 52 52 53 53 53 54 54 54 55 55 55 56 56 56 56 57 57    524
JUN  57 58 58 58 59 59 59 60 60 60 60 61 61 61 61 62 62 62 62 62 63 63 63 63 63 63 64 64 64 64       612
JUL  64 64 64 65 65 65 65 65 65 65 65 65 65 65 65 65 65 66 66 66 66 66 66 66 66 66 65 65 65 65 65    652
AUG  65 65 65 65 65 65 65 65 65 64 64 64 64 64 64 64 63 63 63 63 63 62 62 62 62 62 61 61 61 61 60    633
SEP  60 60 60 59 59 59 59 58 58 58 57 57 57 56 56 56 55 55 55 54 54 54 53 53 53 52 52 51 51 50       557
OCT  50 50 49 49 48 48 48 47 47 47 46 46 45 45 45 44 44 44 44 43 43 43 42 42 42 42 41 41 41 40 40    447
NOV  40 40 40 39 39 39 38 38 38 38 37 37 37 36 36 36 35 35 35 34 34 34 33 33 33 32 32 31 31 31       357
DEC  30 30 29 29 29 28 28 28 27 27 26 26 26 25 25 25 24 24 24 24 23 23 23 22 22 22 22 21 21 21 21    250
                                                                                                        
-------------------------------------------------------------------------------------------------       
 Maximum Temperature (deg F [tenths deg F for monthly])                                                 
 DAY  1  2  3  4  5  6  7  8  9 10 11 12 13 14 15 16 17 18 19 20 21 22 23 24 25 26 27 28 29 30 31  MONTH
-------------------------------------------------------------------------------------------------       
JAN  36 36 36 36 36 35 35 35 35 35 35 35 35 35 35 35 35 35 35 36 36 36 36 36 36 36 37 37 37 37 37    357
FEB  38 38 38 38 39 39 39 40 40 40 41 41 41 41 42 42 43 43 43 44 44 44 45 45 46 46 46 47             419
MAR  47 48 48 49 49 49 50 50 51 51 51 52 52 53 53 54 54 54 55 55 56 56 56 57 57 58 58 58 59 59 60    535
APR  60 61 61 61 62 62 62 63 63 64 64 64 65 65 66 66 66 67 67 67 68 68 68 69 69 69 70 70 70 71       656
MAY  71 71 72 72 72 73 73 73 74 74 74 75 75 75 75 76 76 76 77 77 77 78 78 78 79 79 79 80 80 80 81    758
JUN  81 81 81 82 82 82 83 83 83 83 84 84 84 84 84 85 85 85 85 85 86 86 86 86 86 86 86 87 87 87       843
JUL  87 87 87 87 87 87 87 87 87 87 87 87 87 88 88 88 88 88 88 87 87 87 87 87 87 87 87 87 87 87 87    872
AUG  87 87 87 86 86 86 86 86 86 86 86 86 86 85 85 85 85 85 85 85 84 84 84 84 84 84 83 83 83 83 83    850
SEP  83 82 82 82 82 82 81 81 81 81 80 80 80 80 79 79 79 79 78 78 78 77 77 77 76 76 76 75 75 74       790
OCT  74 74 73 73 73 72 72 71 71 70 70 70 69 69 68 68 67 67 66 66 66 65 65 64 64 63 63 62 62 61 61    677
NOV  60 60 59 59 58 58 57 57 56 56 55 55 54 54 53 53 52 52 51 51 50 50 49 49 49 48 48 47 47 46       531
DEC  46 45 45 44 44 44 43 43 42 42 42 41 41 41 40 40 40 39 39 39 38 38 38 38 37 37 37 37 37 36 36    403
                                                                                                        
-------------------------------------------------------------------------------------------------       
 Average Temperature (deg F [tenths deg F for monthly])                                                 
 DAY  1  2  3  4  5  6  7  8  9 10 11 12 13 14 15 16 17 18 19 20 21 22 23 24 25 26 27 28 29 30 31  MONTH
-------------------------------------------------------------------------------------------------       
JAN  28 28 28 28 28 28 28 27 27 27 27 27 27 27 27 27 27 27 27 27 27 27 28 28 28 28 28 28 29 29 29    276
FEB  29 29 30 30 30 30 31 31 31 31 32 32 32 33 33 33 34 34 34 35 35 35 36 36 36 37 37 38             330
MAR  38 38 39 39 39 40 40 41 41 41 42 42 42 43 43 44 44 44 45 45 45 46 46 46 47 47 48 48 48 49 49    435
APR  49 50 50 50 51 51 51 52 52 52 53 53 54 54 54 55 55 55 56 56 56 57 57 57 57 58 58 58 59 59       543
MAY  59 60 60 60 61 61 61 62 62 62 62 63 63 63 64 64 64 65 65 65 66 66 66 67 67 67 68 68 68 69 69    641
JUN  69 70 70 70 70 71 71 71 72 72 72 72 73 73 73 73 73 74 74 74 74 74 74 75 75 75 75 75 75 75       728
JUL  76 76 76 76 76 76 76 76 76 76 76 76 76 76 76 76 77 77 77 77 77 77 76 76 76 76 76 76 76 76 76    762
AUG  76 76 76 76 76 76 75 75 75 75 75 75 75 75 75 74 74 74 74 74 74 73 73 73 73 73 72 72 72 72 72    742
SEP  71 71 71 71 71 70 70 70 70 69 69 69 68 68 68 67 67 67 67 66 66 66 65 65 64 64 64 63 63 62       674
OCT  62 62 61 61 60 60 60 59 59 59 58 58 57 57 57 56 56 55 55 55 54 54 53 53 53 52 52 52 51 51 50    562
NOV  50 50 49 49 49 48 48 47 47 47 46 46 46 45 45 44 44 43 43 43 42 42 41 41 41 40 40 39 39 38       444
DEC  38 38 37 37 36 36 36 35 35 34 34 34 33 33 33 32 32 32 31 31 31 31 30 30 30 30 29 29 29 29 29    327
                                                                                                        
-------------------------------------------------------------------------------------------------       
 Heating Degree Days                                                                                    
 DAY  1  2  3  4  5  6  7  8  9 10 11 12 13 14 15 16 17 18 19 20 21 22 23 24 25 26 27 28 29 30 31  MONTH
-------------------------------------------------------------------------------------------------       
JAN  37 37 37 37 37 37 38 38 38 38 38 38 38 38 38 38 38 38 38 38 38 38 37 37 37 37 37 37 37 36 36   1161
FEB  36 36 35 35 35 35 34 34 34 34 33 33 33 32 32 32 31 31 31 30 30 30 29 29 29 28 28 28             897
MAR  27 27 26 26 26 25 25 25 24 24 23 23 23 22 22 22 21 21 20 20 20 19 19 19 18 18 17 17 17 16 16    668
APR  16 15 15 15 14 14 13 13 13 12 12 12 12 11 11 11 10 10 10 10  9  9  9  9  8  8  8  8  7  7       331
MAY   7  7  7  6  6  6  6  6  6  5  5  5  5  5  4  4  4  4  4  4  3  3  3  3  3  3  2  2  2  2  2    134
JUN   2  1  1  1  1  1  1  1  0  0  0  0  0  0  0  0  0  0  0  0  0  0  0  0  0  0  0  0  0  0         9
JUL   0  0  0  0  0  0  0  0  0  0  0  0  0  0  0  0  0  0  0  0  0  0  0  0  0  0  0  0  0  0  0      0
AUG   0  0  0  0  0  0  0  0  0  0-99-99-99-99-99  0  0  0  0  0  0  0  0  0  0  0  0  0  0  0  0      5
SEP   0  0  0  0  0  0  0  0  1  1  1  1  1  1  1  1  1  2  2  2  2  2  3  3  3  3  4  4  4  4        47
OCT   5  5  5  6  6  6  7  7  7  7  8  8  8  9  9  9 10 10 10 11 11 11 12 12 12 13 13 14 14 14 15    294
NOV  15 15 16 16 16 17 17 18 18 18 19 19 19 20 20 21 21 21 22 22 23 23 24 24 24 25 25 26 26 27       617
DEC  27 27 28 28 29 29 30 30 30 31 31 31 32 32 32 33 33 33 34 34 34 34 35 35 35 35 36 36 36 36 37   1003
                                                                                                        
-------------------------------------------------------------------------------------------------       
 Cooling Degree Days                                                                                    
 DAY  1  2  3  4  5  6  7  8  9 10 11 12 13 14 15 16 17 18 19 20 21 22 23 24 25 26 27 28 29 30 31  MONTH
-------------------------------------------------------------------------------------------------       
JAN   0  0  0  0  0  0  0  0  0  0  0  0  0  0  0  0  0  0  0  0  0  0  0  0  0  0  0  0  0  0  0      0
FEB   0  0  0  0  0  0  0  0  0  0  0  0  0  0  0  0  0  0  0  0  0  0  0  0  0  0  0  0               0
MAR   0  0  0  0  0  0  0  0  0  0  0  0  0  0  0  0  0  0  0  0  0  0  0  0  0  0  0  0  0  0  0      0
APR   0  0  0  0  0  0  0  0  0  0  0  0  0  0  0  0  0  0  0  0  0  1  1  1  1  1  1  1  1  1         9
MAY   1  2  2  2  2  2  2  2  2  3  3  3  3  3  3  3  3  4  4  4  4  4  4  5  5  5  5  5  5  5  6    106
JUN   6  6  6  6  6  7  7  7  7  7  7  8  8  8  8  8  8  9  9  9  9  9  9  9 10 10 10 10 10 10       243
JUL  10 10 11 11 11 11 11 11 11 11 11 11 11 11 11 11 12 12 12 12 12 12 12 12 12 11 11 11 11 11 11    348
AUG  11 11 11 11 11 11 11 11 10 10 10 10 10 10 10  9  9  9  9  9  9  9  8  8  8  8  8  7  7  7  7    289
SEP   7  6  6  6  6  5  5  5  5  5  5  4  4  4  4  4  4  3  3  3  3  3  3  3  2  2  2  2  2  2       118
OCT   2  2  2  1  1  1  1  1  1  1  1  1  1  1  1  1  1  1  0  0  0  0  0  0  0  0  0  0  0  0  0     21
NOV   0  0  0  0  0  0  0  0  0  0  0  0  0  0  0  0  0  0  0  0  0  0  0  0  0  0  0  0  0  0         0
DEC   0  0  0  0  0  0  0  0  0  0  0  0  0  0  0  0  0  0  0  0  0  0  0  0  0  0  0  0  0  0  0      0
                                                                                                        
-------------------------------------------------------------------------------------------------       
 Total  Precipitation (Hundreths of an Inch)                                                            
 DAY  1  2  3  4  5  6  7  8  9 10 11 12 13 14 15 16 17 18 19 20 21 22 23 24 25 26 27 28 29 30 31  MONTH
-------------------------------------------------------------------------------------------------       
JAN   9  9  9  9  9  9  9  9  9  9  8  8  8  8  8  8  8  8  8  8  8  8  8  8  8  8  8  7  7  7  7    254
FEB   7  7  7  7  7  7  7  7  7  8  8  8  8  8  8  8  8  8  8  8  9  9  9  9  9  9 10 10             225
MAR  10 10 10 10 11 11 11 11 11 11 12 12 12 12 12 12 12 12 13 13 13 13 13 13 13 13 13 13 13 13 13    371
APR  13 13 13 13 13 13 13 13 13 13 13 13 13 13 14 14 14 14 14 14 14 14 14 14 14 14 15 15 15 15       410
MAY  15 15 15 15 15 15 15 15 15 16 16 16 16 16 16 16 16 16 16 16 16 16 15 15 15 15 15 15 15 15 15    478
JUN  15 15 14 14 14 14 14 14 14 14 14 14 14 14 14 14 14 14 14 14 14 14 14 14 14 14 14 15 15 15       425
JUL  15 15 15 15 15 15 15 16 16 16 16 16 16 16 16 16 16 16 16 16 16 16 16 16 16 16 16 16 16 16 16    489
AUG  16 16 16 16 16 16 15 15 15 15 15 15 15 15 15 15 14 14 14 14 14 14 14 13 13 13 13 13 13 13 12    447
SEP  12 12 12 12 12 11 11 11 11 11 11 11 10 10 10 10 10 10 10 10 10  9  9  9  9  9  9  9  9  9       308
OCT   9  9  9  9  9  9  9  9  9  9  9  9  9  9  9  9 10 10 10 10 10 10 10 11 11 11 11 11 12 12 12    305
NOV  12 13 13 13 13 14 14 14 14 14 14 14 15 15 15 15 15 15 15 15 15 15 15 15 14 14 14 14 14 14       426
DEC  14 13 13 13 13 13 13 12 12 12 12 12 12 12 11 11 11 11 11 11 11 10 10 10 10 10 10 10 10 10  9    352
                                                                                                        
