-------------------------------------------------------------------------------------------------       
 1971-2000 Daily/Monthly Station Normals                                                                
 Provided by National Climatic Data Center/NESDIS/NOAA                                                  
-------------------------------------------------------------------------------------------------       
 Station COOP ID:                           166303                                                      
 Station Name, State, Division, Call:       MONROE RGNL AP                     LA 02 MLU                
 Latitude, Longitude, Elevation, Elements:  32 30 56 -092 02 26   133 XNP                               
-------------------------------------------------------------------------------------------------       
 Minimum Temperature (deg F [tenths deg F for monthly])                                                 
 DAY  1  2  3  4  5  6  7  8  9 10 11 12 13 14 15 16 17 18 19 20 21 22 23 24 25 26 27 28 29 30 31  MONTH
-------------------------------------------------------------------------------------------------       
JAN  36 36 36 36 36 36 35 35 35 35 35 35 35 35 36 36 36 36 36 36 36 36 36 36 36 36 37 37 37 37 37    359
FEB  37 37 38 38 38 38 38 39 39 39 39 39 40 40 40 40 40 41 41 41 41 42 42 42 42 43 43 43             400
MAR  43 44 44 44 45 45 45 45 46 46 46 46 46 47 47 47 47 48 48 48 48 49 49 49 49 49 50 50 50 50 50    471
APR  51 51 51 51 51 52 52 52 52 52 53 53 53 54 54 54 54 55 55 55 55 56 56 56 57 57 57 58 58 58       541
MAY  59 59 59 60 60 60 61 61 61 62 62 62 63 63 63 64 64 64 64 65 65 65 66 66 66 66 67 67 67 67 67    634
JUN  68 68 68 68 68 69 69 69 69 69 70 70 70 70 70 70 71 71 71 71 71 71 71 72 72 72 72 72 72 72       702
JUL  72 72 72 72 72 72 72 73 73 73 73 73 73 73 73 73 73 73 73 73 73 73 73 73 73 73 73 73 73 72 72    727
AUG  73 72 72 72 72 72 72 72 72 72 72 72 72 71 71 71 71 71 71 71 71 71 70 70 70 70 70 70 70 69 69    711
SEP  69 69 69 68 68 68 68 68 67 67 67 66 66 66 66 65 65 65 64 64 63 63 63 62 62 61 61 60 60 60       650
OCT  59 59 58 58 57 57 56 56 55 55 55 54 54 53 53 53 52 52 52 51 51 51 50 50 50 49 49 49 49 48 48    530
NOV  48 48 48 47 47 47 47 46 46 46 46 45 45 45 45 44 44 44 44 44 43 43 43 43 42 42 42 42 41 41       446
DEC  41 41 40 40 40 40 39 39 39 39 39 39 38 38 38 38 38 37 37 37 37 37 37 37 37 36 36 36 36 36 36    380
                                                                                                        
-------------------------------------------------------------------------------------------------       
 Maximum Temperature (deg F [tenths deg F for monthly])                                                 
 DAY  1  2  3  4  5  6  7  8  9 10 11 12 13 14 15 16 17 18 19 20 21 22 23 24 25 26 27 28 29 30 31  MONTH
-------------------------------------------------------------------------------------------------       
JAN  56 56 56 56 56 55 55 55 55 55 55 55 55 55 55 56 56 56 56 56 56 56 56 56 57 57 57 57 58 58 58    560
FEB  58 59 59 59 59 60 60 60 60 61 61 61 62 62 62 62 63 63 63 63 64 64 64 64 65 65 65 65             619
MAR  66 66 66 67 67 67 67 68 68 68 68 69 69 69 69 70 70 70 70 71 71 71 72 72 72 72 73 73 73 73 74    697
APR  74 74 74 75 75 75 76 76 76 76 77 77 77 77 78 78 78 78 79 79 79 79 80 80 80 80 81 81 81 81       777
MAY  82 82 82 82 83 83 83 83 83 84 84 84 84 85 85 85 85 86 86 86 86 87 87 87 87 88 88 88 88 89 89    852
JUN  89 89 90 90 90 90 91 91 91 91 91 92 92 92 92 92 92 93 93 93 93 93 93 93 93 93 93 94 94 94       919
JUL  94 94 94 94 94 94 94 94 94 94 94 94 94 94 94 94 94 94 94 94 94 94 95 95 95 95 95 95 95 95 95    943
AUG  95 95 95 95 95 95 95 95 94 94 94 94 94 94 94 94 94 94 94 94 94 93 93 93 93 93 93 92 92 92 92    938
SEP  92 92 91 91 91 91 91 90 90 90 90 90 89 89 89 89 88 88 88 88 87 87 87 87 86 86 86 85 85 85       886
OCT  85 84 84 84 83 83 83 83 82 82 82 81 81 81 80 80 79 79 79 78 78 78 77 77 76 76 75 75 75 74 74    796
NOV  73 73 72 72 72 71 71 70 70 70 69 69 68 68 68 67 67 67 66 66 66 65 65 65 64 64 64 63 63 63       677
DEC  62 62 62 62 61 61 61 60 60 60 60 60 59 59 59 59 58 58 58 58 58 57 57 57 57 57 57 56 56 56 56    588
                                                                                                        
-------------------------------------------------------------------------------------------------       
 Average Temperature (deg F [tenths deg F for monthly])                                                 
 DAY  1  2  3  4  5  6  7  8  9 10 11 12 13 14 15 16 17 18 19 20 21 22 23 24 25 26 27 28 29 30 31  MONTH
-------------------------------------------------------------------------------------------------       
JAN  46 46 46 46 46 46 45 45 45 45 45 45 45 45 46 46 46 46 46 46 46 46 46 46 47 47 47 47 47 47 48    460
FEB  48 48 48 48 49 49 49 49 50 50 50 50 51 51 51 51 52 52 52 52 53 53 53 53 54 54 54 54             510
MAR  55 55 55 55 56 56 56 56 57 57 57 57 58 58 58 58 59 59 59 59 60 60 60 60 61 61 61 61 62 62 62    584
APR  62 63 63 63 63 63 64 64 64 64 65 65 65 65 66 66 66 66 67 67 67 68 68 68 68 69 69 69 70 70       659
MAY  70 70 71 71 71 72 72 72 72 73 73 73 74 74 74 74 75 75 75 75 76 76 76 76 77 77 77 78 78 78 78    743
JUN  78 79 79 79 79 80 80 80 80 80 81 81 81 81 81 81 82 82 82 82 82 82 82 82 82 83 83 83 83 83       811
JUL  83 83 83 83 83 83 83 83 83 83 83 83 83 83 83 84 84 84 84 84 84 84 84 84 84 84 84 84 84 84 84    835
AUG  84 84 84 84 83 83 83 83 83 83 83 83 83 83 83 83 83 82 82 82 82 82 82 82 82 81 81 81 81 81 81    825
SEP  80 80 80 80 80 79 79 79 79 79 78 78 78 78 77 77 77 76 76 76 75 75 75 74 74 74 73 73 73 72       768
OCT  72 71 71 71 70 70 70 69 69 68 68 68 67 67 67 66 66 66 65 65 64 64 64 63 63 63 62 62 62 61 61    663
NOV  61 60 60 60 59 59 59 58 58 58 58 57 57 57 56 56 56 55 55 55 55 54 54 54 53 53 53 52 52 52       562
DEC  52 51 51 51 51 50 50 50 50 49 49 49 49 49 48 48 48 48 48 47 47 47 47 47 47 47 46 46 46 46 46    484
                                                                                                        
-------------------------------------------------------------------------------------------------       
 Heating Degree Days                                                                                    
 DAY  1  2  3  4  5  6  7  8  9 10 11 12 13 14 15 16 17 18 19 20 21 22 23 24 25 26 27 28 29 30 31  MONTH
-------------------------------------------------------------------------------------------------       
JAN  19 19 19 20 20 20 20 20 20 20 20 20 20 20 20 20 20 19 19 19 19 19 19 19 19 18 18 18 18 18 18    597
FEB  17 17 17 17 17 16 16 16 16 15 15 15 15 14 14 14 14 13 13 13 13 13 12 12 12 12 11 11             400
MAR  11 11 10 10 10 10  9  9  9  9  8  8  8  8  8  7  7  7  7  7  6  6  6  6  6  5  5  5  5  5  5    233
APR   4  4  4  4  4  4  4  3  3  3  3  3  3  3  2  2  2  2  2  2  2  2  2  1  1  1  1  1  1  1        74
MAY   1  1  1  1  1  1  1  1  0  0  0  0  0  0  0  0  0  0  0  0  0  0  0  0  0  0  0  0  0  0  0      8
JUN   0  0  0  0  0  0  0  0  0  0  0  0  0  0  0  0  0  0  0  0  0  0  0  0  0  0  0  0  0  0         0
JUL   0  0  0  0  0  0  0  0  0  0  0  0  0  0  0  0  0  0  0  0  0  0  0  0  0  0  0  0  0  0  0      0
AUG   0  0  0  0  0  0  0  0  0  0  0  0  0  0  0  0  0  0  0  0  0  0  0  0  0  0  0  0  0  0  0      0
SEP   0  0  0  0  0  0  0  0  0  0  0  0  0  0  0  0  0  0  0  0  0  0  0  0  0  0  0-99-99-99         3
OCT   0  0  0  1  1  1  1  1  1  1  1  1  1  2  2  2  2  2  2  3  3  3  3  3  4  4  4  4  5  5  5     68
NOV   5  6  6  6  7  7  7  7  8  8  8  8  9  9  9 10 10 10 10 11 11 11 11 12 12 12 13 13 13 13       282
DEC  14 14 14 15 15 15 15 15 16 16 16 16 17 17 17 17 17 18 18 18 18 18 18 18 19 19 19 19 19 19 19    525
                                                                                                        
-------------------------------------------------------------------------------------------------       
 Cooling Degree Days                                                                                    
 DAY  1  2  3  4  5  6  7  8  9 10 11 12 13 14 15 16 17 18 19 20 21 22 23 24 25 26 27 28 29 30 31  MONTH
-------------------------------------------------------------------------------------------------       
JAN   0  0  0  0  0  0  0  0  0  0  0  0  0  0  0  0  0  0  0  0  0  0  0  0  0  0  0  0  0  0  0      0
FEB   0  0  0  0  0  0  0  0  0  0  0  0  0  0  0  0  0  0  0  0  0  0-99-99-99-99-99-99               6
MAR   0  0  0  0  1  1  1  1  1  1  1  1  1  1  1  1  1  1  1  1  1  1  1  1  1  1  1  1  1  1  2     28
APR   2  2  2  2  2  2  2  2  2  2  2  3  3  3  3  3  3  3  4  4  4  4  4  5  5  5  5  5  6  6       100
MAY   6  6  7  7  7  7  7  8  8  8  8  9  9  9  9 10 10 10 10 10 11 11 11 11 12 12 12 12 13 13 13    296
JUN  13 14 14 14 14 15 15 15 15 15 15 16 16 16 16 16 16 17 17 17 17 17 17 17 17 18 18 18 18 18       481
JUL  18 18 18 18 18 18 18 18 18 18 18 18 18 18 19 19 19 19 19 19 19 19 19 19 19 19 19 19 19 19 18    574
AUG  19 19 19 18 18 18 18 18 18 18 18 18 18 18 18 18 17 17 17 17 17 17 17 17 17 16 16 16 16 16 16    540
SEP  15 15 15 15 15 14 14 14 14 14 13 13 13 13 12 12 12 11 11 11 11 10 10 10  9  9  9  8  8  8       358
OCT   7  7  7  6  6  6  5  5  5  5  4  4  4  4  3  3  3  3  3  2  2  2  2  2  2  1  1  1  1  1  1    108
NOV   1  1  1  1  1  1  1  1  1  1  1  1  1  1  1  1  0  0  0  0  0  0  0  0  0  0  0  0  0  0        16
DEC   0  0  0  0-99-99-99-99-99-99-99-99-99-99  0  0  0  0  0  0  0  0  0  0  0  0  0  0  0  0  0     10
                                                                                                        
-------------------------------------------------------------------------------------------------       
 Total  Precipitation (Hundreths of an Inch)                                                            
 DAY  1  2  3  4  5  6  7  8  9 10 11 12 13 14 15 16 17 18 19 20 21 22 23 24 25 26 27 28 29 30 31  MONTH
-------------------------------------------------------------------------------------------------       
JAN  18 18 18 18 18 18 18 18 18 18 18 18 18 18 18 18 18 18 18 18 18 17 17 17 17 17 17 17 17 16 16    546
FEB  16 16 16 16 16 15 15 15 15 15 15 15 15 15 15 15 15 15 15 15 16 16 16 16 16 16 16 17             434
MAR  17 17 17 17 18 18 18 18 18 18 18 18 18 18 18 18 19 18 18 18 18 18 18 18 18 18 18 18 18 17 17    553
APR  17 17 17 16 16 16 16 16 16 16 16 16 15 15 15 15 15 15 15 16 16 16 16 16 16 16 16 16 16 17       477
MAY  17 17 17 17 17 17 18 18 18 18 18 18 18 18 18 18 18 18 18 18 18 18 18 18 18 18 17 17 17 17 17    547
JUN  17 17 17 16 16 16 16 16 16 16 15 15 15 15 15 15 15 15 14 14 14 14 14 14 14 14 13 13 13 13       447
JUL  13 13 13 13 12 12 12 12 12 12 12 12 12 11 11 11 11 11 11 11 11 11 11 10 10 10 10 10 10 10 10    350
AUG  10  9  9  9  9  9  9  9  9  9  9  9  9  9  9  9  9  9  9  9  9  9  9  9  9  9  9 10 10 10 10    284
SEP  10 10 10 10 10 11 11 11 11 11 11 11 11 11 11 11 11 11 12 12 12 12 12 12 12 12 12 12 12 12       337
OCT  12 12 12 12 12 12 12 12 12 12 12 12 12 12 13 13 13 13 13 13 13 13 13 13 13 13 13 13 13 14 14    391
NOV  14 14 14 14 14 14 14 14 14 14 14 15 15 15 15 15 15 15 15 15 15 15 15 15 16 16 16 16 16 16       445
DEC  16 16 16 16 16 16 16 16 16 16 17 17 17 17 17 17 17 17 17 17 17 17 17 17 17 18 18 18 18 18 18    523
                                                                                                        
