-------------------------------------------------------------------------------------------------       
 1971-2000 Daily/Monthly Station Normals                                                                
 Provided by National Climatic Data Center/NESDIS/NOAA                                                  
-------------------------------------------------------------------------------------------------       
 Station COOP ID:                           165065                                                      
 Station Name, State, Division, Call:       LAKE ARTHUR 10 SW                  LA 07                    
 Latitude, Longitude, Elevation, Elements:  30 00 00 -092 48 00    10 XNP                               
-------------------------------------------------------------------------------------------------       
 Minimum Temperature (deg F [tenths deg F for monthly])                                                 
 DAY  1  2  3  4  5  6  7  8  9 10 11 12 13 14 15 16 17 18 19 20 21 22 23 24 25 26 27 28 29 30 31  MONTH
-------------------------------------------------------------------------------------------------       
JAN  41 41 41 41 41 40 40 40 40 40 40 40 40 40 40 40 40 40 40 40 40 40 40 40 40 40 40 41 41 41 41    403
FEB  41 41 41 41 41 42 42 42 42 42 43 43 43 43 43 44 44 44 45 45 45 45 46 46 46 47 47 47             436
MAR  48 48 48 49 49 49 50 50 50 51 51 51 52 52 52 52 53 53 53 53 54 54 54 54 54 55 55 55 55 55 56    521
APR  56 56 56 56 56 57 57 57 57 57 58 58 58 58 58 59 59 59 59 60 60 60 61 61 61 61 62 62 62 63       588
MAY  63 63 64 64 64 65 65 65 66 66 66 66 67 67 67 68 68 68 68 68 69 69 69 69 70 70 70 70 70 71 71    673
JUN  71 71 71 71 72 72 72 72 72 72 73 73 73 73 73 73 73 73 73 74 74 74 74 74 74 74 74 74 74 74       729
JUL  74 74 74 74 74 74 74 74 75 75 75 75 75 75 75 75 75 75 75 75 75 75 75 75 74 74 74 74 74 74 74    745
AUG  74 74 74 74 74 74 74 74 74 74 74 74 74 73 73 73 73 73 73 73 73 73 73 73 72 72 72 72 72 72 72    732
SEP  72 71 71 71 71 71 71 71 70 70 70 70 69 69 69 69 69 68 68 68 67 67 67 67 66 66 66 65 65 64       686
OCT  64 64 63 63 63 62 62 62 61 61 61 60 60 60 59 59 59 58 58 57 57 57 56 56 56 55 55 55 55 54 54    589
NOV  54 53 53 53 52 52 52 51 51 51 51 50 50 50 49 49 49 49 48 48 48 48 48 47 47 47 47 46 46 46       495
DEC  46 46 45 45 45 45 45 44 44 44 44 44 44 43 43 43 43 43 43 42 42 42 42 42 42 42 42 41 41 41 41    432
                                                                                                        
-------------------------------------------------------------------------------------------------       
 Maximum Temperature (deg F [tenths deg F for monthly])                                                 
 DAY  1  2  3  4  5  6  7  8  9 10 11 12 13 14 15 16 17 18 19 20 21 22 23 24 25 26 27 28 29 30 31  MONTH
-------------------------------------------------------------------------------------------------       
JAN  58 58 58 58 58 58 58 58 58 58 58 58 58 58 58 58 58 58 58 58 58 58 58 58 58 58 58 58 59 59 59    581
FEB  59 59 59 60 60 60 60 60 60 61 61 61 61 61 62 62 62 62 63 63 63 63 64 64 64 64 65 65             617
MAR  65 66 66 66 67 67 67 67 68 68 68 68 69 69 69 69 70 70 70 70 71 71 71 71 71 71 72 72 72 72 72    692
APR  72 73 73 73 73 73 74 74 74 74 74 74 75 75 75 75 75 76 76 76 76 77 77 77 77 78 78 78 78 79       753
MAY  79 79 79 80 80 80 80 81 81 81 81 82 82 82 82 83 83 83 83 83 84 84 84 84 85 85 85 85 86 86 86    825
JUN  86 87 87 87 87 87 88 88 88 88 88 88 89 89 89 89 89 89 89 89 90 90 90 90 90 90 90 90 90 90       887
JUL  90 90 90 90 90 90 91 91 91 91 91 91 91 91 91 91 91 91 91 91 91 91 91 91 91 91 91 91 91 91 91    908
AUG  91 91 91 91 91 91 92 92 92 91 91 91 91 91 91 91 91 91 91 91 91 91 91 91 91 91 91 91 91 91 91    911
SEP  90 90 90 90 90 90 90 90 89 89 89 89 89 89 88 88 88 88 88 87 87 87 87 86 86 86 85 85 85 85       880
OCT  84 84 84 83 83 83 83 82 82 82 81 81 81 80 80 80 79 79 79 79 78 78 78 77 77 77 77 76 76 76 75    798
NOV  75 75 75 74 74 74 73 73 73 72 72 72 71 71 71 70 70 70 69 69 69 68 68 68 67 67 67 66 66 66       705
DEC  65 65 65 64 64 64 63 63 63 62 62 62 62 61 61 61 61 60 60 60 60 60 59 59 59 59 59 59 59 58 58    612
                                                                                                        
-------------------------------------------------------------------------------------------------       
 Average Temperature (deg F [tenths deg F for monthly])                                                 
 DAY  1  2  3  4  5  6  7  8  9 10 11 12 13 14 15 16 17 18 19 20 21 22 23 24 25 26 27 28 29 30 31  MONTH
-------------------------------------------------------------------------------------------------       
JAN  50 50 49 49 49 49 49 49 49 49 49 49 49 49 49 49 49 49 49 49 49 49 49 49 49 49 49 50 50 50 50    492
FEB  50 50 50 50 51 51 51 51 51 52 52 52 52 52 53 53 53 53 54 54 54 54 55 55 55 56 56 56             527
MAR  57 57 57 58 58 58 58 59 59 59 60 60 60 60 61 61 61 61 62 62 62 62 63 63 63 63 63 63 64 64 64    607
APR  64 64 64 65 65 65 65 65 66 66 66 66 66 67 67 67 67 68 68 68 68 68 69 69 69 70 70 70 70 71       671
MAY  71 71 72 72 72 72 73 73 73 73 74 74 74 75 75 75 75 76 76 76 76 76 77 77 77 77 78 78 78 78 78    749
JUN  79 79 79 79 79 80 80 80 80 80 80 81 81 81 81 81 81 81 81 81 82 82 82 82 82 82 82 82 82 82       808
JUL  82 82 82 82 82 82 82 82 83 83 83 83 83 83 83 83 83 83 83 83 83 83 83 83 83 83 83 83 83 83 83    827
AUG  83 83 83 83 83 83 83 83 83 83 83 82 82 82 82 82 82 82 82 82 82 82 82 82 82 82 81 81 81 81 81    822
SEP  81 81 81 81 80 80 80 80 80 80 79 79 79 79 79 78 78 78 78 78 77 77 77 76 76 76 76 75 75 75       783
OCT  74 74 74 73 73 73 72 72 72 71 71 71 70 70 70 69 69 69 68 68 68 67 67 67 66 66 66 66 65 65 65    694
NOV  64 64 64 63 63 63 63 62 62 62 61 61 61 60 60 60 60 59 59 59 58 58 58 57 57 57 57 56 56 56       600
DEC  56 55 55 55 54 54 54 54 53 53 53 53 53 52 52 52 52 52 51 51 51 51 51 51 50 50 50 50 50 50 50    522
                                                                                                        
-------------------------------------------------------------------------------------------------       
 Heating Degree Days                                                                                    
 DAY  1  2  3  4  5  6  7  8  9 10 11 12 13 14 15 16 17 18 19 20 21 22 23 24 25 26 27 28 29 30 31  MONTH
-------------------------------------------------------------------------------------------------       
JAN  16 16 16 16 16 16 16 16 16 17 17 17 17 17 17 17 17 17 17 16 16 16 16 16 16 16 16 16 16 16 15    505
FEB  15 15 15 15 15 15 14 14 14 14 14 13 13 13 13 13 12 12 12 12 11 11 11 11 10 10 10  9             356
MAR   9  9  8  8  8  8  7  7  7  7  6  6  6  6  6  5  5  5  5  5  4  4  4  4  4  4  3  3  3  3  3    172
APR   3  3  3  3  2  2  2  2  2  2  2  2  2  2  2  1  1  1  1  1  1  1  1  1  1  1  1  1  1  1        49
MAY   1  1  0  0  0  0  0  0  0  0  0  0  0  0  0  0  0  0  0  0  0  0  0  0  0  0  0  0  0  0  0      2
JUN   0  0  0  0  0  0  0  0  0  0  0  0  0  0  0  0  0  0  0  0  0  0  0  0  0  0  0  0  0  0         0
JUL   0  0  0  0  0  0  0  0  0  0  0  0  0  0  0  0  0  0  0  0  0  0  0  0  0  0  0  0  0  0  0      0
AUG   0  0  0  0  0  0  0  0  0  0  0  0  0  0  0  0  0  0  0  0  0  0  0  0  0  0  0  0  0  0  0      0
SEP   0  0  0  0  0  0  0  0  0  0  0  0  0  0  0  0  0  0  0  0  0  0  0  0  0  0  0  0  0  0         0
OCT   0  0  0  0  0  0  0  0  0  0  0  0  1  1  1  1  1  1  1  1  1  2  2  2  2  2  3  3  3  3  3     34
NOV   3  4  4  4  4  5  5  5  5  6  6  6  6  6  7  7  7  7  8  8  8  8  9  9  9  9  9 10 10 10       204
DEC  10 11 11 11 11 12 12 12 12 12 13 13 13 13 13 13 14 14 14 14 14 14 15 15 15 15 15 15 15 16 16    413
                                                                                                        
-------------------------------------------------------------------------------------------------       
 Cooling Degree Days                                                                                    
 DAY  1  2  3  4  5  6  7  8  9 10 11 12 13 14 15 16 17 18 19 20 21 22 23 24 25 26 27 28 29 30 31  MONTH
-------------------------------------------------------------------------------------------------       
JAN -99-99-99-99  0  0  0  0  0  0  0  0  0  0  0  0  0  0  0  0  0  0  0  0  0  0  0  0  0  0  0      4
FEB   0  0  0  0  0  0  0  0  0  0  0  0  0  0  0  0  0  0  1  1  1  1  1  1  1  1  1  1              10
MAR   1  1  1  1  1  1  1  1  1  1  1  1  1  1  1  1  1  1  1  1  1  1  1  1  1  2  2  2  2  2  2     37
APR   2  2  2  2  2  2  2  3  3  3  3  3  3  3  3  4  4  4  4  4  4  5  5  5  5  5  6  6  6  6       111
MAY   7  7  7  7  7  8  8  8  8  9  9  9  9 10 10 10 10 10 11 11 11 11 12 12 12 12 12 13 13 13 13    309
JUN  14 14 14 14 14 15 15 15 15 15 15 15 16 16 16 16 16 16 16 17 17 17 17 17 17 17 17 17 17 17       474
JUL  17 17 17 17 17 17 17 17 17 17 17 18 18 18 18 18 18 18 18 18 18 18 18 18 18 18 18 18 18 18 18    547
AUG  18 18 18 18 18 18 18 18 18 17 17 17 17 17 17 17 17 17 17 17 17 17 17 17 17 17 16 16 16 16 16    531
SEP  16 16 16 16 15 15 15 15 15 15 14 14 14 14 14 13 13 13 13 13 12 12 12 11 11 11 11 10 10 10       399
OCT   9  9  9  8  8  8  7  7  7  6  6  6  6  6  5  5  5  5  4  4  4  4  4  4  4  3  3  3  3  3  3    168
NOV   3  3  3  3  2  2  2  2  2  2  2  2  2  2  2  2  2  2  2  2  1  1  1  1  1  1  1  1  1  1        54
DEC   1  1  1  1  1  1  1  1  1  1  1  1  1  1  1  1  1  0  0  0  0  0  0  0  0  0  0  0  0  0  0     17
                                                                                                        
-------------------------------------------------------------------------------------------------       
 Total  Precipitation (Hundreths of an Inch)                                                            
 DAY  1  2  3  4  5  6  7  8  9 10 11 12 13 14 15 16 17 18 19 20 21 22 23 24 25 26 27 28 29 30 31  MONTH
-------------------------------------------------------------------------------------------------       
JAN  16 16 15 15 15 15 15 15 15 15 15 15 15 15 15 15 15 15 15 15 15 15 15 15 15 15 15 15 16 16 16    470
FEB  16 16 16 16 16 16 16 16 16 16 16 16 15 15 15 15 15 15 15 15 14 14 14 14 14 13 13 13             421
MAR  13 12 12 12 12 12 11 11 11 11 11 11 11 10 10 10 10 10 10 10 10 10 10 10 10 11 11 11 11 11 11    336
APR  11 12 12 12 12 12 13 13 13 13 13 13 14 14 14 14 14 15 15 15 15 16 16 16 16 16 17 17 17 17       427
MAY  17 18 18 18 18 18 19 19 19 19 19 19 19 19 19 20 20 20 20 20 20 20 20 20 20 20 20 20 20 19 19    596
JUN  19 19 19 19 19 19 19 19 19 19 18 18 18 18 18 18 18 18 17 17 17 17 17 17 16 16 16 16 16 16       532
JUL  15 15 15 15 15 15 15 15 15 15 14 14 14 14 14 14 14 15 15 15 15 15 15 15 15 15 16 16 16 16 16    463
AUG  17 17 17 17 17 18 18 18 18 18 18 18 18 19 19 19 19 19 19 19 19 19 19 19 19 19 19 19 18 18 18    568
SEP  18 18 18 18 18 18 17 17 17 17 17 17 16 16 16 16 16 15 15 15 15 15 14 14 14 14 13 13 13 12       472
OCT  12 12 12 12 11 11 11 11 11 11 11 11 11 11 11 11 11 11 12 12 12 12 12 13 13 13 14 14 14 15 15    373
NOV  16 16 17 17 17 18 18 19 19 19 19 20 20 20 20 20 20 20 21 21 21 21 21 21 20 20 20 20 20 20       581
DEC  20 19 19 19 19 19 19 18 18 18 18 18 18 17 17 17 17 17 17 17 16 16 16 16 16 16 16 16 16 16 16    537
                                                                                                        
