-------------------------------------------------------------------------------------------------       
 1971-2000 Daily/Monthly Station Normals                                                                
 Provided by National Climatic Data Center/NESDIS/NOAA                                                  
-------------------------------------------------------------------------------------------------       
 Station COOP ID:                           166668                                                      
 Station Name, State, Division, Call:       NEW ORLEANS EASTOVER               LA 09                    
 Latitude, Longitude, Elevation, Elements:  30 03 00 -089 57 00    -5   P                               
-------------------------------------------------------------------------------------------------       
 Total  Precipitation (Hundreths of an Inch)                                                            
 DAY  1  2  3  4  5  6  7  8  9 10 11 12 13 14 15 16 17 18 19 20 21 22 23 24 25 26 27 28 29 30 31  MONTH
-------------------------------------------------------------------------------------------------       
JAN  14 14 14 14 14 14 15 15 15 15 15 15 15 15 15 15 15 15 15 15 16 16 16 16 16 16 16 16 16 16 16    470
FEB  16 17 17 17 17 17 17 17 17 17 17 17 17 17 17 17 17 17 17 17 17 17 17 17 16 16 16 16             471
MAR  16 16 16 16 16 16 15 15 15 15 15 15 15 15 15 15 14 14 14 14 14 14 14 14 14 14 13 13 13 13 13    451
APR  13 13 13 13 13 13 13 13 13 13 13 13 13 13 13 13 13 13 13 13 14 14 14 14 14 14 15 15 15 15       404
MAY  16 16 16 17 17 17 17 17 17 17 18 18 18 18 18 18 18 18 18 17 17 17 17 17 17 17 16 16 16 16 15    527
JUN  15 15 14 14 14 14 13 13 13 13 13 13 13 13 13 12 12 12 12 13 13 13 13 13 13 13 13 14 14 14       397
JUL  14 14 15 15 15 15 15 16 16 16 16 16 16 16 16 16 16 16 16 16 16 16 16 16 16 16 16 16 16 15 15    485
AUG  15 15 15 15 14 14 14 14 14 14 14 14 14 14 14 14 14 14 14 14 14 14 15 15 15 15 15 15 16 16 16    450
SEP  16 17 17 17 17 17 17 18 18 18 18 18 17 17 17 17 17 17 17 16 16 16 15 15 15 14 14 13 13 12       486
OCT  12 11 11 10 10 10  9  9  9  8  8  8  8  8  8  7  7  7  7  7  8  8  8  8  8  9  9  9  9 10 10    270
NOV  11 11 11 12 12 13 13 13 14 14 14 14 15 15 15 15 15 15 15 15 16 16 16 16 16 16 15 15 15 15       428
DEC  15 15 15 14 14 14 14 14 14 14 14 14 14 14 14 14 14 14 14 14 14 14 14 14 14 14 14 14 14 14 14    437
                                                                                                        
