-------------------------------------------------------------------------------------------------       
 1971-2000 Daily/Monthly Station Normals                                                                
 Provided by National Climatic Data Center/NESDIS/NOAA                                                  
-------------------------------------------------------------------------------------------------       
 Station COOP ID:                           161891                                                      
 Station Name, State, Division, Call:       CLINTON 4 ENE                      LA 06                    
 Latitude, Longitude, Elevation, Elements:  30 53 00 -090 57 00   250   P                               
-------------------------------------------------------------------------------------------------       
 Total  Precipitation (Hundreths of an Inch)                                                            
 DAY  1  2  3  4  5  6  7  8  9 10 11 12 13 14 15 16 17 18 19 20 21 22 23 24 25 26 27 28 29 30 31  MONTH
-------------------------------------------------------------------------------------------------       
JAN  21 22 22 22 22 23 23 23 23 23 23 23 24 24 24 24 24 24 23 23 23 23 23 23 23 22 22 22 22 22 21    706
FEB  21 21 20 20 20 20 19 19 19 19 18 18 18 18 18 18 18 18 18 17 17 17 17 17 17 17 17 17             513
MAR  17 17 18 18 18 18 18 18 18 18 18 18 18 18 18 18 18 18 18 18 18 18 19 19 19 19 19 19 19 19 19    565
APR  19 19 19 19 19 19 19 19 19 19 19 19 19 19 19 20 20 20 20 20 20 20 20 20 20 20 20 20 20 20       585
MAY  20 20 20 20 20 20 20 20 20 20 20 20 20 20 20 20 20 20 20 20 20 19 19 19 19 19 19 19 19 18 18    608
JUN  18 18 18 18 17 17 17 17 17 17 17 17 17 17 16 16 16 16 16 16 16 16 16 16 17 17 17 17 17 17       504
JUL  17 17 17 17 17 17 17 17 18 18 18 18 18 18 18 18 17 17 17 17 17 17 17 17 17 17 17 17 17 16 16    533
AUG  16 16 16 16 16 16 15 15 15 15 15 15 15 15 15 15 15 15 15 15 15 15 15 15 15 16 16 16 16 16 16    477
SEP  16 16 17 17 17 17 17 17 17 17 17 17 17 17 17 16 16 16 16 16 16 15 15 15 15 14 14 14 14 13       478
OCT  13 13 12 12 12 11 11 11 11 11 11 10 10 10 10 10 10 10 10 10 11 11 11 11 11 12 12 12 12 13 13    347
NOV  13 14 14 14 15 15 15 16 16 16 16 17 17 17 17 17 17 18 18 18 18 18 18 18 18 18 18 18 18 18       500
DEC  18 18 18 18 17 17 17 17 18 18 18 18 18 18 18 18 18 18 18 19 19 19 19 19 20 20 20 20 21 21 21    576
                                                                                                        
