-------------------------------------------------------------------------------------------------       
 1971-2000 Daily/Monthly Station Normals                                                                
 Provided by National Climatic Data Center/NESDIS/NOAA                                                  
-------------------------------------------------------------------------------------------------       
 Station COOP ID:                           162350                                                      
 Station Name, State, Division, Call:       DENHAM SPRINGS                     LA 06                    
 Latitude, Longitude, Elevation, Elements:  30 28 00 -090 58 00    35   P                               
-------------------------------------------------------------------------------------------------       
 Total  Precipitation (Hundreths of an Inch)                                                            
 DAY  1  2  3  4  5  6  7  8  9 10 11 12 13 14 15 16 17 18 19 20 21 22 23 24 25 26 27 28 29 30 31  MONTH
-------------------------------------------------------------------------------------------------       
JAN  17 18 18 18 18 18 18 18 18 18 19 19 19 19 19 19 19 19 19 19 19 19 19 19 19 19 19 19 19 19 19    578
FEB  19 19 19 19 19 19 19 19 19 19 19 19 19 19 19 19 19 18 18 18 18 18 18 18 18 18 18 18             521
MAR  19 19 19 19 19 18 18 18 18 18 18 18 18 18 18 18 18 18 18 18 18 18 18 18 18 18 18 18 18 18 18    563
APR  18 18 18 18 18 18 18 18 18 18 18 18 18 18 18 18 18 18 18 18 18 18 18 18 18 18 18 18 18 18       540
MAY  18 18 18 17 17 17 17 17 17 17 17 17 17 17 17 17 17 17 17 17 17 17 17 17 17 17 17 17 17 17 18    531
JUN  17 17 17 17 17 17 17 17 17 18 18 18 18 18 18 18 18 18 18 18 18 18 18 18 18 18 18 18 18 18       531
JUL  18 18 18 18 18 18 18 18 18 18 18 18 18 18 18 18 19 19 19 19 19 19 20 20 20 20 21 21 21 22 22    589
AUG  22 23 23 23 23 23 24 24 24 24 24 24 24 24 24 24 24 24 23 23 23 23 22 22 22 21 21 21 20 20 19    705
SEP  19 18 18 17 17 17 16 16 16 15 15 15 14 14 14 13 13 13 13 13 13 12 12 12 12 12 12 12 12 12       427
OCT  12 12 12 12 12 12 13 13 13 13 13 13 13 13 13 13 13 13 13 13 14 14 14 14 14 14 14 14 14 14 14    408
NOV  14 15 15 15 15 15 15 15 15 15 15 15 15 15 15 15 16 16 16 16 16 16 16 16 16 16 16 16 16 16       463
DEC  16 16 16 16 15 15 15 16 16 16 16 16 16 16 16 16 16 16 16 16 16 16 16 16 16 17 17 17 17 17 17    499
                                                                                                        
