-------------------------------------------------------------------------------------------------       
 1971-2000 Daily/Monthly Station Normals                                                                
 Provided by National Climatic Data Center/NESDIS/NOAA                                                  
-------------------------------------------------------------------------------------------------       
 Station COOP ID:                           168163                                                      
 Station Name, State, Division, Call:       ST JOSEPH 3 N                      LA 03                    
 Latitude, Longitude, Elevation, Elements:  31 57 00 -091 14 00    78 XNP                               
-------------------------------------------------------------------------------------------------       
 Minimum Temperature (deg F [tenths deg F for monthly])                                                 
 DAY  1  2  3  4  5  6  7  8  9 10 11 12 13 14 15 16 17 18 19 20 21 22 23 24 25 26 27 28 29 30 31  MONTH
-------------------------------------------------------------------------------------------------       
JAN  37 37 37 37 37 37 37 36 36 36 36 36 36 36 36 36 36 36 36 37 37 37 37 37 37 37 37 37 37 37 37    366
FEB  37 37 38 38 38 38 38 38 39 39 39 39 39 39 40 40 40 40 41 41 41 41 42 42 42 42 43 43             398
MAR  43 44 44 44 45 45 45 45 46 46 46 47 47 47 47 48 48 48 48 48 49 49 49 49 50 50 50 50 50 51 51    474
APR  51 51 51 51 52 52 52 52 53 53 53 53 53 54 54 54 55 55 55 55 56 56 56 57 57 57 57 58 58 58       543
MAY  59 59 59 60 60 60 61 61 61 62 62 62 63 63 63 63 64 64 64 65 65 65 65 66 66 66 66 67 67 67 67    633
JUN  67 68 68 68 68 68 69 69 69 69 69 69 70 70 70 70 70 70 71 71 71 71 71 71 71 71 72 72 72 72       699
JUL  72 72 72 72 72 72 72 72 73 73 73 73 73 73 73 73 73 73 73 73 73 73 73 73 73 73 73 73 73 73 72    727
AUG  73 72 72 72 72 72 72 72 72 72 72 72 72 71 71 71 71 71 71 71 71 71 71 70 70 70 70 70 70 70 70    712
SEP  69 69 69 69 69 69 68 68 68 68 67 67 67 67 66 66 66 65 65 64 64 64 63 63 62 62 62 61 61 60       656
OCT  60 59 59 58 58 57 57 56 56 56 55 55 55 54 54 53 53 53 52 52 52 52 51 51 51 50 50 50 50 50 49    538
NOV  49 49 49 49 48 48 48 48 48 47 47 47 47 46 46 46 46 45 45 45 45 45 44 44 44 44 43 43 43 42       460
DEC  42 42 42 41 41 41 41 40 40 40 40 40 39 39 39 39 39 39 38 38 38 38 38 38 38 37 37 37 37 37 37    391
                                                                                                        
-------------------------------------------------------------------------------------------------       
 Maximum Temperature (deg F [tenths deg F for monthly])                                                 
 DAY  1  2  3  4  5  6  7  8  9 10 11 12 13 14 15 16 17 18 19 20 21 22 23 24 25 26 27 28 29 30 31  MONTH
-------------------------------------------------------------------------------------------------       
JAN  56 56 56 56 56 56 56 56 56 56 56 56 56 56 56 56 56 56 56 56 56 56 56 56 56 57 57 57 57 57 57    562
FEB  58 58 58 58 58 59 59 59 59 60 60 60 60 61 61 61 61 62 62 62 62 63 63 63 63 64 64 64             608
MAR  65 65 65 66 66 66 66 67 67 67 68 68 68 68 69 69 69 70 70 70 70 71 71 71 71 72 72 72 72 72 73    689
APR  73 73 73 74 74 74 74 74 75 75 75 75 76 76 76 76 77 77 77 77 78 78 78 78 79 79 79 79 80 80       763
MAY  80 80 81 81 81 81 82 82 82 82 83 83 83 83 84 84 84 84 85 85 85 85 86 86 86 86 86 87 87 87 87    838
JUN  88 88 88 88 88 89 89 89 89 89 90 90 90 90 90 90 90 91 91 91 91 91 91 91 91 92 92 92 92 92       901
JUL  92 92 92 92 92 92 92 92 92 92 92 92 93 93 93 93 93 93 93 93 93 93 93 93 93 93 93 93 93 93 93    926
AUG  93 93 93 93 93 93 93 93 93 93 93 93 93 93 92 92 92 92 92 92 92 92 92 92 92 92 91 91 91 91 91    923
SEP  91 91 90 90 90 90 90 90 89 89 89 89 89 88 88 88 88 88 87 87 87 87 86 86 86 85 85 85 85 84       879
OCT  84 84 83 83 83 82 82 82 81 81 81 80 80 80 79 79 79 78 78 78 77 77 77 76 76 76 75 75 75 74 74    790
NOV  73 73 73 72 72 72 71 71 71 70 70 70 69 69 68 68 68 68 67 67 66 66 66 65 65 65 64 64 64 63       683
DEC  63 63 62 62 62 62 61 61 61 60 60 60 60 59 59 59 59 59 58 58 58 58 58 58 57 57 57 57 57 57 56    593
                                                                                                        
-------------------------------------------------------------------------------------------------       
 Average Temperature (deg F [tenths deg F for monthly])                                                 
 DAY  1  2  3  4  5  6  7  8  9 10 11 12 13 14 15 16 17 18 19 20 21 22 23 24 25 26 27 28 29 30 31  MONTH
-------------------------------------------------------------------------------------------------       
JAN  47 47 47 46 46 46 46 46 46 46 46 46 46 46 46 46 46 46 46 46 46 46 47 47 47 47 47 47 47 47 47    464
FEB  47 48 48 48 48 48 49 49 49 49 49 50 50 50 50 50 51 51 51 51 52 52 52 53 53 53 53 54             503
MAR  54 54 55 55 55 56 56 56 56 57 57 57 58 58 58 58 59 59 59 59 60 60 60 60 60 61 61 61 61 62 62    582
APR  62 62 62 62 63 63 63 63 64 64 64 64 65 65 65 65 66 66 66 66 67 67 67 67 68 68 68 69 69 69       653
MAY  70 70 70 70 71 71 71 72 72 72 72 73 73 73 73 74 74 74 75 75 75 75 75 76 76 76 76 77 77 77 77    736
JUN  77 78 78 78 78 79 79 79 79 79 79 80 80 80 80 80 80 81 81 81 81 81 81 81 81 81 82 82 82 82       800
JUL  82 82 82 82 82 82 82 82 82 83 83 83 83 83 83 83 83 83 83 83 83 83 83 83 83 83 83 83 83 83 83    827
AUG  83 83 83 83 83 83 83 82 82 82 82 82 82 82 82 82 82 82 82 82 81 81 81 81 81 81 81 81 81 80 80    818
SEP  80 80 80 80 80 79 79 79 79 78 78 78 78 78 77 77 77 76 76 76 76 75 75 74 74 74 73 73 73 72       768
OCT  72 71 71 71 70 70 69 69 69 68 68 68 67 67 67 66 66 65 65 65 65 64 64 64 63 63 63 62 62 62 62    664
NOV  61 61 61 60 60 60 60 59 59 59 59 58 58 58 57 57 57 57 56 56 56 55 55 55 54 54 54 54 53 53       572
DEC  53 52 52 52 51 51 51 51 50 50 50 50 50 49 49 49 49 49 48 48 48 48 48 48 47 47 47 47 47 47 47    492
                                                                                                        
-------------------------------------------------------------------------------------------------       
 Heating Degree Days                                                                                    
 DAY  1  2  3  4  5  6  7  8  9 10 11 12 13 14 15 16 17 18 19 20 21 22 23 24 25 26 27 28 29 30 31  MONTH
-------------------------------------------------------------------------------------------------       
JAN  19 19 19 19 19 19 19 19 19 19 19 19 19 19 19 19 19 19 19 19 19 19 19 19 19 19 19 19 18 18 18    586
FEB  18 18 17 17 17 17 17 16 16 16 16 16 15 15 15 15 15 14 14 14 13 13 13 13 12 12 12 12             418
MAR  11 11 11 10 10 10 10  9  9  9  9  8  8  8  8  7  7  7  7  6  6  6  6  6  6  5  5  5  5  5  5    235
APR   4  4  4  4  4  4  4  4  3  3  3  3  3  3  3  3  2  2  2  2  2  2  2  2  2  2  1  1  1  1        80
MAY   1  1  1  1  1  1  1  1  1  1  0  0  0  0  0  0  0  0  0  0  0  0  0  0  0  0  0  0  0  0  0     10
JUN   0  0  0  0  0  0  0  0  0  0  0  0  0  0  0  0  0  0  0  0  0  0  0  0  0  0  0  0  0  0         0
JUL   0  0  0  0  0  0  0  0  0  0  0  0  0  0  0  0  0  0  0  0  0  0  0  0  0  0  0  0  0  0  0      0
AUG   0  0  0  0  0  0  0  0  0  0  0  0  0  0  0  0  0  0  0  0  0  0  0  0  0  0  0  0  0  0  0      0
SEP   0  0  0  0  0  0  0  0  0  0  0  0  0  0  0  0  0  0  0  0  0  0  0  0  0  0  0  1  1  1         3
OCT   1  1  1  1  1  1  1  1  1  1  1  1  2  2  2  2  2  2  2  3  3  3  3  3  4  4  4  4  4  5  5     71
NOV   5  5  6  6  6  6  6  7  7  7  7  8  8  8  8  9  9  9 10 10 10 10 11 11 11 11 12 12 12 13       260
DEC  13 13 13 14 14 14 14 15 15 15 15 16 16 16 16 16 17 17 17 17 17 17 18 18 18 18 18 18 18 18 19    500
                                                                                                        
-------------------------------------------------------------------------------------------------       
 Cooling Degree Days                                                                                    
 DAY  1  2  3  4  5  6  7  8  9 10 11 12 13 14 15 16 17 18 19 20 21 22 23 24 25 26 27 28 29 30 31  MONTH
-------------------------------------------------------------------------------------------------       
JAN   0  0  0  0  0  0  0  0  0  0  0  0  0  0  0  0  0  0  0  0  0  0  0  0  0  0  0  0  0  0  0      0
FEB   0  0  0  0  0  0  0  0  0  0  0  0  0  0  0  0  0  0  0  0  0-99-99-99-99-99-99-99               7
MAR   0  0  0  0  0  0  0  0  1  1  1  1  1  1  1  1  1  1  1  1  1  1  1  1  1  1  1  1  1  1  1     23
APR   1  1  1  2  2  2  2  2  2  2  2  2  2  3  3  3  3  3  3  3  4  4  4  4  4  5  5  5  5  5        89
MAY   6  6  6  6  6  7  7  7  7  7  8  8  8  8  9  9  9  9 10 10 10 10 10 11 11 11 11 12 12 12 12    275
JUN  12 13 13 13 13 14 14 14 14 14 14 15 15 15 15 15 15 16 16 16 16 16 16 16 16 17 17 17 17 17       451
JUL  17 17 17 17 17 17 17 17 17 17 17 17 18 18 18 18 18 18 18 18 18 18 18 18 18 18 18 18 18 18 18    546
AUG  18 18 18 18 18 18 17 17 17 17 17 17 17 17 17 17 17 17 17 17 16 16 16 16 16 16 16 16 15 15 15    519
SEP  15 15 15 15 14 14 14 14 14 13 13 13 13 13 12 12 12 11 11 11 11 10 10 10  9  9  9  8  8  8       356
OCT   7  7  7  6  6  6  5  5  5  5  4  4  4  4  3  3  3  3  3  3  2  2  2  2  2  2  2  2  2  1  1    113
NOV   1  1  1  1  1  1  1  1  1  1  1  1  1  1  1  1  1  1  1  1  1  1  1  1  1  1  0  0  0  0        26
DEC -99-99-99-99-99-99-99-99-99-99  0  0  0  0  0  0  0  0  0  0  0  0  0  0  0  0  0  0  0  0  0     10
                                                                                                        
-------------------------------------------------------------------------------------------------       
 Total  Precipitation (Hundreths of an Inch)                                                            
 DAY  1  2  3  4  5  6  7  8  9 10 11 12 13 14 15 16 17 18 19 20 21 22 23 24 25 26 27 28 29 30 31  MONTH
-------------------------------------------------------------------------------------------------       
JAN  20 20 20 20 20 20 21 21 21 21 21 21 21 21 21 21 21 21 21 21 21 20 20 20 20 20 20 19 19 19 19    631
FEB  19 18 18 18 18 18 18 17 17 17 17 17 17 17 17 17 17 17 17 17 17 18 18 18 18 18 19 19             493
MAR  19 19 19 19 20 20 20 20 20 20 21 21 21 21 21 21 21 21 21 21 21 21 21 21 21 20 20 20 20 20 20    631
APR  19 19 19 19 19 19 18 18 18 18 18 18 18 18 18 18 18 18 18 18 17 18 18 18 18 18 18 18 18 18       545
MAY  18 18 18 18 18 18 19 19 19 18 18 18 18 18 18 18 18 18 18 18 17 17 17 17 17 17 16 16 16 16 15    544
JUN  15 15 14 14 14 14 14 13 13 13 13 13 12 12 12 12 12 12 12 12 12 12 12 12 12 12 12 12 12 12       381
JUL  12 12 12 12 12 12 12 12 12 13 13 13 13 13 13 13 12 12 12 12 12 12 12 12 12 12 12 12 12 12 12    379
AUG  11 11 11 11 11 11 11 11 11 11 11 11 10 10 10 10 10 10 10 10 10 10 10 10 10 10 10 10 10 10 10    322
SEP  10 10 10 10 10 10 10 10 10 10 10 10 10 11 11 11 11 11 11 10 10 10 10 10 10 10 10 10 10 10       306
OCT  10 10 10 10 10 10 10 10 10 10 10 11 11 11 11 11 11 11 11 12 12 12 12 12 13 13 13 13 13 14 14    351
NOV  14 15 15 15 15 15 16 16 16 16 16 17 17 17 17 17 17 17 17 17 18 18 18 18 18 18 18 18 18 18       502
DEC  18 18 18 17 17 17 17 17 17 17 17 18 18 18 18 18 18 18 18 18 18 18 18 18 19 19 19 19 19 19 20    558
                                                                                                        
