-------------------------------------------------------------------------------------------------       
 1971-2000 Daily/Monthly Station Normals                                                                
 Provided by National Climatic Data Center/NESDIS/NOAA                                                  
-------------------------------------------------------------------------------------------------       
 Station COOP ID:                           381544                                                      
 Station Name, State, Division, Call:       CHARLESTON INTL AP                 SC 07 CHS                
 Latitude, Longitude, Elevation, Elements:  32 53 55 -080 02 27    40 XNP                               
-------------------------------------------------------------------------------------------------       
 Minimum Temperature (deg F [tenths deg F for monthly])                                                 
 DAY  1  2  3  4  5  6  7  8  9 10 11 12 13 14 15 16 17 18 19 20 21 22 23 24 25 26 27 28 29 30 31  MONTH
-------------------------------------------------------------------------------------------------       
JAN  37 37 37 37 37 37 37 37 37 37 37 37 37 37 37 36 36 36 37 37 37 37 37 37 37 37 37 37 37 37 37    369
FEB  37 37 37 37 38 38 38 38 38 38 38 38 39 39 39 39 39 40 40 40 40 40 41 41 41 41 42 42             391
MAR  42 43 43 43 43 44 44 44 45 45 45 45 46 46 46 46 46 47 47 47 47 47 48 48 48 48 48 48 49 49 49    460
APR  49 49 49 50 50 50 50 50 50 51 51 51 51 52 52 52 52 53 53 53 53 54 54 54 55 55 55 56 56 56       522
MAY  57 57 57 58 58 58 59 59 59 60 60 60 61 61 61 61 62 62 62 63 63 63 63 64 64 64 64 65 65 65 65    613
JUN  66 66 66 66 66 67 67 67 67 68 68 68 68 68 68 69 69 69 69 69 70 70 70 70 70 70 71 71 71 71       685
JUL  71 71 71 72 72 72 72 72 72 72 72 72 73 73 73 73 73 73 73 73 73 73 73 73 73 73 73 73 73 73 73    725
AUG  73 73 73 72 72 72 72 72 72 72 72 72 72 72 72 72 72 71 71 71 71 71 71 71 71 71 71 71 71 71 70    716
SEP  70 70 70 70 70 70 70 69 69 69 69 69 68 68 68 68 67 67 67 66 66 65 65 65 64 64 63 63 62 62       671
OCT  61 61 60 60 60 59 59 58 58 57 57 56 56 56 55 55 55 54 54 54 53 53 53 52 52 52 51 51 51 51 50    553
NOV  50 50 50 49 49 49 49 48 48 48 48 47 47 47 47 46 46 46 45 45 45 45 44 44 44 44 43 43 43 43       464
DEC  42 42 42 42 41 41 41 41 40 40 40 40 40 39 39 39 39 39 39 38 38 38 38 38 38 38 38 38 37 37 37    393
                                                                                                        
-------------------------------------------------------------------------------------------------       
 Maximum Temperature (deg F [tenths deg F for monthly])                                                 
 DAY  1  2  3  4  5  6  7  8  9 10 11 12 13 14 15 16 17 18 19 20 21 22 23 24 25 26 27 28 29 30 31  MONTH
-------------------------------------------------------------------------------------------------       
JAN  59 59 59 59 59 59 59 59 59 59 58 58 58 58 58 59 59 59 59 59 59 59 59 59 59 59 59 59 59 60 60    589
FEB  60 60 60 60 60 61 61 61 61 61 61 62 62 62 62 62 63 63 63 63 64 64 64 64 65 65 65 65             623
MAR  66 66 66 66 67 67 67 67 68 68 68 68 69 69 69 69 70 70 70 70 71 71 71 71 71 72 72 72 72 72 73    693
APR  73 73 73 74 74 74 74 74 75 75 75 75 76 76 76 76 76 77 77 77 77 78 78 78 78 78 79 79 79 79       761
MAY  80 80 80 80 81 81 81 81 82 82 82 82 82 83 83 83 83 83 84 84 84 84 84 85 85 85 85 85 85 85 86    829
JUN  86 86 86 86 86 87 87 87 87 87 87 87 88 88 88 88 88 88 88 89 89 89 89 89 89 89 89 90 90 90       879
JUL  90 90 90 91 91 91 91 91 91 91 91 91 91 91 91 91 91 91 91 91 91 91 91 91 91 91 91 91 91 91 91    909
AUG  91 91 91 91 90 90 90 90 90 90 90 90 90 90 90 89 89 89 89 89 89 89 89 89 88 88 88 88 88 88 88    894
SEP  88 88 87 87 87 87 87 87 87 86 86 86 86 86 85 85 85 85 84 84 84 84 83 83 83 83 82 82 82 81       850
OCT  81 81 81 80 80 80 79 79 79 78 78 78 78 77 77 77 77 76 76 76 76 75 75 75 75 74 74 74 74 74 73    770
NOV  73 73 73 73 72 72 72 72 71 71 71 71 70 70 70 70 69 69 69 69 68 68 68 67 67 67 66 66 66 65       696
DEC  65 65 65 64 64 64 63 63 63 63 62 62 62 62 62 61 61 61 61 61 60 60 60 60 60 60 60 59 59 59 59    616
                                                                                                        
-------------------------------------------------------------------------------------------------       
 Average Temperature (deg F [tenths deg F for monthly])                                                 
 DAY  1  2  3  4  5  6  7  8  9 10 11 12 13 14 15 16 17 18 19 20 21 22 23 24 25 26 27 28 29 30 31  MONTH
-------------------------------------------------------------------------------------------------       
JAN  48 48 48 48 48 48 48 48 48 48 48 48 47 47 47 48 48 48 48 48 48 48 48 48 48 48 48 48 48 48 48    479
FEB  48 49 49 49 49 49 49 49 50 50 50 50 50 50 51 51 51 51 51 52 52 52 52 53 53 53 53 54             507
MAR  54 54 55 55 55 55 56 56 56 56 57 57 57 57 58 58 58 58 58 59 59 59 59 60 60 60 60 60 61 61 61    577
APR  61 61 61 62 62 62 62 62 63 63 63 63 63 64 64 64 64 65 65 65 65 66 66 66 67 67 67 67 68 68       642
MAY  68 68 69 69 69 70 70 70 70 71 71 71 72 72 72 72 72 73 73 73 73 74 74 74 74 75 75 75 75 75 76    721
JUN  76 76 76 76 76 77 77 77 77 77 77 78 78 78 78 78 79 79 79 79 79 79 79 80 80 80 80 80 80 81       782
JUL  81 81 81 81 81 81 81 81 81 82 82 82 82 82 82 82 82 82 82 82 82 82 82 82 82 82 82 82 82 82 82    817
AUG  82 82 82 81 81 81 81 81 81 81 81 81 81 81 81 81 80 80 80 80 80 80 80 80 80 80 80 79 79 79 79    805
SEP  79 79 79 79 79 78 78 78 78 78 77 77 77 77 77 76 76 76 75 75 75 75 74 74 74 73 73 73 72 72       761
OCT  71 71 71 70 70 69 69 69 68 68 68 67 67 67 66 66 66 65 65 65 64 64 64 64 63 63 63 63 62 62 62    662
NOV  62 61 61 61 61 60 60 60 60 60 59 59 59 58 58 58 58 57 57 57 57 56 56 56 56 55 55 55 54 54       580
DEC  54 53 53 53 53 52 52 52 52 51 51 51 51 51 50 50 50 50 50 50 49 49 49 49 49 49 49 49 48 48 48    505
                                                                                                        
-------------------------------------------------------------------------------------------------       
 Heating Degree Days                                                                                    
 DAY  1  2  3  4  5  6  7  8  9 10 11 12 13 14 15 16 17 18 19 20 21 22 23 24 25 26 27 28 29 30 31  MONTH
-------------------------------------------------------------------------------------------------       
JAN  16 17 17 17 17 17 17 17 17 17 17 17 17 17 17 17 17 17 17 17 17 17 17 17 17 17 17 17 16 16 16    523
FEB  16 16 16 16 16 16 15 15 15 15 15 15 15 14 14 14 14 14 13 13 13 13 12 12 12 12 12 11             394
MAR  11 11 11 10 10 10 10  9  9  9  9  8  8  8  8  8  7  7  7  7  7  7  6  6  6  6  6  6  5  5  5    242
APR   5  5  5  5  4  4  4  4  4  4  4  4  3  3  3  3  3  3  3  3  2  2  2  2  2  2  2  2  2  1        95
MAY   1  1  1  1  1  1  1  1  1  1  1  0  0  0  0  0  0  0  0  0  0  0  0  0  0  0  0  0  0  0  0     11
JUN   0  0  0  0  0  0  0  0  0  0  0  0  0  0  0  0  0  0  0  0-99  0  0  0  0  0  0  0  0  0         1
JUL   0  0  0  0  0  0  0  0  0  0  0  0  0  0  0  0  0  0  0  0  0  0  0  0  0  0  0  0  0  0  0      0
AUG   0  0  0  0  0  0  0  0  0  0  0  0  0  0  0  0  0  0  0  0  0  0  0  0  0  0  0  0  0  0  0      0
SEP   0  0  0  0  0  0  0  0  0  0  0  0  0  0  0  0  0  0  0  0  0  0  0  0  0  0  0  0  1  1         2
OCT   1  1  1  1  1  1  1  1  1  1  1  2  2  2  2  2  2  2  2  3  3  3  3  3  3  4  4  4  4  4  4     69
NOV   5  5  5  5  5  6  6  6  6  6  7  7  7  7  7  8  8  8  8  9  9  9  9  9 10 10 10 10 11 11       229
DEC  11 12 12 12 12 12 13 13 13 13 13 14 14 14 14 14 15 15 15 15 15 15 15 16 16 16 16 16 16 16 16    439
                                                                                                        
-------------------------------------------------------------------------------------------------       
 Cooling Degree Days                                                                                    
 DAY  1  2  3  4  5  6  7  8  9 10 11 12 13 14 15 16 17 18 19 20 21 22 23 24 25 26 27 28 29 30 31  MONTH
-------------------------------------------------------------------------------------------------       
JAN   0  0  0  0  0  0  0  0  0  0  0  0  0  0  0  0  0  0  0  0  0  0  0  0  0  0  0  0-99-99-99      3
FEB   0  0  0  0  0  0  0  0  0  0  0  0  0  0  0  0  0  0  0  0  0-99-99-99-99-99-99-99               7
MAR   0  0  1  1  1  1  1  1  1  1  1  1  1  1  1  1  1  1  1  1  1  1  1  1  1  1  1  1  1  1  1     29
APR   1  1  2  2  2  2  2  2  2  2  2  2  2  2  3  3  3  3  3  3  3  3  4  4  4  4  4  4  5  5        84
MAY   5  5  5  5  6  6  6  6  6  7  7  7  7  7  8  8  8  8  8  9  9  9  9  9 10 10 10 10 10 11 11    242
JUN  11 11 11 12 12 12 12 12 12 13 13 13 13 13 14 14 14 14 14 14 15 15 15 15 15 15 16 16 16 16       408
JUL  16 16 16 17 17 17 17 17 17 17 17 17 17 17 17 17 17 18 18 18 18 18 18 18 18 17 17 17 17 17 17    532
AUG  17 17 17 17 17 17 17 17 17 16 16 16 16 16 16 16 16 16 16 16 16 15 15 15 15 15 15 15 15 15 14    494
SEP  14 14 14 14 14 14 14 13 13 13 13 13 12 12 12 12 12 11 11 11 11 10 10 10  9  9  9  8  8  8       348
OCT   7  7  7  6  6  6  6  5  5  5  5  4  4  4  4  4  3  3  3  3  3  3  2  2  2  2  2  2  2  2  2    121
NOV   2  2  2  2  2  1  1  1  1  1  1  1  1  1  1  1  1  1  1  1  1  1  1  1  1  1  1  1  1  0        34
DEC -99-99-99-99  0  0  0  0  0  0  0  0  0  0  0  0  0  0  0  0  0  0  0  0  0  0  0  0  0  0  0      4
                                                                                                        
-------------------------------------------------------------------------------------------------       
 Total  Precipitation (Hundreths of an Inch)                                                            
 DAY  1  2  3  4  5  6  7  8  9 10 11 12 13 14 15 16 17 18 19 20 21 22 23 24 25 26 27 28 29 30 31  MONTH
-------------------------------------------------------------------------------------------------       
JAN  12 13 13 13 13 13 13 13 13 13 14 14 14 14 14 14 14 14 14 13 13 13 13 13 13 13 13 13 12 12 12    408
FEB  12 12 11 11 11 11 11 11 11 11 11 11 10 10 10 10 11 11 11 11 11 11 11 11 11 11 12 12             308
MAR  12 12 13 13 13 13 13 13 13 13 13 13 14 14 14 14 14 13 13 13 13 13 13 13 13 13 12 12 12 12 11    400
APR  11 11 11 10 10 10 10 10 10  9  9  9  9  9  9  9  9  9  9  9  8  8  8  8  8  9  9  9  9  9       277
MAY   9  9  9  9  9 10 10 10 10 10 10 11 11 11 11 11 12 12 12 13 13 13 13 14 14 14 15 15 15 16 16    367
JUN  17 17 17 18 18 18 19 19 19 19 20 20 20 20 20 20 20 21 21 21 21 21 21 21 21 21 21 21 20 20       592
JUL  20 20 20 20 20 20 20 20 20 20 19 19 19 19 19 19 19 19 19 20 20 20 20 20 20 20 20 20 20 21 21    613
AUG  21 21 21 21 21 21 22 22 22 22 22 22 22 22 22 22 23 23 23 23 23 23 23 23 23 23 23 23 23 23 23    691
SEP  23 23 23 23 22 22 22 22 22 22 22 21 21 21 21 20 20 20 19 19 19 18 18 18 17 17 16 16 16 15       598
OCT  14 14 14 13 13 12 12 12 11 11 11 10 10 10  9  9  9  9  9  9  8  8  8  8  8  8  8  8  8  8  8    309
NOV   8  8  8  8  9  9  9  9  9  9  9  9  9  9  9  9  9  9  9  9  9  9  9  9  9  9  9  9  9  9       266
DEC   9  9  9  9 10 10 10 10 10 10 10 10 10 10 10 10 10 10 11 11 11 11 11 11 11 11 12 12 12 12 12    324
                                                                                                        
