-------------------------------------------------------------------------------------------------       
 1971-2000 Daily/Monthly Station Normals                                                                
 Provided by National Climatic Data Center/NESDIS/NOAA                                                  
-------------------------------------------------------------------------------------------------       
 Station COOP ID:                           388786                                                      
 Station Name, State, Division, Call:       UNION 8 SW                         SC 02                    
 Latitude, Longitude, Elevation, Elements:  34 39 00 -081 45 00   560 XNP                               
-------------------------------------------------------------------------------------------------       
 Minimum Temperature (deg F [tenths deg F for monthly])                                                 
 DAY  1  2  3  4  5  6  7  8  9 10 11 12 13 14 15 16 17 18 19 20 21 22 23 24 25 26 27 28 29 30 31  MONTH
-------------------------------------------------------------------------------------------------       
JAN  27 27 27 27 27 27 27 27 27 27 27 27 27 27 27 27 27 27 27 27 27 27 27 27 27 26 26 26 26 26 27    268
FEB  27 27 27 27 27 27 27 27 27 27 27 27 28 28 28 28 28 28 29 29 29 29 30 30 30 30 31 31             282
MAR  31 31 32 32 32 33 33 33 33 34 34 34 34 35 35 35 36 36 36 36 37 37 37 37 37 38 38 38 38 38 39    351
APR  39 39 39 40 40 40 40 40 41 41 41 41 42 42 42 42 43 43 43 44 44 44 45 45 45 45 46 46 46 47       425
MAY  47 47 48 48 48 49 49 49 50 50 51 51 51 52 52 52 53 53 53 53 54 54 54 55 55 55 56 56 56 57 57    521
JUN  57 58 58 58 59 59 59 60 60 60 60 61 61 61 61 62 62 62 62 63 63 63 63 63 64 64 64 64 64 64       613
JUL  65 65 65 65 65 65 65 66 66 66 66 66 66 66 66 66 66 66 66 66 66 67 67 67 67 67 67 67 66 66 66    660
AUG  66 66 66 66 66 66 66 66 66 66 66 66 65 65 65 65 65 65 65 65 64 64 64 64 64 64 64 63 63 63 63    649
SEP  63 62 62 62 62 61 61 61 61 60 60 60 59 59 59 58 58 58 57 57 56 56 55 55 54 54 53 53 52 52       580
OCT  51 51 50 50 49 48 48 47 47 47 46 46 45 45 44 44 44 43 43 42 42 42 41 41 41 41 40 40 40 39 39    444
NOV  39 39 39 38 38 38 38 37 37 37 37 36 36 36 36 35 35 35 35 34 34 34 34 33 33 33 33 32 32 32       355
DEC  32 31 31 31 31 30 30 30 30 30 29 29 29 29 29 28 28 28 28 28 28 28 28 28 27 27 27 27 27 27 27    288
                                                                                                        
-------------------------------------------------------------------------------------------------       
 Maximum Temperature (deg F [tenths deg F for monthly])                                                 
 DAY  1  2  3  4  5  6  7  8  9 10 11 12 13 14 15 16 17 18 19 20 21 22 23 24 25 26 27 28 29 30 31  MONTH
-------------------------------------------------------------------------------------------------       
JAN  52 52 52 52 52 52 51 51 51 51 51 51 51 51 51 52 52 52 52 52 52 52 52 52 52 53 53 53 53 53 53    519
FEB  54 54 54 54 54 55 55 55 55 56 56 56 56 57 57 57 57 58 58 58 58 59 59 59 59 60 60 60             568
MAR  61 61 61 61 62 62 62 63 63 63 63 64 64 64 65 65 65 66 66 66 66 67 67 67 68 68 68 69 69 69 70    650
APR  70 70 71 71 71 71 72 72 72 73 73 73 73 74 74 74 74 75 75 75 75 76 76 76 76 77 77 77 77 77       739
MAY  78 78 78 78 78 79 79 79 79 79 80 80 80 80 80 81 81 81 81 81 82 82 82 82 83 83 83 83 84 84 84    807
JUN  84 85 85 85 85 85 86 86 86 86 87 87 87 87 87 87 88 88 88 88 88 88 89 89 89 89 89 89 89 90       872
JUL  90 90 90 90 90 90 90 90 90 90 90 91 91 91 91 91 91 91 91 91 91 91 91 91 91 91 91 91 91 91 90    906
AUG  91 90 90 90 90 90 90 90 90 90 90 90 89 89 89 89 89 89 89 89 88 88 88 88 88 88 87 87 87 87 87    889
SEP  87 86 86 86 86 86 85 85 85 85 84 84 84 84 83 83 83 83 82 82 82 81 81 81 81 80 80 80 79 79       831
OCT  79 78 78 77 77 77 76 76 76 75 75 75 74 74 74 73 73 73 72 72 72 72 71 71 71 70 70 70 69 69 69    735
NOV  68 68 68 68 67 67 67 66 66 66 65 65 65 64 64 64 63 63 63 62 62 62 61 61 61 60 60 60 59 59       638
DEC  59 58 58 58 57 57 57 57 56 56 56 55 55 55 55 55 54 54 54 54 53 53 53 53 53 53 53 52 52 52 52    548
                                                                                                        
-------------------------------------------------------------------------------------------------       
 Average Temperature (deg F [tenths deg F for monthly])                                                 
 DAY  1  2  3  4  5  6  7  8  9 10 11 12 13 14 15 16 17 18 19 20 21 22 23 24 25 26 27 28 29 30 31  MONTH
-------------------------------------------------------------------------------------------------       
JAN  40 40 39 39 39 39 39 39 39 39 39 39 39 39 39 39 39 39 39 39 39 40 40 40 40 40 40 40 40 40 40    394
FEB  40 40 40 41 41 41 41 41 41 41 42 42 42 42 42 43 43 43 43 44 44 44 44 44 45 45 45 46             425
MAR  46 46 46 47 47 47 48 48 48 48 49 49 49 50 50 50 50 51 51 51 52 52 52 52 53 53 53 53 54 54 54    501
APR  54 55 55 55 55 56 56 56 56 57 57 57 58 58 58 58 59 59 59 59 60 60 60 60 61 61 61 62 62 62       582
MAY  62 63 63 63 63 64 64 64 64 65 65 65 66 66 66 66 67 67 67 67 68 68 68 69 69 69 69 70 70 70 71    664
JUN  71 71 71 72 72 72 73 73 73 73 73 74 74 74 74 75 75 75 75 75 76 76 76 76 76 76 77 77 77 77       743
JUL  77 77 77 78 78 78 78 78 78 78 78 78 78 78 78 78 79 79 79 79 79 79 79 79 79 79 79 79 78 78 78    783
AUG  78 78 78 78 78 78 78 78 78 78 78 78 77 77 77 77 77 77 77 77 76 76 76 76 76 76 76 75 75 75 75    769
SEP  75 74 74 74 74 74 73 73 73 73 72 72 72 71 71 71 70 70 70 69 69 69 68 68 68 67 67 66 66 65       706
OCT  65 64 64 64 63 63 62 62 61 61 61 60 60 60 59 59 58 58 58 57 57 57 56 56 56 55 55 55 55 54 54    590
NOV  54 54 53 53 53 52 52 52 52 51 51 51 50 50 50 50 49 49 49 48 48 48 48 47 47 47 46 46 46 45       497
DEC  45 45 45 44 44 44 43 43 43 43 43 42 42 42 42 41 41 41 41 41 41 40 40 40 40 40 40 40 40 40 40    418
                                                                                                        
-------------------------------------------------------------------------------------------------       
 Heating Degree Days                                                                                    
 DAY  1  2  3  4  5  6  7  8  9 10 11 12 13 14 15 16 17 18 19 20 21 22 23 24 25 26 27 28 29 30 31  MONTH
-------------------------------------------------------------------------------------------------       
JAN  25 25 26 26 26 26 26 26 26 26 26 26 26 26 26 26 26 26 26 26 26 26 26 25 25 25 25 25 25 25 25    796
FEB  25 25 25 24 24 24 24 24 24 24 23 23 23 23 23 22 22 22 22 22 21 21 21 21 20 20 20 19             631
MAR  19 19 19 18 18 18 18 17 17 17 16 16 16 16 15 15 15 14 14 14 14 13 13 13 13 12 12 12 11 11 11    466
APR  11 10 10 10 10  9  9  9  9  8  8  8  8  8  7  7  7  7  6  6  6  6  6  6  5  5  5  5  5  4       220
MAY   4  4  4  4  4  3  3  3  3  3  3  3  2  2  2  2  2  2  2  2  2  1  1  1  1  1  1  1  1  1  1     69
JUN   1  1  1  0  0  0  0  0  0  0  0  0  0  0  0  0  0  0  0  0  0  0  0  0  0  0  0  0  0  0         3
JUL   0  0  0  0  0  0  0  0  0  0  0  0  0  0  0  0  0  0  0  0  0  0  0  0  0  0  0  0  0  0  0      0
AUG   0  0  0  0  0  0  0  0  0  0  0  0  0  0  0  0  0  0  0  0  0  0  0  0  0  0  0  0  0  0  0      0
SEP   0  0  0  0  0  0  0  0  0  0  0  0  0  0  0  0  0  0  0  0  1  1  1  1  1  2  2  2  2  2        15
OCT   3  3  4  4  4  4  5  5  5  6  6  6  6  7  7  7  7  8  8  8  9  9  9  9 10 10 10 10 11 11 11    222
NOV  11 12 12 12 12 13 13 13 14 14 14 14 15 15 15 16 16 16 16 17 17 17 18 18 18 18 19 19 19 20       463
DEC  20 20 20 21 21 21 22 22 22 22 22 23 23 23 23 24 24 24 24 24 24 25 25 25 25 25 25 25 25 25 25    719
                                                                                                        
-------------------------------------------------------------------------------------------------       
 Cooling Degree Days                                                                                    
 DAY  1  2  3  4  5  6  7  8  9 10 11 12 13 14 15 16 17 18 19 20 21 22 23 24 25 26 27 28 29 30 31  MONTH
-------------------------------------------------------------------------------------------------       
JAN   0  0  0  0  0  0  0  0  0  0  0  0  0  0  0  0  0  0  0  0  0  0  0  0  0  0  0  0  0  0  0      0
FEB   0  0  0  0  0  0  0  0  0  0  0  0  0  0  0  0  0  0  0  0  0  0  0  0  0  0  0  0               0
MAR   0  0  0  0  0  0  0  0  0  0  0  0  0  0  0-99-99  0  0  0  0  0  0  0  0  0  0  0  0  0  0      2
APR   0  0  0  0  0  0  0  0  0  0  0  0  0  0  0  0  1  1  1  1  1  1  1  1  1  1  1  1  1  2        15
MAY   2  2  2  2  2  2  2  2  2  3  3  3  3  3  3  3  4  4  4  4  4  5  5  5  5  5  5  6  6  6  6    113
JUN   6  7  7  7  7  8  8  8  8  8  9  9  9  9  9 10 10 10 10 10 10 11 11 11 11 11 11 12 12 12       281
JUL  12 12 12 12 12 13 13 13 13 13 13 13 13 13 13 13 14 14 14 14 14 14 14 14 14 14 14 14 14 14 14    413
AUG  14 14 13 13 13 13 13 13 13 13 13 13 13 12 12 12 12 12 12 12 11 11 11 11 11 10 10 10 10 10  9    369
SEP   9  9  9  8  8  8  8  8  7  7  7  7  7  6  6  6  6  5  5  5  5  5  4  4  4  4  4  4  3  3       181
OCT   3  3  3  2  2  2  2  2  2  2  1  1  1  1  1  1  1  1  1  1  0  0  0  0  0  0  0  0  0  0  0     33
NOV -99-99  0  0  0  0  0  0  0  0  0  0  0  0  0  0  0  0  0  0  0  0  0  0  0  0  0  0  0  0         2
DEC   0  0  0  0  0  0  0  0  0  0  0  0  0  0  0  0  0  0  0  0  0  0  0  0  0  0  0  0  0  0  0      0
                                                                                                        
-------------------------------------------------------------------------------------------------       
 Total  Precipitation (Hundreths of an Inch)                                                            
 DAY  1  2  3  4  5  6  7  8  9 10 11 12 13 14 15 16 17 18 19 20 21 22 23 24 25 26 27 28 29 30 31  MONTH
-------------------------------------------------------------------------------------------------       
JAN  15 15 16 16 16 16 16 17 17 17 17 17 17 17 17 17 17 18 18 17 17 17 17 17 17 17 17 17 17 16 16    518
FEB  16 16 16 15 15 15 15 15 15 15 15 15 15 15 15 15 15 15 15 15 15 15 15 15 16 16 16 16             427
MAR  17 17 17 17 17 17 18 18 18 18 18 18 18 18 18 18 18 18 17 17 17 17 17 17 16 16 16 16 15 15 15    529
APR  14 14 14 14 13 13 13 12 12 12 12 12 11 11 11 11 11 11 11 10 10 10 10 10 10 10 10 10 10 10       342
MAY  10 10 10 10 11 11 11 11 11 11 11 11 11 11 11 11 11 12 12 12 12 12 12 12 12 12 12 12 12 13 13    353
JUN  13 13 13 13 13 13 13 13 13 13 13 13 13 13 14 14 14 14 14 14 14 14 13 13 13 13 13 13 13 13       398
JUL  13 13 13 13 13 13 13 13 13 13 13 13 13 13 13 13 12 12 12 12 12 12 12 12 12 12 12 12 12 13 13    390
AUG  12 12 12 12 12 12 12 12 13 13 13 13 13 13 13 13 13 13 13 13 13 13 13 13 13 13 13 13 13 13 13    395
SEP  13 13 13 13 12 12 12 12 13 13 13 13 13 13 13 13 13 13 13 13 13 13 13 13 13 13 13 13 13 13       386
OCT  13 13 13 13 13 13 13 13 13 13 13 13 14 14 14 14 14 14 14 14 14 13 13 13 13 13 13 13 13 13 13    412
NOV  13 13 13 13 13 13 13 13 13 13 13 13 13 13 13 13 13 12 12 12 12 12 12 12 12 12 12 12 12 12       377
DEC  12 12 12 11 11 11 11 11 11 12 12 12 12 12 12 12 12 12 12 12 13 13 13 13 13 14 14 14 14 14 15    384
                                                                                                        
