-------------------------------------------------------------------------------------------------       
 1971-2000 Daily/Monthly Station Normals                                                                
 Provided by National Climatic Data Center/NESDIS/NOAA                                                  
-------------------------------------------------------------------------------------------------       
 Station COOP ID:                           389469                                                      
 Station Name, State, Division, Call:       YEMASSEE                           SC 07                    
 Latitude, Longitude, Elevation, Elements:  32 41 00 -080 51 00    25 XNP                               
-------------------------------------------------------------------------------------------------       
 Minimum Temperature (deg F [tenths deg F for monthly])                                                 
 DAY  1  2  3  4  5  6  7  8  9 10 11 12 13 14 15 16 17 18 19 20 21 22 23 24 25 26 27 28 29 30 31  MONTH
-------------------------------------------------------------------------------------------------       
JAN  36 36 36 36 36 36 36 36 36 36 35 35 35 36 36 36 36 36 36 36 36 36 36 36 36 36 36 36 36 36 36    359
FEB  36 36 36 37 37 37 37 37 37 37 37 37 38 38 38 38 38 38 39 39 39 39 40 40 40 40 41 41             381
MAR  41 41 42 42 42 43 43 43 43 44 44 44 44 44 45 45 45 45 45 46 46 46 46 46 46 47 47 47 47 47 47    446
APR  47 48 48 48 48 48 48 48 49 49 49 49 49 49 50 50 50 50 51 51 51 51 51 52 52 52 53 53 53 53       500
MAY  54 54 54 55 55 55 55 56 56 56 57 57 57 57 58 58 58 58 59 59 59 60 60 60 60 61 61 61 61 62 62    579
JUN  62 63 63 63 63 64 64 64 64 64 65 65 65 65 66 66 66 66 66 67 67 67 67 67 67 67 68 68 68 68       655
JUL  68 68 68 69 69 69 69 69 69 69 69 69 69 69 69 69 69 70 70 70 70 70 70 70 70 70 70 70 70 69 69    693
AUG  70 69 69 69 69 69 69 69 69 69 69 69 69 69 69 69 68 68 68 68 68 68 68 68 68 68 67 67 67 67 67    684
SEP  67 67 67 66 66 66 66 66 65 65 65 65 65 64 64 64 63 63 63 62 62 62 61 61 61 60 60 59 59 58       634
OCT  58 57 57 57 56 56 55 55 54 54 54 53 53 53 52 52 51 51 51 50 50 50 50 49 49 49 48 48 48 48 47    521
NOV  47 47 47 47 46 46 46 46 45 45 45 45 44 44 44 44 43 43 43 43 42 42 42 42 42 41 41 41 41 40       438
DEC  40 40 40 39 39 39 39 39 38 38 38 38 38 38 37 37 37 37 37 37 37 37 36 36 36 36 36 36 36 36 36    375
                                                                                                        
-------------------------------------------------------------------------------------------------       
 Maximum Temperature (deg F [tenths deg F for monthly])                                                 
 DAY  1  2  3  4  5  6  7  8  9 10 11 12 13 14 15 16 17 18 19 20 21 22 23 24 25 26 27 28 29 30 31  MONTH
-------------------------------------------------------------------------------------------------       
JAN  61 61 61 61 61 61 61 61 61 61 61 61 61 61 61 61 61 61 61 61 61 61 61 62 62 62 62 62 62 62 63    613
FEB  63 63 63 63 63 63 64 64 64 64 64 65 65 65 65 66 66 66 66 67 67 67 67 68 68 68 68 69             654
MAR  69 69 69 70 70 70 71 71 71 71 72 72 72 72 73 73 73 73 74 74 74 74 74 75 75 75 75 75 76 76 76    727
APR  76 76 77 77 77 77 77 78 78 78 78 78 79 79 79 79 79 80 80 80 80 81 81 81 81 82 82 82 82 82       792
MAY  83 83 83 83 84 84 84 84 85 85 85 85 85 86 86 86 86 86 86 87 87 87 87 87 88 88 88 88 88 88 88    858
JUN  89 89 89 89 89 89 89 90 90 90 90 90 90 90 90 91 91 91 91 91 91 91 91 92 92 92 92 92 92 92       905
JUL  93 93 93 93 93 93 93 93 93 93 93 93 93 93 93 94 94 94 93 93 93 93 93 93 93 93 93 93 93 93 93    931
AUG  93 92 92 92 92 92 92 92 92 92 92 91 91 91 91 91 91 91 91 91 90 90 90 90 90 90 90 90 90 90 89    910
SEP  89 89 89 89 89 89 89 88 88 88 88 88 88 87 87 87 87 86 86 86 86 86 85 85 85 85 84 84 84 83       868
OCT  83 83 82 82 82 82 81 81 81 80 80 80 80 79 79 79 79 78 78 78 77 77 77 77 77 76 76 76 76 75 75    789
NOV  75 75 74 74 74 74 73 73 73 73 73 72 72 72 72 71 71 71 70 70 70 70 69 69 69 69 68 68 68 67       713
DEC  67 67 67 66 66 66 65 65 65 65 64 64 64 64 64 63 63 63 63 63 63 62 62 62 62 62 62 62 62 61 61    637
                                                                                                        
-------------------------------------------------------------------------------------------------       
 Average Temperature (deg F [tenths deg F for monthly])                                                 
 DAY  1  2  3  4  5  6  7  8  9 10 11 12 13 14 15 16 17 18 19 20 21 22 23 24 25 26 27 28 29 30 31  MONTH
-------------------------------------------------------------------------------------------------       
JAN  49 49 49 49 48 48 48 48 48 48 48 48 48 48 48 48 49 49 49 49 49 49 49 49 49 49 49 49 49 49 49    486
FEB  49 50 50 50 50 50 50 50 51 51 51 51 51 51 52 52 52 52 53 53 53 53 53 54 54 54 55 55             518
MAR  55 55 56 56 56 56 57 57 57 58 58 58 58 58 59 59 59 59 60 60 60 60 60 60 61 61 61 61 61 62 62    587
APR  62 62 62 62 62 63 63 63 63 63 64 64 64 64 64 65 65 65 65 65 66 66 66 66 67 67 67 67 68 68       646
MAY  68 68 69 69 69 70 70 70 70 71 71 71 71 72 72 72 72 72 73 73 73 73 74 74 74 74 74 75 75 75 75    719
JUN  75 76 76 76 76 76 77 77 77 77 77 78 78 78 78 78 78 78 79 79 79 79 79 79 80 80 80 80 80 80       780
JUL  80 80 81 81 81 81 81 81 81 81 81 81 81 81 81 82 82 82 82 82 82 82 82 81 81 81 81 81 81 81 81    812
AUG  81 81 81 81 81 81 81 80 80 80 80 80 80 80 80 80 80 80 79 79 79 79 79 79 79 79 79 79 78 78 78    797
SEP  78 78 78 78 78 77 77 77 77 77 76 76 76 76 76 75 75 75 74 74 74 74 73 73 73 72 72 72 71 71       751
OCT  70 70 70 69 69 69 68 68 68 67 67 67 66 66 66 65 65 65 64 64 64 64 63 63 63 62 62 62 62 62 61    655
NOV  61 61 61 60 60 60 60 59 59 59 59 59 58 58 58 58 57 57 57 57 56 56 56 55 55 55 55 54 54 54       576
DEC  54 53 53 53 53 52 52 52 52 51 51 51 51 51 50 50 50 50 50 50 50 49 49 49 49 49 49 49 49 49 49    506
                                                                                                        
-------------------------------------------------------------------------------------------------       
 Heating Degree Days                                                                                    
 DAY  1  2  3  4  5  6  7  8  9 10 11 12 13 14 15 16 17 18 19 20 21 22 23 24 25 26 27 28 29 30 31  MONTH
-------------------------------------------------------------------------------------------------       
JAN  17 17 17 17 17 17 17 17 17 17 17 18 17 17 17 17 17 17 17 17 17 17 17 17 17 17 17 17 16 16 16    525
FEB  16 16 16 15 15 15 15 15 15 14 14 14 14 14 13 13 13 13 13 12 12 12 12 12 11 11 11 11             377
MAR  10 10 10 10 10  9  9  9  9  8  8  8  8  8  7  7  7  7  7  7  6  6  6  6  6  5  5  5  5  5  5    228
APR   4  4  4  4  4  4  4  4  3  3  3  3  3  3  3  3  2  2  2  2  2  2  2  2  2  1  1  1  1  1        79
MAY   1  1  1  1  1  1  1  1  0  0  0  0  0  0  0  0  0  0  0  0  0  0  0  0  0  0  0  0  0  0  0      8
JUN   0  0  0  0  0  0  0  0  0  0  0  0  0  0  0  0  0  0  0  0  0  0  0  0  0  0  0  0  0  0         0
JUL   0  0  0  0  0  0  0  0  0  0  0  0  0  0  0  0  0  0  0  0  0  0  0  0  0  0  0  0  0  0  0      0
AUG   0  0  0  0  0  0  0  0  0  0  0  0  0  0  0  0  0  0  0  0  0  0  0  0  0  0  0  0  0  0  0      0
SEP   0  0  0  0  0  0  0  0  0  0  0  0  0  0  0  0  0  0  0  0  0  0  0  0  0  0  0  0  1  1         2
OCT   1  1  1  2  2  2  2  2  2  2  2  3  3  3  3  3  3  4  4  4  4  4  4  4  5  5  5  5  5  5  6    101
NOV   6  6  6  6  6  7  7  7  7  7  8  8  8  8  8  9  9  9  9  9 10 10 10 10 11 11 11 11 12 12       258
DEC  12 12 12 13 13 13 13 13 14 14 14 14 14 15 15 15 15 15 15 16 16 16 16 16 16 16 16 16 17 17 17    456
                                                                                                        
-------------------------------------------------------------------------------------------------       
 Cooling Degree Days                                                                                    
 DAY  1  2  3  4  5  6  7  8  9 10 11 12 13 14 15 16 17 18 19 20 21 22 23 24 25 26 27 28 29 30 31  MONTH
-------------------------------------------------------------------------------------------------       
JAN   0  0  0  0  0  0  0  0  0  0  0  0  0  0  0  0  0  0  0  0  0  0  0  0  0  0  0  0  0  0  0      0
FEB   0  0  0  0  0  0  0  0  0  0  0  0  0  0  0  0  0  0  0  0  0  0-99-99-99-99-99-99               6
MAR   0  1  1  1  1  1  1  1  1  1  1  1  1  1  1  1  1  1  1  1  1  1  1  1  1  1  1  1  1  1  1     30
APR   1  1  1  1  1  1  1  1  2  2  2  2  2  2  2  2  2  2  2  3  3  3  3  3  3  3  4  4  4  4        67
MAY   4  4  5  5  5  5  5  6  6  6  6  6  6  7  7  7  7  7  8  8  8  8  8  9  9  9  9 10 10 10 10    220
JUN  10 11 11 11 11 11 12 12 12 12 12 13 13 13 13 13 13 14 14 14 14 14 14 14 15 15 15 15 15 15       391
JUL  15 16 16 16 16 16 16 16 16 16 16 16 16 16 16 16 16 17 17 17 17 17 17 17 16 16 16 16 16 16 16    502
AUG  16 16 16 16 16 16 16 16 15 15 15 15 15 15 15 15 15 15 15 14 14 14 14 14 14 14 14 13 13 13 13    457
SEP  13 13 13 12 12 12 12 12 12 11 11 11 11 11 10 10 10 10 10  9  9  9  9  8  8  8  8  8  7  7       306
OCT   7  6  6  6  6  5  5  5  5  5  4  4  4  4  4  3  3  3  3  3  3  3  3  2  2  2  2  2  2  2  2    116
NOV   2  2  2  2  1  1  1  1  1  1  1  1  1  1  1  1  1  1  1  1  1  1  1  1  1  1  1  1  1  1        34
DEC   1  1  1  1  1  1  1  1  1  1  0  0  0  0  0  0  0  0  0  0  0  0  0  0  0  0  0  0  0  0  0     10
                                                                                                        
-------------------------------------------------------------------------------------------------       
 Total  Precipitation (Hundreths of an Inch)                                                            
 DAY  1  2  3  4  5  6  7  8  9 10 11 12 13 14 15 16 17 18 19 20 21 22 23 24 25 26 27 28 29 30 31  MONTH
-------------------------------------------------------------------------------------------------       
JAN  13 13 13 13 13 13 13 14 14 14 14 14 14 14 14 14 14 14 14 14 14 13 13 13 13 13 13 13 13 13 13    417
FEB  13 13 13 13 13 13 12 12 12 12 12 12 12 12 12 12 12 13 13 13 13 13 13 13 13 13 13 13             353
MAR  14 14 14 14 14 14 14 14 14 14 14 14 14 15 15 15 15 15 14 14 14 14 14 14 14 14 14 14 14 14 13    438
APR  13 13 13 13 13 13 12 12 12 12 12 12 12 12 12 11 11 11 11 11 11 11 11 11 11 10 10 10 10 10       346
MAY  10 10 10 10 10 10 10 10 10 10 11 11 11 11 11 11 12 12 12 13 13 13 13 14 14 15 15 15 16 16 17    376
JUN  17 18 18 19 19 19 20 20 20 21 21 21 21 21 21 22 22 22 22 22 22 21 21 21 21 21 21 20 20 20       614
JUL  20 19 19 19 18 18 18 18 18 18 17 17 17 17 17 17 17 17 17 17 17 18 18 18 18 18 19 19 19 19 20    558
AUG  20 20 21 21 21 21 22 22 22 22 22 23 23 23 23 23 23 23 23 23 23 23 23 23 22 22 22 22 22 21 21    685
SEP  21 21 20 20 20 19 19 19 19 18 18 18 18 17 17 17 17 16 16 16 16 16 15 15 15 15 14 14 14 14       514
OCT  14 13 13 13 13 12 12 12 12 12 12 11 11 11 11 11 11 10 10 10 10 10 10 10  9  9  9  9  9  9  9    337
NOV   9  9  8  8  8  8  8  8  8  8  8  8  8  8  8  8  8  8  8  8  8  8  8  9  9  9  9  9  9  9       249
DEC   9 10 10 10 10 10 10 11 11 11 11 11 11 11 11 12 12 12 12 12 12 12 12 13 13 13 13 13 13 13 13    357
                                                                                                        
