-------------------------------------------------------------------------------------------------       
 1971-2000 Daily/Monthly Station Normals                                                                
 Provided by National Climatic Data Center/NESDIS/NOAA                                                  
-------------------------------------------------------------------------------------------------       
 Station COOP ID:                           385633                                                      
 Station Name, State, Division, Call:       MCCOLL 3 NNW                       SC 04                    
 Latitude, Longitude, Elevation, Elements:  34 42 18 -079 34 06   190 XNP                               
-------------------------------------------------------------------------------------------------       
 Minimum Temperature (deg F [tenths deg F for monthly])                                                 
 DAY  1  2  3  4  5  6  7  8  9 10 11 12 13 14 15 16 17 18 19 20 21 22 23 24 25 26 27 28 29 30 31  MONTH
-------------------------------------------------------------------------------------------------       
JAN  33 33 33 33 33 33 33 33 33 33 33 33 33 33 33 33 33 33 33 33 33 33 33 33 33 33 33 33 33 33 33    330
FEB  34 34 34 34 34 34 34 34 35 35 35 35 35 35 35 36 36 36 36 36 37 37 37 37 38 38 38 38             356
MAR  39 39 39 39 40 40 40 40 40 41 41 41 41 42 42 42 42 43 43 43 43 44 44 44 44 44 45 45 45 45 45    421
APR  46 46 46 46 47 47 47 47 47 48 48 48 49 49 49 49 50 50 50 50 51 51 51 52 52 52 52 53 53 53       493
MAY  54 54 54 55 55 55 56 56 56 57 57 57 58 58 58 58 59 59 59 60 60 60 60 61 61 61 61 62 62 62 62    583
JUN  63 63 63 63 64 64 64 64 65 65 65 65 66 66 66 66 66 67 67 67 67 67 67 68 68 68 68 68 68 69       659
JUL  69 69 69 69 69 69 70 70 70 70 70 70 70 70 70 70 70 70 70 70 70 70 70 70 70 70 70 70 70 70 70    698
AUG  70 70 69 69 69 69 69 69 69 69 69 69 68 68 68 68 68 68 68 68 68 68 68 67 67 67 67 67 67 67 67    682
SEP  67 67 66 66 66 66 66 66 65 65 65 65 64 64 64 63 63 63 62 62 62 61 61 60 60 59 59 58 58 57       630
OCT  57 56 56 55 55 54 54 53 53 52 52 52 51 51 50 50 50 49 49 49 48 48 48 47 47 47 46 46 46 46 45    504
NOV  45 45 45 45 44 44 44 44 43 43 43 43 43 42 42 42 42 41 41 41 41 40 40 40 40 39 39 39 39 38       419
DEC  38 38 37 37 37 37 37 36 36 36 36 36 35 35 35 35 35 35 34 34 34 34 34 34 34 34 33 33 33 33 33    351
                                                                                                        
-------------------------------------------------------------------------------------------------       
 Maximum Temperature (deg F [tenths deg F for monthly])                                                 
 DAY  1  2  3  4  5  6  7  8  9 10 11 12 13 14 15 16 17 18 19 20 21 22 23 24 25 26 27 28 29 30 31  MONTH
-------------------------------------------------------------------------------------------------       
JAN  54 54 54 54 54 54 54 54 54 54 54 54 54 54 54 54 54 54 54 54 54 54 55 55 55 55 55 55 56 56 56    544
FEB  56 56 57 57 57 57 57 58 58 58 58 59 59 59 59 60 60 60 60 61 61 61 61 62 62 62 62 63             593
MAR  63 63 63 64 64 64 65 65 65 65 66 66 66 67 67 67 67 68 68 68 69 69 69 70 70 70 70 71 71 71 72    672
APR  72 72 73 73 73 73 74 74 74 75 75 75 75 76 76 76 76 77 77 77 77 78 78 78 78 79 79 79 79 79       759
MAY  80 80 80 80 80 81 81 81 81 81 82 82 82 82 82 83 83 83 83 83 84 84 84 84 85 85 85 85 86 86 86    827
JUN  86 87 87 87 87 87 88 88 88 88 88 89 89 89 89 89 89 90 90 90 90 90 90 90 90 91 91 91 91 91       890
JUL  91 91 91 91 91 91 91 92 92 92 92 92 92 92 92 92 92 92 92 92 92 92 92 91 91 91 91 91 91 91 91    915
AUG  91 91 91 91 90 90 90 90 90 90 90 90 90 89 89 89 89 89 89 89 89 89 89 88 88 88 88 88 88 88 88    893
SEP  88 87 87 87 87 87 87 86 86 86 86 86 85 85 85 85 85 84 84 84 83 83 83 82 82 82 81 81 81 80       845
OCT  80 80 79 79 78 78 78 77 77 77 76 76 76 75 75 75 74 74 74 74 73 73 73 72 72 72 72 71 71 71 70    749
NOV  70 70 70 69 69 69 69 68 68 68 68 67 67 67 66 66 66 65 65 65 64 64 64 63 63 63 62 62 62 61       660
DEC  61 61 60 60 60 59 59 59 59 58 58 58 57 57 57 57 57 56 56 56 56 56 55 55 55 55 55 55 55 54 54    571
                                                                                                        
-------------------------------------------------------------------------------------------------       
 Average Temperature (deg F [tenths deg F for monthly])                                                 
 DAY  1  2  3  4  5  6  7  8  9 10 11 12 13 14 15 16 17 18 19 20 21 22 23 24 25 26 27 28 29 30 31  MONTH
-------------------------------------------------------------------------------------------------       
JAN  44 44 44 44 43 43 43 43 43 43 43 43 43 43 43 43 44 44 44 44 44 44 44 44 44 44 44 44 45 45 45    437
FEB  45 45 45 45 46 46 46 46 46 46 47 47 47 47 47 48 48 48 48 49 49 49 49 50 50 50 50 51             475
MAR  51 51 51 52 52 52 52 53 53 53 53 54 54 54 54 55 55 55 55 56 56 56 57 57 57 57 58 58 58 58 59    547
APR  59 59 59 60 60 60 60 61 61 61 61 62 62 62 62 63 63 63 64 64 64 64 65 65 65 65 66 66 66 66       626
MAY  67 67 67 67 68 68 68 68 69 69 69 69 70 70 70 71 71 71 71 72 72 72 72 73 73 73 73 74 74 74 74    705
JUN  75 75 75 75 75 76 76 76 76 77 77 77 77 77 78 78 78 78 78 78 79 79 79 79 79 79 79 80 80 80       775
JUL  80 80 80 80 80 80 81 81 81 81 81 81 81 81 81 81 81 81 81 81 81 81 81 81 81 81 81 81 80 80 80    807
AUG  80 80 80 80 80 80 80 80 80 79 79 79 79 79 79 79 79 79 79 78 78 78 78 78 78 78 78 78 77 77 77    788
SEP  77 77 77 77 77 76 76 76 76 76 75 75 75 75 74 74 74 73 73 73 73 72 72 71 71 71 70 70 69 69       738
OCT  68 68 68 67 67 66 66 65 65 65 64 64 64 63 63 62 62 62 61 61 61 60 60 60 60 59 59 59 59 58 58    627
NOV  58 58 57 57 57 57 56 56 56 56 55 55 55 54 54 54 54 53 53 53 53 52 52 52 51 51 51 50 50 50       540
DEC  50 49 49 49 48 48 48 48 47 47 47 47 46 46 46 46 46 45 45 45 45 45 45 44 44 44 44 44 44 44 44    461
                                                                                                        
-------------------------------------------------------------------------------------------------       
 Heating Degree Days                                                                                    
 DAY  1  2  3  4  5  6  7  8  9 10 11 12 13 14 15 16 17 18 19 20 21 22 23 24 25 26 27 28 29 30 31  MONTH
-------------------------------------------------------------------------------------------------       
JAN  21 21 22 22 22 22 22 22 22 22 22 22 22 22 22 22 22 22 21 21 21 21 21 21 21 21 21 21 20 20 20    664
FEB  20 20 20 20 19 19 19 19 19 19 18 18 18 18 18 17 17 17 17 16 16 16 16 16 15 15 15 15             492
MAR  14 14 14 14 13 13 13 13 12 12 12 12 11 11 11 11 10 10 10 10  9  9  9  9  9  8  8  8  8  7  7    331
APR   7  7  6  6  6  6  5  5  5  5  5  4  4  4  4  4  4  3  3  3  3  3  3  2  2  2  2  2  2  2       119
MAY   2  2  2  1  1  1  1  1  1  1  1  1  1  1  1  1  0  0  0  0  0  0  0  0  0  0  0  0  0  0  0     19
JUN   0  0  0  0  0  0  0  0  0  0  0  0  0  0  0  0  0  0  0  0  0  0  0  0  0  0  0  0  0  0         0
JUL   0  0  0  0  0  0  0  0  0  0  0  0  0  0  0  0  0  0  0  0  0  0  0  0  0  0  0  0  0  0  0      0
AUG   0  0  0  0  0  0  0  0  0  0  0  0  0  0  0  0  0  0  0  0  0  0  0  0  0  0  0  0  0  0  0      0
SEP   0  0  0  0  0  0  0  0  0  0  0  0  0  0  0  0  0  0  0  0  0  1  1  1  1  1  1  1  2  2        11
OCT   2  2  3  3  3  3  3  3  4  4  4  4  4  5  5  5  5  5  6  6  6  6  6  7  7  7  7  7  8  8  8    156
NOV   8  8  9  9  9  9  9 10 10 10 10 10 11 11 11 11 12 12 12 13 13 13 13 14 14 14 15 15 15 15       345
DEC  16 16 16 17 17 17 17 18 18 18 18 19 19 19 19 20 20 20 20 20 20 21 21 21 21 21 21 21 21 21 21    594
                                                                                                        
-------------------------------------------------------------------------------------------------       
 Cooling Degree Days                                                                                    
 DAY  1  2  3  4  5  6  7  8  9 10 11 12 13 14 15 16 17 18 19 20 21 22 23 24 25 26 27 28 29 30 31  MONTH
-------------------------------------------------------------------------------------------------       
JAN   0  0  0  0  0  0  0  0  0  0  0  0  0  0  0  0  0  0  0  0  0  0  0  0  0  0  0  0  0  0  0      0
FEB   0  0  0  0  0  0  0  0  0  0  0  0  0  0  0  0  0  0  0  0  0  0  0  0  0  0  0  0               0
MAR   0  0  0  0  0  0  0  0  0  0  0  0  0  0  0  0  0  0  0  0  1  1  1  1  1  1  1  1  1  1  1     11
APR   1  1  1  1  1  1  1  1  1  1  1  1  1  1  1  1  1  2  2  2  2  2  2  2  2  2  3  3  3  3        47
MAY   3  3  4  4  4  4  4  5  5  5  5  5  5  6  6  6  6  6  7  7  7  7  8  8  8  8  8  9  9  9  9    190
JUN  10 10 10 10 10 11 11 11 11 12 12 12 12 12 12 13 13 13 13 13 14 14 14 14 14 14 14 15 15 15       374
JUL  15 15 15 15 15 15 15 15 16 16 16 16 16 16 16 16 16 16 16 16 16 16 16 16 16 16 16 16 15 15 15    485
AUG  15 15 15 15 15 15 15 15 15 15 14 14 14 14 14 14 14 14 14 13 13 13 13 13 13 13 12 12 12 12 12    427
SEP  12 12 11 11 11 11 11 11 10 10 10 10 10 10  9  9  9  9  9  8  8  8  8  7  7  7  7  6  6  6       273
OCT   6  5  5  5  5  4  4  4  4  3  3  3  3  3  3  2  2  2  2  2  2  2  2  1  1  1  1  1  1  1  1     84
NOV   1  1  1  1  1  1  1  1  1  1  1  1  1  1  0  0  0  0  0  0  0  0  0  0  0  0  0  0  0  0        14
DEC -99-99-99-99-99-99-99  0  0  0  0  0  0  0  0  0  0  0  0  0  0  0  0  0  0  0  0  0  0  0  0      7
                                                                                                        
-------------------------------------------------------------------------------------------------       
 Total  Precipitation (Hundreths of an Inch)                                                            
 DAY  1  2  3  4  5  6  7  8  9 10 11 12 13 14 15 16 17 18 19 20 21 22 23 24 25 26 27 28 29 30 31  MONTH
-------------------------------------------------------------------------------------------------       
JAN  11 11 11 11 11 11 12 12 12 12 12 12 12 12 12 12 12 12 13 13 13 13 13 12 12 12 12 12 12 12 12    371
FEB  12 12 12 12 12 12 12 12 11 11 11 11 11 11 11 11 11 12 12 12 12 12 12 12 12 12 12 12             327
MAR  12 12 13 13 13 13 13 13 13 13 13 13 13 13 13 12 12 12 12 12 12 12 12 11 11 11 11 11 10 10 10    374
APR   9  9  9  9  8  8  8  8  8  7  7  7  7  7  7  7  7  7  7  7  6  6  7  7  7  7  7  7  7  7       221
MAY   7  7  7  8  8  8  8  8  8  8  9  9  9  9  9  9  9  9  9 10 10 10 10 10 10 10 10 11 11 11 11    282
JUN  11 11 11 11 12 12 12 12 12 12 12 12 12 12 12 13 13 13 13 13 13 13 13 13 13 13 13 13 13 14       372
JUL  13 13 14 14 14 14 14 14 14 14 14 14 14 14 14 14 14 14 14 13 13 13 13 13 13 13 13 13 13 13 13    420
AUG  13 13 13 12 12 12 12 12 12 12 12 12 12 12 12 12 12 12 12 12 12 12 12 12 12 12 12 12 12 12 12    375
SEP  12 12 13 13 13 13 13 13 13 13 13 13 13 12 12 12 12 12 12 12 12 12 11 11 11 11 11 10 10 10       360
OCT  10 10  9  9  9  9  9  8  8  8  8  8  8  8  8  8  7  7  7  7  7  7  7  8  8  8  8  8  8  8  8    250
NOV   8  8  9  9  9  9  9  9  9  9  9  9  9  9 10 10 10 10 10 10 10 10  9  9  9  9  9  9  9  9       276
DEC   9  9  9  9  9  9  8  8  8  8  8  8  8  8  8  9  9  9  9  9  9  9  9  9  9 10 10 10 10 10 10    276
                                                                                                        
