-------------------------------------------------------------------------------------------------       
 1971-2000 Daily/Monthly Station Normals                                                                
 Provided by National Climatic Data Center/NESDIS/NOAA                                                  
-------------------------------------------------------------------------------------------------       
 Station COOP ID:                           383106                                                      
 Station Name, State, Division, Call:       FLORENCE RGNL AP                   SC 04 FLO                
 Latitude, Longitude, Elevation, Elements:  34 11 37 -079 43 44   146 XNP                               
-------------------------------------------------------------------------------------------------       
 Minimum Temperature (deg F [tenths deg F for monthly])                                                 
 DAY  1  2  3  4  5  6  7  8  9 10 11 12 13 14 15 16 17 18 19 20 21 22 23 24 25 26 27 28 29 30 31  MONTH
-------------------------------------------------------------------------------------------------       
JAN  36 36 35 35 35 35 35 35 35 35 35 35 35 35 35 35 35 35 35 35 35 35 35 35 35 35 35 35 36 36 36    352
FEB  36 36 36 36 36 36 36 36 37 37 37 37 37 37 37 38 38 38 38 38 39 39 39 39 40 40 40 40             376
MAR  41 41 41 42 42 42 42 43 43 43 43 44 44 44 44 44 45 45 45 45 46 46 46 46 46 47 47 47 47 47 48    444
APR  48 48 48 48 48 49 49 49 49 50 50 50 50 50 51 51 51 51 52 52 52 53 53 53 53 54 54 54 55 55       510
MAY  55 56 56 56 57 57 57 58 58 58 58 59 59 59 60 60 60 61 61 61 61 62 62 62 63 63 63 63 64 64 64    599
JUN  64 65 65 65 65 66 66 66 66 67 67 67 67 67 68 68 68 68 68 69 69 69 69 69 70 70 70 70 70 70       676
JUL  70 71 71 71 71 71 71 71 71 71 71 72 72 72 72 72 72 72 72 72 72 72 72 72 72 72 72 72 72 72 72    716
AUG  72 72 72 71 71 71 71 71 71 71 71 71 71 71 71 70 70 70 70 70 70 70 70 70 70 69 69 69 69 69 69    704
SEP  69 69 68 68 68 68 68 67 67 67 67 66 66 66 66 65 65 65 64 64 64 63 63 62 62 61 61 61 60 60       650
OCT  59 59 58 58 57 57 56 56 55 55 55 54 54 53 53 53 52 52 51 51 51 50 50 50 50 49 49 49 48 48 48    529
NOV  48 47 47 47 47 47 46 46 46 46 45 45 45 45 44 44 44 44 43 43 43 43 42 42 42 42 41 41 41 40       442
DEC  40 40 40 39 39 39 39 39 38 38 38 38 38 37 37 37 37 37 37 37 36 36 36 36 36 36 36 36 36 36 35    374
                                                                                                        
-------------------------------------------------------------------------------------------------       
 Maximum Temperature (deg F [tenths deg F for monthly])                                                 
 DAY  1  2  3  4  5  6  7  8  9 10 11 12 13 14 15 16 17 18 19 20 21 22 23 24 25 26 27 28 29 30 31  MONTH
-------------------------------------------------------------------------------------------------       
JAN  55 55 55 55 55 55 54 54 54 54 54 54 54 54 54 54 55 55 55 55 55 55 55 55 55 55 55 56 56 56 56    548
FEB  56 56 57 57 57 57 57 57 58 58 58 58 59 59 59 59 60 60 60 60 61 61 61 61 62 62 62 63             591
MAR  63 63 63 64 64 64 65 65 65 66 66 66 66 67 67 67 68 68 68 68 69 69 69 69 70 70 70 71 71 71 71    672
APR  72 72 72 72 73 73 73 73 74 74 74 74 75 75 75 75 76 76 76 76 77 77 77 77 77 78 78 78 78 79       752
MAY  79 79 79 80 80 80 80 80 81 81 81 81 81 82 82 82 82 82 83 83 83 83 83 84 84 84 84 84 85 85 85    820
JUN  85 85 86 86 86 86 86 86 87 87 87 87 87 87 88 88 88 88 88 88 89 89 89 89 89 89 89 89 90 90       876
JUL  90 90 90 90 90 90 90 90 91 91 91 91 91 91 91 91 91 91 91 91 91 91 91 91 91 91 91 91 91 91 90    907
AUG  91 90 90 90 90 90 90 90 90 90 90 90 89 89 89 89 89 89 89 89 89 89 88 88 88 88 88 88 88 88 87    891
SEP  87 87 87 87 87 87 86 86 86 86 86 85 85 85 85 84 84 84 84 83 83 83 83 82 82 82 81 81 81 80       843
OCT  80 80 79 79 79 78 78 78 77 77 77 76 76 76 75 75 75 74 74 74 74 73 73 73 72 72 72 72 71 71 71    752
NOV  71 70 70 70 70 69 69 69 69 68 68 68 68 67 67 67 66 66 66 65 65 65 64 64 64 63 63 63 62 62       666
DEC  62 61 61 61 60 60 60 59 59 59 59 58 58 58 57 57 57 57 57 56 56 56 56 56 56 55 55 55 55 55 55    576
                                                                                                        
-------------------------------------------------------------------------------------------------       
 Average Temperature (deg F [tenths deg F for monthly])                                                 
 DAY  1  2  3  4  5  6  7  8  9 10 11 12 13 14 15 16 17 18 19 20 21 22 23 24 25 26 27 28 29 30 31  MONTH
-------------------------------------------------------------------------------------------------       
JAN  45 45 45 45 45 45 45 45 45 45 45 44 44 45 45 45 45 45 45 45 45 45 45 45 45 45 45 45 46 46 46    450
FEB  46 46 46 46 46 47 47 47 47 47 48 48 48 48 48 49 49 49 49 49 50 50 50 50 51 51 51 52             484
MAR  52 52 52 53 53 53 54 54 54 54 55 55 55 55 56 56 56 56 57 57 57 57 58 58 58 58 59 59 59 59 59    558
APR  60 60 60 60 61 61 61 61 61 62 62 62 62 63 63 63 63 64 64 64 64 65 65 65 65 66 66 66 67 67       631
MAY  67 67 68 68 68 68 69 69 69 70 70 70 70 71 71 71 71 72 72 72 72 73 73 73 73 73 74 74 74 74 75    710
JUN  75 75 75 75 76 76 76 76 76 77 77 77 77 77 78 78 78 78 78 79 79 79 79 79 79 79 80 80 80 80       776
JUL  80 80 80 81 81 81 81 81 81 81 81 81 81 81 81 81 82 82 82 82 82 82 82 82 82 81 81 81 81 81 81    812
AUG  81 81 81 81 81 81 81 81 81 80 80 80 80 80 80 80 80 80 80 79 79 79 79 79 79 79 79 79 78 78 78    798
SEP  78 78 78 78 77 77 77 77 77 76 76 76 76 76 75 75 75 74 74 74 73 73 73 72 72 72 71 71 70 70       747
OCT  70 69 69 68 68 67 67 67 66 66 66 65 65 65 64 64 63 63 63 63 62 62 62 61 61 61 61 60 60 60 59    641
NOV  59 59 59 59 58 58 58 57 57 57 57 56 56 56 56 55 55 55 55 54 54 54 53 53 53 52 52 52 52 51       554
DEC  51 51 50 50 50 50 49 49 49 48 48 48 48 48 47 47 47 47 47 46 46 46 46 46 46 46 46 45 45 45 45    475
                                                                                                        
-------------------------------------------------------------------------------------------------       
 Heating Degree Days                                                                                    
 DAY  1  2  3  4  5  6  7  8  9 10 11 12 13 14 15 16 17 18 19 20 21 22 23 24 25 26 27 28 29 30 31  MONTH
-------------------------------------------------------------------------------------------------       
JAN  20 20 20 20 20 20 21 21 21 21 21 21 21 21 21 21 21 21 21 21 20 20 20 20 20 20 20 20 20 20 20    634
FEB  19 19 19 19 19 19 18 18 18 18 18 18 17 17 17 17 17 16 16 16 16 15 15 15 15 14 14 14             473
MAR  13 13 13 13 12 12 12 12 11 11 11 11 10 10 10 10  9  9  9  9  9  8  8  8  8  7  7  7  7  7  6    302
APR   6  6  6  6  5  5  5  5  5  5  4  4  4  4  4  4  4  3  3  3  3  3  3  3  2  2  2  2  2  2       115
MAY   2  2  2  1  1  1  1  1  1  1  1  1  1  1  1  1  1  0  0  0  0  0  0  0  0  0  0  0  0  0  0     20
JUN   0  0  0  0  0  0  0  0  0  0  0  0  0  0  0  0  0  0  0  0  0  0  0  0  0  0  0  0  0  0         0
JUL   0  0  0  0  0  0  0  0  0  0  0  0  0  0  0  0  0  0  0  0  0  0  0  0  0  0  0  0  0  0  0      0
AUG   0  0  0  0  0  0  0  0  0  0  0  0  0  0  0  0  0  0  0  0  0  0  0  0  0  0  0  0  0  0  0      0
SEP   0  0  0  0  0  0  0  0  0  0  0  0  0  0  0  0  0  0  0  0  0  0  0  0  0  1  1  1  1  1         5
OCT   1  2  2  2  2  2  2  3  3  3  3  3  3  4  4  4  4  4  4  5  5  5  5  5  6  6  6  6  6  6  7    123
NOV   7  7  7  8  8  8  8  8  9  9  9  9 10 10 10 10 10 11 11 11 11 12 12 12 13 13 13 13 14 14       307
DEC  14 14 15 15 15 16 16 16 16 16 17 17 17 17 18 18 18 18 18 19 19 19 19 19 19 19 20 20 20 20 20    544
                                                                                                        
-------------------------------------------------------------------------------------------------       
 Cooling Degree Days                                                                                    
 DAY  1  2  3  4  5  6  7  8  9 10 11 12 13 14 15 16 17 18 19 20 21 22 23 24 25 26 27 28 29 30 31  MONTH
-------------------------------------------------------------------------------------------------       
JAN   0  0  0  0  0  0  0  0  0  0  0  0  0  0  0  0  0  0  0  0  0  0  0  0  0  0  0  0  0  0  0      0
FEB   0  0  0  0  0  0  0  0  0  0  0  0  0  0  0  0  0  0  0  0  0  0-99-99-99-99-99-99               6
MAR   0  0  0  0  0  0  0  0  0  0  0  0  0  0  1  1  1  1  1  1  1  1  1  1  1  1  1  1  1  1  1     17
APR   1  1  1  1  1  1  1  1  1  1  1  1  2  2  2  2  2  2  2  2  2  3  3  3  3  3  3  3  3  4        58
MAY   4  4  4  4  4  5  5  5  5  5  6  6  6  6  6  6  7  7  7  7  7  8  8  8  8  9  9  9  9  9 10    203
JUN  10 10 10 10 11 11 11 11 12 12 12 12 12 12 13 13 13 13 13 14 14 14 14 14 14 14 15 15 15 15       379
JUL  15 15 15 16 16 16 16 16 16 16 16 16 16 16 16 16 16 17 17 17 17 17 17 17 17 16 16 16 16 16 16    501
AUG  16 16 16 16 16 16 16 16 16 15 15 15 15 15 15 15 15 15 15 14 14 14 14 14 14 14 13 13 13 13 13    457
SEP  13 13 12 12 12 12 12 11 11 11 11 11 11 10 10 10 10  9  9  9  9  8  8  8  8  7  7  7  7  6       294
OCT   6  6  6  5  5  5  4  4  4  4  4  3  3  3  3  3  3  2  2  2  2  2  2  2  2  1  1  1  1  1  1     93
NOV   1  1  1  1  1  1  1  1  1  1  1  1  1  1  1  1  1  1  1  0  0  0  0  0  0  0  0  0  0  0        19
DEC -99-99  0  0  0  0  0  0  0  0  0  0  0  0  0  0  0  0  0  0  0  0  0  0  0  0  0  0  0  0  0      2
                                                                                                        
-------------------------------------------------------------------------------------------------       
 Total  Precipitation (Hundreths of an Inch)                                                            
 DAY  1  2  3  4  5  6  7  8  9 10 11 12 13 14 15 16 17 18 19 20 21 22 23 24 25 26 27 28 29 30 31  MONTH
-------------------------------------------------------------------------------------------------       
JAN  13 13 13 13 13 13 14 14 14 14 14 14 14 14 14 14 14 13 13 13 13 13 13 13 13 13 12 12 12 12 12    409
FEB  12 11 11 11 11 11 11 11 11 10 10 10 10 10 10 10 10 10 11 11 11 11 11 11 11 11 12 12             302
MAR  12 12 12 13 13 13 13 13 13 13 13 13 14 14 14 14 14 13 13 13 13 13 13 13 13 13 12 12 12 12 12    400
APR  11 11 11 10 10 10 10 10 10  9  9  9  9  9  9  9  9  9  9  9  8  8  8  9  9  9  9  9  9  9       279
MAY   9  9  9  9 10 10 10 10 10 10 10 10 10 10 11 11 11 11 11 11 11 11 11 12 12 12 12 12 12 12 12    331
JUN  13 13 13 13 13 13 13 13 13 14 14 14 14 14 14 14 14 15 15 15 15 15 15 15 15 15 15 16 16 16       427
JUL  16 16 16 16 16 16 16 16 17 17 17 17 17 17 17 17 17 17 17 17 17 17 18 18 18 18 18 18 18 18 18    528
AUG  18 18 18 18 18 18 18 18 18 18 18 18 18 18 18 18 17 17 17 17 17 17 17 16 16 16 16 16 16 15 15    533
SEP  15 15 14 14 14 14 13 13 13 13 13 13 12 12 12 12 12 12 12 11 11 11 11 11 11 11 11 11 10 10       367
OCT  10 10 10 10 10 10 10 10 10 10 10 10 10 10 10  9  9  9  9  9  9  9  9  9  9  9  9  9  9  9  9    294
NOV   9  9  9  9  8  8  8  8  8  8  8  8  8  8  8  9  9  9  9  9  9  9  9  9  9  9  9  9  9  9       259
DEC   9 10 10 10 10 10 10 10 10 10 11 11 11 11 11 11 11 11 12 12 12 12 12 12 12 12 12 13 13 13 13    347
                                                                                                        
