-------------------------------------------------------------------------------------------------       
 1971-2000 Daily/Monthly Station Normals                                                                
 Provided by National Climatic Data Center/NESDIS/NOAA                                                  
-------------------------------------------------------------------------------------------------       
 Station COOP ID:                           247560                                                      
 Station Name, State, Division, Call:       SIDNEY                             MT 06                    
 Latitude, Longitude, Elevation, Elements:  47 43 42 -104 08 50  1920 XNP                               
-------------------------------------------------------------------------------------------------       
 Minimum Temperature (deg F [tenths deg F for monthly])                                                 
 DAY  1  2  3  4  5  6  7  8  9 10 11 12 13 14 15 16 17 18 19 20 21 22 23 24 25 26 27 28 29 30 31  MONTH
-------------------------------------------------------------------------------------------------       
JAN   3  3  3  2  2  2  2  2  2  2  2  2  2  2  2  2  2  2  2  2  2  3  3  3  3  4  4  4  5  5  5     27
FEB   6  6  7  7  7  8  8  8  9  9 10 10 10 11 11 11 12 12 12 13 13 13 14 14 14 15 15 15             107
MAR  16 16 16 17 17 17 18 18 18 18 19 19 19 20 20 21 21 21 22 22 22 23 23 23 24 24 24 25 25 25 26    206
APR  26 27 27 27 28 28 28 29 29 29 30 30 31 31 31 32 32 33 33 33 34 34 35 35 35 36 36 36 37 37       316
MAY  38 38 39 39 39 40 40 40 41 41 42 42 42 43 43 43 44 44 45 45 45 46 46 46 46 47 47 47 48 48 48    433
JUN  49 49 49 49 50 50 50 51 51 51 51 52 52 52 52 52 53 53 53 53 53 54 54 54 54 54 54 54 55 55       521
JUL  55 55 55 55 55 55 55 56 56 56 56 56 56 56 56 56 56 56 56 56 56 57 57 57 57 57 57 57 57 57 57    561
AUG  57 57 57 57 57 57 57 56 56 56 56 56 56 56 55 55 55 55 54 54 54 54 53 53 53 52 52 51 51 51 50    546
SEP  50 49 49 48 48 47 47 47 46 46 45 45 45 44 44 44 43 43 43 42 42 42 41 41 41 40 40 40 39 39       440
OCT  39 39 38 38 38 37 37 37 37 36 36 35 35 35 34 34 34 33 33 32 32 31 31 30 30 30 29 29 28 28 27    336
NOV  27 26 25 25 24 24 23 23 22 22 21 21 20 20 20 19 18 18 18 17 17 16 16 15 15 15 14 14 13 13       194
DEC  13 12 12 11 11 11 10 10 10  9  9  9  8  8  8  7  7  7  6  6  6  6  5  5  5  4  4  4  4  3  3     75
                                                                                                        
-------------------------------------------------------------------------------------------------       
 Maximum Temperature (deg F [tenths deg F for monthly])                                                 
 DAY  1  2  3  4  5  6  7  8  9 10 11 12 13 14 15 16 17 18 19 20 21 22 23 24 25 26 27 28 29 30 31  MONTH
-------------------------------------------------------------------------------------------------       
JAN  24 24 24 24 24 24 24 24 24 23 23 23 24 24 24 24 24 24 24 24 24 25 25 25 25 26 26 26 27 27 27    245
FEB  28 28 28 29 29 30 30 30 31 31 32 32 32 33 33 34 34 34 35 35 36 36 36 37 37 38 38 38             330
MAR  39 39 40 40 40 41 41 42 42 43 43 44 44 44 45 45 46 46 47 47 48 48 49 49 50 51 51 52 52 53 53    456
APR  54 54 55 55 56 56 57 58 58 59 59 59 60 60 61 61 62 62 63 63 64 64 64 65 65 66 66 67 67 67       609
MAY  68 68 68 69 69 69 70 70 71 71 71 72 72 72 72 73 73 73 74 74 74 75 75 75 75 76 76 76 76 77 77    726
JUN  77 77 78 78 78 78 79 79 79 79 80 80 80 80 81 81 81 81 81 82 82 82 82 83 83 83 83 83 84 84       806
JUL  84 84 84 85 85 85 85 85 85 86 86 86 86 86 86 86 87 87 87 87 87 87 87 87 87 88 88 88 88 88 88    863
AUG  88 88 88 88 88 88 88 88 88 88 88 87 87 87 87 87 86 86 86 86 85 85 85 84 84 83 83 82 82 82 81    859
SEP  81 80 80 79 79 78 78 77 77 76 76 75 75 74 74 73 73 73 72 72 71 71 71 70 70 70 69 69 69 68       740
OCT  68 68 67 67 66 66 66 65 65 64 64 63 63 62 61 61 60 60 59 58 58 57 56 56 55 54 54 53 52 51 50    603
NOV  50 49 48 47 46 46 45 44 43 43 42 42 41 40 40 39 39 38 37 37 36 36 35 35 35 34 34 33 33 33       400
DEC  32 32 32 31 31 31 30 30 30 30 29 29 29 28 28 28 28 27 27 27 27 26 26 26 26 26 25 25 25 25 25    281
                                                                                                        
-------------------------------------------------------------------------------------------------       
 Average Temperature (deg F [tenths deg F for monthly])                                                 
 DAY  1  2  3  4  5  6  7  8  9 10 11 12 13 14 15 16 17 18 19 20 21 22 23 24 25 26 27 28 29 30 31  MONTH
-------------------------------------------------------------------------------------------------       
JAN  14 13 13 13 13 13 13 13 13 13 12 13 13 13 13 13 13 13 13 13 13 14 14 14 14 15 15 15 16 16 16    136
FEB  17 17 18 18 18 19 19 19 20 20 21 21 21 22 22 22 23 23 24 24 24 25 25 25 26 26 27 27             219
MAR  27 28 28 28 29 29 29 30 30 31 31 31 32 32 33 33 33 34 34 35 35 35 36 36 37 37 38 38 39 39 39    331
APR  40 40 41 41 42 42 43 43 44 44 44 45 45 46 46 47 47 47 48 48 49 49 50 50 50 51 51 52 52 52       463
MAY  53 53 54 54 54 55 55 55 56 56 56 57 57 57 58 58 59 59 59 59 60 60 60 61 61 61 62 62 62 62 63    580
JUN  63 63 64 64 64 64 65 65 65 65 66 66 66 66 66 67 67 67 67 67 68 68 68 68 68 69 69 69 69 69       664
JUL  69 70 70 70 70 70 70 70 71 71 71 71 71 71 71 71 72 72 72 72 72 72 72 72 72 72 72 72 72 72 72    712
AUG  72 73 73 72 72 72 72 72 72 72 72 72 72 71 71 71 71 71 70 70 70 69 69 69 68 68 67 67 67 66 66    703
SEP  65 65 64 64 63 63 62 62 61 61 61 60 60 59 59 59 58 58 57 57 57 56 56 56 55 55 55 54 54 54       590
OCT  53 53 53 53 52 52 51 51 51 50 50 49 49 48 48 48 47 47 46 45 45 44 44 43 43 42 41 41 40 39 39    470
NOV  38 37 37 36 35 35 34 34 33 32 32 31 31 30 30 29 28 28 27 27 27 26 26 25 25 24 24 24 23 23       297
DEC  22 22 22 21 21 21 20 20 20 19 19 19 19 18 18 18 17 17 17 17 16 16 16 15 15 15 15 15 14 14 14    178
                                                                                                        
-------------------------------------------------------------------------------------------------       
 Heating Degree Days                                                                                    
 DAY  1  2  3  4  5  6  7  8  9 10 11 12 13 14 15 16 17 18 19 20 21 22 23 24 25 26 27 28 29 30 31  MONTH
-------------------------------------------------------------------------------------------------       
JAN  51 52 52 52 52 52 52 52 52 52 53 53 52 52 52 52 52 52 52 52 52 51 51 51 51 50 50 50 49 49 49   1594
FEB  48 48 47 47 47 46 46 46 45 45 44 44 44 43 43 43 42 42 41 41 41 40 40 40 39 39 38 38            1207
MAR  38 37 37 37 36 36 36 35 35 34 34 34 33 33 32 32 32 31 31 30 30 30 29 29 28 28 27 27 26 26 26    989
APR  25 25 24 24 23 23 22 22 21 21 21 20 20 19 19 18 18 18 17 17 16 16 16 15 15 15 14 14 13 13       564
MAY  13 12 12 12 11 11 11 10 10 10  9  9  9  8  8  8  8  7  7  7  7  7  6  6  6  6  5  5  5  5  5    255
JUN   5  4  4  4  4  4  4  4  3  3  3  3  3  3  3  3  3  2  2  2  2  2  2  2  2  2  2  2  1  1        84
JUL   1  1  1  1  1  1  1  1  1  1  1  1  1  1  1  1  1  1  1  1  1  1  1  1  0  0  0  0  0  0  0     24
AUG   0  0  0  0  1  1  1  1  1  1  1  1  1  1  1  1  1  1  2  2  2  2  2  2  3  3  3  3  3  3  4     48
SEP   4  4  4  5  5  5  5  5  6  6  6  6  7  7  7  7  8  8  8  8  9  9  9 10 10 10 10 11 11 11       221
OCT  12 12 12 12 13 13 14 14 14 15 15 16 16 17 17 18 18 19 19 20 20 21 21 22 22 23 24 24 25 26 26    560
NOV  27 28 28 29 30 30 31 32 32 33 33 34 34 35 35 36 37 37 38 38 38 39 39 40 40 41 41 41 42 42      1060
DEC  43 43 43 44 44 44 45 45 45 46 46 46 46 47 47 47 48 48 48 48 49 49 49 50 50 50 50 50 51 51 51   1463
                                                                                                        
-------------------------------------------------------------------------------------------------       
 Cooling Degree Days                                                                                    
 DAY  1  2  3  4  5  6  7  8  9 10 11 12 13 14 15 16 17 18 19 20 21 22 23 24 25 26 27 28 29 30 31  MONTH
-------------------------------------------------------------------------------------------------       
JAN   0  0  0  0  0  0  0  0  0  0  0  0  0  0  0  0  0  0  0  0  0  0  0  0  0  0  0  0  0  0  0      0
FEB   0  0  0  0  0  0  0  0  0  0  0  0  0  0  0  0  0  0  0  0  0  0  0  0  0  0  0  0               0
MAR   0  0  0  0  0  0  0  0  0  0  0  0  0  0  0  0  0  0  0  0  0  0  0  0  0  0  0  0  0  0  0      0
APR   0  0  0  0  0  0  0  0  0  0  0  0  0  0  0  0  0  0  0  0  0  0  0  0  0  0  0  0-99-99         2
MAY   0  0  0  0  0  1  1  1  1  1  1  1  1  1  1  1  1  1  1  1  1  2  2  2  2  2  2  2  2  2  2     36
JUN   3  3  3  3  3  3  3  3  3  4  4  4  4  4  4  4  4  4  4  5  5  5  5  5  5  5  5  5  6  6       124
JUL   6  6  6  6  6  6  6  6  7  7  7  7  7  7  7  7  7  7  7  7  7  7  7  8  8  8  8  8  8  8  8    217
AUG   8  8  8  8  8  8  8  8  8  8  8  8  7  7  7  7  7  7  7  7  6  6  6  6  6  5  5  5  5  5  4    211
SEP   4  4  4  3  3  3  3  2  2  2  2  2  1  1  1  1  1  1  1  1  0  0  0  0  0  0  0  0  0  0        42
OCT   0  0  0  0  0  0  0  0  0  0  0  0  0  0  0  0  0  0  0  0  0  0  0  0  0  0  0  0  0  0  0      0
NOV   0  0  0  0  0  0  0  0  0  0  0  0  0  0  0  0  0  0  0  0  0  0  0  0  0  0  0  0  0  0         0
DEC   0  0  0  0  0  0  0  0  0  0  0  0  0  0  0  0  0  0  0  0  0  0  0  0  0  0  0  0  0  0  0      0
                                                                                                        
-------------------------------------------------------------------------------------------------       
 Total  Precipitation (Hundreths of an Inch)                                                            
 DAY  1  2  3  4  5  6  7  8  9 10 11 12 13 14 15 16 17 18 19 20 21 22 23 24 25 26 27 28 29 30 31  MONTH
-------------------------------------------------------------------------------------------------       
JAN   2  2  2  2  2  2  2  2  2  2  1  1  1  1  1  1  1  1  1  1  1  1  1  1  1  1  1  1  1  1  1     41
FEB   1  1  1  1  1  1  1  1  1  1  1  1  1  1  1  1  1  1  1  1  2  2  2  2  2  2  2  2              36
MAR   1  1  1  1  1  1  2  2  2  2  2  2  2  2  2  2  2  2  2  2  2  2  2  2  2  2  2  2  2  2  2     56
APR   2  3  3  3  3  3  3  3  3  3  3  3  3  3  3  4  4  4  4  4  4  4  4  4  4  4  4  5  5  5       107
MAY   5  5  5  5  5  5  5  6  6  6  6  6  6  6  6  6  7  7  7  7  7  7  7  8  8  8  8  8  8  8  8    202
JUN   9  9  9  9  9  9  9  9  9  9  9 10 10 10 10 10 10 10 10 10 10  9  9  9  9  9  9  9  9  9       280
JUL   9  9  8  8  8  8  8  8  8  8  8  7  7  7  7  7  7  7  7  6  6  6  6  6  6  6  6  5  5  5  5    214
AUG   5  5  5  5  5  5  4  4  4  4  4  4  4  4  4  4  4  4  4  4  4  4  4  4  4  4  4  4  4  4  5    131
SEP   5  5  5  5  5  5  5  5  5  5  5  5  5  5  5  5  5  5  5  5  5  5  5  5  5  5  5  5  5  5       150
OCT   4  4  4  4  4  4  4  4  4  4  4  3  3  3  3  3  3  3  3  3  3  3  3  3  3  3  3  3  3  2  2    102
NOV   3  3  3  2  2  2  2  2  2  2  2  2  2  2  2  2  2  2  2  2  2  2  2  2  2  2  2  2  2  2        63
DEC   2  2  2  2  2  2  2  2  2  2  2  2  2  2  2  2  2  2  1  1  1  1  1  1  1  1  1  1  1  1  1     49
                                                                                                        
