-------------------------------------------------------------------------------------------------       
 1971-2000 Daily/Monthly Station Normals                                                                
 Provided by National Climatic Data Center/NESDIS/NOAA                                                  
-------------------------------------------------------------------------------------------------       
 Station COOP ID:                           245870                                                      
 Station Name, State, Division, Call:       MOORHEAD 9 NE                      MT 07                    
 Latitude, Longitude, Elevation, Elements:  45 10 30 -105 45 08  3220 XNP                               
-------------------------------------------------------------------------------------------------       
 Minimum Temperature (deg F [tenths deg F for monthly])                                                 
 DAY  1  2  3  4  5  6  7  8  9 10 11 12 13 14 15 16 17 18 19 20 21 22 23 24 25 26 27 28 29 30 31  MONTH
-------------------------------------------------------------------------------------------------       
JAN   7  7  7  7  7  7  7  7  7  7  7  7  7  7  7  7  7  7  7  7  7  8  8  8  8  8  9  9  9  9 10     75
FEB  10 10 11 11 11 12 12 12 13 13 13 13 14 14 14 15 15 15 15 16 16 16 17 17 17 17 18 18             141
MAR  18 19 19 19 19 20 20 20 21 21 21 21 22 22 22 23 23 23 23 24 24 24 25 25 25 26 26 26 26 27 27    226
APR  27 28 28 28 28 29 29 29 30 30 30 31 31 31 31 32 32 32 33 33 33 34 34 34 34 35 35 35 36 36       316
MAY  36 37 37 37 38 38 38 39 39 39 39 40 40 40 41 41 41 42 42 42 43 43 43 44 44 44 45 45 45 46 46    411
JUN  46 47 47 47 48 48 48 49 49 49 50 50 50 50 51 51 51 51 51 52 52 52 52 53 53 53 53 53 53 53       504
JUL  54 54 54 54 54 54 54 55 55 55 55 55 55 55 55 55 55 55 55 55 55 55 55 55 56 56 56 56 55 55 55    549
AUG  55 55 55 55 55 55 55 55 55 55 54 54 54 54 54 53 53 53 53 52 52 52 52 51 51 51 50 50 49 49 49    529
SEP  48 48 47 47 46 46 46 45 45 44 44 44 43 43 43 42 42 41 41 41 40 40 40 39 39 39 38 38 38 38       425
OCT  37 37 37 36 36 36 35 35 35 34 34 34 33 33 32 32 32 31 31 31 30 30 29 29 29 28 28 28 27 27 26    320
NOV  26 25 25 25 24 24 23 23 23 22 22 21 21 21 20 20 19 19 19 18 18 18 17 17 16 16 16 15 15 15       201
DEC  14 14 14 13 13 13 12 12 12 11 11 11 10 10 10 10 10  9  9  9  9  8  8  8  8  8  8  8  7  7  7    101
                                                                                                        
-------------------------------------------------------------------------------------------------       
 Maximum Temperature (deg F [tenths deg F for monthly])                                                 
 DAY  1  2  3  4  5  6  7  8  9 10 11 12 13 14 15 16 17 18 19 20 21 22 23 24 25 26 27 28 29 30 31  MONTH
-------------------------------------------------------------------------------------------------       
JAN  32 32 31 31 31 31 31 31 31 31 31 31 32 32 32 32 32 32 32 32 33 33 33 33 33 34 34 34 34 35 35    323
FEB  35 36 36 36 37 37 37 38 38 38 38 39 39 39 40 40 40 41 41 41 42 42 42 43 43 43 44 44             396
MAR  44 45 45 45 46 46 46 46 47 47 47 48 48 48 49 49 49 50 50 51 51 51 52 52 52 53 53 53 54 54 54    492
APR  55 55 55 56 56 56 57 57 57 58 58 58 59 59 59 60 60 61 61 61 62 62 62 63 63 63 63 64 64 64       596
MAY  65 65 66 66 66 66 67 67 67 68 68 68 69 69 69 70 70 70 71 71 71 72 72 72 73 73 73 74 74 74 75    697
JUN  75 75 76 76 76 77 77 77 78 78 79 79 79 80 80 80 80 81 81 81 82 82 82 83 83 83 84 84 84 85       799
JUL  85 85 86 86 86 86 87 87 87 87 88 88 88 88 88 88 89 89 89 89 89 89 89 89 89 89 90 90 90 90 90    881
AUG  90 90 90 90 89 89 89 89 89 89 89 89 88 88 88 88 87 87 87 87 86 86 86 85 85 84 84 84 83 83 82    871
SEP  82 81 81 80 80 79 79 79 78 78 77 77 76 76 75 75 75 74 74 73 73 73 72 72 71 71 71 70 70 70       754
OCT  69 69 69 68 68 67 67 66 66 66 65 65 64 64 63 63 62 61 61 60 60 59 58 58 57 57 56 55 55 54 53    621
NOV  53 52 51 50 50 49 48 48 47 47 46 45 45 44 44 43 43 42 42 41 41 41 40 40 39 39 39 38 38 38       441
DEC  37 37 37 36 36 36 36 35 35 35 35 35 34 34 34 34 34 33 33 33 33 33 33 32 32 32 32 32 32 32 32    340
                                                                                                        
-------------------------------------------------------------------------------------------------       
 Average Temperature (deg F [tenths deg F for monthly])                                                 
 DAY  1  2  3  4  5  6  7  8  9 10 11 12 13 14 15 16 17 18 19 20 21 22 23 24 25 26 27 28 29 30 31  MONTH
-------------------------------------------------------------------------------------------------       
JAN  19 19 19 19 19 19 19 19 19 19 19 19 19 19 19 19 20 20 20 20 20 20 20 21 21 21 21 22 22 22 23    199
FEB  23 23 23 24 24 24 25 25 25 26 26 26 26 27 27 27 28 28 28 29 29 29 29 30 30 30 31 31             269
MAR  31 32 32 32 33 33 33 33 34 34 34 35 35 35 36 36 36 36 37 37 37 38 38 38 39 39 39 40 40 40 41    359
APR  41 41 42 42 42 43 43 43 44 44 44 44 45 45 45 46 46 46 47 47 47 48 48 48 49 49 49 50 50 50       456
MAY  51 51 51 52 52 52 52 53 53 53 54 54 54 55 55 55 56 56 56 57 57 57 58 58 58 59 59 59 60 60 60    554
JUN  61 61 61 62 62 62 63 63 63 64 64 64 65 65 65 66 66 66 66 67 67 67 67 68 68 68 68 69 69 69       652
JUL  69 70 70 70 70 70 71 71 71 71 71 71 71 72 72 72 72 72 72 72 72 72 72 72 72 72 73 73 73 73 73    715
AUG  73 72 72 72 72 72 72 72 72 72 72 71 71 71 71 71 70 70 70 70 69 69 69 68 68 68 67 67 66 66 65    700
SEP  65 65 64 64 63 63 62 62 61 61 61 60 60 59 59 59 58 58 57 57 57 56 56 56 55 55 55 54 54 54       590
OCT  53 53 53 52 52 52 51 51 50 50 50 49 49 48 48 47 47 46 46 46 45 45 44 44 43 42 42 41 41 40 40    471
NOV  39 39 38 38 37 36 36 35 35 34 34 33 33 32 32 32 31 31 30 30 29 29 29 28 28 28 27 27 27 26       321
DEC  26 26 25 25 25 24 24 24 23 23 23 23 22 22 22 22 22 21 21 21 21 21 20 20 20 20 20 20 20 20 19    221
                                                                                                        
-------------------------------------------------------------------------------------------------       
 Heating Degree Days                                                                                    
 DAY  1  2  3  4  5  6  7  8  9 10 11 12 13 14 15 16 17 18 19 20 21 22 23 24 25 26 27 28 29 30 31  MONTH
-------------------------------------------------------------------------------------------------       
JAN  46 46 46 46 46 46 46 46 46 46 46 46 46 46 46 46 45 45 45 45 45 45 44 44 44 44 44 43 43 43 43   1398
FEB  42 42 42 41 41 41 40 40 40 40 39 39 39 38 38 38 37 37 37 36 36 36 36 35 35 35 34 34            1068
MAR  34 33 33 33 32 32 32 32 31 31 31 30 30 30 29 29 29 28 28 28 28 27 27 27 26 26 26 25 25 25 24    901
APR  24 24 23 23 23 22 22 22 21 21 21 21 20 20 20 19 19 19 18 18 18 17 17 17 16 16 16 15 15 15       582
MAY  14 14 14 13 13 13 12 12 12 12 11 11 11 10 10 10 10  9  9  9  9  8  8  8  8  7  7  7  7  6  6    310
JUN   6  6  6  5  5  5  5  5  4  4  4  4  4  4  4  3  3  3  3  3  3  3  2  2  2  2  2  2  2  2       108
JUL   2  2  2  1  1  1  1  1  1  1  1  1  1  1  1  1  1  1  1  1  1  1  1  0  0  0  0  0  0  0  0     26
AUG   0  0  0  0  0  0  0  1  1  1  1  1  1  1  1  1  1  1  2  2  2  2  2  2  2  3  3  3  3  3  4     44
SEP   4  4  4  5  5  5  5  5  6  6  6  6  7  7  7  8  8  8  8  9  9  9  9 10 10 10 11 11 11 12       225
OCT  12 12 13 13 13 14 14 14 15 15 15 16 16 17 17 18 18 18 19 19 20 20 21 21 22 22 23 24 24 25 25    555
NOV  26 26 27 27 28 29 29 30 30 31 31 32 32 32 33 33 34 34 35 35 36 36 36 37 37 37 38 38 39 39       987
DEC  39 40 40 40 40 41 41 41 42 42 42 42 43 43 43 43 43 44 44 44 44 44 45 45 45 45 45 45 45 46 46   1332
                                                                                                        
-------------------------------------------------------------------------------------------------       
 Cooling Degree Days                                                                                    
 DAY  1  2  3  4  5  6  7  8  9 10 11 12 13 14 15 16 17 18 19 20 21 22 23 24 25 26 27 28 29 30 31  MONTH
-------------------------------------------------------------------------------------------------       
JAN   0  0  0  0  0  0  0  0  0  0  0  0  0  0  0  0  0  0  0  0  0  0  0  0  0  0  0  0  0  0  0      0
FEB   0  0  0  0  0  0  0  0  0  0  0  0  0  0  0  0  0  0  0  0  0  0  0  0  0  0  0  0               0
MAR   0  0  0  0  0  0  0  0  0  0  0  0  0  0  0  0  0  0  0  0  0  0  0  0  0  0  0  0  0  0  0      0
APR   0  0  0  0  0  0  0  0  0  0  0  0  0  0  0  0  0  0  0  0  0  0  0  0  0  0  0  0  0  0         0
MAY   0  0  0  0  0  0  0  0  0  0  0  0  0  0  0  0  0  0  0  1  1  1  1  1  1  1  1  1  1  1  2     13
JUN   2  2  2  2  2  2  3  3  3  3  3  3  3  3  4  4  4  4  4  4  4  5  5  5  5  5  5  6  6  6       112
JUL   6  6  6  6  6  7  7  7  7  7  7  7  7  7  7  7  8  8  8  8  8  8  8  8  8  8  8  8  8  8  8    227
AUG   8  8  8  8  8  8  8  7  7  7  7  7  7  7  7  7  6  6  6  6  6  6  6  5  5  5  5  5  4  4  4    198
SEP   4  4  3  3  3  3  3  2  2  2  2  2  2  1  1  1  1  1  1  1  1  1  0  0  0  0  0  0  0  0        44
OCT   0  0  0  0  0  0  0  0  0  0  0  0  0  0  0  0  0  0  0  0  0  0  0  0  0  0  0  0  0  0  0      0
NOV   0  0  0  0  0  0  0  0  0  0  0  0  0  0  0  0  0  0  0  0  0  0  0  0  0  0  0  0  0  0         0
DEC   0  0  0  0  0  0  0  0  0  0  0  0  0  0  0  0  0  0  0  0  0  0  0  0  0  0  0  0  0  0  0      0
                                                                                                        
-------------------------------------------------------------------------------------------------       
 Total  Precipitation (Hundreths of an Inch)                                                            
 DAY  1  2  3  4  5  6  7  8  9 10 11 12 13 14 15 16 17 18 19 20 21 22 23 24 25 26 27 28 29 30 31  MONTH
-------------------------------------------------------------------------------------------------       
JAN   1  1  2  2  2  2  2  2  1  1  1  1  1  1  1  1  1  1  1  1  1  1  1  1  1  1  1  1  1  1  1     37
FEB   1  1  1  1  1  1  1  1  1  1  1  1  1  1  1  1  1  1  1  1  1  1  1  1  1  1  2  2              30
MAR   1  1  1  1  1  1  2  2  2  2  2  2  2  2  2  2  2  2  2  2  2  2  2  2  2  3  3  3  3  3  3     62
APR   3  3  3  3  3  3  4  4  4  4  4  4  4  4  4  4  4  5  5  5  5  5  5  5  5  5  5  6  6  6       130
MAY   6  6  6  6  6  6  6  7  7  7  7  7  7  7  7  7  7  7  7  8  8  8  8  8  8  8  8  8  8  8  8    222
JUN   8  8  8  8  8  9  9  9  8  8  8  8  8  8  8  8  8  8  8  8  8  8  8  8  7  7  7  7  7  7       237
JUL   6  6  6  6  6  6  6  5  5  5  5  5  5  5  5  5  5  4  4  4  4  4  4  4  4  4  4  4  4  4  4    148
AUG   4  4  4  4  4  4  4  4  4  4  4  4  3  3  3  3  3  3  3  3  3  3  3  3  3  3  3  3  3  3  4    106
SEP   3  3  3  3  3  3  3  3  3  3  3  4  4  4  4  4  4  4  4  4  4  4  4  4  4  4  4  4  4  4       109
OCT   4  4  4  4  4  4  4  4  4  4  4  4  4  4  4  4  3  3  3  3  3  3  3  3  3  3  3  3  3  3  2    108
NOV   3  3  2  2  2  2  2  2  2  2  2  2  2  2  2  2  1  1  1  1  1  1  1  1  1  1  1  1  1  1        48
DEC   1  1  1  1  1  1  1  1  1  1  1  1  1  1  1  1  1  1  1  1  1  1  1  1  1  2  2  2  2  2  2     37
                                                                                                        
