-------------------------------------------------------------------------------------------------       
 1971-2000 Daily/Monthly Station Normals                                                                
 Provided by National Climatic Data Center/NESDIS/NOAA                                                  
-------------------------------------------------------------------------------------------------       
 Station COOP ID:                           245872                                                      
 Station Name, State, Division, Call:       MOSBY 4 ENE                        MT 06                    
 Latitude, Longitude, Elevation, Elements:  47 01 18 -107 49 19  2790 XNP                               
-------------------------------------------------------------------------------------------------       
 Minimum Temperature (deg F [tenths deg F for monthly])                                                 
 DAY  1  2  3  4  5  6  7  8  9 10 11 12 13 14 15 16 17 18 19 20 21 22 23 24 25 26 27 28 29 30 31  MONTH
-------------------------------------------------------------------------------------------------       
JAN   6  5  5  5  5  5  5  5  5  5  4  4  4  4  5  5  5  5  5  5  5  5  5  6  6  6  6  7  7  7  7     53
FEB   8  8  8  9  9  9 10 10 10 11 11 11 12 12 13 13 13 14 14 14 15 15 15 16 16 17 17 17             124
MAR  18 18 18 19 19 19 20 20 20 21 21 22 22 22 23 23 23 23 24 24 24 25 25 25 26 26 26 27 27 27 27    227
APR  28 28 28 28 29 29 29 30 30 30 31 31 31 31 32 32 32 33 33 33 34 34 34 34 35 35 35 36 36 36       319
MAY  37 37 37 38 38 38 39 39 39 40 40 40 41 41 41 42 42 42 43 43 43 44 44 44 45 45 45 45 46 46 46    416
JUN  47 47 47 48 48 48 48 49 49 49 49 50 50 50 50 51 51 51 51 52 52 52 52 52 53 53 53 53 53 54       504
JUL  54 54 54 54 54 55 55 55 55 55 55 55 55 56 56 56 56 56 56 56 56 56 56 56 56 57 57 57 57 57 57    556
AUG  57 57 57 57 57 57 57 56 56 56 56 56 56 56 55 55 55 55 54 54 54 53 53 53 52 52 52 51 51 50 50    545
SEP  49 49 48 48 48 47 47 46 46 45 45 45 44 44 44 43 43 43 42 42 42 41 41 41 40 40 40 40 39 39       437
OCT  39 39 38 38 38 38 37 37 37 36 36 36 35 35 35 34 34 33 33 33 32 32 31 31 30 30 29 29 28 28 27    338
NOV  27 26 26 25 25 24 23 23 22 22 22 21 21 20 20 19 19 18 18 18 17 17 16 16 16 15 15 15 14 14       198
DEC  14 13 13 13 13 12 12 12 11 11 11 11 10 10 10  9  9  9  9  8  8  8  8  8  7  7  7  7  6  6  6     96
                                                                                                        
-------------------------------------------------------------------------------------------------       
 Maximum Temperature (deg F [tenths deg F for monthly])                                                 
 DAY  1  2  3  4  5  6  7  8  9 10 11 12 13 14 15 16 17 18 19 20 21 22 23 24 25 26 27 28 29 30 31  MONTH
-------------------------------------------------------------------------------------------------       
JAN  31 30 30 30 30 30 30 30 30 29 29 29 29 29 30 30 30 30 30 30 30 30 31 31 31 31 32 32 32 33 33    304
FEB  33 34 34 35 35 35 36 36 36 37 37 37 38 38 38 39 39 39 40 40 40 41 41 41 42 42 42 42             381
MAR  43 43 43 44 44 44 45 45 45 45 46 46 46 47 47 47 48 48 49 49 49 50 50 50 51 51 51 52 52 53 53    476
APR  53 54 54 55 55 55 56 56 56 57 57 58 58 58 59 59 59 60 60 60 61 61 61 61 62 62 62 63 63 63       586
MAY  64 64 64 64 65 65 65 66 66 66 67 67 67 68 68 68 68 69 69 69 70 70 71 71 71 72 72 72 73 73 73    683
JUN  74 74 75 75 75 76 76 76 77 77 77 78 78 78 79 79 79 80 80 80 81 81 81 81 82 82 82 82 83 83       787
JUL  83 84 84 84 84 84 85 85 85 85 86 86 86 86 86 86 87 87 87 87 87 87 87 88 88 88 88 88 88 88 88    862
AUG  88 88 89 89 89 88 88 88 88 88 88 88 88 88 87 87 87 87 86 86 86 85 85 85 84 84 83 83 82 82 81    863
SEP  81 80 79 79 78 78 77 77 76 76 76 75 75 74 74 73 73 73 72 72 72 71 71 71 70 70 70 69 69 69       740
OCT  69 68 68 68 67 67 67 66 66 66 65 65 64 64 63 63 62 62 61 61 60 60 59 58 58 57 56 56 55 54 53    622
NOV  53 52 51 50 50 49 48 48 47 46 46 45 45 44 44 43 43 42 42 41 41 41 40 40 39 39 39 39 38 38       441
DEC  38 38 37 37 37 37 36 36 36 36 36 35 35 35 35 34 34 34 34 33 33 33 33 33 32 32 32 32 31 31 31    344
                                                                                                        
-------------------------------------------------------------------------------------------------       
 Average Temperature (deg F [tenths deg F for monthly])                                                 
 DAY  1  2  3  4  5  6  7  8  9 10 11 12 13 14 15 16 17 18 19 20 21 22 23 24 25 26 27 28 29 30 31  MONTH
-------------------------------------------------------------------------------------------------       
JAN  18 18 18 18 18 17 17 17 17 17 17 17 17 17 17 17 17 17 18 18 18 18 18 18 19 19 19 19 20 20 20    179
FEB  21 21 21 22 22 22 23 23 23 24 24 24 25 25 25 26 26 26 27 27 28 28 28 29 29 29 30 30             253
MAR  30 31 31 31 32 32 32 32 33 33 33 34 34 34 35 35 35 36 36 37 37 37 38 38 38 39 39 39 40 40 40    352
APR  41 41 41 42 42 42 43 43 43 44 44 44 44 45 45 45 46 46 46 47 47 47 48 48 48 49 49 49 50 50       453
MAY  50 50 51 51 51 52 52 52 53 53 53 54 54 54 55 55 55 56 56 56 57 57 57 58 58 58 59 59 59 60 60    550
JUN  60 61 61 61 62 62 62 63 63 63 63 64 64 64 65 65 65 65 66 66 66 67 67 67 67 67 68 68 68 68       646
JUL  69 69 69 69 69 70 70 70 70 70 70 71 71 71 71 71 71 71 71 72 72 72 72 72 72 72 72 72 72 72 73    709
AUG  73 73 73 73 73 72 72 72 72 72 72 72 72 72 71 71 71 71 70 70 70 69 69 69 68 68 67 67 66 66 66    704
SEP  65 65 64 64 63 63 62 62 61 61 60 60 59 59 59 58 58 58 57 57 57 56 56 56 55 55 55 54 54 54       589
OCT  54 53 53 53 53 52 52 52 51 51 51 50 50 49 49 49 48 48 47 47 46 46 45 44 44 43 43 42 42 41 40    480
NOV  40 39 38 38 37 37 36 35 35 34 34 33 33 32 32 31 31 30 30 30 29 29 28 28 28 27 27 27 26 26       320
DEC  26 26 25 25 25 25 24 24 24 23 23 23 23 22 22 22 22 21 21 21 21 20 20 20 20 20 19 19 19 19 18    220
                                                                                                        
-------------------------------------------------------------------------------------------------       
 Heating Degree Days                                                                                    
 DAY  1  2  3  4  5  6  7  8  9 10 11 12 13 14 15 16 17 18 19 20 21 22 23 24 25 26 27 28 29 30 31  MONTH
-------------------------------------------------------------------------------------------------       
JAN  47 47 47 47 47 48 48 48 48 48 48 48 48 48 48 48 48 48 48 47 47 47 47 47 46 46 46 46 45 45 45   1461
FEB  44 44 44 43 43 43 42 42 42 41 41 41 40 40 40 39 39 39 38 38 38 37 37 36 36 36 35 35            1113
MAR  35 34 34 34 33 33 33 33 32 32 32 31 31 31 30 30 30 29 29 29 28 28 28 27 27 26 26 26 25 25 25    926
APR  25 24 24 23 23 23 22 22 22 22 21 21 21 20 20 20 19 19 19 18 18 18 17 17 17 16 16 16 15 15       593
MAY  15 15 14 14 14 13 13 13 12 12 12 12 11 11 11 10 10 10 10  9  9  9  9  8  8  8  8  7  7  7  7    328
JUN   6  6  6  6  5  5  5  5  5  4  4  4  4  4  4  3  3  3  3  3  3  3  2  2  2  2  2  2  2  2       110
JUL   2  2  2  1  1  1  1  1  1  1  1  1  1  1  1  1  1  1  1  1  1  1  1  1  1  1  1  1  1  1  0     33
AUG   0  0  0  1  1  1  1  1  1  1  1  1  1  1  1  1  1  2  2  2  2  2  2  3  3  3  3  3  4  4  4     53
SEP   4  5  5  5  5  6  6  6  6  7  7  7  7  8  8  8  8  8  9  9  9  9 10 10 10 10 10 11 11 11       235
OCT  11 12 12 12 12 13 13 13 14 14 14 15 15 16 16 16 17 17 18 18 19 19 20 21 21 22 22 23 23 24 25    527
NOV  25 26 27 27 28 29 29 30 30 31 31 32 32 33 33 34 34 35 35 36 36 36 37 37 37 38 38 38 39 39       992
DEC  39 39 40 40 40 41 41 41 41 42 42 42 42 43 43 43 43 44 44 44 44 45 45 45 45 45 46 46 46 46 47   1334
                                                                                                        
-------------------------------------------------------------------------------------------------       
 Cooling Degree Days                                                                                    
 DAY  1  2  3  4  5  6  7  8  9 10 11 12 13 14 15 16 17 18 19 20 21 22 23 24 25 26 27 28 29 30 31  MONTH
-------------------------------------------------------------------------------------------------       
JAN   0  0  0  0  0  0  0  0  0  0  0  0  0  0  0  0  0  0  0  0  0  0  0  0  0  0  0  0  0  0  0      0
FEB   0  0  0  0  0  0  0  0  0  0  0  0  0  0  0  0  0  0  0  0  0  0  0  0  0  0  0  0               0
MAR   0  0  0  0  0  0  0  0  0  0  0  0  0  0  0  0  0  0  0  0  0  0  0  0  0  0  0  0  0  0  0      0
APR   0  0  0  0  0  0  0  0  0  0  0  0  0  0  0  0  0  0  0  0  0  0  0  0  0  0  0  0  0  0         0
MAY   0  0  0  0  0  0  0  0  0  0  0  0  0  0  0  0  1  1  1  1  1  1  1  1  1  1  1  1  1  1  2     16
JUN   2  2  2  2  2  2  2  2  2  2  3  3  3  3  3  3  3  3  4  4  4  4  4  4  4  5  5  5  5  5        97
JUL   5  5  6  6  6  6  6  6  6  6  7  7  7  7  7  7  7  7  7  7  7  8  8  8  8  8  8  8  8  8  8    215
AUG   8  8  8  8  8  8  8  8  8  8  8  8  8  8  8  7  7  7  7  7  7  7  6  6  6  6  6  5  5  5  5    219
SEP   4  4  4  4  3  3  3  3  3  2  2  2  2  2  1  1  1  1  1  1  1  1  1  0  0  0  0  0  0  0        50
OCT   0  0  0  0  0  0  0  0  0  0  0  0  0  0  0  0  0  0  0  0  0  0  0  0  0  0  0  0  0  0  0      0
NOV   0  0  0  0  0  0  0  0  0  0  0  0  0  0  0  0  0  0  0  0  0  0  0  0  0  0  0  0  0  0         0
DEC   0  0  0  0  0  0  0  0  0  0  0  0  0  0  0  0  0  0  0  0  0  0  0  0  0  0  0  0  0  0  0      0
                                                                                                        
-------------------------------------------------------------------------------------------------       
 Total  Precipitation (Hundreths of an Inch)                                                            
 DAY  1  2  3  4  5  6  7  8  9 10 11 12 13 14 15 16 17 18 19 20 21 22 23 24 25 26 27 28 29 30 31  MONTH
-------------------------------------------------------------------------------------------------       
JAN   1  1  2  2  2  2  2  2  2  2  2  2  2  2  2  2  2  2  2  2  2  1  1  1  1  1  1  1  1  1  1     50
FEB   1  1  1  1  1  1  1  1  1  1  1  1  1  1  1  1  1  1  1  1  1  1  2  2  2  2  2  2              34
MAR   2  2  2  2  2  2  2  2  2  2  2  2  2  2  2  2  2  2  2  2  2  2  2  2  3  3  3  3  3  2  2     67
APR   2  2  2  2  2  2  3  3  3  3  3  3  3  3  3  3  4  4  4  4  4  4  5  5  5  5  5  6  6  6       109
MAY   6  7  7  7  7  8  8  8  8  8  8  8  9  9  9  9  9  9  9  9  9  9  9  9  9  9  9  9  9  9  8    260
JUN   8  8  8  8  8  8  8  8  8  7  7  7  7  7  7  7  7  7  7  7  7  7  6  6  6  6  6  6  6  6       211
JUL   6  6  6  6  6  6  6  6  6  6  6  6  6  6  6  6  5  5  5  5  5  5  5  5  5  5  5  5  4  4  4    168
AUG   4  4  4  4  4  4  4  4  4  4  4  3  3  3  3  3  3  3  3  3  3  3  3  4  4  4  4  4  4  4  4    112
SEP   4  4  4  4  4  4  4  4  4  4  5  5  5  5  5  5  5  5  4  4  4  4  4  4  4  4  4  4  4  4       128
OCT   4  4  4  4  3  3  3  3  3  3  3  3  3  3  3  3  3  3  2  2  2  2  2  2  2  2  2  2  2  2  2     84
NOV   2  2  2  2  2  2  2  2  2  2  2  2  2  1  1  1  1  1  1  1  1  1  1  1  1  1  1  1  1  1        43
DEC   1  1  1  1  1  1  1  1  1  1  1  1  1  1  1  1  1  1  1  1  2  2  2  2  2  2  2  2  2  2  2     42
                                                                                                        
