-------------------------------------------------------------------------------------------------       
 1971-2000 Daily/Monthly Station Normals                                                                
 Provided by National Climatic Data Center/NESDIS/NOAA                                                  
-------------------------------------------------------------------------------------------------       
 Station COOP ID:                           247128                                                      
 Station Name, State, Division, Call:       ROBERTS 1 N                        MT 05                    
 Latitude, Longitude, Elevation, Elements:  45 22 31 -109 10 11  4670   P                               
-------------------------------------------------------------------------------------------------       
 Total  Precipitation (Hundreths of an Inch)                                                            
 DAY  1  2  3  4  5  6  7  8  9 10 11 12 13 14 15 16 17 18 19 20 21 22 23 24 25 26 27 28 29 30 31  MONTH
-------------------------------------------------------------------------------------------------       
JAN   2  2  2  2  2  2  2  2  2  2  2  2  2  2  2  2  2  2  2  2  2  2  1  1  1  1  1  1  1  1  1     53
FEB   2  2  1  1  1  1  1  1  1  1  1  2  2  2  2  2  2  2  2  2  2  2  2  2  2  2  2  2              47
MAR   2  2  2  3  3  3  3  3  3  3  3  3  3  3  3  3  3  3  3  3  3  3  3  3  3  4  4  4  4  4  4     96
APR   4  4  4  4  4  4  4  4  4  4  4  4  5  5  5  5  5  5  5  6  6  6  6  6  7  7  7  7  8  8       157
MAY   8  9  9  9  9 10 10 10 10 10 10 10 10 11 11 11 11 11 11 11 10 10 10 10 10 10 10 10  9  9  9    308
JUN   9  9  8  8  8  8  7  7  7  7  7  6  6  6  6  6  6  5  5  5  5  5  5  5  5  5  5  4  4  4       183
JUL   4  4  4  4  4  4  4  4  4  4  4  4  4  4  4  4  3  3  3  3  3  3  3  3  3  3  3  3  3  3  3    109
AUG   3  3  3  3  3  3  3  3  3  3  3  3  3  3  3  3  3  3  3  3  3  3  3  3  4  4  4  4  4  4  4    100
SEP   4  4  4  5  5  5  5  5  5  5  5  5  5  5  5  5  5  5  5  5  6  6  6  6  6  6  6  6  6  5       156
OCT   6  5  5  5  5  5  5  5  5  5  5  5  5  5  5  5  5  5  5  5  4  4  4  4  4  4  4  4  4  4  3    144
NOV   3  3  3  3  3  3  3  2  2  2  2  2  2  2  2  2  2  2  2  2  2  2  2  2  2  2  2  2  2  1        66
DEC   1  1  1  1  1  1  1  1  1  1  1  2  2  2  2  2  2  2  2  2  2  2  2  2  2  2  2  2  2  2  2     51
                                                                                                        
