-------------------------------------------------------------------------------------------------       
 1971-2000 Daily/Monthly Station Normals                                                                
 Provided by National Climatic Data Center/NESDIS/NOAA                                                  
-------------------------------------------------------------------------------------------------       
 Station COOP ID:                           247034                                                      
 Station Name, State, Division, Call:       RIDGEWAY 1 S                       MT 07                    
 Latitude, Longitude, Elevation, Elements:  45 30 12 -104 26 54  3320 XNP                               
-------------------------------------------------------------------------------------------------       
 Minimum Temperature (deg F [tenths deg F for monthly])                                                 
 DAY  1  2  3  4  5  6  7  8  9 10 11 12 13 14 15 16 17 18 19 20 21 22 23 24 25 26 27 28 29 30 31  MONTH
-------------------------------------------------------------------------------------------------       
JAN   4  3  3  3  3  3  3  3  3  3  3  3  3  3  3  3  3  3  4  4  4  4  4  4  5  5  5  6  6  6  6     38
FEB   7  7  7  8  8  8  9  9  9 10 10 10 11 11 11 11 12 12 12 13 13 13 13 14 14 14 14 15             109
MAR  15 15 16 16 16 16 17 17 17 18 18 18 19 19 19 19 20 20 21 21 21 22 22 22 23 23 23 24 24 25 25    197
APR  25 26 26 27 27 27 28 28 29 29 29 30 30 30 31 31 31 32 32 33 33 33 34 34 34 34 35 35 35 36       308
MAY  36 36 37 37 37 38 38 38 39 39 39 40 40 40 40 41 41 41 42 42 42 43 43 43 44 44 44 45 45 45 46    408
JUN  46 46 47 47 47 48 48 48 48 49 49 49 50 50 50 50 51 51 51 51 52 52 52 52 53 53 53 53 53 54       501
JUL  54 54 54 54 54 55 55 55 55 55 55 55 55 55 56 56 56 56 56 56 56 56 56 56 56 56 56 56 56 56 56    554
AUG  56 56 56 56 56 56 56 56 55 55 55 55 55 55 54 54 54 53 53 53 53 52 52 51 51 51 50 50 49 49 48    534
SEP  48 48 47 47 46 46 45 45 44 44 43 43 43 42 42 41 41 41 40 40 39 39 39 38 38 38 37 37 37 36       418
OCT  36 36 36 35 35 35 34 34 33 33 33 32 32 32 31 31 30 30 30 29 29 28 28 27 27 27 26 26 25 25 24    306
NOV  24 23 23 22 22 21 21 21 20 20 19 19 18 18 17 17 17 16 16 15 15 15 14 14 13 13 13 12 12 12       174
DEC  11 11 11 10 10 10  9  9  9  8  8  8  7  7  7  7  6  6  6  6  6  5  5  5  5  5  4  4  4  4  4     70
                                                                                                        
-------------------------------------------------------------------------------------------------       
 Maximum Temperature (deg F [tenths deg F for monthly])                                                 
 DAY  1  2  3  4  5  6  7  8  9 10 11 12 13 14 15 16 17 18 19 20 21 22 23 24 25 26 27 28 29 30 31  MONTH
-------------------------------------------------------------------------------------------------       
JAN  29 29 29 29 28 28 28 28 28 28 28 28 28 28 28 28 28 28 29 29 29 29 29 29 29 30 30 30 30 31 31    288
FEB  31 32 32 32 32 33 33 33 34 34 34 35 35 35 35 36 36 36 36 37 37 37 37 38 38 38 38 39             351
MAR  39 39 39 40 40 40 41 41 41 41 42 42 42 43 43 44 44 44 45 45 46 46 46 47 47 48 48 49 49 50 50    439
APR  51 51 51 52 52 53 53 54 54 55 55 56 56 56 57 57 58 58 58 59 59 60 60 60 61 61 61 62 62 62       568
MAY  63 63 63 64 64 64 64 65 65 65 66 66 66 67 67 67 68 68 68 69 69 69 69 70 70 70 71 71 71 72 72    673
JUN  72 72 73 73 73 74 74 74 75 75 75 75 76 76 76 77 77 77 77 78 78 78 79 79 79 79 80 80 80 81       764
JUL  81 81 81 82 82 82 82 83 83 83 83 83 84 84 84 84 84 84 84 85 85 85 85 85 85 85 85 85 85 85 86    837
AUG  85 86 86 86 85 85 85 85 85 85 85 85 85 84 84 84 84 83 83 83 83 82 82 82 81 81 80 80 80 79 79    833
SEP  78 78 77 77 76 76 75 75 74 74 73 73 73 72 72 71 71 71 70 70 69 69 69 68 68 68 67 67 67 66       718
OCT  66 66 65 65 64 64 64 63 63 62 62 62 61 61 60 60 59 59 58 57 57 56 56 55 54 54 53 53 52 51 50    591
NOV  50 49 48 48 47 46 46 45 45 44 44 43 43 42 41 41 41 40 40 39 39 38 38 38 37 37 37 36 36 36       418
DEC  36 35 35 35 35 34 34 34 34 33 33 33 33 33 32 32 32 32 31 31 31 31 31 30 30 30 30 30 30 29 29    322
                                                                                                        
-------------------------------------------------------------------------------------------------       
 Average Temperature (deg F [tenths deg F for monthly])                                                 
 DAY  1  2  3  4  5  6  7  8  9 10 11 12 13 14 15 16 17 18 19 20 21 22 23 24 25 26 27 28 29 30 31  MONTH
-------------------------------------------------------------------------------------------------       
JAN  16 16 16 16 16 16 16 16 15 15 15 15 15 16 16 16 16 16 16 16 16 16 17 17 17 17 17 18 18 18 19    163
FEB  19 19 20 20 20 21 21 21 21 22 22 22 23 23 23 24 24 24 24 25 25 25 25 26 26 26 26 27             230
MAR  27 27 27 28 28 28 29 29 29 30 30 30 31 31 31 32 32 32 33 33 33 34 34 35 35 35 36 36 37 37 37    318
APR  38 38 39 39 40 40 41 41 41 42 42 43 43 43 44 44 45 45 45 46 46 46 47 47 47 48 48 48 49 49       438
MAY  49 50 50 50 51 51 51 52 52 52 53 53 53 53 54 54 54 55 55 55 56 56 56 57 57 57 58 58 58 58 59    541
JUN  59 59 60 60 60 61 61 61 62 62 62 62 63 63 63 64 64 64 64 65 65 65 65 66 66 66 66 67 67 67       633
JUL  67 67 68 68 68 68 69 69 69 69 69 69 69 70 70 70 70 70 70 70 70 70 71 71 71 71 71 71 71 71 71    696
AUG  71 71 71 71 71 71 71 70 70 70 70 70 70 69 69 69 69 68 68 68 68 67 67 67 66 66 65 65 64 64 64    684
SEP  63 63 62 62 61 61 60 60 59 59 58 58 58 57 57 56 56 56 55 55 54 54 54 53 53 53 52 52 52 51       568
OCT  51 51 50 50 50 49 49 49 48 48 48 47 47 46 46 45 45 44 44 43 43 42 42 41 41 40 40 39 39 38 37    449
NOV  37 36 36 35 35 34 33 33 32 32 31 31 30 30 29 29 29 28 28 27 27 27 26 26 25 25 25 24 24 24       296
DEC  23 23 23 23 22 22 22 21 21 21 21 20 20 20 20 19 19 19 19 19 18 18 18 18 18 17 17 17 17 17 16    196
                                                                                                        
-------------------------------------------------------------------------------------------------       
 Heating Degree Days                                                                                    
 DAY  1  2  3  4  5  6  7  8  9 10 11 12 13 14 15 16 17 18 19 20 21 22 23 24 25 26 27 28 29 30 31  MONTH
-------------------------------------------------------------------------------------------------       
JAN  49 49 49 49 49 49 49 49 50 50 50 50 50 49 49 49 49 49 49 49 49 49 48 48 48 48 48 47 47 47 46   1510
FEB  46 46 45 45 45 44 44 44 44 43 43 43 42 42 42 41 41 41 41 40 40 40 40 39 39 39 39 38            1176
MAR  38 38 38 37 37 37 36 36 36 35 35 35 34 34 34 33 33 33 32 32 32 31 31 30 30 30 29 29 28 28 28   1029
APR  27 27 26 26 25 25 24 24 24 23 23 22 22 22 21 21 21 20 20 19 19 19 18 18 18 17 17 17 16 16       637
MAY  16 15 15 15 14 14 14 14 13 13 13 12 12 12 12 11 11 11 10 10 10 10  9  9  9  9  8  8  8  8  7    352
JUN   7  7  7  7  6  6  6  6  6  5  5  5  5  5  4  4  4  4  4  4  4  3  3  3  3  3  3  3  3  3       138
JUL   3  3  2  2  2  2  2  2  2  2  2  2  2  2  2  2  2  1  1  1  1  1  1  1  1  1  1  1  1  1  1     50
AUG   1  1  1  1  1  1  1  1  1  1  1  1  2  2  2  2  2  2  2  3  3  3  3  3  4  4  4  4  4  5  5     71
SEP   5  6  6  6  6  7  7  7  7  8  8  8  9  9  9 10 10 10 10 11 11 11 12 12 12 13 13 13 13 14       283
OCT  14 14 15 15 15 16 16 16 17 17 18 18 18 19 19 20 20 21 21 22 22 23 23 24 24 25 25 26 26 27 28    624
NOV  28 29 29 30 30 31 32 32 33 33 34 34 35 35 36 36 36 37 37 38 38 38 39 39 40 40 40 41 41 41      1062
DEC  42 42 42 42 43 43 43 44 44 44 44 45 45 45 45 46 46 46 46 46 47 47 47 47 47 48 48 48 48 48 49   1407
                                                                                                        
-------------------------------------------------------------------------------------------------       
 Cooling Degree Days                                                                                    
 DAY  1  2  3  4  5  6  7  8  9 10 11 12 13 14 15 16 17 18 19 20 21 22 23 24 25 26 27 28 29 30 31  MONTH
-------------------------------------------------------------------------------------------------       
JAN   0  0  0  0  0  0  0  0  0  0  0  0  0  0  0  0  0  0  0  0  0  0  0  0  0  0  0  0  0  0  0      0
FEB   0  0  0  0  0  0  0  0  0  0  0  0  0  0  0  0  0  0  0  0  0  0  0  0  0  0  0  0               0
MAR   0  0  0  0  0  0  0  0  0  0  0  0  0  0  0  0  0  0  0  0  0  0  0  0  0  0  0  0  0  0  0      0
APR   0  0  0  0  0  0  0  0  0  0  0  0  0  0  0  0  0  0  0  0  0  0  0  0  0  0  0  0  0  0         0
MAY   0  0  0  0  0  0  0  0  0  0  0  0  0  0  0  0  0  0  1  1  1  1  1  1  1  1  1  1  1  1  1     13
JUN   1  1  2  2  2  2  2  2  2  2  2  2  2  3  3  3  3  3  3  3  3  4  4  4  4  4  4  4  4  5        85
JUL   5  5  5  5  5  5  5  6  6  6  6  6  6  6  6  6  6  6  6  7  7  7  7  7  7  7  7  7  7  7  7    191
AUG   7  7  7  7  7  7  7  7  6  6  6  6  6  6  6  6  6  6  6  5  5  5  5  5  5  4  4  4  4  4  3    175
SEP   3  3  3  3  3  2  2  2  2  2  2  1  1  1  1  1  1  1  1  1  0  0  0  0  0  0  0  0  0  0        36
OCT   0  0  0  0  0  0  0  0  0  0  0  0  0  0  0  0  0  0  0  0  0  0  0  0  0  0  0  0  0  0  0      0
NOV   0  0  0  0  0  0  0  0  0  0  0  0  0  0  0  0  0  0  0  0  0  0  0  0  0  0  0  0  0  0         0
DEC   0  0  0  0  0  0  0  0  0  0  0  0  0  0  0  0  0  0  0  0  0  0  0  0  0  0  0  0  0  0  0      0
                                                                                                        
-------------------------------------------------------------------------------------------------       
 Total  Precipitation (Hundreths of an Inch)                                                            
 DAY  1  2  3  4  5  6  7  8  9 10 11 12 13 14 15 16 17 18 19 20 21 22 23 24 25 26 27 28 29 30 31  MONTH
-------------------------------------------------------------------------------------------------       
JAN   1  2  2  2  2  2  2  2  2  2  2  2  2  2  2  2  1  1  1  1  1  1  1  1  1  1  1  1  1  1  1     46
FEB   2  1  1  1  1  1  1  1  1  1  1  1  1  1  1  1  1  1  1  1  1  1  2  2  2  2  2  2              35
MAR   1  1  2  2  2  2  2  2  2  2  2  2  2  2  2  2  2  2  2  2  2  3  3  3  3  3  3  3  3  3  3     70
APR   3  4  4  4  4  4  4  4  4  4  4  5  5  5  5  5  5  5  5  5  6  6  6  6  6  6  6  6  6  6       148
MAY   7  7  7  7  7  7  7  7  7  7  8  8  8  8  8  8  8  8  8  8  8  8  8  8  8  8  9  9  9  9  9    243
JUN   9  9  9  9  9  9  9  9  9  9  9  9  9  9  8  8  8  8  8  8  8  8  8  8  8  8  8  7  7  7       251
JUL   7  7  7  7  7  7  7  6  6  6  6  6  6  6  6  6  5  5  5  5  5  5  5  5  5  5  5  5  4  4  4    175
AUG   4  4  4  4  4  4  4  4  4  4  4  4  4  4  4  3  3  3  3  3  3  3  3  3  3  3  3  3  4  4  4    111
SEP   4  4  4  4  4  4  4  4  4  4  4  4  4  4  4  4  4  4  4  4  4  4  4  4  4  4  4  4  4  4       120
OCT   4  4  4  5  5  5  5  4  4  4  4  4  4  4  4  4  4  4  4  4  4  4  4  4  4  4  4  3  3  3  3    124
NOV   3  3  3  3  3  2  2  2  2  2  2  2  2  2  2  2  2  2  2  2  2  1  1  1  1  1  1  1  1  1        56
DEC   1  1  1  1  1  1  1  1  1  1  1  1  1  1  1  1  1  1  2  2  2  2  2  2  2  2  2  2  2  2  2     44
                                                                                                        
