-------------------------------------------------------------------------------------------------       
 1971-2000 Daily/Monthly Station Normals                                                                
 Provided by National Climatic Data Center/NESDIS/NOAA                                                  
-------------------------------------------------------------------------------------------------       
 Station COOP ID:                           246691                                                      
 Station Name, State, Division, Call:       POWDERVILLE 8 NNE                  MT 07                    
 Latitude, Longitude, Elevation, Elements:  45 51 06 -105 02 02  2800 XNP                               
-------------------------------------------------------------------------------------------------       
 Minimum Temperature (deg F [tenths deg F for monthly])                                                 
 DAY  1  2  3  4  5  6  7  8  9 10 11 12 13 14 15 16 17 18 19 20 21 22 23 24 25 26 27 28 29 30 31  MONTH
-------------------------------------------------------------------------------------------------       
JAN   5  5  5  4  4  4  4  4  4  4  4  4  4  4  5  5  5  5  5  5  6  6  6  6  6  7  7  7  8  8  8     53
FEB   9  9  9 10 10 10 11 11 12 12 12 13 13 13 13 14 14 14 15 15 15 15 16 16 16 16 17 17             131
MAR  17 17 18 18 18 18 18 19 19 19 20 20 20 20 21 21 21 22 22 22 23 23 23 23 24 24 25 25 25 26 26    212
APR  26 27 27 28 28 28 29 29 29 30 30 30 31 31 31 32 32 32 33 33 33 34 34 35 35 35 35 36 36 36       315
MAY  37 37 38 38 38 38 39 39 39 40 40 40 41 41 41 42 42 42 43 43 43 44 44 44 45 45 45 46 46 46 47    417
JUN  47 47 48 48 48 49 49 49 49 50 50 50 51 51 51 51 52 52 52 52 53 53 53 53 54 54 54 54 54 55       511
JUL  55 55 55 55 55 56 56 56 56 56 56 56 56 56 57 57 57 57 57 57 57 57 57 57 57 57 57 57 57 57 57    564
AUG  57 57 57 57 57 57 57 57 56 56 56 56 56 56 55 55 55 55 54 54 54 53 53 53 52 52 51 51 51 50 50    545
SEP  49 49 48 48 47 47 46 46 45 45 45 44 44 43 43 43 42 42 41 41 41 40 40 39 39 39 38 38 38 37       429
OCT  37 37 36 36 36 35 35 34 34 34 33 33 33 32 32 31 31 31 30 30 30 29 29 28 28 28 27 27 26 26 25    314
NOV  25 25 24 24 23 23 22 22 22 21 21 20 20 20 19 19 18 18 17 17 17 16 16 16 15 15 14 14 14 13       190
DEC  13 12 12 12 11 11 11 10 10 10  9  9  9  9  8  8  8  7  7  7  7  7  6  6  6  6  6  5  5  5  5     83
                                                                                                        
-------------------------------------------------------------------------------------------------       
 Maximum Temperature (deg F [tenths deg F for monthly])                                                 
 DAY  1  2  3  4  5  6  7  8  9 10 11 12 13 14 15 16 17 18 19 20 21 22 23 24 25 26 27 28 29 30 31  MONTH
-------------------------------------------------------------------------------------------------       
JAN  30 30 30 29 29 29 29 29 29 29 29 29 29 29 29 29 29 30 30 30 30 30 30 31 31 31 32 32 32 32 33    300
FEB  33 33 34 34 35 35 35 36 36 36 37 37 37 38 38 38 39 39 39 40 40 40 41 41 41 42 42 42             378
MAR  42 43 43 43 44 44 44 45 45 45 46 46 46 47 47 48 48 48 49 49 49 50 50 51 51 52 52 52 53 53 54    477
APR  54 55 55 56 56 56 57 57 58 58 59 59 59 60 60 61 61 61 62 62 62 63 63 63 64 64 65 65 65 66       602
MAY  66 66 67 67 67 68 68 68 69 69 69 70 70 70 71 71 71 72 72 72 73 73 73 74 74 74 75 75 75 76 76    710
JUN  77 77 77 78 78 78 79 79 80 80 80 80 81 81 81 82 82 83 83 83 84 84 84 85 85 85 85 86 86 86       816
JUL  87 87 87 88 88 88 88 89 89 89 89 90 90 90 90 90 91 91 91 91 91 91 91 91 91 92 92 92 92 92 92    900
AUG  92 92 92 92 92 91 91 91 91 91 91 91 90 90 90 90 90 89 89 89 88 88 88 87 87 87 86 86 85 85 84    892
SEP  84 83 83 82 82 81 81 80 80 80 79 79 78 78 77 77 76 76 75 75 75 74 74 73 73 72 72 72 71 71       771
OCT  70 70 69 69 68 68 68 67 67 66 65 65 64 64 63 63 62 62 61 60 60 59 58 58 57 56 56 55 54 54 53    623
NOV  52 51 51 50 49 49 48 47 47 46 46 45 44 44 43 43 42 42 41 41 40 40 40 39 39 39 38 38 37 37       436
DEC  37 37 36 36 36 35 35 35 35 34 34 34 34 33 33 33 33 33 32 32 32 32 31 31 31 31 31 30 30 30 30    331
                                                                                                        
-------------------------------------------------------------------------------------------------       
 Average Temperature (deg F [tenths deg F for monthly])                                                 
 DAY  1  2  3  4  5  6  7  8  9 10 11 12 13 14 15 16 17 18 19 20 21 22 23 24 25 26 27 28 29 30 31  MONTH
-------------------------------------------------------------------------------------------------       
JAN  17 17 17 17 17 17 17 17 17 17 17 17 17 17 17 17 17 17 17 17 18 18 18 18 19 19 19 19 20 20 21    177
FEB  21 21 22 22 22 23 23 24 24 24 25 25 25 25 26 26 26 27 27 27 28 28 28 28 29 29 29 30             255
MAR  30 30 30 31 31 31 31 32 32 32 33 33 33 34 34 34 35 35 35 36 36 36 37 37 38 38 38 39 39 40 40    345
APR  40 41 41 42 42 42 43 43 44 44 44 45 45 45 46 46 47 47 47 48 48 48 49 49 49 50 50 50 51 51       459
MAY  51 52 52 52 53 53 53 54 54 54 55 55 55 56 56 56 57 57 57 58 58 58 59 59 59 60 60 61 61 61 62    564
JUN  62 62 63 63 63 64 64 64 65 65 65 65 66 66 66 67 67 67 68 68 68 68 69 69 69 69 70 70 70 70       664
JUL  71 71 71 71 72 72 72 72 73 73 73 73 73 73 73 74 74 74 74 74 74 74 74 74 74 74 74 74 74 75 75    732
AUG  75 75 74 74 74 74 74 74 74 74 74 73 73 73 73 73 72 72 72 71 71 71 70 70 70 69 69 68 68 68 67    719
SEP  67 66 66 65 65 64 64 63 63 62 62 61 61 60 60 60 59 59 58 58 58 57 57 56 56 55 55 55 54 54       600
OCT  54 53 53 52 52 52 51 51 50 50 49 49 49 48 48 47 47 46 46 45 45 44 44 43 43 42 41 41 40 40 39    469
NOV  39 38 37 37 36 36 35 35 34 34 33 33 32 32 31 31 30 30 29 29 29 28 28 27 27 27 26 26 25 25       313
DEC  25 24 24 24 24 23 23 23 22 22 22 22 21 21 21 20 20 20 20 20 19 19 19 19 18 18 18 18 18 18 17    207
                                                                                                        
-------------------------------------------------------------------------------------------------       
 Heating Degree Days                                                                                    
 DAY  1  2  3  4  5  6  7  8  9 10 11 12 13 14 15 16 17 18 19 20 21 22 23 24 25 26 27 28 29 30 31  MONTH
-------------------------------------------------------------------------------------------------       
JAN  48 48 48 48 48 48 48 48 48 49 48 48 48 48 48 48 48 48 48 48 47 47 47 47 46 46 46 46 45 45 45   1468
FEB  44 44 43 43 43 42 42 42 41 41 40 40 40 40 39 39 39 38 38 38 37 37 37 37 36 36 36 35            1107
MAR  35 35 35 34 34 34 34 33 33 33 32 32 32 31 31 31 30 30 30 29 29 29 28 28 28 27 27 26 26 26 25    947
APR  25 24 24 23 23 23 22 22 22 21 21 20 20 20 19 19 18 18 18 17 17 17 16 16 16 15 15 15 14 14       574
MAY  14 13 13 13 12 12 12 12 11 11 11 10 10 10 10  9  9  9  8  8  8  8  7  7  7  7  7  6  6  6  6    292
JUN   5  5  5  5  5  4  4  4  4  4  4  3  3  3  3  3  3  3  3  2  2  2  2  2  2  2  2  2  2  2        95
JUL   1  1  1  1  1  1  1  1  1  1  1  1  1  1  1  1  1  1  1  1  1  1  1  1  1  0  0  0  0  0  0     25
AUG   0  0  0  0  0  0  0  1  1  1  1  1  1  1  1  1  1  1  1  1  2  2  2  2  2  2  2  3  3  3  3     39
SEP   3  4  4  4  4  4  5  5  5  5  6  6  6  6  7  7  7  7  8  8  8  9  9  9 10 10 10 11 11 11       209
OCT  12 12 12 13 13 14 14 14 15 15 16 16 16 17 17 18 18 19 19 20 20 21 21 22 22 23 24 24 25 25 26    563
NOV  26 27 28 28 29 29 30 30 31 31 32 32 33 33 34 34 35 35 36 36 37 37 37 38 38 38 39 39 40 40      1012
DEC  40 41 41 41 41 42 42 42 43 43 43 44 44 44 44 45 45 45 45 45 46 46 46 46 47 47 47 47 47 47 48   1374
                                                                                                        
-------------------------------------------------------------------------------------------------       
 Cooling Degree Days                                                                                    
 DAY  1  2  3  4  5  6  7  8  9 10 11 12 13 14 15 16 17 18 19 20 21 22 23 24 25 26 27 28 29 30 31  MONTH
-------------------------------------------------------------------------------------------------       
JAN   0  0  0  0  0  0  0  0  0  0  0  0  0  0  0  0  0  0  0  0  0  0  0  0  0  0  0  0  0  0  0      0
FEB   0  0  0  0  0  0  0  0  0  0  0  0  0  0  0  0  0  0  0  0  0  0  0  0  0  0  0  0               0
MAR   0  0  0  0  0  0  0  0  0  0  0  0  0  0  0  0  0  0  0  0  0  0  0  0  0  0  0  0  0  0  0      0
APR   0  0  0  0  0  0  0  0  0  0  0  0  0  0  0  0  0  0  0  0  0  0  0  0  0  0  0  0  0  0         0
MAY   0  0  0  0  0  0  0  0  0  0  0  0  0  1  1  1  1  1  1  1  1  1  1  1  1  2  2  2  2  2  2     24
JUN   2  2  2  3  3  3  3  3  3  4  4  4  4  4  4  4  5  5  5  5  5  6  6  6  6  6  6  7  7  7       134
JUL   7  7  8  8  8  8  8  8  8  9  9  9  9  9  9  9  9  9  9 10 10 10 10 10 10 10 10 10 10 10 10    280
AUG  10 10 10 10 10 10  9  9  9  9  9  9  9  9  9  8  8  8  8  8  8  7  7  7  7  6  6  6  6  5  5    251
SEP   5  5  4  4  4  4  3  3  3  3  2  2  2  2  2  2  1  1  1  1  1  1  1  1  1  0  0  0  0  0        59
OCT   0  0  0  0  0  0  0  0  0  0  0  0  0  0  0  0  0  0  0  0  0  0  0  0  0  0  0  0  0  0  0      0
NOV   0  0  0  0  0  0  0  0  0  0  0  0  0  0  0  0  0  0  0  0  0  0  0  0  0  0  0  0  0  0         0
DEC   0  0  0  0  0  0  0  0  0  0  0  0  0  0  0  0  0  0  0  0  0  0  0  0  0  0  0  0  0  0  0      0
                                                                                                        
-------------------------------------------------------------------------------------------------       
 Total  Precipitation (Hundreths of an Inch)                                                            
 DAY  1  2  3  4  5  6  7  8  9 10 11 12 13 14 15 16 17 18 19 20 21 22 23 24 25 26 27 28 29 30 31  MONTH
-------------------------------------------------------------------------------------------------       
JAN   1  1  1  1  1  1  1  1  1  1  1  1  1  2  2  2  2  2  2  2  2  2  2  2  2  2  2  2  2  1  1     47
FEB   2  2  2  2  2  2  2  2  2  2  1  1  1  1  1  1  1  1  1  1  1  1  1  1  1  1  1  1              38
MAR   1  1  1  1  1  1  1  1  1  1  1  1  1  1  2  2  2  2  2  2  2  2  2  2  3  3  3  3  3  3  3     55
APR   4  4  4  4  4  4  5  5  5  5  5  5  5  5  5  6  6  6  6  6  6  6  6  6  6  6  6  6  6  6       159
MAY   6  6  6  6  6  6  6  6  7  7  7  7  7  7  7  7  7  7  7  7  7  8  8  8  8  8  8  8  8  8  9    220
JUN   9  9  9  9  9  9  9  9  9  9 10 10 10 10 10  9  9  9  9  9  9  9  9  9  9  9  8  8  8  8       271
JUL   8  7  7  7  7  7  6  6  6  6  6  6  5  5  5  5  5  5  5  5  4  4  4  4  4  4  4  4  4  4  4    163
AUG   4  4  4  4  4  3  3  3  3  3  3  3  3  3  3  3  3  3  3  3  3  4  4  4  4  4  4  4  4  4  4    108
SEP   4  4  4  4  4  4  4  4  4  4  4  5  5  5  5  5  5  5  5  5  5  5  5  5  5  5  5  5  5  5       139
OCT   5  5  5  5  5  5  5  5  5  5  5  5  5  5  5  5  5  4  4  4  4  4  4  4  4  4  4  4  3  3  3    138
NOV   3  3  3  3  3  3  2  2  2  2  2  2  2  2  2  2  2  2  2  2  2  1  1  1  1  1  1  1  1  1        57
DEC   1  1  1  1  1  1  1  1  1  1  1  1  1  1  1  1  1  1  1  1  1  1  2  2  2  2  2  2  2  2  2     40
                                                                                                        
