-------------------------------------------------------------------------------------------------       
 1971-2000 Daily/Monthly Station Normals                                                                
 Provided by National Climatic Data Center/NESDIS/NOAA                                                  
-------------------------------------------------------------------------------------------------       
 Station COOP ID:                           240110                                                      
 Station Name, State, Division, Call:       ALDER 17 S                         MT 02                    
 Latitude, Longitude, Elevation, Elements:  45 04 15 -112 03 27  5850 XNP                               
-------------------------------------------------------------------------------------------------       
 Minimum Temperature (deg F [tenths deg F for monthly])                                                 
 DAY  1  2  3  4  5  6  7  8  9 10 11 12 13 14 15 16 17 18 19 20 21 22 23 24 25 26 27 28 29 30 31  MONTH
-------------------------------------------------------------------------------------------------       
JAN  13 13 13 13 13 13 13 13 13 13 13 13 13 13 13 14 14 14 14 14 14 14 14 14 14 14 14 14 15 15 15    136
FEB  15 15 15 15 15 15 16 16 16 16 16 16 17 17 17 17 17 17 18 18 18 18 18 19 19 19 19 19             169
MAR  20 20 20 20 21 21 21 21 21 22 22 22 22 22 23 23 23 23 23 24 24 24 24 24 24 25 25 25 25 25 25    227
APR  26 26 26 26 26 26 27 27 27 27 27 28 28 28 28 28 29 29 29 29 29 30 30 30 30 31 31 31 31 32       284
MAY  32 32 33 33 33 33 34 34 34 34 35 35 35 35 36 36 36 36 37 37 37 37 38 38 38 38 38 39 39 39 39    358
JUN  40 40 40 40 40 41 41 41 41 42 42 42 42 42 43 43 43 43 43 44 44 44 44 44 44 45 45 45 45 45       426
JUL  45 46 46 46 46 46 46 47 47 47 47 47 47 47 47 47 47 48 48 48 48 48 48 48 48 48 48 48 48 48 48    472
AUG  48 48 48 48 48 48 48 48 48 48 48 48 48 48 47 47 47 47 47 47 46 46 46 46 45 45 45 44 44 44 43    467
SEP  43 43 42 42 42 41 41 41 40 40 40 40 39 39 39 38 38 38 38 37 37 37 37 36 36 36 36 35 35 35       387
OCT  35 35 34 34 34 34 33 33 33 33 32 32 32 32 31 31 31 30 30 30 29 29 29 29 28 28 28 27 27 26 26    308
NOV  26 25 25 25 24 24 24 23 23 22 22 22 22 21 21 21 20 20 20 19 19 19 18 18 18 18 17 17 17 17       209
DEC  16 16 16 16 15 15 15 15 15 15 14 14 14 14 14 14 14 13 13 13 13 13 13 13 13 13 13 13 13 13 13    140
                                                                                                        
-------------------------------------------------------------------------------------------------       
 Maximum Temperature (deg F [tenths deg F for monthly])                                                 
 DAY  1  2  3  4  5  6  7  8  9 10 11 12 13 14 15 16 17 18 19 20 21 22 23 24 25 26 27 28 29 30 31  MONTH
-------------------------------------------------------------------------------------------------       
JAN  31 31 31 31 31 31 31 31 31 31 31 31 31 32 32 32 32 32 32 32 32 32 32 33 33 33 33 33 33 34 34    319
FEB  34 34 34 34 35 35 35 35 35 36 36 36 36 36 37 37 37 37 37 38 38 38 38 38 39 39 39 39             365
MAR  39 40 40 40 40 41 41 41 41 42 42 42 42 43 43 43 43 44 44 44 44 45 45 45 46 46 46 46 47 47 47    432
APR  48 48 48 49 49 49 49 50 50 50 51 51 51 52 52 52 52 53 53 53 54 54 54 55 55 55 55 56 56 56       520
MAY  57 57 57 57 58 58 58 58 59 59 59 60 60 60 60 61 61 61 62 62 62 62 63 63 63 63 64 64 64 65 65    607
JUN  65 65 66 66 66 66 67 67 67 68 68 68 69 69 69 69 70 70 70 71 71 71 72 72 72 73 73 74 74 74       694
JUL  75 75 75 76 76 76 76 77 77 77 77 78 78 78 78 78 79 79 79 79 79 79 79 79 79 80 80 80 80 80 80    780
AUG  80 80 80 79 79 79 79 79 79 79 79 79 78 78 78 78 78 77 77 77 77 76 76 76 75 75 75 74 74 73 73    773
SEP  73 72 72 72 71 71 70 70 70 69 69 68 68 68 67 67 67 66 66 66 65 65 65 64 64 64 64 63 63 63       674
OCT  62 62 62 61 61 61 60 60 60 59 59 58 58 57 57 57 56 56 55 55 54 54 53 52 52 51 51 50 49 49 48    561
NOV  47 47 46 46 45 44 44 43 43 42 42 41 41 40 40 39 39 39 38 38 37 37 37 36 36 36 35 35 35 35       401
DEC  34 34 34 34 34 33 33 33 33 33 32 32 32 32 32 32 32 32 32 31 31 31 31 31 31 31 31 31 31 31 31    321
                                                                                                        
-------------------------------------------------------------------------------------------------       
 Average Temperature (deg F [tenths deg F for monthly])                                                 
 DAY  1  2  3  4  5  6  7  8  9 10 11 12 13 14 15 16 17 18 19 20 21 22 23 24 25 26 27 28 29 30 31  MONTH
-------------------------------------------------------------------------------------------------       
JAN  22 22 22 22 22 22 22 22 22 22 22 22 22 23 23 23 23 23 23 23 23 23 23 23 24 24 24 24 24 24 24    228
FEB  24 25 25 25 25 25 25 25 26 26 26 26 26 27 27 27 27 27 27 28 28 28 28 29 29 29 29 29             267
MAR  30 30 30 30 31 31 31 31 31 32 32 32 32 33 33 33 33 33 34 34 34 34 35 35 35 35 35 36 36 36 36    330
APR  37 37 37 37 38 38 38 38 39 39 39 39 39 40 40 40 40 41 41 41 42 42 42 42 43 43 43 43 44 44       402
MAY  44 45 45 45 45 46 46 46 46 47 47 47 48 48 48 48 49 49 49 49 50 50 50 50 51 51 51 51 52 52 52    483
JUN  52 53 53 53 53 54 54 54 54 55 55 55 55 56 56 56 56 57 57 57 57 58 58 58 58 59 59 59 59 60       560
JUL  60 60 60 61 61 61 61 62 62 62 62 62 63 63 63 63 63 63 63 63 63 64 64 64 64 64 64 64 64 64 64    626
AUG  64 64 64 64 64 64 64 64 63 63 63 63 63 63 63 62 62 62 62 62 61 61 61 61 60 60 60 59 59 59 58    620
SEP  58 58 57 57 56 56 56 55 55 55 54 54 54 53 53 53 53 52 52 52 51 51 51 50 50 50 50 49 49 49       531
OCT  49 48 48 48 48 47 47 47 46 46 46 45 45 45 44 44 43 43 43 42 42 41 41 40 40 40 39 39 38 38 37    435
NOV  37 36 36 35 35 34 34 33 33 32 32 31 31 31 30 30 30 29 29 28 28 28 28 27 27 27 26 26 26 26       305
DEC  25 25 25 25 25 24 24 24 24 24 23 23 23 23 23 23 23 23 23 22 22 22 22 22 22 22 22 22 22 22 22    231
                                                                                                        
-------------------------------------------------------------------------------------------------       
 Heating Degree Days                                                                                    
 DAY  1  2  3  4  5  6  7  8  9 10 11 12 13 14 15 16 17 18 19 20 21 22 23 24 25 26 27 28 29 30 31  MONTH
-------------------------------------------------------------------------------------------------       
JAN  43 43 43 43 43 43 43 43 43 43 43 43 43 43 42 42 42 42 42 42 42 42 42 42 41 41 41 41 41 41 41   1309
FEB  41 40 40 40 40 40 40 39 39 39 39 39 39 38 38 38 38 38 38 37 37 37 37 37 36 36 36 36            1072
MAR  35 35 35 35 35 34 34 34 34 33 33 33 33 33 32 32 32 32 31 31 31 31 30 30 30 30 30 29 29 29 29    994
APR  28 28 28 28 27 27 27 27 27 26 26 26 26 25 25 25 24 24 24 24 23 23 23 23 22 22 22 22 21 21       744
MAY  21 20 20 20 20 19 19 19 19 18 18 18 18 17 17 17 17 16 16 16 15 15 15 15 14 14 14 14 13 13 13    520
JUN  13 12 12 12 12 11 11 11 11 11 10 10 10 10  9  9  9  9  9  8  8  8  8  7  7  7  7  7  6  6       280
JUL   6  6  6  5  5  5  5  5  5  4  4  4  4  4  4  4  4  4  3  3  3  3  3  3  3  3  3  3  3  3  3    123
AUG   3  3  3  3  3  3  4  4  4  4  4  4  4  4  4  5  5  5  5  5  5  6  6  6  6  7  7  7  7  8  8    152
SEP   8  8  9  9  9 10 10 10 10 11 11 11 12 12 12 12 13 13 13 13 14 14 14 15 15 15 15 16 16 16       366
OCT  16 17 17 17 17 18 18 18 19 19 19 20 20 20 21 21 22 22 22 23 23 24 24 25 25 26 26 26 27 27 28    667
NOV  28 29 29 30 30 31 31 32 32 33 33 34 34 34 35 35 35 36 36 37 37 37 38 38 38 38 39 39 39 39      1036
DEC  40 40 40 40 40 41 41 41 41 41 42 42 42 42 42 42 42 42 43 43 43 43 43 43 43 43 43 43 43 43 43   1300
                                                                                                        
-------------------------------------------------------------------------------------------------       
 Cooling Degree Days                                                                                    
 DAY  1  2  3  4  5  6  7  8  9 10 11 12 13 14 15 16 17 18 19 20 21 22 23 24 25 26 27 28 29 30 31  MONTH
-------------------------------------------------------------------------------------------------       
JAN   0  0  0  0  0  0  0  0  0  0  0  0  0  0  0  0  0  0  0  0  0  0  0  0  0  0  0  0  0  0  0      0
FEB   0  0  0  0  0  0  0  0  0  0  0  0  0  0  0  0  0  0  0  0  0  0  0  0  0  0  0  0               0
MAR   0  0  0  0  0  0  0  0  0  0  0  0  0  0  0  0  0  0  0  0  0  0  0  0  0  0  0  0  0  0  0      0
APR   0  0  0  0  0  0  0  0  0  0  0  0  0  0  0  0  0  0  0  0  0  0  0  0  0  0  0  0  0  0         0
MAY   0  0  0  0  0  0  0  0  0  0  0  0  0  0  0  0  0  0  0  0  0  0  0  0  0  0  0  0  0  0  0      0
JUN   0  0  0  0  0  0  0  0  0  0  0  0  0  0  0  0  0  0  0  1  1  1  1  1  1  1  1  1  1  1        11
JUL   1  1  1  1  1  1  1  1  1  1  1  1  1  1  2  2  2  2  2  2  2  2  2  2  2  2  2  2  2  2  2     48
AUG   2  2  2  2  2  2  2  2  2  2  2  2  2  2  2  2  2  2  2  2  2  2  2  2  2  2  2  2  1  1  1     59
SEP   1  1  1  1  1  1  1  1  0  0  0  0  0  0  0  0  0  0  0  0  0  0  0  0  0  0  0  0  0  0         8
OCT   0  0  0  0  0  0  0  0  0  0  0  0  0  0  0  0  0  0  0  0  0  0  0  0  0  0  0  0  0  0  0      0
NOV   0  0  0  0  0  0  0  0  0  0  0  0  0  0  0  0  0  0  0  0  0  0  0  0  0  0  0  0  0  0         0
DEC   0  0  0  0  0  0  0  0  0  0  0  0  0  0  0  0  0  0  0  0  0  0  0  0  0  0  0  0  0  0  0      0
                                                                                                        
-------------------------------------------------------------------------------------------------       
 Total  Precipitation (Hundreths of an Inch)                                                            
 DAY  1  2  3  4  5  6  7  8  9 10 11 12 13 14 15 16 17 18 19 20 21 22 23 24 25 26 27 28 29 30 31  MONTH
-------------------------------------------------------------------------------------------------       
JAN   1  1  1  1  1  1  2  2  2  2  2  2  1  1  1  1  1  1  1  1  1  1  1  1  1  1  1  1  1  1  1     37
FEB   1  1  1  1  1  1  1  1  1  1  1  1  1  1  1  1  1  1  1  1  1  1  1  2  2  2  2  2              33
MAR   2  2  2  2  2  2  2  2  2  2  2  2  2  2  2  2  2  2  2  3  3  3  3  3  3  3  3  3  3  3  3     74
APR   3  3  3  3  3  3  3  3  3  3  3  3  3  3  3  4  4  4  4  4  4  4  4  4  5  5  5  5  5  5       111
MAY   6  6  6  6  6  6  7  7  7  7  7  7  7  8  8  8  8  8  8  8  8  8  8  8  8  8  9  9  9  9  9    234
JUN   9  9  9  9  9  9  9  9  8  8  8  8  8  8  8  8  8  8  8  8  8  8  7  7  7  7  7  7  7  6       239
JUL   6  6  6  6  6  6  6  5  5  5  5  5  5  5  5  5  5  5  5  5  5  4  4  4  4  4  4  4  4  5  5    154
AUG   4  4  4  4  4  4  5  5  5  5  5  5  5  5  5  5  5  5  5  5  5  5  5  5  5  5  5  5  5  4  4    147
SEP   5  5  5  5  5  5  5  4  4  4  4  4  4  4  4  4  4  4  4  4  4  4  4  4  4  4  4  4  4  4       127
OCT   4  4  4  4  4  4  4  4  4  4  4  4  3  3  3  3  3  3  3  3  3  3  3  3  3  3  3  3  3  3  3    105
NOV   3  3  2  2  2  2  2  2  2  2  2  2  2  2  2  2  2  2  2  2  2  2  2  2  2  2  2  1  1  1        59
DEC   2  2  2  2  2  2  2  2  1  1  1  1  1  1  1  1  1  1  1  1  1  1  1  1  1  1  1  1  1  1  1     39
                                                                                                        
