-------------------------------------------------------------------------------------------------       
 1971-2000 Daily/Monthly Station Normals                                                                
 Provided by National Climatic Data Center/NESDIS/NOAA                                                  
-------------------------------------------------------------------------------------------------       
 Station COOP ID:                           331288                                                      
 Station Name, State, Division, Call:       CARPENTER 2 S                      OH 09                    
 Latitude, Longitude, Elevation, Elements:  39 08 49 -082 13 10   822 XNP                               
-------------------------------------------------------------------------------------------------       
 Minimum Temperature (deg F [tenths deg F for monthly])                                                 
 DAY  1  2  3  4  5  6  7  8  9 10 11 12 13 14 15 16 17 18 19 20 21 22 23 24 25 26 27 28 29 30 31  MONTH
-------------------------------------------------------------------------------------------------       
JAN  18 18 18 18 18 17 17 17 17 17 17 17 17 17 17 17 17 16 16 16 16 16 16 16 16 17 17 17 17 17 17    169
FEB  17 17 17 17 17 18 18 18 18 18 18 18 19 19 19 19 19 20 20 20 20 20 21 21 21 22 22 22             191
MAR  22 23 23 23 24 24 24 24 25 25 25 26 26 26 26 27 27 27 28 28 28 29 29 29 30 30 30 30 31 31 31    268
APR  32 32 32 33 33 33 33 34 34 34 35 35 35 36 36 36 37 37 37 38 38 38 39 39 39 40 40 40 40 41       362
MAY  41 42 42 42 43 43 43 44 44 44 44 45 45 45 46 46 46 47 47 47 48 48 48 49 49 49 50 50 50 51 51    461
JUN  51 52 52 52 52 53 53 53 54 54 54 54 55 55 55 55 55 56 56 56 56 56 57 57 57 57 57 57 58 58       549
JUL  58 58 58 58 59 59 59 59 59 59 59 59 59 59 59 59 59 59 59 59 59 59 60 59 59 59 59 59 59 59 59    589
AUG  59 59 59 59 59 59 59 58 58 58 58 58 58 58 58 58 57 57 57 57 57 57 57 56 56 56 56 56 55 55 55    574
SEP  55 55 54 54 54 53 53 53 53 52 52 52 51 51 51 50 50 49 49 49 48 48 47 47 46 46 45 45 44 44       500
OCT  43 43 42 41 41 41 40 40 39 39 38 38 38 37 37 36 36 36 35 35 35 35 34 34 34 34 34 33 33 33 33    370
NOV  33 33 33 32 32 32 32 32 32 31 31 31 31 31 30 30 30 30 30 29 29 29 29 28 28 28 27 27 27 26       301
DEC  26 26 26 25 25 25 24 24 24 23 23 23 23 22 22 22 22 21 21 21 21 20 20 20 20 19 19 19 19 19 18    220
                                                                                                        
-------------------------------------------------------------------------------------------------       
 Maximum Temperature (deg F [tenths deg F for monthly])                                                 
 DAY  1  2  3  4  5  6  7  8  9 10 11 12 13 14 15 16 17 18 19 20 21 22 23 24 25 26 27 28 29 30 31  MONTH
-------------------------------------------------------------------------------------------------       
JAN  38 38 37 37 37 37 37 37 37 37 37 37 37 36 36 36 36 36 37 37 37 37 37 37 37 37 37 37 38 38 38    370
FEB  38 38 38 39 39 39 39 40 40 40 40 41 41 41 42 42 42 42 43 43 43 44 44 45 45 45 46 46             416
MAR  46 47 47 48 48 48 49 49 50 50 50 51 51 52 52 52 53 53 53 54 54 55 55 55 56 56 57 57 57 58 58    523
APR  58 59 59 59 60 60 61 61 61 62 62 62 63 63 63 64 64 64 64 65 65 65 66 66 66 67 67 67 68 68       633
MAY  68 68 69 69 69 70 70 70 70 71 71 71 71 72 72 72 73 73 73 74 74 74 74 75 75 75 76 76 76 76 77    724
JUN  77 77 78 78 78 78 79 79 79 79 80 80 80 80 80 81 81 81 81 81 81 82 82 82 82 82 82 83 83 83       803
JUL  83 83 83 83 83 83 84 84 84 84 84 84 84 84 84 84 84 84 84 84 84 84 84 84 84 84 84 84 84 84 84    838
AUG  84 84 84 84 84 84 83 83 83 83 83 83 83 83 83 83 82 82 82 82 82 82 82 81 81 81 81 81 81 80 80    824
SEP  80 80 80 79 79 79 79 78 78 78 78 77 77 77 76 76 76 76 75 75 75 74 74 74 73 73 72 72 72 71       761
OCT  71 71 70 70 69 69 69 68 68 67 67 67 66 66 66 65 65 64 64 64 63 63 62 62 62 61 61 60 60 59 59    651
NOV  59 58 58 57 57 57 56 56 55 55 55 54 54 53 53 53 52 52 51 51 51 50 50 49 49 49 48 48 47 47       528
DEC  47 46 46 46 45 45 44 44 44 43 43 43 42 42 42 42 41 41 41 40 40 40 40 39 39 39 39 39 38 38 38    418
                                                                                                        
-------------------------------------------------------------------------------------------------       
 Average Temperature (deg F [tenths deg F for monthly])                                                 
 DAY  1  2  3  4  5  6  7  8  9 10 11 12 13 14 15 16 17 18 19 20 21 22 23 24 25 26 27 28 29 30 31  MONTH
-------------------------------------------------------------------------------------------------       
JAN  28 28 28 28 27 27 27 27 27 27 27 27 27 27 27 27 26 26 26 26 27 27 27 27 27 27 27 27 27 27 27    270
FEB  28 28 28 28 28 28 29 29 29 29 29 30 30 30 30 30 31 31 31 32 32 32 32 33 33 33 34 34             304
MAR  34 35 35 35 36 36 37 37 37 38 38 38 39 39 39 40 40 40 41 41 41 42 42 42 43 43 43 44 44 44 45    396
APR  45 45 46 46 46 47 47 47 48 48 48 49 49 49 50 50 50 51 51 51 52 52 52 53 53 53 54 54 54 54       498
MAY  55 55 55 56 56 56 57 57 57 57 58 58 58 59 59 59 60 60 60 60 61 61 61 62 62 62 63 63 63 64 64    593
JUN  64 64 65 65 65 66 66 66 66 67 67 67 67 67 68 68 68 68 69 69 69 69 69 69 70 70 70 70 70 70       676
JUL  70 70 71 71 71 71 71 71 71 71 71 71 71 71 71 72 72 72 72 72 72 72 72 72 72 72 72 72 72 71 71    714
AUG  72 71 71 71 71 71 71 71 71 71 71 71 70 70 70 70 70 70 70 70 69 69 69 69 69 69 68 68 68 68 68    699
SEP  67 67 67 67 66 66 66 66 65 65 65 65 64 64 64 63 63 63 62 62 61 61 61 60 60 59 59 59 58 58       631
OCT  57 57 56 56 55 55 54 54 54 53 53 52 52 52 51 51 50 50 50 49 49 49 48 48 48 48 47 47 47 46 46    511
NOV  46 46 45 45 45 44 44 44 44 43 43 43 42 42 42 41 41 41 41 40 40 40 39 39 38 38 38 37 37 37       415
DEC  36 36 36 35 35 35 34 34 34 33 33 33 33 32 32 32 31 31 31 31 30 30 30 30 30 29 29 29 29 28 28    319
                                                                                                        
-------------------------------------------------------------------------------------------------       
 Heating Degree Days                                                                                    
 DAY  1  2  3  4  5  6  7  8  9 10 11 12 13 14 15 16 17 18 19 20 21 22 23 24 25 26 27 28 29 30 31  MONTH
-------------------------------------------------------------------------------------------------       
JAN  37 37 37 37 38 38 38 38 38 38 38 38 38 38 38 39 39 39 39 39 39 38 38 38 38 38 38 38 38 38 38   1180
FEB  38 37 37 37 37 37 37 36 36 36 36 35 35 35 35 35 34 34 34 33 33 33 33 32 32 32 31 31             971
MAR  31 30 30 30 29 29 29 28 28 28 27 27 26 26 26 25 25 25 24 24 24 23 23 23 22 22 22 21 21 21 20    789
APR  20 20 19 19 19 18 18 18 17 17 17 16 16 16 15 15 15 14 14 14 14 13 13 13 12 12 12 12 11 11       460
MAY  11 10 10 10 10  9  9  9  9  8  8  8  8  7  7  7  7  7  6  6  6  6  5  5  5  5  5  4  4  4  4    219
JUN   4  3  3  3  3  3  2  2  2  2  2  2  2  2  1  1  1  1  1  1  1  1  1  1  1  1  0  0  0  0        47
JUL -99-99-99-99-99  0  0  0  0  0  0  0  0  0  0  0  0  0  0  0  0  0  0  0  0  0  0-99-99-99-99      9
AUG   0  0  0  0  0  0  0  0  1  1  1  1  1  1  1  1  1  1  1  1  1  1  1  1  1  1  1  1  1  1  1     23
SEP   1  1  1  1  1  2  2  2  2  2  2  3  3  3  3  3  4  4  4  4  5  5  5  6  6  7  7  7  8  8       112
OCT   9  9  9 10 10 11 11 12 12 12 13 13 14 14 14 15 15 15 16 16 16 17 17 17 18 18 18 18 19 19 19    446
NOV  19 20 20 20 20 21 21 21 22 22 22 22 23 23 23 24 24 24 25 25 25 25 26 26 26 27 27 28 28 28       707
DEC  29 29 29 30 30 30 31 31 31 32 32 32 32 33 33 33 34 34 34 34 35 35 35 35 35 36 36 36 36 37 37   1026
                                                                                                        
-------------------------------------------------------------------------------------------------       
 Cooling Degree Days                                                                                    
 DAY  1  2  3  4  5  6  7  8  9 10 11 12 13 14 15 16 17 18 19 20 21 22 23 24 25 26 27 28 29 30 31  MONTH
-------------------------------------------------------------------------------------------------       
JAN   0  0  0  0  0  0  0  0  0  0  0  0  0  0  0  0  0  0  0  0  0  0  0  0  0  0  0  0  0  0  0      0
FEB   0  0  0  0  0  0  0  0  0  0  0  0  0  0  0  0  0  0  0  0  0  0  0  0  0  0  0  0               0
MAR   0  0  0  0  0  0  0  0  0  0  0  0  0  0  0  0  0  0  0  0  0  0  0  0  0  0  0  0  0  0  0      0
APR   0  0  0  0  0  0  0  0  0  0  0  0  0  0  0  0  0  0  0  0  0  0  0  0  0  0  0  0-99-99         2
MAY   0  0  0  1  1  1  1  1  1  1  1  1  1  1  1  1  1  1  1  2  2  2  2  2  2  2  2  2  2  2  3     41
JUN   3  3  3  3  3  3  3  3  3  4  4  4  4  4  4  4  4  4  4  5  5  5  5  5  5  5  5  5  6  6       124
JUL   6  6  6  6  6  6  6  6  6  6  7  7  7  7  7  7  7  7  7  7  7  7  7  7  7  7  7  7  7  7  7    207
AUG   7  7  7  7  7  7  7  6  6  6  6  6  6  6  6  6  6  6  5  5  5  5  5  5  5  5  4  4  4  4  4    175
SEP   4  3  3  3  3  3  3  2  2  2  2  2  2  2  2  1  1  1  1  1  1  1  1  1  1  1  1  1  1  1        53
OCT   1  1  1  1  1  1  1  1  1  1  1  1  1  0  0  0  0  0  0  0  0  0  0  0  0  0  0  0  0  0  0     13
NOV   0  0  0  0  0  0  0  0  0  0  0  0  0  0  0  0  0  0  0  0  0  0  0  0  0  0  0  0  0  0         0
DEC   0  0  0  0  0  0  0  0  0  0  0  0  0  0  0  0  0  0  0  0  0  0  0  0  0  0  0  0  0  0  0      0
                                                                                                        
-------------------------------------------------------------------------------------------------       
 Total  Precipitation (Hundreths of an Inch)                                                            
 DAY  1  2  3  4  5  6  7  8  9 10 11 12 13 14 15 16 17 18 19 20 21 22 23 24 25 26 27 28 29 30 31  MONTH
-------------------------------------------------------------------------------------------------       
JAN  10 10 10 10  9  9  9  9  9  9  9  9  9  9  9  9  9  9  9  9  9  9  9  9  9  9  9  9  9  9 10    284
FEB   9  9  9  9  9 10 10 10 10 10 10 10 10 10 10 10 10 10 10 10 10 10 10 11 11 11 11 11             280
MAR  11 11 11 11 11 11 11 11 11 11 11 11 11 12 12 12 12 12 12 12 12 11 11 11 11 11 11 11 11 11 11    349
APR  11 11 11 11 11 11 11 11 11 11 11 11 11 11 11 11 11 11 11 11 11 11 11 11 11 12 12 12 12 12       335
MAY  12 13 13 13 13 13 13 13 13 14 14 14 14 14 14 14 14 14 14 14 14 14 14 14 14 14 14 14 14 13 13    422
JUN  13 13 13 13 13 13 13 13 13 13 13 13 12 12 12 12 12 12 12 12 13 13 13 13 13 13 13 13 13 13       382
JUL  13 13 14 14 14 14 14 14 14 14 14 14 14 14 14 14 14 14 14 14 14 15 15 15 15 14 14 14 14 14 14    436
AUG  14 14 14 14 14 14 14 14 14 14 14 14 14 14 13 13 13 13 13 13 13 13 13 13 13 12 12 12 12 12 12    411
SEP  12 12 12 11 11 11 11 11 11 11 11 11 10 10 10 10 10 10 10 10 10 10  9  9  9  9  9  9  9  9       307
OCT   9  9  9  9  8  8  8  8  8  8  8  8  8  8  8  8  8  8  8  8  8  8  8  8  9  9  9  9  9  9  9    259
NOV   9  9  9  9 10 10 10 10 10 10 10 10 10 10 10 10 10 10 10 10 10 11 11 11 11 11 11 11 10 10       303
DEC  10 10 10 10 10 10 10 10 10 10 10 10 10 10 10 10 10 10 10 10 10 10 10 10 10 10 10 10 10 10  9    309
                                                                                                        
