-------------------------------------------------------------------------------------------------       
 1971-2000 Daily/Monthly Station Normals                                                                
 Provided by National Climatic Data Center/NESDIS/NOAA                                                  
-------------------------------------------------------------------------------------------------       
 Station COOP ID:                           331858                                                      
 Station Name, State, Division, Call:       COOPERDALE                         OH 06                    
 Latitude, Longitude, Elevation, Elements:  40 13 00 -082 04 00   780   P                               
-------------------------------------------------------------------------------------------------       
 Total  Precipitation (Hundreths of an Inch)                                                            
 DAY  1  2  3  4  5  6  7  8  9 10 11 12 13 14 15 16 17 18 19 20 21 22 23 24 25 26 27 28 29 30 31  MONTH
-------------------------------------------------------------------------------------------------       
JAN   9  9  9  9  9  9  9  9  9  9  9  9  9  9  9  9  9  9  9  9  9  9  9  9  9  8  8  8  8  8  8    273
FEB   9  9  8  8  8  8  8  8  8  8  8  8  8  8  8  8  8  8  9  9  9  9  9  9  9  9  9  9             236
MAR   9  9  9  9  9  9  9  9  9  9  9  9  9 10 10 10 10 10 10 10 10 10 10 10 10 10 10 10 11 11 11    300
APR  11 11 11 11 11 11 11 11 11 11 11 11 11 11 11 12 12 12 12 12 12 12 12 12 12 12 12 12 12 12       345
MAY  12 12 12 12 12 12 12 12 12 12 12 12 12 13 13 13 13 13 13 13 13 13 13 13 13 13 13 13 13 14 14    392
JUN  14 14 14 14 14 14 14 14 14 14 14 14 14 14 14 15 15 15 14 14 14 14 14 14 14 14 14 14 14 14       423
JUL  14 14 14 14 14 13 13 13 13 13 13 13 13 13 13 13 13 13 13 13 13 13 13 13 13 13 13 13 13 13 13    408
AUG  13 13 13 13 13 13 13 13 13 13 13 13 13 13 13 13 13 13 13 13 12 12 12 12 12 12 12 12 12 12 12    392
SEP  12 12 11 11 11 11 11 11 11 11 11 10 10 10 10 10 10 10 10 10  9  9  9  9  9  9  9  9  8  8       301
OCT   8  8  8  8  8  8  8  8  8  7  7  7  7  7  7  7  8  8  8  8  8  8  8  8  8  8  8  9  9  9  9    245
NOV   9  9  9 10 10 10 10 10 10 10 10 11 11 11 11 11 11 11 11 11 11 11 11 11 11 11 11 11 11 10       315
DEC  11 10 10 10 10 10 10 10 10 10 10 10 10 10 10 10 10 10  9  9  9  9  9  9  9  9  9  9  9  9  9    298
                                                                                                        
