-------------------------------------------------------------------------------------------------       
 1971-2000 Daily/Monthly Station Normals                                                                
 Provided by National Climatic Data Center/NESDIS/NOAA                                                  
-------------------------------------------------------------------------------------------------       
 Station COOP ID:                           332067                                                      
 Station Name, State, Division, Call:       DAYTON MCD                         OH 08                    
 Latitude, Longitude, Elevation, Elements:  39 45 48 -084 11 28   745 XNP                               
-------------------------------------------------------------------------------------------------       
 Minimum Temperature (deg F [tenths deg F for monthly])                                                 
 DAY  1  2  3  4  5  6  7  8  9 10 11 12 13 14 15 16 17 18 19 20 21 22 23 24 25 26 27 28 29 30 31  MONTH
-------------------------------------------------------------------------------------------------       
JAN  22 22 22 21 21 21 21 21 21 21 21 21 20 20 20 20 20 20 20 20 20 20 20 20 20 20 20 21 21 21 21    206
FEB  21 21 21 21 21 22 22 22 22 22 23 23 23 23 23 24 24 24 24 25 25 25 25 26 26 26 27 27             235
MAR  27 28 28 28 29 29 29 30 30 30 31 31 31 32 32 32 33 33 33 33 34 34 34 35 35 35 36 36 36 37 37    322
APR  37 38 38 38 39 39 39 39 40 40 40 41 41 41 42 42 43 43 43 44 44 44 45 45 45 46 46 47 47 47       421
MAY  48 48 48 49 49 49 50 50 51 51 51 52 52 52 53 53 54 54 54 55 55 55 56 56 56 57 57 57 58 58 58    531
JUN  59 59 59 60 60 60 61 61 61 61 62 62 62 62 63 63 63 63 64 64 64 64 64 65 65 65 65 65 66 66       626
JUL  66 66 66 66 66 66 67 67 67 67 67 67 67 67 67 67 67 67 67 67 67 67 67 67 67 67 67 67 67 67 67    668
AUG  67 67 66 66 66 66 66 66 66 66 66 65 65 65 65 65 65 64 64 64 64 64 64 63 63 63 63 63 62 62 62    646
SEP  62 61 61 61 61 60 60 60 59 59 59 59 58 58 58 57 57 56 56 56 55 55 55 54 54 53 53 52 52 52       571
OCT  51 51 50 50 49 49 48 48 48 47 47 46 46 46 45 45 45 44 44 44 43 43 43 42 42 42 42 41 41 41 41    453
NOV  40 40 40 40 39 39 39 39 38 38 38 37 37 37 36 36 36 36 35 35 34 34 34 33 33 33 32 32 32 31       361
DEC  31 30 30 30 29 29 29 28 28 28 27 27 27 26 26 26 25 25 25 25 24 24 24 24 23 23 23 23 23 22 22    260
                                                                                                        
-------------------------------------------------------------------------------------------------       
 Maximum Temperature (deg F [tenths deg F for monthly])                                                 
 DAY  1  2  3  4  5  6  7  8  9 10 11 12 13 14 15 16 17 18 19 20 21 22 23 24 25 26 27 28 29 30 31  MONTH
-------------------------------------------------------------------------------------------------       
JAN  36 36 35 35 35 35 35 35 35 35 35 35 35 35 35 35 35 35 35 35 35 35 35 35 35 35 35 36 36 36 36    352
FEB  36 37 37 37 37 37 38 38 38 38 39 39 39 40 40 40 41 41 41 42 42 42 43 43 43 44 44 44             400
MAR  45 45 46 46 46 47 47 48 48 48 49 49 50 50 50 51 51 52 52 52 53 53 54 54 54 55 55 56 56 56 57    508
APR  57 58 58 58 59 59 60 60 60 61 61 62 62 62 63 63 64 64 64 65 65 65 66 66 67 67 67 68 68 68       629
MAY  69 69 70 70 70 71 71 71 72 72 72 73 73 73 74 74 74 75 75 76 76 76 77 77 77 78 78 78 78 79 79    741
JUN  79 80 80 80 81 81 81 82 82 82 82 83 83 83 83 84 84 84 84 84 85 85 85 85 85 85 86 86 86 86       832
JUL  86 86 86 87 87 87 87 87 87 87 87 87 87 87 87 87 88 88 88 88 88 88 88 88 88 87 87 87 87 87 87    872
AUG  87 87 87 87 87 87 87 87 86 86 86 86 86 86 86 86 85 85 85 85 85 85 84 84 84 84 84 84 83 83 83    854
SEP  83 83 82 82 82 82 81 81 81 81 80 80 80 79 79 79 78 78 78 77 77 77 76 76 75 75 75 74 74 73       786
OCT  73 72 72 71 71 70 70 70 69 69 68 68 67 67 66 66 65 65 65 64 64 63 63 62 62 61 61 60 60 60 59    659
NOV  59 58 58 57 57 56 56 55 55 55 54 54 53 53 52 52 52 51 51 50 50 49 49 48 48 48 47 47 46 46       522
DEC  45 45 45 44 44 43 43 43 42 42 42 41 41 40 40 40 40 39 39 39 38 38 38 38 37 37 37 37 37 36 36    402
                                                                                                        
-------------------------------------------------------------------------------------------------       
 Average Temperature (deg F [tenths deg F for monthly])                                                 
 DAY  1  2  3  4  5  6  7  8  9 10 11 12 13 14 15 16 17 18 19 20 21 22 23 24 25 26 27 28 29 30 31  MONTH
-------------------------------------------------------------------------------------------------       
JAN  29 29 29 28 28 28 28 28 28 28 28 28 28 27 27 27 27 27 27 27 28 28 28 28 28 28 28 28 28 28 29    279
FEB  29 29 29 29 29 30 30 30 30 30 31 31 31 31 32 32 32 33 33 33 33 34 34 34 35 35 35 36             318
MAR  36 36 37 37 38 38 38 39 39 39 40 40 40 41 41 42 42 42 43 43 43 44 44 44 45 45 45 46 46 47 47    415
APR  47 48 48 48 49 49 49 50 50 50 51 51 52 52 52 53 53 53 54 54 55 55 55 56 56 56 57 57 57 58       525
MAY  58 59 59 59 60 60 61 61 61 62 62 62 63 63 63 64 64 64 65 65 65 66 66 66 67 67 67 68 68 68 69    636
JUN  69 69 70 70 70 71 71 71 71 72 72 72 73 73 73 73 73 74 74 74 74 75 75 75 75 75 75 76 76 76       729
JUL  76 76 76 77 77 77 77 77 77 77 77 77 77 77 77 77 77 77 78 78 78 77 77 77 77 77 77 77 77 77 77    770
AUG  77 77 77 77 77 76 76 76 76 76 76 76 76 75 75 75 75 75 75 75 74 74 74 74 74 73 73 73 73 73 72    750
SEP  72 72 72 72 71 71 71 71 70 70 70 69 69 69 68 68 68 67 67 67 66 66 65 65 65 64 64 63 63 62       679
OCT  62 61 61 61 60 60 59 59 58 58 58 57 57 56 56 55 55 55 54 54 53 53 53 52 52 52 51 51 51 50 50    556
NOV  50 49 49 48 48 48 47 47 47 46 46 46 45 45 44 44 44 43 43 43 42 42 41 41 41 40 40 39 39 39       442
DEC  38 38 37 37 37 36 36 35 35 35 34 34 34 33 33 33 33 32 32 32 31 31 31 31 30 30 30 30 30 29 29    331
                                                                                                        
-------------------------------------------------------------------------------------------------       
 Heating Degree Days                                                                                    
 DAY  1  2  3  4  5  6  7  8  9 10 11 12 13 14 15 16 17 18 19 20 21 22 23 24 25 26 27 28 29 30 31  MONTH
-------------------------------------------------------------------------------------------------       
JAN  36 36 36 37 37 37 37 37 37 37 37 37 37 37 38 38 38 38 38 38 37 37 37 37 37 37 37 37 37 37 37   1150
FEB  36 36 36 36 36 35 35 35 35 35 34 34 34 34 33 33 33 33 32 32 32 31 31 31 30 30 30 29             931
MAR  29 29 28 28 28 27 27 26 26 26 25 25 25 24 24 23 23 23 22 22 22 21 21 21 20 20 19 19 19 18 18    728
APR  18 17 17 16 16 16 15 15 15 14 14 14 13 13 13 12 12 12 11 11 11 11 10 10 10  9  9  9  9  8       380
MAY   8  8  8  8  7  7  7  7  6  6  6  6  6  5  5  5  5  5  4  4  4  4  4  3  3  3  3  3  2  2  2    156
JUN   2  2  2  2  1  1  1  1  1  1  1  1  0  0  0  0  0  0  0  0  0  0  0  0  0  0  0  0  0  0        16
JUL   0  0  0  0  0  0  0  0  0  0  0  0  0  0  0  0  0  0  0  0  0  0  0  0  0  0  0  0  0  0  0      0
AUG   0  0  0  0  0  0  0  0  0  0  0-99-99-99-99-99  0  0  0  0  0  0  0  0  0  0  0  0  0  0  0      5
SEP   0  0  0  0  0  0  0  0  0  1  1  1  1  1  1  1  2  2  2  2  2  3  3  3  3  4  4  4  4  5        50
OCT   5  5  6  6  6  7  7  7  8  8  8  9  9  9 10 10 10 11 11 11 12 12 13 13 13 14 14 14 15 15 15    313
NOV  16 16 16 17 17 17 18 18 18 19 19 19 20 20 21 21 21 22 22 23 23 23 24 24 24 25 25 26 26 26       626
DEC  27 27 28 28 28 29 29 29 30 30 31 31 31 32 32 32 32 33 33 33 34 34 34 34 35 35 35 35 35 36 36    988
                                                                                                        
-------------------------------------------------------------------------------------------------       
 Cooling Degree Days                                                                                    
 DAY  1  2  3  4  5  6  7  8  9 10 11 12 13 14 15 16 17 18 19 20 21 22 23 24 25 26 27 28 29 30 31  MONTH
-------------------------------------------------------------------------------------------------       
JAN   0  0  0  0  0  0  0  0  0  0  0  0  0  0  0  0  0  0  0  0  0  0  0  0  0  0  0  0  0  0  0      0
FEB   0  0  0  0  0  0  0  0  0  0  0  0  0  0  0  0  0  0  0  0  0  0  0  0  0  0  0  0               0
MAR   0  0  0  0  0  0  0  0  0  0  0  0  0  0  0  0  0  0  0  0  0  0  0  0  0  0  0  0  0  0  0      0
APR   0  0  0  0  0  0  0  0  0  0  0  0  0  0  0  0  0  0  0  0  0  0  0  0  0  1  1  1  1  1         5
MAY   1  2  2  2  2  2  2  2  3  3  3  3  3  3  3  4  4  4  4  4  4  4  5  5  5  5  5  5  6  6  6    112
JUN   6  6  6  7  7  7  7  7  7  8  8  8  8  8  8  9  9  9  9  9  9  9 10 10 10 10 10 10 11 11       253
JUL  11 11 11 11 12 12 12 12 12 12 12 12 12 12 12 12 12 12 12 13 13 13 13 12 12 12 12 12 12 12 12    372
AUG  12 12 12 12 12 12 11 11 11 11 11 11 11 11 10 10 10 10 10 10 10  9  9  9  9  9  8  8  8  8  8    315
SEP   7  7  7  7  7  6  6  6  6  5  5  5  5  5  5  4  4  4  4  4  3  3  3  3  3  3  3  2  2  2       136
OCT   2  2  2  2  2  1  1  1  1  1  1  1  1  1  1  1  0  0  0  0  0  0  0  0  0  0  0  0  0  0  0     21
NOV   0  0  0  0  0  0  0  0  0  0  0  0  0  0  0  0  0  0  0  0  0  0  0  0  0  0  0  0  0  0         0
DEC   0  0  0  0  0  0  0  0  0  0  0  0  0  0  0  0  0  0  0  0  0  0  0  0  0  0  0  0  0  0  0      0
                                                                                                        
-------------------------------------------------------------------------------------------------       
 Total  Precipitation (Hundreths of an Inch)                                                            
 DAY  1  2  3  4  5  6  7  8  9 10 11 12 13 14 15 16 17 18 19 20 21 22 23 24 25 26 27 28 29 30 31  MONTH
-------------------------------------------------------------------------------------------------       
JAN   9  9  9  9  9  9  9  9  9  9  9  9  9  9  9  9  9  8  8  8  8  8  8  8  8  8  8  8  8  8  8    265
FEB   8  8  8  8  8  8  8  8  8  8  8  8  8  8  8  9  9  9  9  9  9  9  9  9  9  9  9  9             237
MAR   9  9  9  9  9  9  9  9  9  9  9  9  9 10 10 10 10 10 10 10 10 10 11 11 11 11 11 11 11 12 12    308
APR  12 12 12 12 13 13 13 13 13 13 13 13 14 14 14 14 14 14 14 14 14 14 14 14 14 14 14 14 14 14       404
MAY  15 15 15 15 14 14 14 14 14 14 14 14 14 14 14 14 14 14 14 14 14 14 14 14 14 14 14 14 14 14 14    438
JUN  14 14 14 14 14 14 14 14 14 14 14 14 14 14 14 14 14 14 14 14 14 14 14 14 14 14 14 13 13 13       417
JUL  14 13 13 13 13 13 13 13 13 13 13 13 13 13 13 13 13 13 13 13 12 12 12 12 12 12 12 12 12 12 12    393
AUG  12 12 11 11 11 11 11 11 11 11 11 11 11 11 11 11 10 10 10 10 10 10 10 10 10 10 10 10 10 10 10    328
SEP  10  9  9  9  9  9  9  9  9  9  9  9  9  9  9  9  9  9  9  9  8  8  8  8  8  8  8  8  8  8       261
OCT   8  8  8  8  8  8  8  8  8  8  8  8  8  8  8  9  9  9  9  9  9  9  9  9  9  9 10 10 10 10 10    269
NOV  10 10 10 11 11 11 11 11 11 11 11 11 11 11 11 11 11 11 11 11 11 11 11 11 11 11 11 11 11 11       327
DEC  11 10 10 10 10 10 10 10 10 10 10 10 10 10  9  9  9  9  9  9  9  9  9  9  9  9  9  9  9  9  9    294
                                                                                                        
