-------------------------------------------------------------------------------------------------       
 1971-2000 Daily/Monthly Station Normals                                                                
 Provided by National Climatic Data Center/NESDIS/NOAA                                                  
-------------------------------------------------------------------------------------------------       
 Station COOP ID:                           335199                                                      
 Station Name, State, Division, Call:       MIDDLEBOURNE                       OH 10                    
 Latitude, Longitude, Elevation, Elements:  40 03 00 -081 20 00   880   P                               
-------------------------------------------------------------------------------------------------       
 Total  Precipitation (Hundreths of an Inch)                                                            
 DAY  1  2  3  4  5  6  7  8  9 10 11 12 13 14 15 16 17 18 19 20 21 22 23 24 25 26 27 28 29 30 31  MONTH
-------------------------------------------------------------------------------------------------       
JAN   6  6  6  6  7  7  7  7  7  7  7  7  7  7  7  7  7  7  7  7  7  7  7  7  7  7  7  6  6  6  6    209
FEB   7  7  7  7  7  7  7  6  6  6  6  6  6  6  6  6  6  6  6  6  6  6  6  6  6  6  6  6             175
MAR   6  6  6  6  6  6  6  6  6  6  6  6  6  6  6  6  7  7  7  7  7  7  7  7  7  7  7  7  7  8  8    203
APR   8  8  8  8  8  8  8  8  8  9  9  9  9  9  9  9  9  9  9  9  9  9  9  9  9 10 10 10 10 10       266
MAY   9 10 10 10 10 10 10 10 10 10 10 10 10 10 10 10 10 10 10 10 10 10 10 10 10 10 10 10  9  9  9    306
JUN  10 10 10 10 10  9  9  9  9  9  9 10 10 10 10 10 10 10 10 10 10 10 10 10 10 10 10 10 10 11       295
JUL  11 11 11 11 11 11 11 11 11 11 11 11 11 11 12 12 12 12 12 12 12 12 12 12 11 11 11 11 11 11 11    351
AUG  11 11 11 11 11 11 11 11 11 10 10 10 10 10 10 10 10 10 10 10 10  9  9  9  9  9  9  9  9  9  8    308
SEP   8  8  8  8  8  8  8  8  8  8  8  7  7  7  7  7  7  7  7  7  7  7  7  6  6  6  6  6  6  6       214
OCT   6  6  6  6  6  6  6  6  6  6  6  6  6  6  6  6  6  6  7  7  7  7  7  7  7  7  8  8  8  8  8    204
NOV   9  9  9  9  9  9 10 10 10 10 10 10 10 10 10 10 10 10 10 10 10 10 10 10 10 10  9  9  9  9       290
DEC   9  9  8  8  8  8  8  8  8  7  7  7  7  7  7  7  7  7  7  7  7  7  7  7  6  6  6  6  6  7  7    223
                                                                                                        
