-------------------------------------------------------------------------------------------------       
 1971-2000 Daily/Monthly Station Normals                                                                
 Provided by National Climatic Data Center/NESDIS/NOAA                                                  
-------------------------------------------------------------------------------------------------       
 Station COOP ID:                           335438                                                      
 Station Name, State, Division, Call:       MONTPELIER                         OH 01                    
 Latitude, Longitude, Elevation, Elements:  41 35 00 -084 36 00   860 XNP                               
-------------------------------------------------------------------------------------------------       
 Minimum Temperature (deg F [tenths deg F for monthly])                                                 
 DAY  1  2  3  4  5  6  7  8  9 10 11 12 13 14 15 16 17 18 19 20 21 22 23 24 25 26 27 28 29 30 31  MONTH
-------------------------------------------------------------------------------------------------       
JAN  16 16 16 16 15 15 15 15 15 14 14 14 14 14 14 14 14 14 14 14 13 13 13 13 13 13 14 14 14 14 14    142
FEB  14 14 14 14 14 14 14 15 15 15 15 15 16 16 16 16 17 17 17 17 18 18 18 19 19 19 20 20             163
MAR  20 21 21 21 22 22 22 23 23 24 24 24 25 25 25 26 26 26 27 27 27 28 28 28 28 29 29 29 30 30 30    255
APR  31 31 31 32 32 32 32 33 33 33 34 34 34 35 35 35 36 36 36 37 37 37 38 38 39 39 39 40 40 40       353
MAY  41 41 41 42 42 43 43 43 44 44 44 45 45 45 46 46 47 47 47 48 48 48 49 49 49 50 50 51 51 51 52    462
JUN  52 52 53 53 53 54 54 54 55 55 55 55 56 56 56 57 57 57 57 57 58 58 58 58 58 59 59 59 59 59       561
JUL  59 59 59 60 60 60 60 60 60 60 60 60 60 60 61 61 61 61 61 61 61 61 61 61 61 61 61 61 61 60 60    604
AUG  60 60 60 60 60 60 60 60 60 60 59 59 59 59 59 59 59 58 58 58 58 58 57 57 57 57 56 56 56 56 55    584
SEP  55 55 54 54 54 54 53 53 53 52 52 52 51 51 51 50 50 49 49 49 48 48 48 47 47 46 46 45 45 45       502
OCT  44 44 43 43 43 42 42 41 41 41 40 40 40 39 39 38 38 38 38 37 37 37 36 36 36 36 35 35 35 35 34    388
NOV  34 34 34 34 33 33 33 33 32 32 32 32 31 31 31 30 30 30 29 29 29 29 28 28 28 27 27 27 26 26       304
DEC  26 25 25 24 24 24 23 23 23 22 22 22 21 21 21 20 20 20 20 19 19 19 18 18 18 18 17 17 17 17 16    206
                                                                                                        
-------------------------------------------------------------------------------------------------       
 Maximum Temperature (deg F [tenths deg F for monthly])                                                 
 DAY  1  2  3  4  5  6  7  8  9 10 11 12 13 14 15 16 17 18 19 20 21 22 23 24 25 26 27 28 29 30 31  MONTH
-------------------------------------------------------------------------------------------------       
JAN  32 32 32 31 31 31 31 31 31 31 31 31 31 31 30 30 30 30 31 31 31 31 31 31 31 31 31 31 31 31 32    310
FEB  32 32 32 32 33 33 33 33 33 34 34 34 35 35 35 35 36 36 36 37 37 37 38 38 38 39 39 40             352
MAR  40 40 41 41 42 42 43 43 43 44 44 45 45 45 46 46 47 47 48 48 49 49 49 50 50 51 51 52 52 52 53    464
APR  53 54 54 55 55 56 56 56 57 57 58 58 59 59 59 60 60 61 61 62 62 63 63 63 64 64 65 65 66 66       597
MAY  66 67 67 68 68 68 69 69 70 70 71 71 71 72 72 72 73 73 74 74 74 75 75 75 76 76 76 77 77 77 78    723
JUN  78 78 79 79 79 80 80 80 80 81 81 81 81 82 82 82 82 82 83 83 83 83 83 84 84 84 84 84 84 85       817
JUL  85 85 85 85 85 85 85 85 85 85 86 86 86 86 86 86 86 86 86 86 86 86 86 86 86 86 85 85 85 85 85    855
AUG  85 85 85 85 85 85 85 84 84 84 84 84 84 84 83 83 83 83 83 83 83 82 82 82 82 82 81 81 81 81 81    832
SEP  80 80 80 80 79 79 79 79 78 78 78 78 77 77 77 76 76 76 75 75 74 74 74 73 73 72 72 72 71 71       761
OCT  70 70 69 69 68 68 67 67 67 66 66 65 65 64 64 63 63 62 62 61 61 60 60 59 59 58 58 58 57 57 56    632
NOV  56 55 55 54 54 53 53 52 52 51 51 50 50 49 49 49 48 48 47 47 46 46 45 45 44 44 43 43 43 42       488
DEC  42 41 41 40 40 40 39 39 38 38 38 37 37 37 36 36 36 35 35 35 34 34 34 34 33 33 33 33 33 32 32    363
                                                                                                        
-------------------------------------------------------------------------------------------------       
 Average Temperature (deg F [tenths deg F for monthly])                                                 
 DAY  1  2  3  4  5  6  7  8  9 10 11 12 13 14 15 16 17 18 19 20 21 22 23 24 25 26 27 28 29 30 31  MONTH
-------------------------------------------------------------------------------------------------       
JAN  24 24 24 24 23 23 23 23 23 23 23 23 22 22 22 22 22 22 22 22 22 22 22 22 22 22 22 22 23 23 23    226
FEB  23 23 23 23 23 24 24 24 24 24 25 25 25 25 26 26 26 26 27 27 27 28 28 28 29 29 30 30             258
MAR  30 31 31 31 32 32 33 33 33 34 34 34 35 35 36 36 36 37 37 38 38 38 39 39 39 40 40 41 41 41 42    360
APR  42 42 43 43 43 44 44 45 45 45 46 46 47 47 47 48 48 48 49 49 50 50 50 51 51 52 52 52 53 53       475
MAY  54 54 54 55 55 56 56 56 57 57 57 58 58 59 59 59 60 60 60 61 61 62 62 62 63 63 63 64 64 64 65    593
JUN  65 65 66 66 66 67 67 67 67 68 68 68 69 69 69 69 69 70 70 70 70 71 71 71 71 71 71 72 72 72       689
JUL  72 72 72 73 73 73 73 73 73 73 73 73 73 73 73 73 73 73 74 74 74 73 73 73 73 73 73 73 73 73 73    730
AUG  73 73 73 73 72 72 72 72 72 72 72 72 71 71 71 71 71 71 71 70 70 70 70 70 69 69 69 69 68 68 68    708
SEP  68 67 67 67 67 66 66 66 66 65 65 65 64 64 64 63 63 63 62 62 61 61 61 60 60 59 59 59 58 58       632
OCT  57 57 56 56 55 55 55 54 54 53 53 53 52 52 51 51 50 50 50 49 49 49 48 48 47 47 47 46 46 46 45    510
NOV  45 45 44 44 44 43 43 42 42 42 41 41 41 40 40 39 39 39 38 38 38 37 37 36 36 36 35 35 34 34       396
DEC  34 33 33 32 32 32 31 31 31 30 30 30 29 29 29 28 28 28 27 27 27 26 26 26 26 25 25 25 25 25 24    285
                                                                                                        
-------------------------------------------------------------------------------------------------       
 Heating Degree Days                                                                                    
 DAY  1  2  3  4  5  6  7  8  9 10 11 12 13 14 15 16 17 18 19 20 21 22 23 24 25 26 27 28 29 30 31  MONTH
-------------------------------------------------------------------------------------------------       
JAN  41 41 41 41 42 42 42 42 42 42 42 43 43 43 43 43 43 43 43 43 43 43 43 43 43 43 43 43 42 42 42   1315
FEB  42 42 42 42 42 41 41 41 41 41 40 40 40 40 40 39 39 39 38 38 38 37 37 37 36 36 36 35            1100
MAR  35 34 34 34 33 33 33 32 32 31 31 31 30 30 29 29 29 28 28 28 27 27 26 26 26 25 25 24 24 24 23    901
APR  23 22 22 22 21 21 21 20 20 19 19 19 18 18 18 17 17 17 16 16 16 15 15 14 14 14 13 13 13 12       525
MAY  12 12 11 11 11 10 10 10 10  9  9  9  8  8  8  7  7  7  7  6  6  6  6  5  5  5  5  4  4  4  4    236
JUN   3  3  3  3  3  2  2  2  2  2  1  1  1  1  1  1  1  1  0  0  0  0  0  0  0  0  0  0  0  0        33
JUL   0  0  0  0  0  0  0  0  0  0  0  0  0  0  0  0  0  0  0  0  0  0  0  0  0  0  0  0  0-99-99      2
AUG   0  0  0  0  0  0  0  0  0  0  0  1  1  1  1  1  1  1  1  1  1  1  1  1  1  1  1  1  1  1  1     20
SEP   1  1  1  1  1  1  2  2  2  2  2  2  3  3  3  3  3  4  4  4  5  5  5  6  6  6  7  7  7  8       107
OCT   8  9  9  9 10 10 11 11 12 12 12 13 13 13 14 14 15 15 15 16 16 17 17 17 18 18 18 19 19 19 20    439
NOV  20 20 21 21 21 22 22 23 23 23 24 24 24 25 25 25 26 26 27 27 27 28 28 29 29 29 30 30 31 31       761
DEC  31 32 32 33 33 33 34 34 34 35 35 36 36 36 36 37 37 37 38 38 38 39 39 39 39 40 40 40 40 41 41   1133
                                                                                                        
-------------------------------------------------------------------------------------------------       
 Cooling Degree Days                                                                                    
 DAY  1  2  3  4  5  6  7  8  9 10 11 12 13 14 15 16 17 18 19 20 21 22 23 24 25 26 27 28 29 30 31  MONTH
-------------------------------------------------------------------------------------------------       
JAN   0  0  0  0  0  0  0  0  0  0  0  0  0  0  0  0  0  0  0  0  0  0  0  0  0  0  0  0  0  0  0      0
FEB   0  0  0  0  0  0  0  0  0  0  0  0  0  0  0  0  0  0  0  0  0  0  0  0  0  0  0  0               0
MAR   0  0  0  0  0  0  0  0  0  0  0  0  0  0  0  0  0  0  0  0  0  0  0  0  0  0  0  0  0  0  0      0
APR   0  0  0  0  0  0  0  0  0  0  0  0  0  0  0  0  0  0  0  0  0  0  0  0  0  0  0  0  0  1         1
MAY   1  1  1  1  1  1  1  1  1  1  1  1  2  2  2  2  2  2  2  2  2  2  2  2  3  3  3  3  3  3  3     57
JUN   3  3  4  4  4  4  4  4  4  4  4  5  5  5  5  5  5  5  5  5  6  6  6  6  6  6  6  7  7  7       150
JUL   7  7  7  7  8  8  8  8  8  8  8  8  8  8  8  8  8  8  8  9  9  9  9  9  8  8  8  8  8  8  8    249
AUG   8  8  8  8  8  8  8  8  7  7  7  7  7  7  7  7  6  6  6  6  6  6  6  5  5  5  5  5  4  4  4    199
SEP   4  4  3  3  3  3  3  2  2  2  2  2  2  2  2  1  1  1  1  1  1  1  1  1  1  1  1  0  0  0        51
OCT -99-99-99-99-99-99  0  0  0  0  0  0  0  0  0  0  0  0  0  0  0  0  0  0  0  0  0  0  0  0  0      6
NOV   0  0  0  0  0  0  0  0  0  0  0  0  0  0  0  0  0  0  0  0  0  0  0  0  0  0  0  0  0  0         0
DEC   0  0  0  0  0  0  0  0  0  0  0  0  0  0  0  0  0  0  0  0  0  0  0  0  0  0  0  0  0  0  0      0
                                                                                                        
-------------------------------------------------------------------------------------------------       
 Total  Precipitation (Hundreths of an Inch)                                                            
 DAY  1  2  3  4  5  6  7  8  9 10 11 12 13 14 15 16 17 18 19 20 21 22 23 24 25 26 27 28 29 30 31  MONTH
-------------------------------------------------------------------------------------------------       
JAN   7  7  7  7  7  7  7  6  6  6  6  6  6  6  6  6  6  6  6  6  6  6  6  6  6  6  6  6  6  6  6    193
FEB   6  6  6  6  6  6  6  6  6  7  7  7  7  7  7  7  7  7  7  7  7  7  7  7  7  8  8  8             190
MAR   8  8  8  8  8  8  8  8  9  9  9  9  9  9  9  9  9  9  9 10 10 10 10 10 10 10 10 10 11 11 11    286
APR  11 11 11 11 11 12 12 12 12 12 12 12 12 12 12 12 12 12 12 12 12 12 12 12 12 12 12 12 12 12       355
MAY  12 12 12 12 12 12 12 12 12 12 12 11 11 11 11 12 12 12 12 12 12 12 12 12 12 12 12 12 12 12 12    368
JUN  12 12 12 12 12 12 13 13 13 13 13 13 13 13 13 13 13 12 12 12 12 12 12 12 12 12 12 12 12 12       371
JUL  12 11 11 11 11 11 11 11 11 11 11 11 11 11 11 11 11 11 11 11 11 11 11 11 11 11 11 11 11 11 11    342
AUG  11 11 11 11 11 12 12 12 12 12 12 12 12 12 12 12 12 12 12 12 12 12 12 12 12 12 12 12 12 12 12    367
SEP  12 12 12 12 12 11 11 11 11 11 11 11 11 11 11 11 11 10 10 10 10 10 10 10 10  9  9  9  9  9       317
OCT   9  9  8  8  8  8  8  8  8  8  8  8  8  8  8  8  8  8  8  8  8  8  8  8  8  8  9  9  9  9  9    255
NOV   9  9 10 10 10 10 10 10 10 10 10 10 11 11 11 11 11 11 11 11 11 11 11 11 10 10 10 10 10 10       310
DEC  10 10 10 10 10  9  9  9  9  9  9  9  9  9  9  8  8  8  8  8  8  8  8  8  8  8  7  7  7  7  7    263
                                                                                                        
