-------------------------------------------------------------------------------------------------       
 1971-2000 Daily/Monthly Station Normals                                                                
 Provided by National Climatic Data Center/NESDIS/NOAA                                                  
-------------------------------------------------------------------------------------------------       
 Station COOP ID:                           151391                                                      
 Station Name, State, Division, Call:       CAVE CITY 4 E                      KY 02                    
 Latitude, Longitude, Elevation, Elements:  37 06 00 -085 55 00   690   P                               
-------------------------------------------------------------------------------------------------       
 Total  Precipitation (Hundreths of an Inch)                                                            
 DAY  1  2  3  4  5  6  7  8  9 10 11 12 13 14 15 16 17 18 19 20 21 22 23 24 25 26 27 28 29 30 31  MONTH
-------------------------------------------------------------------------------------------------       
JAN  13 13 13 13 13 13 13 13 13 13 13 13 13 13 13 13 13 13 12 12 12 12 12 12 13 13 13 13 13 13 13    397
FEB  13 13 13 13 13 13 13 13 13 13 14 14 14 14 14 14 14 14 15 15 15 15 15 15 16 16 16 16             396
MAR  16 16 17 17 17 17 17 17 17 17 17 17 17 17 17 17 17 17 17 16 16 16 16 16 15 15 15 14 14 14 13    501
APR  13 13 12 12 12 11 11 11 11 11 10 10 10 10 10 10 10 10 10 10 10 11 11 11 11 11 12 12 12 12       330
MAY  13 13 13 14 14 14 14 15 15 15 15 16 16 16 16 16 16 17 17 17 17 17 17 17 17 17 17 17 17 17 17    489
JUN  17 17 16 16 16 16 16 16 16 16 16 16 16 16 16 15 15 15 15 15 15 15 15 15 15 15 15 14 14 14       464
JUL  14 14 14 14 14 14 14 14 14 13 13 13 13 13 13 13 13 13 12 12 12 12 12 12 12 12 11 11 11 11 11    394
AUG  11 11 11 10 10 10 10 10 10 10 10 10 10 10 10 10 10 10 10 10 11 11 11 11 11 11 11 11 12 12 12    327
SEP  12 12 13 13 13 13 13 13 13 13 14 14 14 14 14 14 13 13 13 13 13 13 13 13 13 12 12 12 12 11       388
OCT  11 11 11 10 10 10 10 10  9  9  9  9  9  9  9  9  9  9  9  9  9  9  9 10 10 10 10 10 10 11 11    300
NOV  11 11 12 12 12 12 13 13 13 13 13 13 14 14 14 14 14 14 14 14 15 15 15 15 15 15 15 15 15 15       410
DEC  15 15 15 15 15 15 15 15 15 15 15 15 15 15 15 15 14 14 14 14 14 14 14 14 14 14 14 14 14 14 13    449
                                                                                                        
