-------------------------------------------------------------------------------------------------       
 1971-2000 Daily/Monthly Station Normals                                                                
 Provided by National Climatic Data Center/NESDIS/NOAA                                                  
-------------------------------------------------------------------------------------------------       
 Station COOP ID:                           150619                                                      
 Station Name, State, Division, Call:       BEREA COLLEGE                      KY 03                    
 Latitude, Longitude, Elevation, Elements:  37 34 00 -084 18 00  1070 XNP                               
-------------------------------------------------------------------------------------------------       
 Minimum Temperature (deg F [tenths deg F for monthly])                                                 
 DAY  1  2  3  4  5  6  7  8  9 10 11 12 13 14 15 16 17 18 19 20 21 22 23 24 25 26 27 28 29 30 31  MONTH
-------------------------------------------------------------------------------------------------       
JAN  26 26 26 26 26 26 26 26 26 26 25 25 25 25 25 25 25 25 25 25 25 25 26 26 26 26 26 26 26 26 26    256
FEB  26 26 27 27 27 27 27 27 27 28 28 28 28 28 29 29 29 29 30 30 30 30 30 31 31 31 32 32             287
MAR  32 32 33 33 33 34 34 34 34 35 35 35 36 36 36 36 37 37 37 37 38 38 38 38 39 39 39 40 40 40 40    363
APR  41 41 41 41 42 42 42 42 43 43 43 43 44 44 44 45 45 45 45 46 46 46 47 47 47 47 48 48 48 49       445
MAY  49 49 50 50 50 50 51 51 51 52 52 52 53 53 53 53 54 54 54 55 55 55 55 56 56 56 57 57 57 57 58    534
JUN  58 58 59 59 59 59 60 60 60 60 60 61 61 61 61 61 62 62 62 62 62 63 63 63 63 63 63 63 64 64       612
JUL  64 64 64 64 64 64 64 64 64 65 65 65 65 65 65 65 65 65 65 65 65 65 65 65 65 65 65 65 64 64 64    646
AUG  64 64 64 64 64 64 64 64 64 64 63 63 63 63 63 63 63 63 62 62 62 62 62 62 62 61 61 61 61 61 61    627
SEP  60 60 60 60 60 59 59 59 59 58 58 58 58 57 57 57 56 56 56 56 55 55 54 54 54 53 53 53 52 52       566
OCT  51 51 50 50 50 49 49 49 48 48 47 47 47 46 46 46 46 45 45 45 44 44 44 44 43 43 43 43 42 42 42    461
NOV  42 42 41 41 41 41 40 40 40 40 40 39 39 39 38 38 38 38 37 37 37 37 36 36 36 35 35 35 34 34       382
DEC  34 33 33 33 32 32 32 31 31 31 31 30 30 30 30 29 29 29 29 28 28 28 28 28 27 27 27 27 27 27 27    296
                                                                                                        
-------------------------------------------------------------------------------------------------       
 Maximum Temperature (deg F [tenths deg F for monthly])                                                 
 DAY  1  2  3  4  5  6  7  8  9 10 11 12 13 14 15 16 17 18 19 20 21 22 23 24 25 26 27 28 29 30 31  MONTH
-------------------------------------------------------------------------------------------------       
JAN  44 44 44 44 44 44 43 43 43 43 43 43 43 43 43 43 43 43 43 43 44 44 44 44 44 44 45 45 45 45 45    437
FEB  45 46 46 46 47 47 47 47 48 48 48 49 49 49 49 50 50 50 51 51 51 52 52 52 53 53 53 54             494
MAR  54 54 55 55 55 56 56 56 57 57 57 58 58 58 59 59 59 60 60 60 61 61 61 62 62 62 63 63 63 64 64    590
APR  64 65 65 66 66 66 66 67 67 67 68 68 68 69 69 69 69 70 70 70 71 71 71 71 72 72 72 72 73 73       689
MAY  73 73 73 74 74 74 74 75 75 75 75 76 76 76 76 76 77 77 77 77 78 78 78 78 79 79 79 79 80 80 80    765
JUN  81 81 81 81 82 82 82 82 82 83 83 83 83 83 84 84 84 84 84 85 85 85 85 85 85 85 86 86 86 86       836
JUL  86 86 86 87 87 87 87 87 87 87 87 87 87 87 87 87 87 87 87 87 87 87 87 88 88 88 87 87 87 87 87    870
AUG  87 87 87 87 87 87 87 87 87 87 87 87 86 86 86 86 86 86 86 86 85 85 85 85 85 85 85 84 84 84 84    859
SEP  84 83 83 83 83 83 82 82 82 82 81 81 81 80 80 80 80 79 79 79 78 78 78 77 77 77 76 76 75 75       798
OCT  75 74 74 74 73 73 72 72 72 71 71 70 70 70 69 69 69 68 68 67 67 67 66 66 65 65 65 64 64 63 63    689
NOV  63 62 62 61 61 61 60 60 60 59 59 58 58 58 57 57 57 56 56 56 55 55 55 54 54 54 53 53 53 52       573
DEC  52 52 51 51 51 50 50 50 50 49 49 49 49 48 48 48 47 47 47 47 47 46 46 46 46 45 45 45 45 45 44    479
                                                                                                        
-------------------------------------------------------------------------------------------------       
 Average Temperature (deg F [tenths deg F for monthly])                                                 
 DAY  1  2  3  4  5  6  7  8  9 10 11 12 13 14 15 16 17 18 19 20 21 22 23 24 25 26 27 28 29 30 31  MONTH
-------------------------------------------------------------------------------------------------       
JAN  35 35 35 35 35 35 35 35 35 34 34 34 34 34 34 34 34 34 34 34 35 35 35 35 35 35 35 35 35 36 36    347
FEB  36 36 36 37 37 37 37 37 38 38 38 38 39 39 39 39 40 40 40 40 41 41 41 42 42 42 42 43             391
MAR  43 43 44 44 44 45 45 45 46 46 46 47 47 47 47 48 48 48 49 49 49 50 50 50 50 51 51 51 52 52 52    477
APR  53 53 53 53 54 54 54 55 55 55 55 56 56 56 57 57 57 57 58 58 58 59 59 59 59 60 60 60 60 61       567
MAY  61 61 62 62 62 62 63 63 63 63 64 64 64 64 65 65 65 66 66 66 66 67 67 67 67 68 68 68 68 69 69    650
JUN  69 70 70 70 70 71 71 71 71 71 72 72 72 72 72 73 73 73 73 73 74 74 74 74 74 74 74 75 75 75       724
JUL  75 75 75 75 75 75 76 76 76 76 76 76 76 76 76 76 76 76 76 76 76 76 76 76 76 76 76 76 76 76 76    758
AUG  76 76 76 76 76 75 75 75 75 75 75 75 75 75 75 74 74 74 74 74 74 74 73 73 73 73 73 73 73 72 72    743
SEP  72 72 72 71 71 71 71 71 70 70 70 69 69 69 69 68 68 68 67 67 67 66 66 66 65 65 65 64 64 63       682
OCT  63 63 62 62 61 61 61 60 60 60 59 59 58 58 58 57 57 57 56 56 56 55 55 55 54 54 54 53 53 53 53    575
NOV  52 52 52 51 51 51 50 50 50 50 49 49 49 48 48 48 47 47 47 46 46 46 45 45 45 45 44 44 44 43       478
DEC  43 43 42 42 42 41 41 41 40 40 40 40 39 39 39 39 38 38 38 38 37 37 37 37 37 36 36 36 36 36 35    388
                                                                                                        
-------------------------------------------------------------------------------------------------       
 Heating Degree Days                                                                                    
 DAY  1  2  3  4  5  6  7  8  9 10 11 12 13 14 15 16 17 18 19 20 21 22 23 24 25 26 27 28 29 30 31  MONTH
-------------------------------------------------------------------------------------------------       
JAN  30 30 30 30 30 30 30 30 31 31 31 31 31 31 31 31 31 31 31 31 31 30 30 30 30 30 30 30 30 29 29    941
FEB  29 29 29 29 28 28 28 28 27 27 27 27 26 26 26 26 25 25 25 25 24 24 24 24 23 23 23 22             727
MAR  22 22 21 21 21 21 20 20 20 19 19 19 18 18 18 17 17 17 16 16 16 16 15 15 15 14 14 14 13 13 13    540
APR  13 12 12 12 11 11 11 10 10 10 10  9  9  9  9  9  8  8  8  8  7  7  7  7  7  6  6  6  6  6       264
MAY   6  5  5  5  5  5  5  5  4  4  4  4  4  4  4  3  3  3  3  3  3  3  3  2  2  2  2  2  2  2  1    108
JUN   1  1  1  1  1  1  1  1  0  0  0  0  0  0  0  0  0  0  0  0  0  0  0  0  0  0  0  0  0  0         8
JUL   0  0  0  0  0  0  0  0  0  0  0  0  0  0  0  0  0  0  0  0  0  0  0  0  0  0  0  0  0  0  0      0
AUG   0  0  0  0  0  0  0  0  0  0  0  0  0  0  0  0  0  0  0  0  0  0  0  0  0  0  0-99-99-99-99      4
SEP   0  0  0  0  0  0  0  0  1  1  1  1  1  1  1  1  1  2  2  2  2  2  3  3  3  3  3  4  4  4        46
OCT   4  5  5  5  5  6  6  6  7  7  7  7  8  8  8  8  9  9  9 10 10 10 10 11 11 11 11 12 12 12 13    262
NOV  13 13 13 14 14 14 15 15 15 16 16 16 16 17 17 17 18 18 18 19 19 19 20 20 20 21 21 21 21 22       518
DEC  22 23 23 23 23 24 24 24 25 25 25 25 26 26 26 26 27 27 27 27 28 28 28 28 28 29 29 29 29 29 30    813
                                                                                                        
-------------------------------------------------------------------------------------------------       
 Cooling Degree Days                                                                                    
 DAY  1  2  3  4  5  6  7  8  9 10 11 12 13 14 15 16 17 18 19 20 21 22 23 24 25 26 27 28 29 30 31  MONTH
-------------------------------------------------------------------------------------------------       
JAN   0  0  0  0  0  0  0  0  0  0  0  0  0  0  0  0  0  0  0  0  0  0  0  0  0  0  0  0  0  0  0      0
FEB   0  0  0  0  0  0  0  0  0  0  0  0  0  0  0  0  0  0  0  0  0  0  0  0  0  0  0  0               0
MAR   0  0  0  0  0  0  0  0  0  0-99  0  0  0  0  0  0  0  0  0  0  0  0  0  0  0  0  0  0  0  0      1
APR   0  0  0  0  0  0  0  0  0  0  0  0  0  0  0  0  0  1  1  1  1  1  1  1  1  1  1  1  1  2        14
MAY   2  2  2  2  2  2  2  2  2  3  3  3  3  3  3  3  4  4  4  4  4  4  4  4  5  5  5  5  5  5  5    106
JUN   6  6  6  6  6  6  6  7  7  7  7  7  7  7  8  8  8  8  8  8  8  9  9  9  9  9  9  9 10 10       230
JUL  10 10 10 10 10 10 10 11 11 11 11 11 11 11 11 11 11 11 11 11 11 11 11 11 11 11 11 11 11 11 11    334
AUG  11 11 11 11 11 11 10 10 10 10 10 10 10 10 10 10  9  9  9  9  9  9  9  8  8  8  8  8  8  8  7    292
SEP   7  7  7  7  6  6  6  6  6  6  5  5  5  5  5  5  4  4  4  4  4  4  4  3  3  3  3  3  3  2       142
OCT   2  2  2  2  2  2  2  2  1  1  1  1  1  1  1  1  1  1  1  1  1  0  0  0  0  0  0  0  0  0  0     29
NOV -99-99  0  0  0  0  0  0  0  0  0  0  0  0  0  0  0  0  0  0  0  0  0  0  0  0  0  0  0  0         2
DEC   0  0  0  0  0  0  0  0  0  0  0  0  0  0  0  0  0  0  0  0  0  0  0  0  0  0  0  0  0  0  0      0
                                                                                                        
-------------------------------------------------------------------------------------------------       
 Total  Precipitation (Hundreths of an Inch)                                                            
 DAY  1  2  3  4  5  6  7  8  9 10 11 12 13 14 15 16 17 18 19 20 21 22 23 24 25 26 27 28 29 30 31  MONTH
-------------------------------------------------------------------------------------------------       
JAN  12 12 11 11 11 11 11 11 11 11 11 10 10 10 10 10 10 10 10 10 10 10 10 10 10 10 10 10 10 10 10    323
FEB  10 10 10 10 10 10 10 10 11 11 11 11 11 11 11 11 11 12 12 12 12 12 12 12 13 13 13 13             315
MAR  13 13 14 14 14 14 14 14 14 14 15 15 15 15 15 15 15 15 15 15 15 14 14 14 14 14 14 14 14 13 13    441
APR  13 13 13 13 13 13 12 12 12 12 12 12 12 12 12 12 12 12 13 13 13 13 13 13 13 14 14 14 14 15       384
MAY  15 15 15 16 16 16 16 17 17 17 17 17 17 17 17 18 18 18 18 18 18 18 18 18 18 17 17 17 17 17 17    527
JUN  17 16 16 16 16 16 16 16 15 15 15 15 15 15 15 15 14 14 14 14 14 14 14 14 14 14 14 14 14 14       445
JUL  14 14 14 14 14 13 13 13 13 13 13 13 13 13 13 13 13 13 13 13 13 13 13 13 13 13 13 13 13 13 13    408
AUG  13 13 13 13 13 13 13 13 13 13 13 13 13 13 13 13 13 13 13 13 13 13 13 13 13 14 14 14 14 14 14    409
SEP  14 14 14 14 14 14 14 14 13 13 13 13 13 13 13 13 13 13 13 13 13 12 12 12 12 12 12 12 11 11       387
OCT  11 11 11 11 10 10 10 10 10 10 10 10 10 10 10  9  9  9  9 10 10 10 10 10 10 10 10 10 10 10 10    310
NOV  11 11 11 11 11 11 12 12 12 12 12 12 12 12 12 13 13 13 13 13 13 13 13 13 13 13 13 14 14 14       372
DEC  14 14 14 14 14 14 14 14 14 14 14 14 14 14 13 13 13 13 13 13 13 13 13 13 13 13 12 12 12 12 12    412
                                                                                                        
