-------------------------------------------------------------------------------------------------       
 1971-2000 Daily/Monthly Station Normals                                                                
 Provided by National Climatic Data Center/NESDIS/NOAA                                                  
-------------------------------------------------------------------------------------------------       
 Station COOP ID:                           153046                                                      
 Station Name, State, Division, Call:       FREEBURN 2 SW                      KY 04                    
 Latitude, Longitude, Elevation, Elements:  37 33 00 -082 10 00   732   P                               
-------------------------------------------------------------------------------------------------       
 Total  Precipitation (Hundreths of an Inch)                                                            
 DAY  1  2  3  4  5  6  7  8  9 10 11 12 13 14 15 16 17 18 19 20 21 22 23 24 25 26 27 28 29 30 31  MONTH
-------------------------------------------------------------------------------------------------       
JAN  12 12 12 13 13 13 13 13 13 13 13 13 13 13 13 13 13 13 13 13 13 13 13 13 13 13 13 13 13 13 13    400
FEB  13 13 13 13 13 13 13 13 13 13 13 13 13 13 13 13 13 13 13 13 13 13 13 13 13 13 13 14             365
MAR  13 13 13 13 13 13 13 13 14 14 14 14 14 14 14 14 14 14 14 14 14 13 13 13 13 13 13 13 13 13 13    416
APR  13 13 13 13 13 13 13 13 13 13 13 13 13 13 13 13 13 14 14 14 14 14 14 14 14 14 14 14 14 15       404
MAY  15 15 15 15 15 15 15 15 15 15 15 15 15 16 16 16 16 16 16 16 16 16 16 16 15 15 15 15 15 15 15    476
JUN  15 15 15 15 15 15 15 15 15 15 14 14 14 14 14 14 14 14 14 15 15 15 15 15 15 15 15 15 15 15       441
JUL  15 15 15 15 15 15 15 16 16 16 16 16 16 16 16 16 16 16 15 15 15 15 15 15 15 15 15 15 15 15 14    475
AUG  14 14 14 14 14 14 14 14 13 13 13 13 13 13 13 13 13 13 13 13 13 13 13 13 13 13 13 12 12 12 12    407
SEP  13 13 13 13 13 13 12 12 12 12 12 12 12 12 12 12 12 12 12 11 11 11 11 11 11 11 10 10 10 10       351
OCT  10  9  9  9  9  9  9  9  9  9  9  9  8  8  9  9  9  9  9  9  9  9  9  9  9 10 10 10 10 10 11    285
NOV  11 11 12 12 12 12 12 13 13 13 13 13 13 13 13 13 13 14 14 14 14 14 14 13 13 13 13 13 13 13       387
DEC  13 13 12 12 12 12 12 12 12 12 12 12 12 12 12 12 12 12 12 11 12 12 12 12 12 12 12 12 12 12 12    373
                                                                                                        
