-------------------------------------------------------------------------------------------------       
 1971-2000 Daily/Monthly Station Normals                                                                
 Provided by National Climatic Data Center/NESDIS/NOAA                                                  
-------------------------------------------------------------------------------------------------       
 Station COOP ID:                           152500                                                      
 Station Name, State, Division, Call:       ELIZABETHTWN KSP PST 4             KY 02                    
 Latitude, Longitude, Elevation, Elements:  37 42 00 -085 53 00   780   P                               
-------------------------------------------------------------------------------------------------       
 Total  Precipitation (Hundreths of an Inch)                                                            
 DAY  1  2  3  4  5  6  7  8  9 10 11 12 13 14 15 16 17 18 19 20 21 22 23 24 25 26 27 28 29 30 31  MONTH
-------------------------------------------------------------------------------------------------       
JAN  13 13 13 13 12 12 12 12 12 11 11 11 11 11 11 11 11 11 11 11 11 11 10 11 11 11 11 11 11 11 11    353
FEB  11 11 11 11 12 12 12 12 12 12 12 12 13 13 13 13 13 13 13 13 14 14 14 14 14 14 15 15             358
MAR  15 15 15 15 15 15 15 16 16 16 16 16 16 16 16 16 15 15 15 15 15 15 15 15 15 14 14 14 14 14 13    467
APR  13 13 13 12 12 12 12 12 12 12 12 11 11 11 11 11 12 12 12 12 12 12 12 13 13 13 13 14 14 14       368
MAY  15 15 15 16 16 16 16 16 17 17 17 17 17 17 17 17 17 17 17 17 17 17 17 17 17 17 17 16 16 16 16    512
JUN  15 15 15 15 14 14 14 14 14 13 13 13 13 13 13 13 13 13 13 13 12 12 12 12 13 13 13 13 13 13       399
JUL  13 13 13 13 13 13 13 13 14 14 14 14 13 13 13 13 13 13 13 13 13 13 13 13 13 12 12 12 12 12 11    400
AUG  11 11 11 11 10 10 10 10 10 10 10 10 10 10 10  9  9  9  9  9 10 10 10 10 10 10 10 10 10 10 10    309
SEP  11 11 11 11 11 11 11 11 11 11 11 12 12 12 12 12 12 12 11 11 11 11 11 11 11 11 11 11 10 10       335
OCT  10 10 10 10 10  9  9  9  9  9  9  9  9  9  9  9  9  9  9  9  9  9  9 10 10 10 10 10 10 11 11    294
NOV  11 11 11 12 12 12 12 12 12 13 13 13 13 13 14 14 14 14 14 14 14 15 15 15 15 15 15 15 16 16       405
DEC  16 16 16 16 16 16 16 16 16 17 16 16 16 16 16 16 16 16 16 16 16 16 15 15 15 15 15 15 14 14 14    485
                                                                                                        
