-------------------------------------------------------------------------------------------------       
 1971-2000 Daily/Monthly Station Normals                                                                
 Provided by National Climatic Data Center/NESDIS/NOAA                                                  
-------------------------------------------------------------------------------------------------       
 Station COOP ID:                           665693                                                      
 Station Name, State, Division, Call:       MAGUEYES ISLAND                    PR 02                    
 Latitude, Longitude, Elevation, Elements:  17 58 13 -067 02 44    12 XNP                               
-------------------------------------------------------------------------------------------------       
 Minimum Temperature (deg F [tenths deg F for monthly])                                                 
 DAY  1  2  3  4  5  6  7  8  9 10 11 12 13 14 15 16 17 18 19 20 21 22 23 24 25 26 27 28 29 30 31  MONTH
-------------------------------------------------------------------------------------------------       
JAN  69 69 69 68 68 68 68 68 68 68 68 68 68 68 68 68 68 68 68 68 68 68 68 68 68 68 68 68 68 68 68    681
FEB  68 68 68 68 68 68 68 68 68 68 68 68 68 68 69 69 69 69 69 69 69 69 69 69 69 69 69 69             685
MAR  69 69 69 69 69 69 69 69 69 69 69 69 69 69 69 69 69 69 69 69 69 69 69 69 69 69 69 69 70 70 70    691
APR  70 70 70 70 70 70 70 70 71 71 71 71 71 71 71 71 71 71 71 71 72 72 72 72 72 72 72 72 72 73       711
MAY  73 73 73 73 73 73 73 73 73 73 74 74 74 74 74 74 74 74 74 74 74 75 75 75 75 75 75 75 75 75 75    740
JUN  75 75 75 75 75 75 76 76 76 76 76 76 76 76 76 76 76 76 76 76 76 76 76 76 76 76 76 75 75 75       757
JUL  75 76 76 75 75 75 75 75 75 75 75 75 75 75 75 75 75 75 75 75 75 75 74 74 74 74 74 74 75 75 75    749
AUG  74 74 74 75 75 75 75 75 75 75 75 75 75 75 75 75 75 75 75 75 75 75 75 75 75 75 75 75 75 75 75    749
SEP  75 75 75 75 75 75 75 75 75 75 75 75 75 75 75 75 75 75 75 75 75 74 74 74 74 74 74 74 74 74       747
OCT  75 75 74 74 74 74 74 74 74 74 74 74 74 74 74 74 74 74 74 74 74 74 74 74 74 74 73 73 73 73 73    739
NOV  73 73 73 73 73 73 73 72 72 72 72 72 72 72 72 72 72 72 71 71 71 71 71 71 71 71 71 71 71 70       718
DEC  70 70 70 70 70 70 70 70 70 70 69 69 69 69 69 69 69 69 69 69 69 69 69 69 69 69 69 68 68 68 68    692
                                                                                                        
-------------------------------------------------------------------------------------------------       
 Maximum Temperature (deg F [tenths deg F for monthly])                                                 
 DAY  1  2  3  4  5  6  7  8  9 10 11 12 13 14 15 16 17 18 19 20 21 22 23 24 25 26 27 28 29 30 31  MONTH
-------------------------------------------------------------------------------------------------       
JAN  87 87 87 87 87 87 87 87 87 87 87 87 87 87 87 87 87 87 87 86 86 86 86 86 86 86 86 86 87 87 87    867
FEB  86 86 86 86 86 86 87 87 87 87 87 87 87 87 87 87 87 87 87 87 87 87 87 87 87 87 87 87             868
MAR  87 87 87 87 87 87 87 87 87 87 87 87 87 87 87 87 87 87 87 88 88 88 88 88 88 88 88 88 88 88 88    874
APR  88 88 88 88 88 88 89 89 89 89 89 89 89 89 89 89 89 89 89 89 89 89 89 89 89 89 89 89 89 89       888
MAY  89 89 89 89 89 89 90 90 90 90 90 90 90 90 90 90 90 90 90 90 90 90 90 90 90 90 90 90 90 90 90    898
JUN  90 90 90 90 90 90 91 91 91 91 91 91 91 91 91 91 91 91 91 91 91 91 91 91 91 91 91 91 91 91       908
JUL  91 91 91 91 91 91 91 91 91 91 91 91 91 91 91 91 91 91 91 91 91 91 91 91 91 92 92 92 92 92 92    912
AUG  91 91 91 91 91 91 91 91 92 92 92 92 92 92 92 92 92 92 92 92 92 92 92 92 92 92 92 92 92 92 91    917
SEP  92 92 92 92 92 92 92 92 92 91 91 91 91 91 91 91 91 91 91 91 91 91 91 91 91 91 91 91 91 91       913
OCT  91 91 91 91 91 91 91 90 90 90 90 90 90 90 90 90 90 90 90 90 90 90 90 90 90 90 90 90 90 90 89    902
NOV  90 90 89 89 89 89 89 89 89 89 89 89 89 89 89 89 89 89 89 89 89 89 88 88 88 88 88 88 88 88       888
DEC  88 88 88 88 88 88 88 88 88 88 88 88 87 87 87 87 87 87 87 87 87 87 87 87 87 87 87 87 87 87 87    874
                                                                                                        
-------------------------------------------------------------------------------------------------       
 Average Temperature (deg F [tenths deg F for monthly])                                                 
 DAY  1  2  3  4  5  6  7  8  9 10 11 12 13 14 15 16 17 18 19 20 21 22 23 24 25 26 27 28 29 30 31  MONTH
-------------------------------------------------------------------------------------------------       
JAN  78 78 78 78 78 78 78 78 78 77 77 77 77 77 77 77 77 77 77 77 77 77 77 77 77 77 77 77 78 78 78    774
FEB  77 77 77 77 77 77 77 77 78 78 78 78 78 78 78 78 78 78 78 78 78 78 78 78 78 78 78 78             777
MAR  78 78 78 78 78 78 78 78 78 78 78 78 78 78 78 78 78 78 78 78 78 78 79 79 79 79 79 79 79 79 79    783
APR  79 79 79 79 79 79 79 80 80 80 80 80 80 80 80 80 80 80 80 80 80 80 80 81 81 81 81 81 81 81       800
MAY  81 81 81 81 81 81 81 81 81 82 82 82 82 82 82 82 82 82 82 82 82 82 82 82 82 83 83 83 83 83 83    819
JUN  83 83 83 83 83 83 83 83 83 83 83 83 83 83 83 83 84 84 84 84 84 84 84 84 84 83 83 83 83 83       833
JUL  83 84 84 83 83 83 83 83 83 83 83 83 83 83 83 83 83 83 83 83 83 83 83 83 83 83 83 83 83 83 83    831
AUG  83 83 83 83 83 83 83 83 83 83 83 83 83 83 84 84 84 84 84 84 84 84 84 83 83 83 83 83 83 83 83    833
SEP  83 83 83 83 83 83 83 83 83 83 83 83 83 83 83 83 83 83 83 83 83 83 83 83 83 83 83 83 83 83       830
OCT  83 83 83 83 83 83 82 82 82 82 82 82 82 82 82 82 82 82 82 82 82 82 82 82 82 82 82 82 81 81 81    821
NOV  81 81 81 81 81 81 81 81 81 81 81 81 80 80 80 80 80 80 80 80 80 80 80 80 80 80 80 79 79 79       803
DEC  79 79 79 79 79 79 79 79 79 79 78 78 78 78 78 78 78 78 78 78 78 78 78 78 78 78 78 78 78 78 78    783
                                                                                                        
-------------------------------------------------------------------------------------------------       
 Heating Degree Days                                                                                    
 DAY  1  2  3  4  5  6  7  8  9 10 11 12 13 14 15 16 17 18 19 20 21 22 23 24 25 26 27 28 29 30 31  MONTH
-------------------------------------------------------------------------------------------------       
JAN   0  0  0  0  0  0  0  0  0  0  0  0  0  0  0  0  0  0  0  0  0  0  0  0  0  0  0  0  0  0  0      0
FEB   0  0  0  0  0  0  0  0  0  0  0  0  0  0  0  0  0  0  0  0  0  0  0  0  0  0  0  0               0
MAR   0  0  0  0  0  0  0  0  0  0  0  0  0  0  0  0  0  0  0  0  0  0  0  0  0  0  0  0  0  0  0      0
APR   0  0  0  0  0  0  0  0  0  0  0  0  0  0  0  0  0  0  0  0  0  0  0  0  0  0  0  0  0  0         0
MAY   0  0  0  0  0  0  0  0  0  0  0  0  0  0  0  0  0  0  0  0  0  0  0  0  0  0  0  0  0  0  0      0
JUN   0  0  0  0  0  0  0  0  0  0  0  0  0  0  0  0  0  0  0  0  0  0  0  0  0  0  0  0  0  0         0
JUL   0  0  0  0  0  0  0  0  0  0  0  0  0  0  0  0  0  0  0  0  0  0  0  0  0  0  0  0  0  0  0      0
AUG   0  0  0  0  0  0  0  0  0  0  0  0  0  0  0  0  0  0  0  0  0  0  0  0  0  0  0  0  0  0  0      0
SEP   0  0  0  0  0  0  0  0  0  0  0  0  0  0  0  0  0  0  0  0  0  0  0  0  0  0  0  0  0  0         0
OCT   0  0  0  0  0  0  0  0  0  0  0  0  0  0  0  0  0  0  0  0  0  0  0  0  0  0  0  0  0  0  0      0
NOV   0  0  0  0  0  0  0  0  0  0  0  0  0  0  0  0  0  0  0  0  0  0  0  0  0  0  0  0  0  0         0
DEC   0  0  0  0  0  0  0  0  0  0  0  0  0  0  0  0  0  0  0  0  0  0  0  0  0  0  0  0  0  0  0      0
                                                                                                        
-------------------------------------------------------------------------------------------------       
 Cooling Degree Days                                                                                    
 DAY  1  2  3  4  5  6  7  8  9 10 11 12 13 14 15 16 17 18 19 20 21 22 23 24 25 26 27 28 29 30 31  MONTH
-------------------------------------------------------------------------------------------------       
JAN  13 13 13 13 13 13 13 13 13 13 12 12 12 12 12 12 12 12 12 12 12 12 12 12 12 12 12 12 12 13 13    384
FEB  12 12 12 12 12 12 12 12 12 12 12 13 13 13 13 13 13 13 13 13 13 13 13 13 13 13 13 13             353
MAR  13 13 13 13 13 13 13 13 13 13 13 13 13 13 13 13 13 13 13 13 13 13 13 14 14 14 14 14 14 14 14    411
APR  14 14 14 14 14 14 14 14 15 15 15 15 15 15 15 15 15 15 15 15 15 15 15 16 16 16 16 16 16 16       449
MAY  16 16 16 16 16 16 16 16 16 17 17 17 17 17 17 17 17 17 17 17 17 17 17 17 17 17 18 18 18 18 18    523
JUN  18 18 18 18 18 18 18 18 18 18 18 18 18 18 18 18 19 19 19 19 19 19 19 18 18 18 18 18 18 18       547
JUL  19 18 18 18 18 18 18 18 18 18 18 18 18 18 18 18 18 18 18 18 18 18 18 18 18 18 18 18 18 18 18    559
AUG  18 18 18 18 18 18 18 18 18 18 18 18 18 18 19 19 19 19 19 19 19 19 19 19 19 18 18 18 18 18 18    569
SEP  19 18 18 18 18 18 18 18 18 18 18 18 18 18 18 18 18 18 18 18 18 18 18 18 18 18 18 18 18 18       541
OCT  18 18 18 18 18 17 17 17 17 17 17 17 17 17 17 17 17 17 17 17 17 17 17 17 17 17 17 16 16 16 16    528
NOV  16 16 16 16 16 16 16 16 16 16 16 16 15 15 15 15 15 15 15 15 15 15 15 15 15 15 15 14 14 14       459
DEC  14 14 14 14 14 14 14 14 14 13 13 13 13 13 13 13 13 13 13 13 13 13 13 13 13 13 13 13 13 13 13    412
                                                                                                        
-------------------------------------------------------------------------------------------------       
 Total  Precipitation (Hundreths of an Inch)                                                            
 DAY  1  2  3  4  5  6  7  8  9 10 11 12 13 14 15 16 17 18 19 20 21 22 23 24 25 26 27 28 29 30 31  MONTH
-------------------------------------------------------------------------------------------------       
JAN   3  3  3  3  3  4  4  4  4  4  4  4  4  4  4  4  4  4  5  5  5  5  5  5  5  5  5  5  5  5  4    131
FEB   5  5  5  4  4  4  4  4  4  4  4  4  4  4  4  4  4  4  4  4  4  4  4  4  4  4  4  4             115
MAR   4  4  4  4  4  4  4  4  4  4  4  4  4  4  4  4  4  4  4  4  4  4  4  4  4  4  4  3  3  3  3    120
APR   4  4  4  4  4  4  4  4  4  4  4  4  4  4  4  4  5  5  5  5  5  5  6  6  6  6  7  7  7  7       146
MAY   8  8  8  9  9  9  9  9  9 10 10 10 10 10 10 10 10 10 10 10 10 10  9  9  9  9  9  9  8  8  8    286
JUN   8  7  7  7  6  6  6  6  6  5  5  5  5  5  5  4  4  4  4  4  4  4  4  4  4  4  4  4  4  4       149
JUL   4  4  4  4  4  4  4  4  4  4  5  5  5  5  5  5  5  5  5  6  6  6  6  6  7  7  7  7  7  8  8    166
AUG   8  8  8  9  9  9  9 10 10 10 10 10 11 11 11 11 12 12 12 12 12 13 13 13 13 13 14 14 14 14 15    350
SEP  15 15 15 15 15 16 16 16 16 16 16 16 17 17 17 17 17 17 17 17 17 17 17 17 17 17 17 17 17 17       493
OCT  17 17 17 17 17 17 17 17 17 17 17 17 17 17 17 17 17 16 16 16 16 16 16 16 16 16 16 16 17 17 17    516
NOV  17 17 17 17 16 16 16 16 16 16 16 16 15 15 15 15 14 14 14 13 13 13 12 12 11 11 11 10 10  9       423
DEC   9  8  8  7  7  6  6  5  5  5  4  4  4  4  3  3  3  3  3  3  3  3  2  2  2  2  2  3  3  3  3    128
                                                                                                        
