-------------------------------------------------------------------------------------------------       
 1971-2000 Daily/Monthly Station Normals                                                                
 Provided by National Climatic Data Center/NESDIS/NOAA                                                  
-------------------------------------------------------------------------------------------------       
 Station COOP ID:                           662316                                                      
 Station Name, State, Division, Call:       CENTRAL SAN FRANCISCO              PR 02                    
 Latitude, Longitude, Elevation, Elements:  17 59 00 -066 49 00    30   P                               
-------------------------------------------------------------------------------------------------       
 Total  Precipitation (Hundreths of an Inch)                                                            
 DAY  1  2  3  4  5  6  7  8  9 10 11 12 13 14 15 16 17 18 19 20 21 22 23 24 25 26 27 28 29 30 31  MONTH
-------------------------------------------------------------------------------------------------       
JAN   2  2  2  3  3  3  3  3  3  3  3  3  4  4  4  4  4  4  4  4  4  4  4  4  4  4  4  4  4  4  4    109
FEB   4  4  4  4  4  4  4  4  4  4  4  3  3  3  3  3  3  3  3  3  3  3  3  3  3  3  4  4              97
MAR   3  3  3  3  4  4  4  4  4  4  4  4  4  4  4  4  4  4  4  4  4  4  4  4  4  4  4  4  4  4  4    120
APR   4  4  4  4  5  5  5  5  5  5  5  5  5  6  6  6  6  6  6  7  7  7  7  7  8  8  8  8  9  9       182
MAY   9 10 10 10 10 11 11 11 11 11 11 11 11 11 11 11 11 11 11 11 11 11 11 11 11 10 10 10 10  9  9    327
JUN   9  8  8  8  8  7  7  7  7  6  6  6  6  6  5  5  5  5  5  5  5  5  5  5  5  5  5  5  5  5       179
JUL   5  5  5  5  5  5  5  5  5  5  5  5  5  5  5  5  6  6  6  6  6  6  6  6  6  6  6  7  7  7  7    174
AUG   7  7  7  8  8  8  8  8  8  8  9  9  9  9  9 10 10 10 10 11 11 11 11 12 12 12 13 13 13 13 14    308
SEP  14 14 15 15 15 15 16 16 16 16 17 17 17 17 17 18 18 18 18 18 18 18 18 18 18 18 18 19 19 19       510
OCT  19 19 18 18 18 18 18 18 18 18 18 18 18 18 18 18 18 18 18 18 17 17 17 17 17 17 17 17 17 17 16    548
NOV  16 16 16 16 16 15 15 15 15 15 14 14 14 14 13 13 13 12 12 12 11 11 10 10 10  9  9  8  8  7       379
DEC   7  6  6  6  5  5  4  4  4  3  3  3  3  3  2  2  2  2  2  2  2  2  2  1  2  2  2  2  2  2  2     95
                                                                                                        
