-------------------------------------------------------------------------------------------------       
 1971-2000 Daily/Monthly Station Normals                                                                
 Provided by National Climatic Data Center/NESDIS/NOAA                                                  
-------------------------------------------------------------------------------------------------       
 Station COOP ID:                           664276                                                      
 Station Name, State, Division, Call:       GURABO SUBSTATION                  PR 05                    
 Latitude, Longitude, Elevation, Elements:  18 15 30 -065 59 32   160 XNP                               
-------------------------------------------------------------------------------------------------       
 Minimum Temperature (deg F [tenths deg F for monthly])                                                 
 DAY  1  2  3  4  5  6  7  8  9 10 11 12 13 14 15 16 17 18 19 20 21 22 23 24 25 26 27 28 29 30 31  MONTH
-------------------------------------------------------------------------------------------------       
JAN  61 61 61 61 61 61 61 61 61 61 61 61 61 61 61 61 61 61 61 61 61 61 60 60 60 60 60 60 60 60 60    607
FEB  60 60 60 60 60 60 60 60 60 60 60 61 61 61 61 61 61 61 61 61 61 61 61 61 61 61 61 61             606
MAR  61 61 61 61 61 61 61 61 61 61 61 61 61 61 61 61 61 61 61 62 62 62 62 62 62 62 62 62 62 62 62    614
APR  62 63 63 63 63 63 63 63 63 63 63 64 64 64 64 64 64 64 64 64 65 65 65 65 65 65 65 65 66 66       640
MAY  66 66 66 66 66 66 67 67 67 67 67 67 67 67 67 68 68 68 68 68 68 68 68 68 68 68 68 68 68 69 69    674
JUN  69 69 69 69 69 69 69 69 69 69 69 69 69 69 69 69 69 69 69 69 69 69 69 69 69 69 69 69 69 69       690
JUL  69 69 69 69 69 69 69 69 69 69 69 69 69 69 69 69 69 69 69 69 68 68 68 68 68 69 69 69 69 69 69    688
AUG  69 69 69 69 69 69 69 69 69 69 69 69 69 69 69 69 69 69 69 69 69 69 69 69 69 69 69 69 69 68 68    689
SEP  69 69 69 69 69 69 69 69 69 69 69 69 69 69 69 68 68 68 68 68 68 68 68 68 68 68 68 68 68 68       685
OCT  68 68 68 68 68 68 68 68 68 68 68 68 68 68 68 68 68 68 68 67 67 67 67 67 67 67 67 67 67 67 67    676
NOV  67 67 67 67 67 67 66 66 66 66 66 66 66 66 66 66 66 66 66 65 65 65 65 65 65 65 65 65 65 64       658
DEC  64 64 64 64 64 64 64 64 64 63 63 63 63 63 63 63 63 63 62 62 62 62 62 62 62 62 62 62 62 62 61    628
                                                                                                        
-------------------------------------------------------------------------------------------------       
 Maximum Temperature (deg F [tenths deg F for monthly])                                                 
 DAY  1  2  3  4  5  6  7  8  9 10 11 12 13 14 15 16 17 18 19 20 21 22 23 24 25 26 27 28 29 30 31  MONTH
-------------------------------------------------------------------------------------------------       
JAN  85 85 85 85 85 85 85 84 84 84 84 84 84 84 84 84 84 84 84 84 84 84 84 85 85 85 85 85 85 85 85    845
FEB  84 84 84 85 85 85 85 85 85 85 85 85 85 85 85 85 85 85 85 85 85 85 85 85 85 85 85 85             849
MAR  85 85 85 85 85 85 85 85 86 86 86 86 86 86 86 86 86 86 86 86 86 86 86 86 86 86 86 86 86 87 87    858
APR  87 87 87 87 87 87 87 87 87 87 87 87 87 87 87 87 87 87 88 88 88 88 88 88 88 88 88 88 88 88       874
MAY  88 88 88 88 88 88 88 88 88 88 88 88 89 89 89 89 89 89 89 89 89 89 89 89 89 89 89 89 89 89 89    886
JUN  89 89 89 89 89 89 90 90 90 90 90 90 90 90 90 90 90 90 90 90 90 90 90 90 90 90 90 90 90 90       898
JUL  90 90 90 90 90 90 90 90 90 90 90 90 90 90 90 90 90 90 90 90 91 91 91 91 91 91 91 91 91 91 90    903
AUG  90 90 90 91 91 91 91 91 91 91 91 91 91 91 91 91 91 91 91 91 91 91 90 90 90 90 90 90 90 90 90    906
SEP  90 90 90 90 90 90 90 90 90 90 90 90 90 90 90 90 90 90 90 90 90 90 90 90 90 90 90 90 90 90       900
OCT  90 90 90 90 90 90 90 90 90 90 89 89 89 89 89 89 89 89 89 89 89 89 89 89 89 89 89 89 89 89 88    893
NOV  89 88 88 88 88 88 88 88 88 88 88 88 88 88 87 87 87 87 87 87 87 87 87 87 87 87 87 86 86 86       874
DEC  86 86 86 86 86 86 86 85 85 85 85 85 85 85 85 85 85 85 85 85 85 85 85 85 85 85 85 85 85 85 84    852
                                                                                                        
-------------------------------------------------------------------------------------------------       
 Average Temperature (deg F [tenths deg F for monthly])                                                 
 DAY  1  2  3  4  5  6  7  8  9 10 11 12 13 14 15 16 17 18 19 20 21 22 23 24 25 26 27 28 29 30 31  MONTH
-------------------------------------------------------------------------------------------------       
JAN  73 73 73 73 73 73 73 73 73 73 73 73 73 73 73 73 72 72 72 72 72 72 72 72 72 72 72 72 73 73 73    726
FEB  72 72 72 72 72 72 73 73 73 73 73 73 73 73 73 73 73 73 73 73 73 73 73 73 73 73 73 73             728
MAR  73 73 73 73 73 73 73 73 73 73 73 73 73 74 74 74 74 74 74 74 74 74 74 74 74 74 74 74 74 74 75    736
APR  74 75 75 75 75 75 75 75 75 75 75 75 75 76 76 76 76 76 76 76 76 76 76 76 76 77 77 77 77 77       757
MAY  77 77 77 77 77 77 77 77 78 78 78 78 78 78 78 78 78 78 78 78 78 78 78 79 79 79 79 79 79 79 79    780
JUN  79 79 79 79 79 79 79 79 79 79 79 79 79 79 79 79 79 79 80 80 80 80 80 80 80 80 80 80 80 80       794
JUL  80 80 80 79 79 79 79 79 79 79 79 79 79 79 79 80 80 80 80 80 80 80 80 80 80 80 80 80 80 80 80    796
AUG  80 80 80 80 80 80 80 80 80 80 80 80 80 80 80 80 80 80 80 80 80 80 80 80 80 79 79 79 79 79 79    798
SEP  80 80 80 80 80 80 80 80 80 79 79 79 79 79 79 79 79 79 79 79 79 79 79 79 79 79 79 79 79 79       793
OCT  79 79 79 79 79 79 79 79 79 79 79 79 79 79 79 79 78 78 78 78 78 78 78 78 78 78 78 78 78 78 78    785
NOV  78 78 78 77 77 77 77 77 77 77 77 77 77 77 77 77 77 76 76 76 76 76 76 76 76 76 76 76 75 75       766
DEC  75 75 75 75 75 75 75 75 75 74 74 74 74 74 74 74 74 74 74 74 74 74 73 73 73 73 73 73 73 73 73    740
                                                                                                        
-------------------------------------------------------------------------------------------------       
 Heating Degree Days                                                                                    
 DAY  1  2  3  4  5  6  7  8  9 10 11 12 13 14 15 16 17 18 19 20 21 22 23 24 25 26 27 28 29 30 31  MONTH
-------------------------------------------------------------------------------------------------       
JAN   0  0  0  0  0  0  0  0  0  0  0  0  0  0  0  0  0  0  0  0  0  0  0  0  0  0  0  0  0  0  0      0
FEB   0  0  0  0  0  0  0  0  0  0  0  0  0  0  0  0  0  0  0  0  0  0  0  0  0  0  0  0               0
MAR   0  0  0  0  0  0  0  0  0  0  0  0  0  0  0  0  0  0  0  0  0  0  0  0  0  0  0  0  0  0  0      0
APR   0  0  0  0  0  0  0  0  0  0  0  0  0  0  0  0  0  0  0  0  0  0  0  0  0  0  0  0  0  0         0
MAY   0  0  0  0  0  0  0  0  0  0  0  0  0  0  0  0  0  0  0  0  0  0  0  0  0  0  0  0  0  0  0      0
JUN   0  0  0  0  0  0  0  0  0  0  0  0  0  0  0  0  0  0  0  0  0  0  0  0  0  0  0  0  0  0         0
JUL   0  0  0  0  0  0  0  0  0  0  0  0  0  0  0  0  0  0  0  0  0  0  0  0  0  0  0  0  0  0  0      0
AUG   0  0  0  0  0  0  0  0  0  0  0  0  0  0  0  0  0  0  0  0  0  0  0  0  0  0  0  0  0  0  0      0
SEP   0  0  0  0  0  0  0  0  0  0  0  0  0  0  0  0  0  0  0  0  0  0  0  0  0  0  0  0  0  0         0
OCT   0  0  0  0  0  0  0  0  0  0  0  0  0  0  0  0  0  0  0  0  0  0  0  0  0  0  0  0  0  0  0      0
NOV   0  0  0  0  0  0  0  0  0  0  0  0  0  0  0  0  0  0  0  0  0  0  0  0  0  0  0  0  0  0         0
DEC   0  0  0  0  0  0  0  0  0  0  0  0  0  0  0  0  0  0  0  0  0  0  0  0  0  0  0  0  0  0  0      0
                                                                                                        
-------------------------------------------------------------------------------------------------       
 Cooling Degree Days                                                                                    
 DAY  1  2  3  4  5  6  7  8  9 10 11 12 13 14 15 16 17 18 19 20 21 22 23 24 25 26 27 28 29 30 31  MONTH
-------------------------------------------------------------------------------------------------       
JAN   8  8  8  8  8  8  8  8  8  8  8  8  8  8  8  8  8  8  8  7  7  7  7  7  7  7  7  7  7  7  8    237
FEB   7  7  7  7  7  7  7  8  8  8  8  8  8  8  8  8  8  8  8  8  8  8  8  8  8  8  8  8             217
MAR   8  8  8  8  8  8  8  8  8  8  8  8  8  9  9  9  9  9  9  9  9  9  9  9  9  9  9  9  9 10 10    268
APR  10 10 10 10 10 10 10 10 10 10 10 10 11 11 11 11 11 11 11 11 11 11 11 11 11 11 12 12 12 12       322
MAY  12 12 12 12 12 12 12 12 12 13 13 13 13 13 13 13 13 13 13 13 13 13 13 13 14 14 14 14 14 14 14    401
JUN  14 14 14 14 14 14 14 14 14 14 14 14 14 14 14 14 14 14 15 15 15 15 15 15 15 15 15 15 15 15       432
JUL  15 15 15 15 15 14 14 14 14 14 14 14 14 14 14 14 14 14 15 15 15 15 15 15 15 15 15 15 15 15 15    452
AUG  14 15 15 15 15 15 15 15 15 15 15 15 15 15 15 15 15 15 15 15 15 15 15 14 14 14 14 14 14 14 14    456
SEP  15 15 15 15 15 15 15 15 14 14 14 14 14 14 14 14 14 14 14 14 14 14 14 14 14 14 14 14 14 14       428
OCT  14 14 14 14 14 14 14 14 14 14 14 14 14 13 13 13 13 13 13 13 13 13 13 13 13 13 13 13 13 13 13    416
NOV  13 13 13 12 12 12 12 12 12 12 12 12 12 12 12 12 12 11 11 11 11 11 11 11 11 11 11 11 10 10       348
DEC  10 10 10 10 10 10 10 10 10  9  9  9  9  9  9  9  9  9  9  9  9  9  9  8  8  8  8  8  8  8  8    280
                                                                                                        
-------------------------------------------------------------------------------------------------       
 Total  Precipitation (Hundreths of an Inch)                                                            
 DAY  1  2  3  4  5  6  7  8  9 10 11 12 13 14 15 16 17 18 19 20 21 22 23 24 25 26 27 28 29 30 31  MONTH
-------------------------------------------------------------------------------------------------       
JAN  12 11 11 11 11 11 11 11 11 11 11 11 11 11 11 11 11 11 11 11 11 11 11 11 11 11 11 11 10 10 10    339
FEB  11 11 11 11 11 11 11 11 11 10 10 10 10 10 10 10 10 10 10 10 10 10 10 10 10 10 10 10             289
MAR  10 10 10 10 10 10 10 10 10 10 10 10 10 10 10 10  9  9  9  9  9  9  9  9  9  9  9  9  9  9  9    295
APR   9  9  9  9  9 10 10 10 10 10 10 10 10 11 11 11 11 12 12 12 12 13 13 13 14 14 14 15 15 15       343
MAY  16 16 17 17 17 18 18 18 18 19 19 19 19 19 19 19 19 19 20 19 19 19 19 19 19 19 19 18 18 18 18    570
JUN  17 17 17 16 16 16 16 15 15 15 15 15 15 14 14 14 14 14 14 14 14 14 14 14 14 14 14 14 14 14       443
JUL  14 14 14 14 14 14 14 14 15 15 15 15 15 15 16 16 16 16 17 17 17 17 18 18 18 18 19 19 19 20 20    503
AUG  21 21 21 22 22 22 23 23 23 23 24 24 24 24 25 25 25 25 26 26 26 26 26 26 26 27 27 27 27 27 27    761
SEP  27 27 27 27 27 27 27 27 27 27 27 27 27 27 27 27 27 26 26 26 26 26 25 25 25 25 25 24 24 24       786
OCT  23 23 23 23 23 22 22 22 22 22 22 22 22 21 21 21 21 21 22 22 22 22 22 22 22 22 23 23 23 23 24    688
NOV  24 24 25 25 25 25 25 25 25 25 26 26 25 25 25 25 25 25 25 25 24 24 24 23 23 23 22 22 21 21       727
DEC  20 20 19 19 18 18 18 17 17 16 16 16 15 15 15 14 14 14 14 13 13 13 13 13 12 12 12 12 12 12 12    464
                                                                                                        
