-------------------------------------------------------------------------------------------------       
 1971-2000 Daily/Monthly Station Normals                                                                
 Provided by National Climatic Data Center/NESDIS/NOAA                                                  
-------------------------------------------------------------------------------------------------       
 Station COOP ID:                           666270                                                      
 Station Name, State, Division, Call:       MONTE BELLO MANATI                 PR 06                    
 Latitude, Longitude, Elevation, Elements:  18 22 46 -066 30 55   640   P                               
-------------------------------------------------------------------------------------------------       
 Total  Precipitation (Hundreths of an Inch)                                                            
 DAY  1  2  3  4  5  6  7  8  9 10 11 12 13 14 15 16 17 18 19 20 21 22 23 24 25 26 27 28 29 30 31  MONTH
-------------------------------------------------------------------------------------------------       
JAN  13 13 13 13 12 12 12 12 11 11 11 11 11 11 11 11 10 10 10 10 10 10 10 10 10 10 11 11 11 11 11    343
FEB  11 11 11 11 11 12 12 12 12 12 12 12 12 12 12 12 12 12 12 11 11 11 11 11 11 11 10 10             320
MAR  10 10 10 10 10 10  9  9  9  9  9  9  9  9 10 10 10 10 10 10 10 11 11 11 11 12 12 12 13 13 14    322
APR  14 14 15 15 15 16 16 17 17 17 18 18 19 19 19 20 20 21 21 21 22 22 23 23 23 24 24 24 25 25       587
MAY  25 26 26 26 26 27 27 27 27 27 27 27 27 27 27 26 26 26 26 25 25 25 24 24 23 23 22 21 21 20 19    775
JUN  18 18 17 16 16 15 14 14 13 13 12 12 11 11 11 10 10 10  9  9  9  9  9  8  8  8  8  8  8  8       342
JUL   8  8  8  9  9  9  9  9  9  9  9  9  9  9 10 10 10 10 10 10 10 10 11 11 11 11 11 11 11 12 12    304
AUG  12 12 12 12 13 13 13 13 13 14 14 14 14 15 15 15 15 15 16 16 16 17 17 17 17 18 18 18 19 19 19    471
SEP  20 20 20 21 21 21 21 22 22 22 22 23 23 23 23 24 24 24 24 24 24 25 25 25 25 25 25 25 26 26       695
OCT  26 26 26 26 26 26 26 26 26 26 26 26 26 26 26 26 25 25 25 25 25 25 25 25 24 24 24 24 23 23 23    781
NOV  23 23 22 22 22 22 21 21 21 21 21 20 20 20 20 20 20 20 20 19 19 19 19 19 19 19 19 19 19 19       608
DEC  19 19 19 19 18 18 18 18 18 18 18 18 18 17 17 17 17 17 17 16 16 16 16 16 15 15 15 14 14 14 14    521
                                                                                                        
