-------------------------------------------------------------------------------------------------       
 1971-2000 Daily/Monthly Station Normals                                                                
 Provided by National Climatic Data Center/NESDIS/NOAA                                                  
-------------------------------------------------------------------------------------------------       
 Station COOP ID:                           660053                                                      
 Station Name, State, Division, Call:       ADJUNTAS 1 NW                      PR 06                    
 Latitude, Longitude, Elevation, Elements:  18 10 23 -066 43 41  1500   P                               
-------------------------------------------------------------------------------------------------       
 Total  Precipitation (Hundreths of an Inch)                                                            
 DAY  1  2  3  4  5  6  7  8  9 10 11 12 13 14 15 16 17 18 19 20 21 22 23 24 25 26 27 28 29 30 31  MONTH
-------------------------------------------------------------------------------------------------       
JAN  11 11 12 12 13 13 13 13 14 14 14 14 14 14 14 14 15 15 14 14 14 14 14 14 14 13 13 13 13 12 12    414
FEB  11 11 11 10 10 10  9  9  9  9  9  8  8  8  8  8  8  8  8  8  8  8  8  8  8  8  9  9             246
MAR   9  9  9 10 10 10 10 10 10 11 11 11 11 11 11 11 11 11 12 12 12 12 12 12 12 12 12 12 12 12 12    342
APR  12 12 12 12 12 13 13 13 13 13 14 14 14 14 15 15 16 16 16 17 17 18 18 19 20 20 21 21 22 23       475
MAY  24 24 25 25 26 26 27 27 28 28 28 28 29 29 29 29 29 29 29 28 28 28 28 27 27 26 26 25 25 24 23    834
JUN  23 22 21 21 20 20 19 19 18 18 17 17 17 16 16 16 16 15 15 15 15 15 15 15 15 15 15 15 16 16       513
JUL  16 16 17 17 17 17 18 18 18 18 19 19 19 19 20 20 20 20 21 21 21 21 22 22 22 23 23 23 23 24 24    618
AUG  24 24 25 25 25 25 26 26 27 27 27 28 28 29 29 30 30 31 31 32 32 33 34 34 35 35 36 37 37 38 39    939
SEP  40 40 41 42 42 43 43 44 44 44 45 45 45 45 45 45 46 46 46 45 45 45 45 45 44 44 44 43 43 42      1316
OCT  42 41 41 40 40 39 38 38 37 37 36 36 35 35 34 34 33 32 32 31 31 30 30 29 29 28 28 27 27 26 26   1042
NOV  25 25 24 24 23 23 22 21 21 20 20 20 19 19 18 18 17 17 16 16 15 15 14 14 13 13 12 12 11 11       538
DEC  11 10 10  9  9  9  8  8  8  8  8  7  7  7  7  7  7  7  7  7  8  8  8  8  8  9  9  9 10 10 11    259
                                                                                                        
