-------------------------------------------------------------------------------------------------       
 1971-2000 Daily/Monthly Station Normals                                                                
 Provided by National Climatic Data Center/NESDIS/NOAA                                                  
-------------------------------------------------------------------------------------------------       
 Station COOP ID:                           460921                                                      
 Station Name, State, Division, Call:       BLUEFIELD AP                       WV 05 BLF                
 Latitude, Longitude, Elevation, Elements:  37 17 45 -081 12 28  2891 XNP                               
-------------------------------------------------------------------------------------------------       
 Minimum Temperature (deg F [tenths deg F for monthly])                                                 
 DAY  1  2  3  4  5  6  7  8  9 10 11 12 13 14 15 16 17 18 19 20 21 22 23 24 25 26 27 28 29 30 31  MONTH
-------------------------------------------------------------------------------------------------       
JAN  26 26 25 25 25 25 25 25 25 25 25 25 25 25 25 25 24 24 25 25 25 25 25 25 25 25 25 25 25 25 25    250
FEB  25 26 26 26 26 26 26 27 27 27 27 27 27 28 28 28 28 28 29 29 29 29 30 30 30 30 31 31             279
MAR  31 31 32 32 32 32 33 33 33 34 34 34 34 35 35 35 36 36 36 36 37 37 37 38 38 38 38 39 39 39 40    353
APR  40 40 40 41 41 41 42 42 42 42 43 43 43 43 44 44 44 44 45 45 45 46 46 46 46 47 47 47 47 48       438
MAY  48 48 48 49 49 49 49 50 50 50 50 51 51 51 51 52 52 52 52 53 53 53 54 54 54 54 55 55 55 55 56    517
JUN  56 56 57 57 57 57 58 58 58 58 58 59 59 59 59 59 60 60 60 60 60 61 61 61 61 61 61 61 62 62       592
JUL  62 62 62 62 63 63 63 63 63 63 63 63 63 63 63 63 63 63 63 63 63 63 63 64 63 63 63 63 63 63 63    629
AUG  63 63 63 63 63 63 63 63 63 63 63 62 62 62 62 62 62 62 62 62 61 61 61 61 61 61 61 61 60 60 60    619
SEP  60 60 60 59 59 59 59 58 58 58 58 58 57 57 57 56 56 56 55 55 55 54 54 54 53 53 53 52 52 51       562
OCT  51 51 50 50 49 49 49 48 48 48 47 47 46 46 46 45 45 45 45 44 44 44 43 43 43 43 42 42 42 41 41    457
NOV  41 41 41 40 40 40 40 39 39 39 39 38 38 38 38 37 37 37 36 36 36 36 35 35 35 34 34 34 33 33       373
DEC  33 33 32 32 32 31 31 31 31 30 30 30 30 29 29 29 29 28 28 28 28 28 27 27 27 27 27 27 26 26 26    291
                                                                                                        
-------------------------------------------------------------------------------------------------       
 Maximum Temperature (deg F [tenths deg F for monthly])                                                 
 DAY  1  2  3  4  5  6  7  8  9 10 11 12 13 14 15 16 17 18 19 20 21 22 23 24 25 26 27 28 29 30 31  MONTH
-------------------------------------------------------------------------------------------------       
JAN  41 41 41 41 40 40 40 40 40 40 40 40 40 40 40 40 40 40 40 40 40 40 40 40 40 40 41 41 41 41 41    403
FEB  41 41 42 42 42 42 42 43 43 43 43 43 44 44 44 44 45 45 45 46 46 46 47 47 47 47 48 48             443
MAR  49 49 49 50 50 50 51 51 51 52 52 52 53 53 53 54 54 54 55 55 56 56 56 57 57 57 58 58 58 59 59    538
APR  59 60 60 60 61 61 61 62 62 62 63 63 63 64 64 64 64 65 65 65 66 66 66 66 66 67 67 67 67 68       638
MAY  68 68 68 68 69 69 69 69 69 70 70 70 70 70 71 71 71 71 72 72 72 72 72 73 73 73 73 73 74 74 74    709
JUN  74 74 75 75 75 75 75 76 76 76 76 76 77 77 77 77 77 77 77 78 78 78 78 78 78 78 79 79 79 79       768
JUL  79 79 79 79 79 80 80 80 80 80 80 80 80 80 80 80 80 81 81 81 81 81 81 81 81 81 81 81 81 81 81    803
AUG  81 81 81 81 81 81 81 81 81 81 80 80 80 80 80 80 80 80 80 79 79 79 79 79 79 78 78 78 78 78 77    797
SEP  77 77 77 76 76 76 76 75 75 75 75 74 74 74 74 73 73 73 72 72 72 72 71 71 71 70 70 70 69 69       733
OCT  69 69 68 68 68 67 67 67 66 66 66 65 65 65 64 64 64 63 63 63 62 62 61 61 61 60 60 60 59 59 59    639
NOV  58 58 57 57 57 56 56 56 55 55 55 54 54 54 53 53 53 52 52 51 51 51 50 50 50 50 49 49 49 48       531
DEC  48 48 47 47 47 46 46 46 46 45 45 45 45 44 44 44 44 43 43 43 43 43 42 42 42 42 42 42 41 41 41    441
                                                                                                        
-------------------------------------------------------------------------------------------------       
 Average Temperature (deg F [tenths deg F for monthly])                                                 
 DAY  1  2  3  4  5  6  7  8  9 10 11 12 13 14 15 16 17 18 19 20 21 22 23 24 25 26 27 28 29 30 31  MONTH
-------------------------------------------------------------------------------------------------       
JAN  33 33 33 33 33 33 33 33 33 33 33 32 32 32 32 32 32 32 32 32 33 33 33 33 33 33 33 33 33 33 33    327
FEB  33 34 34 34 34 34 34 35 35 35 35 35 36 36 36 36 36 37 37 37 37 38 38 38 39 39 39 40             361
MAR  40 40 41 41 41 41 42 42 42 43 43 43 44 44 44 45 45 45 46 46 46 47 47 47 47 48 48 48 49 49 49    446
APR  50 50 50 51 51 51 51 52 52 52 53 53 53 53 54 54 54 55 55 55 55 56 56 56 56 57 57 57 57 58       538
MAY  58 58 58 58 59 59 59 59 60 60 60 60 61 61 61 61 62 62 62 62 62 63 63 63 63 64 64 64 64 65 65    613
JUN  65 65 66 66 66 66 66 67 67 67 67 68 68 68 68 68 68 69 69 69 69 69 69 70 70 70 70 70 70 70       680
JUL  70 71 71 71 71 71 71 71 71 71 71 72 72 72 72 72 72 72 72 72 72 72 72 72 72 72 72 72 72 72 72    716
AUG  72 72 72 72 72 72 72 72 72 72 71 71 71 71 71 71 71 71 71 71 70 70 70 70 70 70 69 69 69 69 69    708
SEP  69 68 68 68 68 67 67 67 67 67 66 66 66 65 65 65 65 64 64 64 63 63 63 62 62 62 61 61 61 60       648
OCT  60 60 59 59 59 58 58 57 57 57 56 56 56 55 55 55 54 54 54 53 53 53 52 52 52 52 51 51 51 50 50    548
NOV  50 49 49 49 48 48 48 47 47 47 47 46 46 46 45 45 45 44 44 44 44 43 43 43 42 42 42 41 41 41       452
DEC  40 40 40 39 39 39 39 38 38 38 38 37 37 37 37 36 36 36 36 36 35 35 35 35 35 34 34 34 34 34 34    366
                                                                                                        
-------------------------------------------------------------------------------------------------       
 Heating Degree Days                                                                                    
 DAY  1  2  3  4  5  6  7  8  9 10 11 12 13 14 15 16 17 18 19 20 21 22 23 24 25 26 27 28 29 30 31  MONTH
-------------------------------------------------------------------------------------------------       
JAN  32 32 32 32 32 32 32 32 32 32 33 33 33 33 33 33 33 33 33 33 33 33 32 32 32 32 32 32 32 32 32   1004
FEB  32 31 31 31 31 31 31 30 30 30 30 30 29 29 29 29 29 28 28 28 28 27 27 27 26 26 26 26             810
MAR  25 25 25 24 24 24 23 23 23 22 22 22 21 21 21 20 20 20 20 19 19 19 18 18 18 17 17 17 16 16 16    635
APR  15 15 15 15 14 14 14 13 13 13 12 12 12 12 11 11 11 11 10 10 10 10 10  9  9  9  9  9  8  8       344
MAY   8  8  8  7  7  7  7  7  7  6  6  6  6  6  6  5  5  5  5  5  4  4  4  4  4  4  3  3  3  3  3    166
JUN   3  3  2  2  2  2  2  2  2  1  1  1  1  1  1  1  1  1  1  1  1  1  0  0  0  0  0  0  0  0        33
JUL -99-99  0  0  0  0  0  0  0  0  0  0  0  0  0  0  0  0  0  0  0  0  0  0  0  0  0  0-99-99-99      5
AUG   0  0  0  0  0  0  0  0  0  0  0  0  0  0  0  0  0  0  1  1  1  1  1  1  1  1  1  1  1  1  1     13
SEP   1  1  1  1  1  1  1  1  1  1  1  2  2  2  2  2  2  3  3  3  3  3  4  4  4  4  5  5  5  6        75
OCT   6  6  7  7  7  8  8  8  9  9  9  9 10 10 10 11 11 11 12 12 12 13 13 13 13 14 14 14 15 15 15    331
NOV  16 16 16 16 17 17 17 18 18 18 18 19 19 19 20 20 20 21 21 21 21 22 22 22 23 23 23 24 24 24       595
DEC  25 25 25 25 26 26 26 27 27 27 27 28 28 28 28 29 29 29 29 29 30 30 30 30 30 31 31 31 31 31 32    880
                                                                                                        
-------------------------------------------------------------------------------------------------       
 Cooling Degree Days                                                                                    
 DAY  1  2  3  4  5  6  7  8  9 10 11 12 13 14 15 16 17 18 19 20 21 22 23 24 25 26 27 28 29 30 31  MONTH
-------------------------------------------------------------------------------------------------       
JAN   0  0  0  0  0  0  0  0  0  0  0  0  0  0  0  0  0  0  0  0  0  0  0  0  0  0  0  0  0  0  0      0
FEB   0  0  0  0  0  0  0  0  0  0  0  0  0  0  0  0  0  0  0  0  0  0  0  0  0  0  0  0               0
MAR   0  0  0  0  0  0  0  0  0  0  0  0  0  0  0  0  0  0  0  0  0  0  0  0  0  0  0-99  0  0  0      1
APR   0  0  0  0  0  0  0  0  0  0  0  0  0  0  0  0  0  0  0  0  0  0  1  1  1  1  1  1  1  1         8
MAY   1  1  1  1  1  1  1  1  1  1  1  1  1  1  2  2  2  2  2  2  2  2  2  2  2  2  2  2  2  3  3     50
JUN   3  3  3  3  3  3  3  3  3  4  4  4  4  4  4  4  4  4  4  4  5  5  5  5  5  5  5  5  5  6       122
JUL   6  6  6  6  6  6  6  6  7  7  7  7  7  7  7  7  7  7  7  7  7  7  7  7  7  7  7  7  7  7  7    209
AUG   7  7  7  7  7  7  7  7  7  7  7  7  7  7  7  6  6  6  6  6  6  6  6  5  5  5  5  5  5  5  4    192
SEP   4  4  4  4  3  3  3  3  3  3  3  2  2  2  2  2  2  2  2  2  2  1  1  1  1  1  1  1  1  1        66
OCT   1  1  1  1  1  1  1  1  1  1  1  1  1  1  1  0  0  0  0  0  0  0  0  0  0  0  0  0  0  0  0     15
NOV   0  0  0  0  0  0  0  0  0  0  0  0  0  0  0  0  0  0  0  0  0  0  0  0  0  0  0  0  0  0         0
DEC   0  0  0  0  0  0  0  0  0  0  0  0  0  0  0  0  0  0  0  0  0  0  0  0  0  0  0  0  0  0  0      0
                                                                                                        
-------------------------------------------------------------------------------------------------       
 Total  Precipitation (Hundreths of an Inch)                                                            
 DAY  1  2  3  4  5  6  7  8  9 10 11 12 13 14 15 16 17 18 19 20 21 22 23 24 25 26 27 28 29 30 31  MONTH
-------------------------------------------------------------------------------------------------       
JAN   9  9  9  9 10 10 10 10 10 10 10 10 10 10 10 10 10 10 10 10 10 10 10 10 10 10 10 10 10 10 10    306
FEB  10 10 10 10 10 10 10 10 10 10 10 10 10 10 10 10 10 11 11 11 11 11 11 11 11 11 11 11             291
MAR  11 11 11 11 11 12 12 12 12 12 12 12 12 12 12 12 12 12 12 12 12 12 12 12 12 12 12 11 11 11 11    363
APR  11 11 11 11 11 11 11 11 11 11 11 11 11 11 11 11 11 11 11 11 11 11 12 12 12 12 12 12 12 13       339
MAY  13 13 13 13 14 14 14 14 14 14 14 14 14 14 14 14 14 14 15 14 14 14 14 14 14 14 14 14 14 14 14    431
JUN  13 13 13 13 13 13 13 13 13 13 13 13 13 13 13 13 12 12 12 12 12 13 13 13 13 13 13 13 13 13       385
JUL  13 13 13 13 13 13 13 13 14 14 14 13 13 13 13 13 13 13 13 13 13 13 13 13 13 13 12 12 12 12 12    401
AUG  12 11 11 11 11 11 11 11 11 10 10 10 10 10 10 10 10 10 10 10 10 10 10 10 10 10 10 10 10 10 10    320
SEP  10 11 11 11 11 11 11 11 11 11 11 11 11 11 11 11 11 11 11 11 11 11 10 10 10 10 10 10 10 10       321
OCT  10 10  9  9  9  9  9  9  9  9  9  8  8  8  8  8  8  8  8  8  8  8  8  8  8  8  8  8  8  8  8    261
NOV   8  8  8  9  9  9  9  9  9  9  9  9  9  9  9  9  9  9  9  9  9  9  9  9  9  9  9  9  9  9       267
DEC   9  9  9  9  9  9  9  9  9  9  9  9  9  9  9  9  9  9  9  9  9  9  9  9  9  9  9  9 10 10 10    282
                                                                                                        
