-------------------------------------------------------------------------------------------------       
 1971-2000 Daily/Monthly Station Normals                                                                
 Provided by National Climatic Data Center/NESDIS/NOAA                                                  
-------------------------------------------------------------------------------------------------       
 Station COOP ID:                           513117                                                      
 Station Name, State, Division, Call:       KANEOHE 838.1                      HI 02                    
 Latitude, Longitude, Elevation, Elements:  21 25 23 -157 48 04    60   P                               
-------------------------------------------------------------------------------------------------       
 Total  Precipitation (Hundreths of an Inch)                                                            
 DAY  1  2  3  4  5  6  7  8  9 10 11 12 13 14 15 16 17 18 19 20 21 22 23 24 25 26 27 28 29 30 31  MONTH
-------------------------------------------------------------------------------------------------       
JAN  18 18 18 18 18 18 19 19 19 19 19 19 19 19 19 19 19 19 19 19 19 19 19 19 19 18 18 18 18 18 18    577
FEB  18 17 17 17 17 17 17 17 16 16 16 16 16 16 16 16 16 16 16 16 16 16 16 16 17 17 17 17             461
MAR  17 17 17 17 17 17 18 18 18 18 18 18 18 18 18 18 18 18 18 18 17 17 17 17 17 17 17 17 17 16 16    539
APR  16 16 16 16 15 15 15 15 15 15 14 14 14 14 14 14 13 13 13 13 13 13 13 13 12 12 12 12 12 12       414
MAY  12 12 12 12 11 11 11 11 11 11 11 11 11 11 10 10 10 10 10 10 10 10 10 10 10 10  9  9  9  9  9    323
JUN   9  9  9  9  9  9  9  9  9  9  9  8  8  8  8  8  8  8  8  8  8  8  8  8  8  8  8  8  8  8       251
JUL   8  8  8  8  8  8  8  8  8  9  9  9  9  9  9  9  9  9  9  9  9  9  9  9  9  9  9  9  9  9  9    270
AUG   9  9  9  9  9  9  9  9  9  9  9  9  9  9  9  9  9  9  9  9  9  9  9  9 10 10 10 10 10 10 10    286
SEP  11 11 11 11 11 11 11 11 11 12 12 12 12 12 12 12 12 12 12 12 12 12 12 12 12 12 12 12 12 12       351
OCT  12 12 12 12 12 12 12 13 13 13 13 13 13 13 14 14 14 14 14 15 15 15 16 16 16 16 17 17 18 18 18    442
NOV  19 19 20 20 20 21 21 21 21 21 22 22 22 22 22 22 22 22 22 22 22 22 22 22 21 21 21 21 20 20       635
DEC  20 19 19 19 19 18 18 18 18 18 17 17 17 17 17 17 17 17 17 17 17 17 17 17 17 17 17 17 17 17 18    544
                                                                                                        
