-------------------------------------------------------------------------------------------------       
 1971-2000 Daily/Monthly Station Normals                                                                
 Provided by National Climatic Data Center/NESDIS/NOAA                                                  
-------------------------------------------------------------------------------------------------       
 Station COOP ID:                           515560                                                      
 Station Name, State, Division, Call:       LIHUE VRTY STA 1062.1              HI 01                    
 Latitude, Longitude, Elevation, Elements:  22 01 25 -159 23 14   380   P                               
-------------------------------------------------------------------------------------------------       
 Total  Precipitation (Hundreths of an Inch)                                                            
 DAY  1  2  3  4  5  6  7  8  9 10 11 12 13 14 15 16 17 18 19 20 21 22 23 24 25 26 27 28 29 30 31  MONTH
-------------------------------------------------------------------------------------------------       
JAN  21 21 21 21 21 21 22 22 22 22 21 21 21 21 21 21 21 21 21 21 21 21 21 21 21 21 21 21 21 20 20    653
FEB  20 20 20 20 20 20 19 19 19 19 19 19 19 19 19 19 18 18 18 18 18 18 18 18 17 17 17 17             522
MAR  17 17 17 17 17 17 16 16 16 16 17 17 17 17 17 17 17 17 17 17 18 18 18 18 18 19 19 19 20 20 20    543
APR  20 21 21 21 22 22 22 22 22 22 23 23 23 23 23 23 23 23 23 22 22 22 22 22 22 21 21 21 21 20       658
MAY  20 19 19 19 18 18 18 18 17 17 17 17 16 16 16 16 15 15 15 15 15 15 14 14 14 14 14 14 14 14 14    497
JUN  14 14 13 13 13 13 13 13 13 14 14 14 14 14 14 14 14 14 14 15 15 15 15 15 15 16 16 16 16 17       430
JUL  17 17 17 18 18 18 18 18 19 19 19 19 19 19 19 19 19 19 19 19 19 19 19 19 19 19 19 18 18 18 18    574
AUG  18 17 17 17 17 17 17 16 16 16 16 16 16 16 15 15 15 15 15 15 15 15 15 15 15 15 15 15 15 15 15    487
SEP  15 15 15 15 15 15 15 15 15 15 16 16 16 16 16 16 16 16 16 17 17 17 17 17 17 17 18 18 18 18       485
OCT  18 19 19 19 19 20 20 20 20 20 21 21 21 21 22 22 22 23 23 23 23 24 24 24 25 25 25 25 26 26 26    686
NOV  27 27 27 28 28 28 28 28 29 29 29 29 29 29 29 29 29 29 29 29 29 28 28 28 28 28 27 27 27 26       845
DEC  26 26 25 25 25 25 24 24 24 23 23 23 23 23 22 22 22 22 22 22 22 22 21 21 21 21 21 21 21 21 21    704
                                                                                                        
