-------------------------------------------------------------------------------------------------       
 1971-2000 Daily/Monthly Station Normals                                                                
 Provided by National Climatic Data Center/NESDIS/NOAA                                                  
-------------------------------------------------------------------------------------------------       
 Station COOP ID:                           515404                                                      
 Station Name, State, Division, Call:       LAUNIUPOKO INTAKE 376              HI 05                    
 Latitude, Longitude, Elevation, Elements:  20 51 28 -156 37 04  1280   P                               
-------------------------------------------------------------------------------------------------       
 Total  Precipitation (Hundreths of an Inch)                                                            
 DAY  1  2  3  4  5  6  7  8  9 10 11 12 13 14 15 16 17 18 19 20 21 22 23 24 25 26 27 28 29 30 31  MONTH
-------------------------------------------------------------------------------------------------       
JAN  20 21 22 23 23 24 25 25 26 26 26 27 27 27 27 27 27 27 27 27 26 26 25 25 25 24 23 23 22 21 20    764
FEB  19 18 18 17 16 16 15 14 14 13 13 13 13 12 12 12 12 12 12 12 13 13 13 13 14 14 15 16             394
MAR  16 17 17 18 18 19 19 20 20 21 21 21 22 22 22 22 22 23 23 23 23 23 23 23 23 22 22 22 22 22 21    652
APR  21 21 20 20 20 20 19 19 19 18 18 18 18 17 17 17 16 16 16 16 15 15 15 15 14 14 14 14 13 13       508
MAY  13 13 13 12 12 12 12 12 11 11 11 11 11 10 10 10 10 10 10 10 10  9  9  9  9  9  9  9  9  9  9    324
JUN   9  9  9  9  9  9  8  8  8  8  8  8  8  8  8  8  8  9  9  9  9  9  9  9  9  9  9  9  9  9       259
JUL   9  9  9  9  9  9  9 10 10 10 10 10 10 10 10 10 10 10 10 10 10 10 10 10 10 10  9  9  9  9  9    298
AUG   9  9  9  9  9  9  9  9  9  9  9  9  9  8  8  8  8  8  8  8  8  8  8  8  8  7  7  7  7  7  7    255
SEP   7  7  7  7  7  7  7  7  6  6  6  6  6  6  6  6  6  7  7  7  7  7  7  7  7  7  7  7  7  7       201
OCT   8  8  8  8  8  8  8  9  9  9  9  9 10 10 10 10 10 10 11 11 11 11 12 12 12 12 12 13 13 13 13    317
NOV  14 14 14 14 15 15 15 15 15 15 15 15 15 15 15 15 15 15 15 14 14 14 14 14 13 13 13 12 12 12       426
DEC  11 11 11 10 10 10 10 10 10 10 10 10 10 10 10 11 11 11 11 12 12 13 13 14 15 15 16 17 18 18 19    379
                                                                                                        
