-------------------------------------------------------------------------------------------------       
 1971-2000 Daily/Monthly Station Normals                                                                
 Provided by National Climatic Data Center/NESDIS/NOAA                                                  
-------------------------------------------------------------------------------------------------       
 Station COOP ID:                           510456                                                      
 Station Name, State, Division, Call:       EAST LAWAI 934                     HI 01                    
 Latitude, Longitude, Elevation, Elements:  21 54 35 -159 29 38   440   P                               
-------------------------------------------------------------------------------------------------       
 Total  Precipitation (Hundreths of an Inch)                                                            
 DAY  1  2  3  4  5  6  7  8  9 10 11 12 13 14 15 16 17 18 19 20 21 22 23 24 25 26 27 28 29 30 31  MONTH
-------------------------------------------------------------------------------------------------       
JAN  19 19 19 19 19 19 19 19 19 19 19 19 18 18 18 18 18 18 18 18 18 17 17 17 17 17 17 17 16 16 16    557
FEB  16 16 15 15 15 15 15 15 15 15 15 14 14 14 14 14 14 14 14 14 14 15 15 15 15 15 15 15             412
MAR  15 15 16 16 16 16 16 16 16 17 17 17 17 17 17 18 18 18 18 18 18 19 19 19 19 19 19 19 20 20 20    545
APR  20 20 20 21 21 21 21 21 21 21 21 21 21 21 21 21 20 20 20 20 20 20 19 19 19 19 18 18 18 18       601
MAY  17 17 16 16 16 16 15 15 15 15 14 14 14 14 14 13 13 13 13 13 13 13 13 13 13 13 13 12 13 13 13    435
JUN  13 13 13 13 13 13 13 13 13 13 13 14 14 14 14 14 14 14 14 15 15 15 15 15 15 16 16 16 16 16       425
JUL  16 17 17 17 17 17 17 17 17 18 18 18 18 18 18 18 18 18 18 17 17 17 17 17 17 17 16 16 16 16 16    531
AUG  15 15 15 15 14 14 14 14 14 13 13 13 13 13 13 13 13 12 12 12 12 12 12 12 12 12 12 12 12 12 12    402
SEP  12 12 12 12 12 12 12 12 12 12 13 13 13 13 13 13 13 13 13 14 14 14 14 14 14 15 15 15 15 16       397
OCT  16 16 16 16 17 17 17 17 17 18 18 18 18 18 19 19 19 19 19 20 20 20 20 20 20 21 21 21 21 21 21    580
NOV  22 22 22 22 22 22 22 22 22 22 23 23 23 23 23 23 23 23 23 22 22 22 22 22 22 22 22 22 22 21       668
DEC  21 21 21 21 21 21 20 20 20 20 20 20 20 20 20 20 19 19 19 19 19 19 19 19 19 19 19 19 19 19 19    611
                                                                                                        
