-------------------------------------------------------------------------------------------------       
 1971-2000 Daily/Monthly Station Normals                                                                
 Provided by National Climatic Data Center/NESDIS/NOAA                                                  
-------------------------------------------------------------------------------------------------       
 Station COOP ID:                           517711                                                      
 Station Name, State, Division, Call:       PAPAIKOU 144.1                     HI 06                    
 Latitude, Longitude, Elevation, Elements:  19 47 14 -155 05 35   190   P                               
-------------------------------------------------------------------------------------------------       
 Total  Precipitation (Hundreths of an Inch)                                                            
 DAY  1  2  3  4  5  6  7  8  9 10 11 12 13 14 15 16 17 18 19 20 21 22 23 24 25 26 27 28 29 30 31  MONTH
-------------------------------------------------------------------------------------------------       
JAN  30 31 31 31 32 32 32 32 33 33 33 33 33 34 34 34 34 34 34 34 35 35 35 35 35 35 35 35 35 35 35   1039
FEB  35 35 35 35 36 36 36 36 36 37 37 37 37 38 38 38 39 39 40 40 41 41 42 42 43 44 44 45            1082
MAR  46 46 47 48 48 49 49 50 50 51 51 52 52 53 53 53 53 54 54 54 54 54 54 54 55 55 55 54 54 54 54   1610
APR  54 54 54 53 53 53 53 52 52 52 51 51 50 50 49 49 48 48 47 46 46 45 44 44 43 42 41 41 40 39      1444
MAY  38 37 36 36 35 34 33 33 32 31 31 30 30 29 29 28 28 27 27 27 26 26 26 26 25 25 25 25 25 25 25    910
JUN  25 25 25 25 25 25 25 25 25 25 26 26 26 26 27 27 27 28 28 28 29 29 30 30 30 31 32 32 33 33       828
JUL  34 34 35 36 36 37 37 37 38 38 38 39 39 39 39 40 40 40 40 40 40 40 40 40 40 40 40 39 39 39 39   1192
AUG  39 38 38 38 38 37 37 37 37 36 36 36 36 36 36 36 36 35 35 35 35 35 35 35 35 35 35 35 35 35 35   1117
SEP  35 35 36 36 36 36 36 36 35 35 35 35 35 35 35 35 35 34 34 34 34 34 33 33 33 32 32 32 31 31      1028
OCT  31 30 30 30 30 30 30 30 30 30 30 31 31 32 32 33 33 34 35 36 37 38 39 40 41 42 44 45 46 48 49   1097
NOV  51 53 54 55 57 58 59 60 60 61 62 62 62 63 63 63 63 63 62 62 61 61 60 59 58 57 56 54 53 52      1764
DEC  50 48 47 45 44 43 42 40 39 38 37 36 35 35 34 33 32 32 31 31 31 30 30 30 30 30 30 30 30 30 30   1103
                                                                                                        
