-------------------------------------------------------------------------------------------------       
 1971-2000 Daily/Monthly Station Normals                                                                
 Provided by National Climatic Data Center/NESDIS/NOAA                                                  
-------------------------------------------------------------------------------------------------       
 Station COOP ID:                           512410                                                      
 Station Name, State, Division, Call:       KAENA POINT 841.3                  HI 02                    
 Latitude, Longitude, Elevation, Elements:  21 33 39 -158 14 20  1240   P                               
-------------------------------------------------------------------------------------------------       
 Total  Precipitation (Hundreths of an Inch)                                                            
 DAY  1  2  3  4  5  6  7  8  9 10 11 12 13 14 15 16 17 18 19 20 21 22 23 24 25 26 27 28 29 30 31  MONTH
-------------------------------------------------------------------------------------------------       
JAN  14 14 14 14 14 14 14 14 14 14 14 14 14 14 14 14 13 13 13 13 13 13 13 13 13 13 13 13 12 12 12    416
FEB  12 12 12 12 12 12 11 11 11 11 11 11 11 11 11 11 11 11 11 11 11 11 11 11 10 10 10 10             310
MAR  11 10 10 10 10 10 10 10 10 10 10 10 10 10 10 10 10 10 10 11 11 11 11 11 11 11 11 11 11 11 11    323
APR  11 11 11 11 11 11 11 11 11 11 11 11 11 11 10 10 10 10 10 10 10 10 10 10 10  9  9  9  9  9       309
MAY   9  9  9  8  8  8  8  8  8  7  7  7  7  7  7  7  7  6  6  6  6  6  6  6  6  5  5  5  5  5  5    209
JUN   5  5  5  5  4  4  4  4  4  4  4  4  4  4  4  4  4  4  4  4  4  4  4  4  4  4  4  4  4  5       125
JUL   5  5  5  5  5  5  5  5  5  5  5  5  5  5  5  5  5  5  5  5  5  5  5  5  5  5  5  5  5  5  4    154
AUG   4  4  4  4  4  4  4  4  4  4  4  4  4  4  4  4  3  3  3  3  3  3  3  4  4  4  4  4  4  4  4    117
SEP   4  4  4  4  4  4  4  4  4  4  4  5  5  5  5  5  5  5  5  5  5  5  5  5  5  5  5  5  5  6       140
OCT   5  6  6  6  6  6  6  6  6  6  6  7  7  7  7  7  7  8  8  8  8  9  9  9  9  9 10 10 10 11 11    236
NOV  11 12 12 12 12 13 13 13 13 14 14 14 14 14 14 15 15 15 15 15 15 15 15 15 15 15 15 15 15 15       420
DEC  15 15 15 15 15 15 15 15 15 15 15 15 15 15 15 15 15 15 15 15 15 15 15 15 15 15 15 15 15 15 14    464
                                                                                                        
