-------------------------------------------------------------------------------------------------       
 1971-2000 Daily/Monthly Station Normals                                                                
 Provided by National Climatic Data Center/NESDIS/NOAA                                                  
-------------------------------------------------------------------------------------------------       
 Station COOP ID:                           517566                                                      
 Station Name, State, Division, Call:       PAIA 406                           HI 05                    
 Latitude, Longitude, Elevation, Elements:  20 54 34 -156 22 37   170   P                               
-------------------------------------------------------------------------------------------------       
 Total  Precipitation (Hundreths of an Inch)                                                            
 DAY  1  2  3  4  5  6  7  8  9 10 11 12 13 14 15 16 17 18 19 20 21 22 23 24 25 26 27 28 29 30 31  MONTH
-------------------------------------------------------------------------------------------------       
JAN  15 15 15 16 16 16 16 16 17 17 17 17 17 17 17 17 17 17 17 16 16 16 16 16 16 15 15 15 14 14 14    495
FEB  13 13 13 12 12 12 11 11 11 11 11 10 10 10 10 10 10 10 10 10 10 10 10 10 10 10 10 10             300
MAR  11 11 11 11 11 12 12 12 12 12 12 12 12 12 12 12 12 12 12 12 12 13 12 12 12 12 12 12 12 12 12    368
APR  12 12 12 12 11 11 11 11 11 11 11 11 11 10 10 10 10 10 10 10  9  9  9  9  9  9  8  8  8  8       303
MAY   8  7  7  7  7  7  6  6  6  6  6  6  6  5  5  5  5  5  5  5  4  4  4  4  4  4  4  4  4  4  4    164
JUN   4  4  4  4  3  3  3  3  3  3  3  3  3  3  3  3  3  3  3  3  3  3  4  4  4  4  4  4  4  4       102
JUL   4  4  4  4  4  4  4  4  4  4  4  4  4  4  5  5  5  5  5  5  5  5  5  5  5  5  5  5  5  5  5    141
AUG   5  5  5  5  5  5  5  5  5  4  4  4  4  4  4  4  4  4  4  4  4  4  4  4  4  4  4  3  3  3  3    129
SEP   3  3  3  3  3  3  3  3  3  3  3  2  2  2  2  2  2  2  2  3  3  3  3  3  3  3  3  3  3  3        82
OCT   3  3  3  3  4  4  4  4  4  4  4  5  5  5  5  5  5  6  6  6  6  6  7  7  7  7  7  8  8  8  9    168
NOV   9  9  9 10 10 10 10 10 11 11 11 11 11 11 11 11 11 11 12 12 12 12 12 12 12 12 11 11 11 11       327
DEC  11 11 11 11 11 11 11 11 11 11 11 11 11 11 11 11 11 12 12 12 12 12 12 13 13 13 13 14 14 14 15    368
                                                                                                        
