-------------------------------------------------------------------------------------------------       
 1971-2000 Daily/Monthly Station Normals                                                                
 Provided by National Climatic Data Center/NESDIS/NOAA                                                  
-------------------------------------------------------------------------------------------------       
 Station COOP ID:                           237475                                                      
 Station Name, State, Division, Call:       ST PETERS 2 SSE                    MO 02                    
 Latitude, Longitude, Elevation, Elements:  38 45 20 -090 36 38   554 XNP                               
-------------------------------------------------------------------------------------------------       
 Minimum Temperature (deg F [tenths deg F for monthly])                                                 
 DAY  1  2  3  4  5  6  7  8  9 10 11 12 13 14 15 16 17 18 19 20 21 22 23 24 25 26 27 28 29 30 31  MONTH
-------------------------------------------------------------------------------------------------       
JAN  20 20 20 19 19 19 19 19 19 19 19 19 18 18 18 18 18 18 18 19 19 19 19 19 19 19 19 20 20 20 20    190
FEB  20 21 21 21 21 22 22 22 22 23 23 23 23 23 24 24 24 25 25 25 25 26 26 26 26 27 27 27             237
MAR  28 28 28 28 29 29 29 30 30 30 30 31 31 31 32 32 32 33 33 33 33 34 34 34 35 35 35 36 36 36 37    320
APR  37 37 38 38 38 39 39 40 40 40 41 41 41 42 42 42 43 43 43 44 44 44 45 45 45 46 46 46 47 47       421
MAY  47 48 48 48 49 49 49 50 50 50 51 51 51 52 52 52 53 53 54 54 54 55 55 55 56 56 56 57 57 57 58    525
JUN  58 58 59 59 59 60 60 60 61 61 61 62 62 62 62 63 63 63 64 64 64 64 65 65 65 65 65 66 66 66       624
JUL  66 67 67 67 67 67 67 68 68 68 68 68 68 68 68 68 68 68 68 68 68 69 69 68 68 68 68 68 68 68 68    678
AUG  68 68 68 68 68 67 67 67 67 67 67 67 66 66 66 66 66 65 65 65 65 65 64 64 64 64 63 63 63 63 62    656
SEP  62 62 61 61 61 61 60 60 60 59 59 59 58 58 57 57 57 56 56 56 55 55 54 54 54 53 53 52 52 51       571
OCT  51 50 50 50 49 49 48 48 48 47 47 46 46 46 45 45 45 44 44 44 43 43 43 42 42 42 41 41 41 41 40    452
NOV  40 40 40 39 39 39 38 38 38 37 37 37 37 36 36 36 35 35 34 34 34 33 33 33 32 32 31 31 31 30       355
DEC  30 29 29 29 28 28 27 27 27 26 26 26 25 25 25 24 24 24 23 23 23 22 22 22 22 21 21 21 21 20 20    245
                                                                                                        
-------------------------------------------------------------------------------------------------       
 Maximum Temperature (deg F [tenths deg F for monthly])                                                 
 DAY  1  2  3  4  5  6  7  8  9 10 11 12 13 14 15 16 17 18 19 20 21 22 23 24 25 26 27 28 29 30 31  MONTH
-------------------------------------------------------------------------------------------------       
JAN  38 38 37 37 37 37 37 37 37 37 37 37 37 37 37 37 37 37 37 37 38 38 38 38 38 38 39 39 39 39 39    376
FEB  40 40 40 40 41 41 41 42 42 42 42 43 43 43 44 44 44 45 45 45 46 46 47 47 47 48 48 48             437
MAR  49 49 50 50 50 51 51 52 52 52 53 53 54 54 55 55 55 56 56 57 57 57 58 58 59 59 60 60 61 61 61    550
APR  62 62 63 63 64 64 64 65 65 66 66 66 67 67 67 68 68 68 69 69 69 70 70 70 70 71 71 71 72 72       673
MAY  72 72 73 73 73 73 74 74 74 75 75 75 75 76 76 76 77 77 77 78 78 78 78 79 79 79 80 80 81 81 81    764
JUN  82 82 82 83 83 83 84 84 84 84 85 85 85 86 86 86 86 87 87 87 87 87 88 88 88 88 88 88 89 89       857
JUL  89 89 89 89 89 89 90 90 90 90 90 90 90 90 90 90 90 90 90 91 91 91 91 91 91 91 91 91 91 91 91    902
AUG  91 91 91 91 90 90 90 90 90 90 90 90 90 90 89 89 89 89 89 89 88 88 88 88 87 87 87 87 86 86 86    889
SEP  86 85 85 85 84 84 84 84 83 83 83 82 82 82 81 81 81 80 80 80 79 79 79 78 78 78 77 77 77 76       811
OCT  76 76 75 75 74 74 74 73 73 72 72 72 71 71 70 70 69 69 69 68 68 67 67 66 66 65 65 64 64 63 63    697
NOV  62 62 61 61 60 59 59 58 58 57 57 56 56 55 55 54 54 53 53 52 52 51 51 50 50 49 49 48 48 48       546
DEC  47 47 46 46 45 45 44 44 44 43 43 43 42 42 42 41 41 41 40 40 40 40 39 39 39 39 39 38 38 38 38    417
                                                                                                        
-------------------------------------------------------------------------------------------------       
 Average Temperature (deg F [tenths deg F for monthly])                                                 
 DAY  1  2  3  4  5  6  7  8  9 10 11 12 13 14 15 16 17 18 19 20 21 22 23 24 25 26 27 28 29 30 31  MONTH
-------------------------------------------------------------------------------------------------       
JAN  29 29 28 28 28 28 28 28 28 28 28 28 28 28 28 28 28 28 28 28 28 28 28 28 28 29 29 29 29 29 30    283
FEB  30 30 30 31 31 31 32 32 32 32 33 33 33 33 34 34 34 35 35 35 36 36 36 37 37 37 37 38             337
MAR  38 38 39 39 40 40 40 41 41 41 42 42 42 43 43 43 44 44 45 45 45 46 46 46 47 47 48 48 48 49 49    435
APR  49 50 50 51 51 51 52 52 53 53 53 54 54 54 55 55 55 56 56 56 57 57 57 58 58 58 59 59 59 59       547
MAY  60 60 60 61 61 61 62 62 62 63 63 63 63 64 64 64 65 65 65 66 66 66 67 67 67 68 68 68 69 69 70    645
JUN  70 70 71 71 71 72 72 72 73 73 73 73 74 74 74 74 75 75 75 75 76 76 76 76 77 77 77 77 77 77       741
JUL  78 78 78 78 78 78 78 79 79 79 79 79 79 79 79 79 79 79 79 79 80 80 80 80 80 80 80 79 79 79 79    790
AUG  79 79 79 79 79 79 79 79 79 79 78 78 78 78 78 78 77 77 77 77 77 76 76 76 76 76 75 75 75 74 74    773
SEP  74 74 73 73 73 72 72 72 71 71 71 70 70 70 69 69 69 68 68 68 67 67 67 66 66 65 65 65 64 64       691
OCT  63 63 63 62 62 61 61 61 60 60 59 59 59 58 58 58 57 57 56 56 56 55 55 54 54 54 53 53 52 52 52    575
NOV  51 51 50 50 49 49 49 48 48 47 47 47 46 46 45 45 45 44 44 43 43 42 42 42 41 41 40 40 39 39       451
DEC  38 38 38 37 37 36 36 36 35 35 34 34 34 33 33 33 32 32 32 32 31 31 31 31 30 30 30 30 29 29 29    331
                                                                                                        
-------------------------------------------------------------------------------------------------       
 Heating Degree Days                                                                                    
 DAY  1  2  3  4  5  6  7  8  9 10 11 12 13 14 15 16 17 18 19 20 21 22 23 24 25 26 27 28 29 30 31  MONTH
-------------------------------------------------------------------------------------------------       
JAN  36 36 37 37 37 37 37 37 37 37 37 37 37 37 37 37 37 37 37 37 37 37 37 37 36 36 36 36 36 36 35   1137
FEB  35 35 35 34 34 34 33 33 33 33 32 32 32 32 31 31 31 30 30 30 29 29 29 28 28 28 28 27             876
MAR  27 27 26 26 25 25 25 24 24 24 23 23 23 22 22 22 21 21 20 20 20 19 19 19 18 18 17 17 17 16 16    666
APR  15 15 15 14 14 14 13 13 13 12 12 12 11 11 11 10 10 10  9  9  9  9  8  8  8  8  8  7  7  7       322
MAY   7  6  6  6  6  6  6  5  5  5  5  5  4  4  4  4  4  4  3  3  3  3  3  3  2  2  2  2  2  2  2    124
JUN   1  1  1  1  1  1  1  1  0  0  0  0  0  0  0  0  0  0  0  0  0  0  0  0  0  0  0  0  0  0         8
JUL   0  0  0  0  0  0  0  0  0  0  0  0  0  0  0  0  0  0  0  0  0  0  0  0  0  0  0  0  0  0  0      0
AUG -99-99-99  0  0  0  0  0  0  0  0  0  0  0  0  0  0  0  0  0  0  0  0  0  0  0  0  0  0  0  0      3
SEP   0  0  0  0  0  0  0  0  0  0  1  1  1  1  1  1  1  1  2  2  2  2  2  2  3  3  3  3  3  4        39
OCT   4  4  4  5  5  5  5  6  6  6  7  7  7  7  8  8  8  9  9  9 10 10 10 11 11 12 12 12 13 13 14    257
NOV  14 14 15 15 16 16 16 17 17 18 18 18 19 19 20 20 21 21 21 22 22 23 23 24 24 24 25 25 26 26       599
DEC  27 27 27 28 28 29 29 29 30 30 31 31 31 32 32 32 33 33 33 33 34 34 34 34 35 35 35 35 36 36 36    989
                                                                                                        
-------------------------------------------------------------------------------------------------       
 Cooling Degree Days                                                                                    
 DAY  1  2  3  4  5  6  7  8  9 10 11 12 13 14 15 16 17 18 19 20 21 22 23 24 25 26 27 28 29 30 31  MONTH
-------------------------------------------------------------------------------------------------       
JAN   0  0  0  0  0  0  0  0  0  0  0  0  0  0  0  0  0  0  0  0  0  0  0  0  0  0  0  0  0  0  0      0
FEB   0  0  0  0  0  0  0  0  0  0  0  0  0  0  0  0  0  0  0  0  0  0  0  0  0  0  0  0               0
MAR   0  0  0  0  0  0  0  0  0  0  0  0  0  0  0  0  0  0  0  0  0  0  0  0  0  0  0  0  0  0  0      0
APR   0  0  0  0  0  0  0  0  0  0  0  0  0  0  0  0  0  0  1  1  1  1  1  1  1  1  1  1  1  1        12
MAY   1  1  2  2  2  2  2  2  2  2  3  3  3  3  3  3  3  4  4  4  4  4  4  5  5  5  5  5  6  6  6    106
JUN   6  7  7  7  7  7  8  8  8  8  8  9  9  9  9  9 10 10 10 10 11 11 11 11 11 11 12 12 12 12       280
JUL  12 13 13 13 13 13 13 14 14 14 14 14 14 14 14 14 14 14 14 14 15 15 15 15 15 15 15 15 14 14 14    434
AUG  14 14 14 14 14 14 14 14 14 14 13 13 13 13 13 13 12 12 12 12 12 11 11 11 11 11 10 10 10 10  9    382
SEP   9  9  8  8  8  8  7  7  7  7  6  6  6  6  5  5  5  5  4  4  4  4  4  3  3  3  3  3  3  2       162
OCT   2  2  2  2  2  2  1  1  1  1  1  1  1  1  1  1  1  0  0  0  0  0  0  0  0  0  0  0  0  0  0     23
NOV   0  0  0  0  0  0  0  0  0  0  0  0  0  0  0  0  0  0  0  0  0  0  0  0  0  0  0  0  0  0         0
DEC   0  0  0  0  0  0  0  0  0  0  0  0  0  0  0  0  0  0  0  0  0  0  0  0  0  0  0  0  0  0  0      0
                                                                                                        
-------------------------------------------------------------------------------------------------       
 Total  Precipitation (Hundreths of an Inch)                                                            
 DAY  1  2  3  4  5  6  7  8  9 10 11 12 13 14 15 16 17 18 19 20 21 22 23 24 25 26 27 28 29 30 31  MONTH
-------------------------------------------------------------------------------------------------       
JAN   7  7  7  6  6  6  6  6  6  6  6  6  6  5  5  5  5  5  5  5  5  5  5  5  5  5  5  5  5  5  6    172
FEB   5  6  6  6  6  6  6  6  6  6  6  6  7  7  7  7  7  7  7  8  8  8  8  8  8  9  9  9             195
MAR   9  9  9 10 10 10 10 10 10 11 11 11 11 11 11 11 11 12 12 12 12 12 12 12 12 12 12 12 12 13 13    345
APR  13 13 13 13 13 13 13 13 13 13 13 13 13 13 13 13 13 13 13 13 13 13 13 13 13 13 14 14 14 14       394
MAY  14 14 14 14 14 14 14 14 14 14 14 14 14 14 13 13 13 13 13 13 13 13 13 13 13 13 13 13 13 13 13    417
JUN  13 13 13 13 12 12 12 12 12 12 12 12 12 12 12 12 12 12 12 12 12 13 13 13 13 13 13 13 13 13       373
JUL  13 13 13 14 14 14 14 14 14 14 14 14 14 14 14 14 14 14 14 14 14 13 13 13 13 13 13 13 12 12 12    418
AUG  12 12 11 11 11 11 11 11 11 10 10 10 10 10 10 10 10 10 10 10 10 10 10 10  9  9 10 10 10 10 10    319
SEP  10 10 10 10 10 10 10 10 10 10 10 10 10 10 10 10 10 10 10 10 10 10  9  9  9  9  9  9  9  9       292
OCT   9  9  9  9  9  9  9  8  8  8  8  8  8  8  8  9  9  9  9  9  9  9  9  9  9  9  9 10 10 10 10    275
NOV  10 10 11 11 11 11 11 11 11 11 11 11 12 12 12 12 12 12 12 12 12 12 12 12 12 12 11 11 11 11       342
DEC  11 11 11 11 11 11 10 10 10 10 10 10 10 10  9  9  9  9  9  9  9  8  8  8  8  8  8  8  7  7  7    286
                                                                                                        
