-------------------------------------------------------------------------------------------------       
 1971-2000 Daily/Monthly Station Normals                                                                
 Provided by National Climatic Data Center/NESDIS/NOAA                                                  
-------------------------------------------------------------------------------------------------       
 Station COOP ID:                           237780                                                      
 Station Name, State, Division, Call:       SILOAM SPRINGS                     MO 05                    
 Latitude, Longitude, Elevation, Elements:  36 48 52 -092 04 10  1180   P                               
-------------------------------------------------------------------------------------------------       
 Total  Precipitation (Hundreths of an Inch)                                                            
 DAY  1  2  3  4  5  6  7  8  9 10 11 12 13 14 15 16 17 18 19 20 21 22 23 24 25 26 27 28 29 30 31  MONTH
-------------------------------------------------------------------------------------------------       
JAN   8  8  8  8  8  8  8  8  8  8  8  8  8  8  8  8  7  7  7  7  7  7  7  8  8  8  8  8  8  8  8    241
FEB   8  8  8  8  8  8  8  8  8  8  8  9  9  9  9  9  9  9  9  9  9 10 10 10 10 10 10 10             248
MAR  10 11 11 11 11 11 11 11 12 12 12 12 12 12 12 13 13 13 13 13 13 13 13 13 13 14 14 14 14 14 14    385
APR  14 14 14 15 15 15 15 15 15 15 15 15 15 15 15 15 15 15 15 15 15 15 15 15 15 15 15 16 16 15       449
MAY  15 15 15 15 15 15 15 15 15 15 15 15 15 15 15 15 15 15 15 15 15 15 15 15 15 15 14 14 14 14 14    460
JUN  14 14 14 14 14 13 13 13 13 13 13 13 13 13 13 13 13 12 12 12 12 12 12 12 12 12 12 12 12 12       382
JUL  12 11 11 11 11 11 11 11 11 11 11 10 10 10 10 10 10 10 10 10 10  9  9  9  9  9  9  9  9  8  8    310
AUG   8  8  8  8  8  8  8  8  8  7  8  8  8  8  8  8  8  8  8  8  8  9  9  9  9  9 10 10 10 10 11    263
SEP  11 11 12 12 12 12 13 13 13 13 13 13 13 13 13 13 14 14 14 13 13 13 13 13 13 13 13 13 12 12       383
OCT  12 12 12 11 11 11 11 11 11 11 11 10 10 10 10 10 10 11 11 11 11 11 11 11 11 11 12 12 12 12 13    344
NOV  13 13 13 14 14 14 14 14 14 14 15 15 15 15 15 15 15 15 15 15 15 15 14 14 14 14 14 14 13 13       427
DEC  13 13 12 12 12 12 12 11 11 11 11 11 10 10 10 10 10 10 10  9  9  9  9  9  9  9  9  9  8  8  8    316
                                                                                                        
