-------------------------------------------------------------------------------------------------       
 1971-2000 Daily/Monthly Station Normals                                                                
 Provided by National Climatic Data Center/NESDIS/NOAA                                                  
-------------------------------------------------------------------------------------------------       
 Station COOP ID:                           231289                                                      
 Station Name, State, Division, Call:       CAPE GIRARDEAU AP                  MO 05 CGI                
 Latitude, Longitude, Elevation, Elements:  37 13 31 -089 34 14   337 XNP                               
-------------------------------------------------------------------------------------------------       
 Minimum Temperature (deg F [tenths deg F for monthly])                                                 
 DAY  1  2  3  4  5  6  7  8  9 10 11 12 13 14 15 16 17 18 19 20 21 22 23 24 25 26 27 28 29 30 31  MONTH
-------------------------------------------------------------------------------------------------       
JAN  25 24 24 24 24 24 24 24 24 24 24 24 23 23 23 23 23 24 24 24 24 24 24 24 24 24 24 25 25 25 25    240
FEB  25 25 26 26 26 26 27 27 27 27 28 28 28 28 29 29 29 29 30 30 30 31 31 31 32 32 32 32             286
MAR  33 33 33 34 34 34 35 35 35 36 36 36 37 37 37 38 38 38 38 39 39 39 40 40 40 41 41 41 41 42 42    375
APR  42 42 43 43 43 44 44 44 44 45 45 45 46 46 46 46 47 47 47 48 48 48 49 49 49 50 50 50 51 51       464
MAY  51 52 52 52 53 53 53 54 54 54 55 55 55 56 56 56 57 57 57 58 58 58 59 59 59 60 60 60 60 61 61    563
JUN  61 62 62 62 63 63 63 63 64 64 64 64 65 65 65 65 65 66 66 66 66 67 67 67 67 67 67 68 68 68       650
JUL  68 68 68 69 69 69 69 69 69 69 69 69 69 69 69 69 69 69 69 69 69 69 69 69 69 69 69 69 69 69 69    689
AUG  69 68 68 68 68 68 68 68 68 68 67 67 67 67 67 67 66 66 66 66 66 65 65 65 65 64 64 64 64 63 63    663
SEP  63 63 62 62 62 61 61 61 61 60 60 60 59 59 59 58 58 57 57 57 56 56 55 55 55 54 54 53 53 52       581
OCT  52 51 51 51 50 50 49 49 48 48 48 47 47 47 46 46 45 45 45 44 44 44 44 43 43 43 42 42 42 42 41    461
NOV  41 41 41 40 40 40 40 39 39 39 38 38 38 38 37 37 37 36 36 36 36 35 35 35 34 34 34 33 33 33       371
DEC  32 32 32 31 31 31 30 30 30 30 29 29 29 29 28 28 28 27 27 27 27 27 26 26 26 26 26 25 25 25 25    282
                                                                                                        
-------------------------------------------------------------------------------------------------       
 Maximum Temperature (deg F [tenths deg F for monthly])                                                 
 DAY  1  2  3  4  5  6  7  8  9 10 11 12 13 14 15 16 17 18 19 20 21 22 23 24 25 26 27 28 29 30 31  MONTH
-------------------------------------------------------------------------------------------------       
JAN  41 41 41 41 40 40 40 40 40 40 40 40 40 40 40 40 40 40 41 41 41 41 41 41 41 42 42 42 42 43 43    408
FEB  43 43 44 44 44 44 45 45 45 46 46 46 47 47 47 48 48 48 49 49 49 50 50 50 51 51 51 52             472
MAR  52 52 53 53 54 54 54 55 55 55 56 56 57 57 57 58 58 58 59 59 59 60 60 61 61 61 62 62 62 63 63    576
APR  64 64 64 65 65 65 66 66 66 67 67 68 68 68 68 69 69 69 70 70 70 71 71 71 72 72 72 72 73 73       685
MAY  73 74 74 74 74 75 75 75 76 76 76 76 77 77 77 78 78 78 79 79 79 80 80 80 80 81 81 81 82 82 82    777
JUN  83 83 83 84 84 84 84 85 85 85 85 86 86 86 86 87 87 87 87 87 88 88 88 88 88 89 89 89 89 89       863
JUL  89 89 89 90 90 90 90 90 90 90 90 90 90 90 90 90 90 90 90 91 91 91 91 91 91 90 90 90 90 90 90    901
AUG  90 90 90 90 90 90 90 90 90 89 89 89 89 89 89 89 88 88 88 88 88 87 87 87 87 87 86 86 86 86 85    883
SEP  85 85 85 84 84 84 83 83 83 83 82 82 82 81 81 81 80 80 80 80 79 79 79 78 78 78 77 77 77 77       809
OCT  76 76 76 75 75 75 74 74 73 73 73 72 72 72 71 71 70 70 69 69 69 68 68 67 67 66 66 65 65 64 64    705
NOV  63 63 62 62 61 61 60 60 59 59 58 58 57 57 57 56 56 55 55 54 54 53 53 53 52 52 51 51 50 50       564
DEC  50 49 49 48 48 48 47 47 47 46 46 46 45 45 45 45 44 44 44 43 43 43 43 43 42 42 42 42 41 41 41    448
                                                                                                        
-------------------------------------------------------------------------------------------------       
 Average Temperature (deg F [tenths deg F for monthly])                                                 
 DAY  1  2  3  4  5  6  7  8  9 10 11 12 13 14 15 16 17 18 19 20 21 22 23 24 25 26 27 28 29 30 31  MONTH
-------------------------------------------------------------------------------------------------       
JAN  33 33 32 32 32 32 32 32 32 32 32 32 32 32 32 32 32 32 32 32 32 32 32 33 33 33 33 33 33 34 34    324
FEB  34 34 35 35 35 35 36 36 36 37 37 37 37 38 38 38 39 39 39 39 40 40 40 41 41 41 42 42             379
MAR  42 43 43 43 44 44 45 45 45 46 46 46 47 47 47 48 48 48 49 49 49 50 50 50 51 51 51 52 52 52 53    476
APR  53 53 54 54 54 55 55 55 55 56 56 56 57 57 57 58 58 58 59 59 59 60 60 60 60 61 61 61 62 62       575
MAY  62 63 63 63 64 64 64 64 65 65 65 66 66 66 67 67 67 68 68 68 69 69 69 70 70 70 70 71 71 71 72    670
JUN  72 72 73 73 73 74 74 74 74 75 75 75 75 76 76 76 76 76 77 77 77 77 77 78 78 78 78 78 78 79       757
JUL  79 79 79 79 79 79 79 79 79 79 79 79 80 80 80 80 80 80 80 80 80 80 80 80 80 80 80 80 79 79 79    795
AUG  79 79 79 79 79 79 79 79 79 78 78 78 78 78 78 78 77 77 77 77 77 76 76 76 76 76 75 75 75 75 74    773
SEP  74 74 73 73 73 73 72 72 72 71 71 71 70 70 70 70 69 69 69 68 68 67 67 67 66 66 66 65 65 64       695
OCT  64 64 63 63 62 62 62 61 61 61 60 60 59 59 59 58 58 58 57 57 56 56 56 55 55 54 54 54 53 53 53    583
NOV  52 52 51 51 51 50 50 50 49 49 48 48 48 47 47 47 46 46 46 45 45 44 44 44 43 43 43 42 42 41       468
DEC  41 41 40 40 40 39 39 39 38 38 38 37 37 37 37 36 36 36 35 35 35 35 35 34 34 34 34 33 33 33 33    365
                                                                                                        
-------------------------------------------------------------------------------------------------       
 Heating Degree Days                                                                                    
 DAY  1  2  3  4  5  6  7  8  9 10 11 12 13 14 15 16 17 18 19 20 21 22 23 24 25 26 27 28 29 30 31  MONTH
-------------------------------------------------------------------------------------------------       
JAN  32 32 32 33 33 33 33 33 33 33 33 33 33 33 33 33 33 33 33 33 33 33 32 32 32 32 32 32 32 31 31   1009
FEB  31 31 30 30 30 30 29 29 29 29 28 28 28 27 27 27 26 26 26 26 25 25 25 24 24 24 23 23             760
MAR  23 22 22 22 21 21 21 20 20 20 19 19 19 18 18 17 17 17 16 16 16 15 15 15 14 14 14 13 13 13 12    542
APR  12 12 11 11 11 11 10 10 10  9  9  9  9  8  8  8  8  7  7  7  7  6  6  6  6  6  5  5  5  5       244
MAY   5  4  4  4  4  4  4  3  3  3  3  3  3  3  3  2  2  2  2  2  2  2  2  1  1  1  1  1  1  1  1     77
JUN   1  1  0  0  0  0  0  0  0  0  0  0  0  0  0  0  0  0  0  0  0  0  0  0  0  0  0  0  0  0         2
JUL   0  0  0  0  0  0  0  0  0  0  0  0  0  0  0  0  0  0  0  0  0  0  0  0  0  0  0  0  0  0  0      0
AUG   0  0  0  0  0  0  0  0  0  0  0  0  0  0  0  0  0  0  0  0  0  0  0  0  0  0  0  0  0  0-99      1
SEP   0  0  0  0  0  0  0  0  0  1  1  1  1  1  1  1  1  1  2  2  2  2  2  2  2  3  3  3  3  3        38
OCT   4  4  4  4  5  5  5  5  6  6  6  6  7  7  7  8  8  8  8  9  9  9 10 10 10 11 11 11 12 12 13    240
NOV  13 13 14 14 14 15 15 15 16 16 17 17 17 18 18 18 19 19 20 20 20 21 21 21 22 22 22 23 23 24       547
DEC  24 24 25 25 25 26 26 26 27 27 27 28 28 28 29 29 29 29 30 30 30 30 30 31 31 31 31 32 32 32 32    884
                                                                                                        
-------------------------------------------------------------------------------------------------       
 Cooling Degree Days                                                                                    
 DAY  1  2  3  4  5  6  7  8  9 10 11 12 13 14 15 16 17 18 19 20 21 22 23 24 25 26 27 28 29 30 31  MONTH
-------------------------------------------------------------------------------------------------       
JAN   0  0  0  0  0  0  0  0  0  0  0  0  0  0  0  0  0  0  0  0  0  0  0  0  0  0  0  0  0  0  0      0
FEB   0  0  0  0  0  0  0  0  0  0  0  0  0  0  0  0  0  0  0  0  0  0  0  0  0  0  0  0               0
MAR   0  0  0  0  0  0  0  0  0  0  0-99  0  0  0  0  0  0  0  0  0  0  0  0  0  0  0  0  0  0  0      1
APR   0  0  0  0  0  0  0  0  0  0  0  0  0  0  0  1  1  1  1  1  1  1  1  1  1  1  1  2  2  2        18
MAY   2  2  2  2  3  3  3  3  3  3  3  4  4  4  4  4  5  5  5  5  5  5  6  6  6  6  7  7  7  7  7    138
JUN   8  8  8  8  9  9  9  9 10 10 10 10 10 11 11 11 11 11 11 12 12 12 12 12 13 13 13 13 13 13       322
JUL  13 13 14 14 14 14 14 14 14 14 14 14 15 15 15 15 15 15 15 15 15 15 15 15 15 15 15 15 15 14 14    449
AUG  14 14 14 14 14 14 14 14 14 13 13 13 13 13 13 13 12 12 12 12 12 11 11 11 11 11 10 10 10 10  9    381
SEP   9  9  9  8  8  8  8  7  7  7  7  6  6  6  6  6  5  5  5  5  4  4  4  4  4  4  3  3  3  3       173
OCT   3  3  2  2  2  2  2  2  2  2  1  1  1  1  1  1  1  1  1  1  1  0  0  0  0  0  0  0  0  0  0     33
NOV   0  0  0  0  0  0  0  0  0  0  0  0  0  0  0  0  0  0  0  0  0  0  0  0  0  0  0  0  0  0         0
DEC   0  0  0  0  0  0  0  0  0  0  0  0  0  0  0  0  0  0  0  0  0  0  0  0  0  0  0  0  0  0  0      0
                                                                                                        
-------------------------------------------------------------------------------------------------       
 Total  Precipitation (Hundreths of an Inch)                                                            
 DAY  1  2  3  4  5  6  7  8  9 10 11 12 13 14 15 16 17 18 19 20 21 22 23 24 25 26 27 28 29 30 31  MONTH
-------------------------------------------------------------------------------------------------       
JAN  12 11 11 11 11 11 11 11 11 11 11 11 11 11 11 11 11 10 10 10 10 11 11 11 11 11 11 11 11 11 11    338
FEB  11 11 11 11 11 11 12 12 12 12 12 12 12 12 12 12 12 13 13 13 13 13 13 13 13 14 14 14             344
MAR  14 14 14 14 14 14 14 15 15 15 15 15 15 15 15 15 15 15 15 15 15 15 15 15 15 15 15 15 15 15 14    457
APR  15 14 14 14 14 14 14 14 14 14 14 14 14 14 14 14 14 14 14 15 15 15 15 15 15 15 15 15 16 16       434
MAY  16 16 16 16 16 16 17 17 17 17 17 17 17 17 17 17 17 17 17 17 17 17 16 16 16 16 16 16 15 15 15    509
JUN  15 15 14 14 14 14 14 14 13 13 13 13 13 13 12 12 12 12 12 12 12 12 12 12 12 12 12 11 11 11       381
JUL  12 12 12 12 11 11 11 11 11 11 11 11 11 11 11 11 11 11 11 11 11 11 11 11 11 11 11 11 11 11 11    345
AUG  11 11 11 11 11 10 10 10 10 10 10 10 10 10 10 10 10 10 11 11 11 11 11 11 11 11 11 11 11 11 11    328
SEP  11 11 11 11 11 11 11 11 11 12 12 11 11 11 11 11 11 11 11 11 11 11 11 11 11 11 11 11 10 10       330
OCT  10 10 10 10 10 10  9  9  9  9  9  9 10 10 10 10 10 10 10 10 10 10 11 11 11 11 11 12 12 12 12    317
NOV  13 13 13 13 14 14 14 14 15 15 15 15 15 15 15 15 16 16 16 16 16 16 16 16 16 16 16 16 15 15       450
DEC  15 15 15 15 15 15 15 15 14 14 14 14 14 14 14 14 13 13 13 13 13 13 13 13 13 12 12 12 12 12 12    421
                                                                                                        
