-------------------------------------------------------------------------------------------------       
 1971-2000 Daily/Monthly Station Normals                                                                
 Provided by National Climatic Data Center/NESDIS/NOAA                                                  
-------------------------------------------------------------------------------------------------       
 Station COOP ID:                           231467                                                      
 Station Name, State, Division, Call:       CENTERVILLE                        MO 05                    
 Latitude, Longitude, Elevation, Elements:  37 26 12 -090 57 52   840   P                               
-------------------------------------------------------------------------------------------------       
 Total  Precipitation (Hundreths of an Inch)                                                            
 DAY  1  2  3  4  5  6  7  8  9 10 11 12 13 14 15 16 17 18 19 20 21 22 23 24 25 26 27 28 29 30 31  MONTH
-------------------------------------------------------------------------------------------------       
JAN  10 10  9  9  9  9  9  9  9  9  9  9  9  9  9  9  8  8  8  8  8  8  9  9  9  9  9  9  9  9  9    275
FEB   9  9  9  9 10 10 10 10 10 10 10 10 11 11 11 11 11 11 11 12 12 12 12 12 12 13 13 13             304
MAR  13 13 14 14 14 14 14 14 15 15 15 15 15 15 15 15 15 15 16 16 16 16 16 16 16 16 16 16 16 16 16    468
APR  16 16 16 16 16 16 16 16 16 16 16 15 15 15 16 16 16 16 16 16 16 16 16 16 16 16 16 16 16 16       477
MAY  16 16 16 16 16 16 16 16 16 16 16 16 16 16 16 16 16 16 16 16 16 16 16 16 16 16 16 16 16 15 15    494
JUN  15 15 15 15 15 15 15 15 15 15 15 15 15 15 15 15 15 15 14 14 14 14 14 14 14 14 14 14 14 14       438
JUL  14 14 14 14 14 14 14 14 14 13 13 13 13 13 13 13 13 13 13 13 13 13 13 13 13 13 13 13 13 13 13    412
AUG  13 13 13 13 13 12 12 12 12 12 12 12 12 12 12 12 12 12 13 13 13 13 13 13 13 13 13 13 13 13 13    390
SEP  13 13 13 13 13 14 14 14 14 14 14 13 13 13 13 13 13 13 13 13 13 13 13 12 12 12 12 12 12 11       388
OCT  11 11 11 11 11 11 10 10 10 10 10 11 11 11 11 11 11 11 11 12 12 12 13 13 13 14 14 14 15 15 16    367
NOV  16 17 17 17 18 18 19 19 19 19 20 20 20 20 20 20 20 20 20 20 20 20 20 20 19 19 19 19 18 18       571
DEC  18 17 17 17 16 16 16 15 15 15 14 14 14 13 13 13 13 12 12 12 12 11 11 11 11 11 11 10 10 10 10    410
                                                                                                        
