-------------------------------------------------------------------------------------------------       
 1971-2000 Daily/Monthly Station Normals                                                                
 Provided by National Climatic Data Center/NESDIS/NOAA                                                  
-------------------------------------------------------------------------------------------------       
 Station COOP ID:                           231356                                                      
 Station Name, State, Division, Call:       CARTHAGE 5 S                       MO 04                    
 Latitude, Longitude, Elevation, Elements:  37 05 48 -094 18 33  1050 XNP                               
-------------------------------------------------------------------------------------------------       
 Minimum Temperature (deg F [tenths deg F for monthly])                                                 
 DAY  1  2  3  4  5  6  7  8  9 10 11 12 13 14 15 16 17 18 19 20 21 22 23 24 25 26 27 28 29 30 31  MONTH
-------------------------------------------------------------------------------------------------       
JAN  23 23 23 22 22 22 22 22 22 22 22 21 21 21 21 21 21 21 22 22 22 22 22 22 22 22 22 23 23 23 23    220
FEB  24 24 24 24 25 25 25 25 26 26 26 26 27 27 27 28 28 28 29 29 29 29 30 30 30 31 31 31             273
MAR  32 32 32 33 33 33 33 34 34 34 35 35 35 36 36 36 37 37 37 37 38 38 38 39 39 39 40 40 40 41 41    363
APR  41 42 42 42 42 43 43 43 44 44 44 44 45 45 45 46 46 46 46 47 47 47 48 48 48 48 49 49 49 49       454
MAY  50 50 50 51 51 51 51 52 52 52 53 53 53 53 54 54 54 55 55 55 56 56 56 56 57 57 57 58 58 58 59    541
JUN  59 59 60 60 60 61 61 61 61 62 62 62 63 63 63 63 64 64 64 65 65 65 65 66 66 66 66 66 67 67       632
JUL  67 67 68 68 68 68 68 69 69 69 69 69 69 69 69 69 69 69 69 69 69 69 69 69 69 69 69 69 69 69 69    687
AUG  69 69 68 68 68 68 68 68 68 68 67 67 67 67 67 67 66 66 66 66 65 65 65 65 65 64 64 64 64 63 63    663
SEP  63 62 62 62 62 61 61 61 60 60 60 59 59 59 58 58 58 57 57 57 56 56 56 55 55 55 54 54 53 53       581
OCT  53 52 52 51 51 51 50 50 50 49 49 48 48 48 47 47 46 46 46 45 45 45 44 44 44 43 43 42 42 42 41    469
NOV  41 41 40 40 40 39 39 38 38 38 37 37 37 36 36 36 35 35 35 34 34 34 34 33 33 33 32 32 32 31       360
DEC  31 31 30 30 30 30 29 29 29 28 28 28 28 27 27 27 27 26 26 26 25 25 25 25 25 24 24 24 24 23 23    269
                                                                                                        
-------------------------------------------------------------------------------------------------       
 Maximum Temperature (deg F [tenths deg F for monthly])                                                 
 DAY  1  2  3  4  5  6  7  8  9 10 11 12 13 14 15 16 17 18 19 20 21 22 23 24 25 26 27 28 29 30 31  MONTH
-------------------------------------------------------------------------------------------------       
JAN  42 42 41 41 41 41 41 41 41 41 41 41 41 41 41 41 41 41 41 41 42 42 42 42 42 42 43 43 43 43 44    416
FEB  44 44 44 45 45 45 46 46 46 47 47 47 47 48 48 48 49 49 49 50 50 50 51 51 51 52 52 53             480
MAR  53 53 53 54 54 55 55 55 56 56 56 57 57 57 58 58 58 59 59 60 60 60 61 61 61 62 62 62 63 63 63    581
APR  64 64 64 65 65 65 66 66 66 67 67 67 68 68 68 68 69 69 69 70 70 70 70 70 71 71 71 71 72 72       681
MAY  72 72 72 72 73 73 73 73 74 74 74 74 74 75 75 75 75 76 76 76 77 77 77 77 78 78 78 79 79 79 80    754
JUN  80 80 80 81 81 81 82 82 82 83 83 83 83 84 84 84 85 85 85 85 86 86 86 86 87 87 87 87 87 88       840
JUL  88 88 88 88 89 89 89 89 89 89 90 90 90 90 90 90 90 91 91 91 91 91 91 91 91 91 91 91 91 91 91    900
AUG  91 91 91 91 91 91 91 91 91 91 91 91 90 90 90 90 90 90 89 89 89 89 89 88 88 88 87 87 87 86 86    895
SEP  86 85 85 85 84 84 84 83 83 83 82 82 81 81 81 81 80 80 80 79 79 79 78 78 78 77 77 77 76 76       808
OCT  76 76 75 75 75 74 74 74 73 73 73 72 72 71 71 71 70 70 69 69 69 68 68 67 67 66 66 65 65 64 64    704
NOV  63 63 62 62 61 61 60 60 59 59 58 58 57 57 57 56 56 55 55 54 54 54 53 53 52 52 52 51 51 50       565
DEC  50 50 49 49 49 48 48 48 47 47 47 46 46 46 46 45 45 45 44 44 44 44 44 43 43 43 43 42 42 42 42    455
                                                                                                        
-------------------------------------------------------------------------------------------------       
 Average Temperature (deg F [tenths deg F for monthly])                                                 
 DAY  1  2  3  4  5  6  7  8  9 10 11 12 13 14 15 16 17 18 19 20 21 22 23 24 25 26 27 28 29 30 31  MONTH
-------------------------------------------------------------------------------------------------       
JAN  32 32 32 32 32 32 32 31 31 31 31 31 31 31 31 31 31 31 31 32 32 32 32 32 32 32 33 33 33 33 34    318
FEB  34 34 34 35 35 35 35 36 36 36 37 37 37 37 38 38 38 39 39 39 40 40 40 41 41 41 42 42             377
MAR  42 43 43 43 44 44 44 45 45 45 46 46 46 47 47 47 48 48 48 48 49 49 49 50 50 50 51 51 51 52 52    472
APR  53 53 53 53 54 54 54 55 55 55 56 56 56 57 57 57 57 58 58 58 58 59 59 59 59 60 60 60 60 61       568
MAY  61 61 61 62 62 62 62 63 63 63 63 64 64 64 64 65 65 65 66 66 66 66 67 67 67 68 68 68 68 69 69    648
JUN  69 70 70 70 71 71 71 72 72 72 73 73 73 73 74 74 74 74 75 75 75 75 76 76 76 76 77 77 77 77       736
JUL  78 78 78 78 78 78 79 79 79 79 79 79 79 80 80 80 80 80 80 80 80 80 80 80 80 80 80 80 80 80 80    794
AUG  80 80 80 80 80 80 80 79 79 79 79 79 79 79 78 78 78 78 78 77 77 77 77 76 76 76 76 75 75 75 75    779
SEP  74 74 74 73 73 73 72 72 72 71 71 71 70 70 70 69 69 69 68 68 68 67 67 67 66 66 66 65 65 65       695
OCT  64 64 64 63 63 63 62 62 62 61 61 60 60 60 59 59 58 58 58 57 57 56 56 56 55 55 54 54 53 53 53    587
NOV  52 52 51 51 50 50 50 49 49 48 48 48 47 47 46 46 46 45 45 44 44 44 43 43 43 42 42 42 41 41       463
DEC  41 40 40 40 39 39 39 38 38 38 37 37 37 37 36 36 36 35 35 35 35 34 34 34 34 34 33 33 33 33 32    362
                                                                                                        
-------------------------------------------------------------------------------------------------       
 Heating Degree Days                                                                                    
 DAY  1  2  3  4  5  6  7  8  9 10 11 12 13 14 15 16 17 18 19 20 21 22 23 24 25 26 27 28 29 30 31  MONTH
-------------------------------------------------------------------------------------------------       
JAN  33 33 33 33 33 33 33 34 34 34 34 34 34 34 34 34 34 34 34 33 33 33 33 33 33 33 32 32 32 32 31   1029
FEB  31 31 31 31 30 30 30 29 29 29 28 28 28 28 27 27 27 26 26 26 25 25 25 24 24 24 23 23             765
MAR  23 22 22 22 21 21 21 20 20 20 19 19 19 18 18 18 17 17 17 17 16 16 16 15 15 15 14 14 14 13 13    552
APR  13 12 12 12 11 11 11 11 10 10 10  9  9  9  9  8  8  8  8  8  7  7  7  7  7  6  6  6  6  6       264
MAY   6  5  5  5  5  5  5  5  4  4  4  4  4  4  4  4  3  3  3  3  3  3  3  2  2  2  2  2  2  2  2    110
JUN   1  1  1  1  1  1  1  1  1  1  0  0  0  0  0  0  0  0  0  0  0  0  0  0  0  0  0  0  0  0        10
JUL   0  0  0  0  0  0  0  0  0  0  0  0  0  0  0  0  0  0  0  0  0  0  0  0  0  0  0  0  0  0  0      0
AUG   0  0  0  0  0  0  0  0  0  0  0  0  0  0  0  0  0  0  0  0  0  0  0  0  0  0  0  0  0-99-99      2
SEP   0  0  0  1  1  1  1  1  1  1  1  1  1  1  1  1  1  2  2  2  2  2  2  2  2  3  3  3  3  3        45
OCT   3  4  4  4  4  4  4  5  5  5  5  6  6  6  7  7  7  7  8  8  8  9  9 10 10 10 11 11 12 12 12    223
NOV  13 13 14 14 15 15 15 16 16 17 17 18 18 18 19 19 19 20 20 21 21 21 22 22 22 23 23 23 24 24       562
DEC  24 25 25 25 26 26 26 27 27 27 28 28 28 28 29 29 29 30 30 30 30 31 31 31 31 31 32 32 32 32 32    892
                                                                                                        
-------------------------------------------------------------------------------------------------       
 Cooling Degree Days                                                                                    
 DAY  1  2  3  4  5  6  7  8  9 10 11 12 13 14 15 16 17 18 19 20 21 22 23 24 25 26 27 28 29 30 31  MONTH
-------------------------------------------------------------------------------------------------       
JAN   0  0  0  0  0  0  0  0  0  0  0  0  0  0  0  0  0  0  0  0  0  0  0  0  0  0  0  0  0  0  0      0
FEB   0  0  0  0  0  0  0  0  0  0  0  0  0  0  0  0  0  0  0  0  0  0  0  0  0  0  0  0               0
MAR   0  0  0  0  0  0  0  0  0  0  0  0  0  0  0  0  0  0  0  0  0  0  0  0  0  0  0  0  0  0  0      0
APR   0  0  0  0  0  0  0  0  0  0  0  0  0  0  1  1  1  1  1  1  1  1  1  1  1  1  1  1  1  1        16
MAY   1  1  2  2  2  2  2  2  2  2  2  3  3  3  3  3  3  3  4  4  4  4  4  4  5  5  5  5  5  5  6    101
JUN   6  6  6  6  7  7  7  7  8  8  8  8  8  9  9  9  9  9 10 10 10 10 11 11 11 11 11 12 12 12       268
JUL  12 13 13 13 13 13 14 14 14 14 14 14 14 15 15 15 15 15 15 15 15 15 15 15 15 15 15 15 15 15 15    445
AUG  15 15 15 15 15 15 14 14 14 14 14 14 14 14 13 13 13 13 13 13 12 12 12 12 11 11 11 11 10 10 10    402
SEP  10  9  9  9  8  8  8  8  7  7  7  7  6  6  6  6  6  5  5  5  5  4  4  4  4  4  3  3  3  3       179
OCT   3  2  2  2  2  2  2  2  1  1  1  1  1  1  1  1  1  0  0  0  0  0  0  0  0  0  0  0  0  0  0     26
NOV   0  0  0  0  0  0  0  0  0  0  0  0  0  0  0  0  0  0  0  0  0  0  0  0  0  0  0  0  0  0         0
DEC   0  0  0  0  0  0  0  0  0  0  0  0  0  0  0  0  0  0  0  0  0  0  0  0  0  0  0  0  0  0  0      0
                                                                                                        
-------------------------------------------------------------------------------------------------       
 Total  Precipitation (Hundreths of an Inch)                                                            
 DAY  1  2  3  4  5  6  7  8  9 10 11 12 13 14 15 16 17 18 19 20 21 22 23 24 25 26 27 28 29 30 31  MONTH
-------------------------------------------------------------------------------------------------       
JAN   5  5  5  5  5  5  5  5  5  5  5  5  5  5  5  5  5  5  5  5  5  5  5  5  5  5  5  5  4  4  4    152
FEB   5  5  5  5  5  5  5  5  5  5  5  5  5  5  6  6  6  6  6  6  6  6  7  7  7  7  7  7             160
MAR   8  8  8  8  8  8  9  9  9  9  9 10 10 10 10 10 11 11 11 11 11 11 12 12 12 12 12 13 13 13 13    321
APR  13 13 14 14 14 14 14 14 14 14 14 15 15 15 15 15 15 15 15 15 15 15 15 15 15 15 15 14 14 14       434
MAY  14 14 14 14 14 14 14 14 14 14 14 14 14 14 14 14 14 14 15 15 15 15 15 15 15 16 16 16 16 16 17    454
JUN  17 17 17 18 18 18 18 18 18 18 18 18 18 18 18 18 18 18 18 18 17 17 17 17 17 16 16 16 15 15       520
JUL  14 14 14 13 13 13 12 12 12 11 11 11 11 11 10 10 10 10 10 10 10  9  9  9  9  9  9  9  9  9  9    332
AUG   9  9 10 10 10 10 10 10 10 10 11 11 11 11 11 12 12 12 12 12 13 13 13 14 14 14 14 15 15 16 16    370
SEP  16 17 17 17 17 18 18 18 18 18 18 18 19 19 19 18 18 18 18 18 18 18 17 17 17 17 16 16 15 15       523
OCT  14 14 14 13 13 12 12 12 12 11 11 11 11 11 11 11 11 11 11 11 11 11 11 11 11 11 11 12 12 12 13    363
NOV  13 13 13 14 14 14 14 14 15 15 15 15 15 15 15 15 15 15 15 14 14 14 14 14 13 13 13 12 12 12       419
DEC  11 11 10 10 10  9  9  9  8  8  8  8  7  7  7  7  6  6  6  6  6  6  5  5  5  5  5  5  5  5  5    220
                                                                                                        
