-------------------------------------------------------------------------------------------------       
 1971-2000 Daily/Monthly Station Normals                                                                
 Provided by National Climatic Data Center/NESDIS/NOAA                                                  
-------------------------------------------------------------------------------------------------       
 Station COOP ID:                           231759                                                      
 Station Name, State, Division, Call:       COLE CAMP 9 SE                     MO 03                    
 Latitude, Longitude, Elevation, Elements:  38 20 00 -093 05 00   910 XNP                               
-------------------------------------------------------------------------------------------------       
 Minimum Temperature (deg F [tenths deg F for monthly])                                                 
 DAY  1  2  3  4  5  6  7  8  9 10 11 12 13 14 15 16 17 18 19 20 21 22 23 24 25 26 27 28 29 30 31  MONTH
-------------------------------------------------------------------------------------------------       
JAN  16 16 16 15 15 15 15 15 15 15 15 15 15 15 14 15 15 15 15 15 15 15 15 15 15 15 15 16 16 16 16    152
FEB  17 17 17 17 17 18 18 18 18 19 19 19 19 20 20 20 21 21 21 22 22 22 23 23 23 24 24 24             201
MAR  25 25 25 26 26 26 27 27 28 28 28 29 29 29 30 30 30 31 31 31 32 32 32 33 33 33 34 34 34 34 35    299
APR  35 35 36 36 36 37 37 37 38 38 38 38 39 39 39 40 40 40 41 41 41 41 42 42 42 43 43 43 44 44       395
MAY  44 45 45 45 45 46 46 46 47 47 47 48 48 48 49 49 49 50 50 50 51 51 51 52 52 52 53 53 53 53 54    490
JUN  54 55 55 55 55 56 56 56 57 57 57 58 58 58 58 59 59 59 59 59 60 60 60 60 61 61 61 61 61 61       582
JUL  62 62 62 62 62 62 63 63 63 63 63 63 63 63 63 63 63 63 63 63 63 64 64 64 63 63 63 63 63 63 63    629
AUG  63 63 63 63 63 63 62 62 62 62 62 62 62 62 61 61 61 61 61 61 60 60 60 60 59 59 59 59 59 58 58    610
SEP  58 57 57 57 57 56 56 56 55 55 55 54 54 54 53 53 53 52 52 51 51 50 50 50 49 49 48 48 47 47       528
OCT  46 46 46 45 45 44 44 43 43 42 42 42 41 41 40 40 40 39 39 38 38 38 37 37 37 36 36 36 35 35 35    402
NOV  34 34 34 34 33 33 33 32 32 32 31 31 31 30 30 30 29 29 29 28 28 28 27 27 27 26 26 26 25 25       298
DEC  25 24 24 23 23 23 22 22 22 22 21 21 21 20 20 20 20 19 19 19 18 18 18 18 18 17 17 17 17 16 16    200
                                                                                                        
-------------------------------------------------------------------------------------------------       
 Maximum Temperature (deg F [tenths deg F for monthly])                                                 
 DAY  1  2  3  4  5  6  7  8  9 10 11 12 13 14 15 16 17 18 19 20 21 22 23 24 25 26 27 28 29 30 31  MONTH
-------------------------------------------------------------------------------------------------       
JAN  40 40 39 39 39 39 39 39 39 39 39 39 39 39 39 39 39 39 39 39 39 39 40 40 40 40 40 41 41 41 41    395
FEB  42 42 42 43 43 43 44 44 44 44 45 45 46 46 46 46 47 47 48 48 48 49 49 49 50 50 51 51             461
MAR  51 52 52 53 53 53 54 54 55 55 55 56 56 57 57 57 58 58 58 59 59 60 60 60 61 61 62 62 62 63 63    573
APR  63 64 64 64 65 65 66 66 66 67 67 67 68 68 68 69 69 69 70 70 70 70 71 71 71 72 72 72 72 73       683
MAY  73 73 73 74 74 74 75 75 75 75 76 76 76 77 77 77 77 78 78 78 78 79 79 79 80 80 80 81 81 81 81    771
JUN  82 82 82 83 83 83 83 84 84 84 84 85 85 85 85 86 86 86 86 87 87 87 87 87 88 88 88 88 88 89       854
JUL  89 89 89 89 89 89 89 90 90 90 90 90 90 90 90 90 90 90 91 91 91 91 91 91 91 91 91 91 91 91 91    902
AUG  91 91 91 91 91 90 90 90 90 90 90 90 90 89 89 89 89 89 88 88 88 88 88 87 87 87 86 86 86 86 85    887
SEP  85 85 84 84 84 83 83 83 82 82 82 81 81 81 80 80 80 79 79 79 79 78 78 78 77 77 77 76 76 76       803
OCT  76 75 75 75 74 74 74 73 73 73 72 72 72 71 71 70 70 69 69 69 68 68 67 67 66 66 65 65 64 64 63    700
NOV  63 62 62 61 61 60 59 59 58 58 57 57 57 56 56 55 55 54 54 53 53 52 52 51 51 51 50 50 49 49       555
DEC  49 48 48 48 47 47 46 46 46 45 45 45 44 44 44 44 43 43 43 42 42 42 42 41 41 41 41 41 40 40 40    438
                                                                                                        
-------------------------------------------------------------------------------------------------       
 Average Temperature (deg F [tenths deg F for monthly])                                                 
 DAY  1  2  3  4  5  6  7  8  9 10 11 12 13 14 15 16 17 18 19 20 21 22 23 24 25 26 27 28 29 30 31  MONTH
-------------------------------------------------------------------------------------------------       
JAN  28 28 28 27 27 27 27 27 27 27 27 27 27 27 27 27 27 27 27 27 27 27 27 27 28 28 28 28 28 29 29    274
FEB  29 29 30 30 30 30 31 31 31 32 32 32 33 33 33 33 34 34 34 35 35 35 36 36 37 37 37 38             331
MAR  38 38 39 39 40 40 40 41 41 41 42 42 43 43 43 44 44 44 45 45 45 46 46 47 47 47 48 48 48 49 49    436
APR  49 50 50 50 51 51 51 52 52 52 53 53 53 53 54 54 54 55 55 55 56 56 56 57 57 57 57 58 58 58       539
MAY  59 59 59 60 60 60 60 61 61 61 62 62 62 62 63 63 63 64 64 64 65 65 65 65 66 66 66 67 67 67 68    631
JUN  68 68 69 69 69 69 70 70 70 71 71 71 71 72 72 72 72 73 73 73 73 73 74 74 74 74 74 75 75 75       718
JUL  75 75 76 76 76 76 76 76 76 76 77 77 77 77 77 77 77 77 77 77 77 77 77 77 77 77 77 77 77 77 77    766
AUG  77 77 77 77 77 77 76 76 76 76 76 76 76 76 75 75 75 75 75 74 74 74 74 74 73 73 73 72 72 72 72    749
SEP  71 71 71 70 70 70 70 69 69 69 68 68 68 67 67 67 66 66 65 65 65 64 64 64 63 63 63 62 62 61       666
OCT  61 61 60 60 59 59 59 58 58 58 57 57 56 56 56 55 55 54 54 54 53 53 52 52 51 51 51 50 50 49 49    551
NOV  49 48 48 47 47 47 46 46 45 45 44 44 44 43 43 42 42 42 41 41 40 40 40 39 39 39 38 38 37 37       427
DEC  37 36 36 35 35 35 34 34 34 33 33 33 33 32 32 32 31 31 31 31 30 30 30 30 29 29 29 29 29 28 28    319
                                                                                                        
-------------------------------------------------------------------------------------------------       
 Heating Degree Days                                                                                    
 DAY  1  2  3  4  5  6  7  8  9 10 11 12 13 14 15 16 17 18 19 20 21 22 23 24 25 26 27 28 29 30 31  MONTH
-------------------------------------------------------------------------------------------------       
JAN  37 37 38 38 38 38 38 38 38 38 38 38 38 38 38 38 38 38 38 38 38 38 38 38 37 37 37 37 37 36 36   1167
FEB  36 36 35 35 35 35 34 34 34 33 33 33 32 32 32 32 31 31 31 30 30 29 29 29 28 28 28 27             892
MAR  27 27 26 26 25 25 25 24 24 24 23 23 22 22 22 21 21 21 20 20 20 19 19 19 18 18 17 17 17 16 16    664
APR  16 15 15 15 14 14 14 13 13 13 12 12 12 12 11 11 11 11 10 10 10  9  9  9  9  9  8  8  8  8       341
MAY   7  7  7  7  7  6  6  6  6  6  5  5  5  5  5  5  4  4  4  4  4  4  3  3  3  3  3  3  2  2  2    143
JUN   2  2  2  1  1  1  1  1  1  1  1  0  0  0  0  0  0  0  0  0  0  0  0  0  0  0  0  0  0  0        14
JUL   0  0  0  0  0  0  0  0  0  0  0  0  0  0  0  0  0  0  0  0  0  0  0  0  0  0  0  0  0  0  0      0
AUG   0  0  0  0  0  0  0  0  0  0  0  0  0  0  0  0  0  0  0  0  0  0  0  0  1  1  1  1  1  1  1      7
SEP   1  1  1  1  1  1  1  1  2  2  2  2  2  2  2  3  3  3  3  3  3  4  4  4  4  4  5  5  5  5        80
OCT   6  6  6  6  7  7  7  8  8  8  8  9  9  9 10 10 10 11 11 11 12 12 13 13 13 14 14 15 15 15 16    319
NOV  16 17 17 18 18 18 19 19 20 20 21 21 21 22 22 23 23 23 24 24 25 25 25 26 26 27 27 27 28 28       670
DEC  28 29 29 30 30 30 31 31 31 32 32 32 32 33 33 33 34 34 34 34 35 35 35 35 36 36 36 36 36 37 37   1026
                                                                                                        
-------------------------------------------------------------------------------------------------       
 Cooling Degree Days                                                                                    
 DAY  1  2  3  4  5  6  7  8  9 10 11 12 13 14 15 16 17 18 19 20 21 22 23 24 25 26 27 28 29 30 31  MONTH
-------------------------------------------------------------------------------------------------       
JAN   0  0  0  0  0  0  0  0  0  0  0  0  0  0  0  0  0  0  0  0  0  0  0  0  0  0  0  0  0  0  0      0
FEB   0  0  0  0  0  0  0  0  0  0  0  0  0  0  0  0  0  0  0  0  0  0  0  0  0  0  0  0               0
MAR   0  0  0  0  0  0  0  0  0  0  0  0  0  0  0  0  0  0  0  0  0  0  0  0  0  0  0  0  0  0  0      0
APR   0  0  0  0  0  0  0  0  0  0  0  0  0  0  0  0  0  0  0  0  0  0  1  1  1  1  1  1  1  1         8
MAY   1  1  1  1  1  2  2  2  2  2  2  2  2  2  2  3  3  3  3  3  3  3  3  4  4  4  4  4  4  5  5     83
JUN   5  5  5  5  5  6  6  6  6  6  6  7  7  7  7  7  7  8  8  8  8  8  9  9  9  9  9  9 10 10       217
JUL  10 10 10 11 11 11 11 11 11 11 11 12 12 12 12 12 12 12 12 12 12 12 12 12 12 12 12 12 12 12 12    358
AUG  12 12 12 12 12 12 11 11 11 11 11 11 11 11 10 10 10 10 10 10  9  9  9  9  9  9  8  8  8  8  7    313
SEP   7  7  7  6  6  6  6  6  5  5  5  5  5  4  4  4  4  4  3  3  3  3  3  3  2  2  2  2  2  2       126
OCT   2  1  1  1  1  1  1  1  1  1  1  0  0  0  0  0  0  0  0  0  0  0  0  0  0  0  0  0  0  0  0     12
NOV   0  0  0  0  0  0  0  0  0  0  0  0  0  0  0  0  0  0  0  0  0  0  0  0  0  0  0  0  0  0         0
DEC   0  0  0  0  0  0  0  0  0  0  0  0  0  0  0  0  0  0  0  0  0  0  0  0  0  0  0  0  0  0  0      0
                                                                                                        
-------------------------------------------------------------------------------------------------       
 Total  Precipitation (Hundreths of an Inch)                                                            
 DAY  1  2  3  4  5  6  7  8  9 10 11 12 13 14 15 16 17 18 19 20 21 22 23 24 25 26 27 28 29 30 31  MONTH
-------------------------------------------------------------------------------------------------       
JAN   6  6  6  6  5  5  5  5  5  5  5  5  5  5  5  5  5  5  5  5  5  5  6  6  6  6  6  6  6  6  6    168
FEB   6  6  6  6  6  7  7  7  7  7  7  7  7  7  8  8  8  8  8  8  8  9  9  9  9  9  9  9             212
MAR  10 10 10 10 10 10 10 11 11 11 11 11 11 11 11 11 12 12 12 12 12 12 12 12 12 12 12 12 12 12 12    349
APR  12 12 12 12 13 13 13 13 13 13 13 13 13 13 14 14 14 14 14 15 15 15 15 16 16 16 16 17 17 17       423
MAY  18 18 18 18 19 19 19 19 19 19 19 20 20 20 20 20 19 19 19 19 19 19 19 19 18 18 18 17 17 17 16    578
JUN  16 16 15 15 15 14 14 14 13 13 13 13 13 12 12 12 12 12 12 12 12 11 11 11 11 11 11 12 12 12       382
JUL  12 12 12 12 12 12 12 12 12 12 12 12 12 12 12 12 12 12 12 12 12 12 12 12 12 11 11 11 11 11 11    366
AUG  10 10 10 10 10 10 10 10 10 10  9  9  9 10 10 10 10 10 10 10 10 10 10 11 11 11 11 11 12 12 12    318
SEP  12 13 13 13 13 14 14 14 14 14 15 15 15 15 15 15 15 15 15 15 15 15 15 15 15 14 14 14 14 14       429
OCT  14 13 13 13 13 13 13 12 12 12 12 12 12 12 12 12 12 12 12 12 12 12 12 12 12 12 12 12 12 12 12    380
NOV  13 13 13 13 13 13 13 13 13 13 13 13 13 13 13 13 13 13 13 13 13 12 12 12 12 12 11 11 11 11       377
DEC  10 10 10 10 10  9  9  9  9  8  8  8  8  8  8  7  7  7  7  7  7  6  6  6  6  6  6  6  6  6  6    236
                                                                                                        
