-------------------------------------------------------------------------------------------------       
 1971-2000 Daily/Monthly Station Normals                                                                
 Provided by National Climatic Data Center/NESDIS/NOAA                                                  
-------------------------------------------------------------------------------------------------       
 Station COOP ID:                           238561                                                      
 Station Name, State, Division, Call:       VALLEY PARK                        MO 02                    
 Latitude, Longitude, Elevation, Elements:  38 33 26 -090 29 32   430   P                               
-------------------------------------------------------------------------------------------------       
 Total  Precipitation (Hundreths of an Inch)                                                            
 DAY  1  2  3  4  5  6  7  8  9 10 11 12 13 14 15 16 17 18 19 20 21 22 23 24 25 26 27 28 29 30 31  MONTH
-------------------------------------------------------------------------------------------------       
JAN   8  8  8  8  8  8  8  8  8  8  8  8  8  8  8  8  8  8  8  8  7  7  7  7  7  8  8  8  8  8  8    243
FEB   8  8  8  8  8  8  8  8  8  8  8  8  8  9  9  9  9  9  9  9 10 10 10 10 10 10 11 11             249
MAR  11 11 11 12 12 12 12 12 12 12 13 13 13 13 13 13 13 13 13 14 14 14 14 14 14 14 14 14 14 14 14    402
APR  14 14 14 14 14 14 14 14 14 14 14 14 14 14 14 14 14 14 14 14 14 14 14 14 14 14 14 15 15 15       423
MAY  14 14 15 15 14 14 14 14 14 14 14 14 14 14 14 14 14 14 14 14 14 14 14 14 14 14 14 14 14 14 14    436
JUN  14 14 14 14 14 14 14 14 14 14 14 14 14 13 13 13 13 13 13 13 13 13 13 13 13 13 13 13 13 13       403
JUL  13 13 13 13 13 13 13 13 13 13 12 12 12 12 12 12 12 12 12 12 12 12 12 12 12 12 12 12 12 12 12    382
AUG  12 12 12 12 12 12 12 12 12 12 12 12 12 12 12 12 12 12 12 12 12 12 12 12 12 12 12 12 12 12 11    371
SEP  12 12 12 12 12 12 12 12 12 12 11 11 11 11 11 11 11 11 11 11 11 11 11 10 10 10 10 10 10 10       333
OCT  10 10  9  9  9  9  9  9  9  9  9  9  9  9  9  9 10 10 10 10 10 10 10 11 11 11 11 12 12 12 13    309
NOV  13 13 14 14 14 14 14 15 15 15 15 15 15 15 15 16 16 16 15 15 15 15 15 15 15 15 15 14 14 14       441
DEC  14 13 13 13 13 12 12 12 12 11 11 11 11 11 10 10 10 10 10 10  9  9  9  9  9  9  9  9  9  9  8    327
                                                                                                        
