-------------------------------------------------------------------------------------------------       
 1971-2000 Daily/Monthly Station Normals                                                                
 Provided by National Climatic Data Center/NESDIS/NOAA                                                  
-------------------------------------------------------------------------------------------------       
 Station COOP ID:                           238223                                                      
 Station Name, State, Division, Call:       SWEET SPRINGS                      MO 01                    
 Latitude, Longitude, Elevation, Elements:  38 57 38 -093 25 00   680 XNP                               
-------------------------------------------------------------------------------------------------       
 Minimum Temperature (deg F [tenths deg F for monthly])                                                 
 DAY  1  2  3  4  5  6  7  8  9 10 11 12 13 14 15 16 17 18 19 20 21 22 23 24 25 26 27 28 29 30 31  MONTH
-------------------------------------------------------------------------------------------------       
JAN  18 18 18 18 17 17 17 17 17 17 16 16 16 16 16 16 16 16 16 16 16 16 17 17 17 17 17 17 17 18 18    168
FEB  18 18 19 19 19 20 20 20 20 21 21 21 22 22 22 23 23 23 24 24 25 25 25 26 26 27 27 27             224
MAR  28 28 29 29 29 30 30 30 31 31 32 32 32 33 33 33 34 34 34 35 35 35 36 36 36 37 37 37 37 38 38    332
APR  38 38 39 39 39 40 40 40 40 41 41 41 42 42 42 43 43 43 44 44 44 45 45 45 46 46 46 47 47 48       426
MAY  48 48 49 49 49 50 50 50 51 51 52 52 52 53 53 53 54 54 54 55 55 55 56 56 56 57 57 58 58 58 59    533
JUN  59 59 60 60 60 60 61 61 61 62 62 62 62 63 63 63 63 64 64 64 64 64 65 65 65 65 65 66 66 66       628
JUL  66 66 66 67 67 67 67 67 67 67 67 67 67 67 67 68 68 68 68 68 68 68 68 68 68 68 68 67 67 67 67    673
AUG  67 67 67 67 67 67 67 67 66 66 66 66 66 66 65 65 65 65 64 64 64 64 64 63 63 63 62 62 62 61 61    648
SEP  61 61 60 60 60 59 59 58 58 58 57 57 57 56 56 56 55 55 55 54 54 54 53 53 53 52 52 52 51 51       559
OCT  51 50 50 49 49 49 48 48 48 47 47 47 46 46 45 45 45 44 44 44 43 43 42 42 42 41 41 40 40 40 39    450
NOV  39 38 38 38 37 37 36 36 36 35 35 34 34 34 33 33 33 32 32 31 31 31 30 30 30 29 29 29 28 28       332
DEC  28 27 27 27 26 26 26 26 25 25 25 24 24 24 23 23 23 22 22 22 22 21 21 21 20 20 20 19 19 19 19    231
                                                                                                        
-------------------------------------------------------------------------------------------------       
 Maximum Temperature (deg F [tenths deg F for monthly])                                                 
 DAY  1  2  3  4  5  6  7  8  9 10 11 12 13 14 15 16 17 18 19 20 21 22 23 24 25 26 27 28 29 30 31  MONTH
-------------------------------------------------------------------------------------------------       
JAN  36 35 35 35 35 35 35 35 35 35 35 35 35 35 35 35 35 35 35 35 35 35 35 36 36 36 36 36 37 37 37    354
FEB  38 38 38 39 39 39 39 40 40 41 41 41 42 42 42 43 43 44 44 44 45 45 46 46 46 47 47 48             424
MAR  48 49 49 50 50 51 51 51 52 52 53 53 53 54 54 55 55 55 56 56 56 57 57 57 58 58 59 59 59 59 60    544
APR  60 60 61 61 61 62 62 62 63 63 63 64 64 64 65 65 65 66 66 66 66 67 67 67 68 68 69 69 69 69       647
MAY  70 70 71 71 71 71 72 72 72 73 73 73 74 74 74 75 75 75 76 76 76 77 77 77 77 78 78 78 79 79 79    746
JUN  79 80 80 80 81 81 81 81 82 82 82 82 83 83 83 83 84 84 84 84 84 85 85 85 85 86 86 86 86 86       831
JUL  86 87 87 87 87 87 87 88 88 88 88 88 88 88 88 88 88 88 88 88 89 89 89 89 89 89 89 89 88 88 88    880
AUG  88 88 88 88 88 88 88 88 88 87 87 87 87 87 87 87 86 86 86 86 86 85 85 85 85 84 84 84 83 83 83    862
SEP  82 82 82 82 81 81 81 80 80 80 79 79 79 78 78 78 77 77 77 76 76 76 76 75 75 75 74 74 74 73       779
OCT  73 73 72 72 72 71 71 71 70 70 69 69 69 68 68 67 67 66 66 66 65 65 64 64 63 62 62 61 61 60 60    670
NOV  59 59 58 57 57 56 56 55 55 54 54 53 53 52 52 51 51 50 50 49 49 48 48 48 47 47 46 46 46 45       517
DEC  45 44 44 44 43 43 43 42 42 42 41 41 41 40 40 40 40 39 39 39 38 38 38 38 37 37 37 37 36 36 36    400
                                                                                                        
-------------------------------------------------------------------------------------------------       
 Average Temperature (deg F [tenths deg F for monthly])                                                 
 DAY  1  2  3  4  5  6  7  8  9 10 11 12 13 14 15 16 17 18 19 20 21 22 23 24 25 26 27 28 29 30 31  MONTH
-------------------------------------------------------------------------------------------------       
JAN  27 27 27 26 26 26 26 26 26 26 26 26 25 25 25 25 25 25 26 26 26 26 26 26 26 26 27 27 27 27 28    261
FEB  28 28 28 29 29 29 30 30 30 31 31 31 32 32 32 33 33 34 34 34 35 35 35 36 36 37 37 38             324
MAR  38 38 39 39 40 40 41 41 41 42 42 43 43 43 44 44 44 45 45 45 46 46 46 47 47 47 48 48 48 49 49    438
APR  49 49 50 50 50 51 51 51 52 52 52 53 53 53 53 54 54 54 55 55 55 56 56 56 57 57 58 58 58 59       537
MAY  59 59 60 60 60 61 61 61 62 62 62 63 63 63 64 64 64 65 65 65 66 66 66 67 67 67 68 68 68 69 69    640
JUN  69 69 70 70 70 71 71 71 72 72 72 72 73 73 73 73 74 74 74 74 74 75 75 75 75 75 76 76 76 76       730
JUL  76 77 77 77 77 77 77 77 78 78 78 78 78 78 78 78 78 78 78 78 78 78 78 78 78 78 78 78 78 78 78    777
AUG  78 78 78 78 77 77 77 77 77 77 77 77 76 76 76 76 76 75 75 75 75 75 74 74 74 73 73 73 73 72 72    755
SEP  72 71 71 71 70 70 70 69 69 69 68 68 68 67 67 67 66 66 66 65 65 65 64 64 64 64 63 63 63 62       669
OCT  62 62 61 61 60 60 60 59 59 59 58 58 57 57 57 56 56 55 55 55 54 54 53 53 52 52 51 51 50 50 49    560
NOV  49 48 48 47 47 47 46 46 45 45 44 44 43 43 43 42 42 41 41 40 40 40 39 39 39 38 38 37 37 37       425
DEC  36 36 36 35 35 35 34 34 34 33 33 33 32 32 32 32 31 31 31 30 30 30 29 29 29 29 28 28 28 28 27    316
                                                                                                        
-------------------------------------------------------------------------------------------------       
 Heating Degree Days                                                                                    
 DAY  1  2  3  4  5  6  7  8  9 10 11 12 13 14 15 16 17 18 19 20 21 22 23 24 25 26 27 28 29 30 31  MONTH
-------------------------------------------------------------------------------------------------       
JAN  38 38 38 39 39 39 39 39 39 39 39 40 40 40 40 40 40 39 39 39 39 39 39 39 39 39 38 38 38 38 37   1206
FEB  37 37 37 36 36 36 35 35 35 34 34 34 33 33 33 32 32 31 31 31 30 30 30 29 29 28 28 27             913
MAR  27 27 26 26 25 25 24 24 24 23 23 22 22 22 21 21 21 20 20 20 19 19 19 18 18 18 17 17 17 16 16    657
APR  16 15 15 15 15 14 14 14 13 13 13 13 12 12 12 11 11 11 11 10 10 10  9  9  9  9  8  8  8  8       348
MAY   7  7  7  6  6  6  6  5  5  5  5  5  4  4  4  4  4  3  3  3  3  3  3  2  2  2  2  2  2  2  1    123
JUN   1  1  1  1  1  1  1  0  0  0  0  0  0  0  0  0  0  0  0  0  0  0  0  0  0  0  0  0  0  0         7
JUL   0  0  0  0  0  0  0  0  0  0  0  0  0  0  0  0  0  0  0  0  0  0  0  0  0  0  0  0  0  0  0      0
AUG   0  0  0  0  0  0  0  0  0  0  0  0  0  0  0  0  0  0  0  0  0  0  0  0  0  1  1  1  1  1  1      6
SEP   1  1  1  1  1  1  1  1  1  2  2  2  2  2  2  2  2  3  3  3  3  3  3  4  4  4  4  4  4  5        72
OCT   5  5  5  5  6  6  6  7  7  7  7  8  8  8  9  9  9 10 10 11 11 11 12 12 13 13 14 14 14 15 15    292
NOV  16 17 17 17 18 18 19 19 20 20 21 21 22 22 23 23 23 24 24 25 25 25 26 26 27 27 27 28 28 28       676
DEC  29 29 29 30 30 31 31 31 31 32 32 32 33 33 33 34 34 34 35 35 35 35 36 36 36 36 37 37 37 37 38   1038
                                                                                                        
-------------------------------------------------------------------------------------------------       
 Cooling Degree Days                                                                                    
 DAY  1  2  3  4  5  6  7  8  9 10 11 12 13 14 15 16 17 18 19 20 21 22 23 24 25 26 27 28 29 30 31  MONTH
-------------------------------------------------------------------------------------------------       
JAN   0  0  0  0  0  0  0  0  0  0  0  0  0  0  0  0  0  0  0  0  0  0  0  0  0  0  0  0  0  0  0      0
FEB   0  0  0  0  0  0  0  0  0  0  0  0  0  0  0  0  0  0  0  0  0  0  0  0  0  0  0  0               0
MAR   0  0  0  0  0  0  0  0  0  0  0  0  0  0  0  0  0  0  0  0  0  0  0  0  0  0  0  0  0  0  0      0
APR   0  0  0  0  0  0  0  0  0  0  0  0  0  0  0  0  0  0  0  0  0  0  1  1  1  1  1  1  1  1         8
MAY   1  1  1  1  2  2  2  2  2  2  2  2  2  3  3  3  3  3  3  3  4  4  4  4  4  4  4  5  5  5  5     91
JUN   5  6  6  6  6  6  6  7  7  7  7  7  8  8  8  8  8  9  9  9  9  9 10 10 10 10 10 11 11 11       244
JUL  11 11 12 12 12 12 12 12 12 13 13 13 13 13 13 13 13 13 13 13 13 13 13 13 13 13 13 13 13 13 13    392
AUG  13 13 13 13 12 12 12 12 12 12 12 12 11 11 11 11 11 11 10 10 10 10 10  9  9  9  9  8  8  8  8    332
SEP   7  7  7  7  6  6  6  6  6  5  5  5  5  4  4  4  4  4  4  3  3  3  3  3  3  2  2  2  2  2       130
OCT   2  2  1  1  1  1  1  1  1  1  1  0  0  0  0  0  0  0  0  0  0  0  0  0  0  0  0  0  0  0  0     13
NOV   0  0  0  0  0  0  0  0  0  0  0  0  0  0  0  0  0  0  0  0  0  0  0  0  0  0  0  0  0  0         0
DEC   0  0  0  0  0  0  0  0  0  0  0  0  0  0  0  0  0  0  0  0  0  0  0  0  0  0  0  0  0  0  0      0
                                                                                                        
-------------------------------------------------------------------------------------------------       
 Total  Precipitation (Hundreths of an Inch)                                                            
 DAY  1  2  3  4  5  6  7  8  9 10 11 12 13 14 15 16 17 18 19 20 21 22 23 24 25 26 27 28 29 30 31  MONTH
-------------------------------------------------------------------------------------------------       
JAN   5  5  5  5  5  5  5  5  5  5  5  5  5  5  4  4  4  4  4  5  5  5  5  5  5  5  5  5  5  5  5    150
FEB   5  5  5  6  6  6  6  6  6  6  6  6  6  6  7  7  7  7  7  7  7  7  8  8  8  8  8  8             185
MAR   8  8  9  9  9  9  9  9  9  9  9 10 10 10 10 10 10 10 10 11 11 11 11 11 11 11 11 12 12 12 12    313
APR  12 12 12 12 12 13 13 13 13 13 13 13 13 14 14 14 14 14 14 14 14 15 15 15 15 15 15 15 15 15       411
MAY  16 16 16 16 16 16 16 16 16 16 16 16 16 17 16 16 16 16 16 16 16 16 16 16 16 16 16 16 16 15 15    495
JUN  15 15 15 15 14 14 14 14 14 14 14 14 14 14 13 13 13 13 13 13 13 13 13 13 13 13 13 13 13 13       408
JUL  13 13 13 13 13 13 13 13 13 13 13 13 13 13 13 13 13 13 13 13 13 13 12 12 12 12 12 12 12 12 12    394
AUG  12 12 12 12 12 12 12 12 12 12 12 12 12 12 12 12 12 12 13 13 13 13 13 13 13 13 14 14 14 14 14    390
SEP  14 15 15 15 15 15 15 15 15 15 15 16 16 16 15 15 15 15 15 15 15 15 15 15 14 14 14 14 14 13       445
OCT  13 13 13 12 12 12 12 12 12 11 11 11 11 11 11 11 11 11 10 10 10 10 10 10 10 10 10 10 11 11 11    343
NOV  11 11 11 11 11 11 11 11 11 11 11 11 11 11 11 11 11 11 11 11 11 11 10 10 10 10 10 10 10  9       321
DEC   9  9  9  9  9  9  8  8  8  8  8  8  8  7  7  7  7  7  7  7  7  6  6  6  6  6  6  6  6  6  5    225
                                                                                                        
