-------------------------------------------------------------------------------------------------       
 1971-2000 Daily/Monthly Station Normals                                                                
 Provided by National Climatic Data Center/NESDIS/NOAA                                                  
-------------------------------------------------------------------------------------------------       
 Station COOP ID:                           231383                                                      
 Station Name, State, Division, Call:       CASSVILLE RANGER STN               MO 04                    
 Latitude, Longitude, Elevation, Elements:  36 40 22 -093 51 28  1340 XNP                               
-------------------------------------------------------------------------------------------------       
 Minimum Temperature (deg F [tenths deg F for monthly])                                                 
 DAY  1  2  3  4  5  6  7  8  9 10 11 12 13 14 15 16 17 18 19 20 21 22 23 24 25 26 27 28 29 30 31  MONTH
-------------------------------------------------------------------------------------------------       
JAN  21 21 21 21 21 20 20 20 20 20 20 20 20 20 20 20 20 20 20 20 20 20 20 20 21 21 21 21 21 21 21    204
FEB  21 22 22 22 22 22 22 23 23 23 23 23 24 24 24 25 25 25 25 26 26 26 27 27 27 28 28 28             244
MAR  29 29 29 30 30 30 31 31 32 32 32 33 33 33 33 34 34 34 35 35 35 36 36 36 36 37 37 37 37 38 38    336
APR  38 38 39 39 39 39 40 40 40 40 41 41 41 42 42 42 42 43 43 43 44 44 44 45 45 45 46 46 46 46       421
MAY  47 47 48 48 48 49 49 49 50 50 50 50 51 51 51 52 52 52 53 53 53 54 54 54 55 55 55 55 56 56 56    517
JUN  57 57 57 57 58 58 58 59 59 59 59 60 60 60 60 61 61 61 61 61 62 62 62 62 63 63 63 63 63 63       603
JUL  64 64 64 64 64 65 65 65 65 65 65 65 65 65 65 65 65 65 66 66 66 66 66 65 65 65 65 65 65 65 65    650
AUG  65 65 65 65 65 64 64 64 64 64 64 64 63 63 63 63 63 63 63 62 62 62 62 62 62 61 61 61 61 60 60    629
SEP  60 60 60 59 59 59 59 58 58 58 57 57 57 56 56 56 55 55 54 54 54 53 53 52 52 52 51 51 50 50       555
OCT  49 49 48 48 47 47 46 46 45 45 45 44 44 43 43 43 42 42 41 41 41 40 40 40 40 39 39 39 38 38 38    429
NOV  38 37 37 37 37 36 36 36 36 35 35 35 34 34 34 33 33 33 33 32 32 32 31 31 31 30 30 29 29 29       335
DEC  28 28 28 27 27 27 26 26 26 25 25 25 25 24 24 24 24 23 23 23 23 22 22 22 22 22 22 21 21 21 21    241
                                                                                                        
-------------------------------------------------------------------------------------------------       
 Maximum Temperature (deg F [tenths deg F for monthly])                                                 
 DAY  1  2  3  4  5  6  7  8  9 10 11 12 13 14 15 16 17 18 19 20 21 22 23 24 25 26 27 28 29 30 31  MONTH
-------------------------------------------------------------------------------------------------       
JAN  42 42 42 42 42 42 42 42 42 42 41 41 42 42 42 42 42 42 42 42 42 42 42 43 43 43 43 43 44 44 44    423
FEB  45 45 45 45 46 46 46 47 47 47 47 48 48 48 49 49 49 49 50 50 50 51 51 51 52 52 52 53             485
MAR  53 53 54 54 54 54 55 55 55 56 56 56 57 57 57 58 58 58 59 59 59 60 60 60 61 61 61 62 62 63 63    577
APR  63 64 64 64 65 65 65 66 66 66 67 67 67 67 68 68 68 69 69 69 69 70 70 70 70 71 71 71 71 71       677
MAY  72 72 72 72 72 73 73 73 73 74 74 74 74 75 75 75 75 76 76 76 76 77 77 77 77 78 78 78 79 79 79    752
JUN  79 80 80 80 80 81 81 81 82 82 82 82 83 83 83 83 83 84 84 84 84 85 85 85 85 85 86 86 86 86       830
JUL  86 86 87 87 87 87 87 87 87 88 88 88 88 88 88 88 88 89 89 89 89 89 89 89 89 89 89 89 89 89 89    881
AUG  89 89 90 90 90 89 89 89 89 89 89 89 89 89 89 89 88 88 88 88 88 88 87 87 87 87 86 86 86 85 85    881
SEP  85 84 84 84 83 83 83 82 82 82 81 81 81 81 80 80 80 79 79 79 78 78 78 77 77 77 77 76 76 76       801
OCT  75 75 75 74 74 74 74 73 73 72 72 72 71 71 71 70 70 69 69 69 68 68 67 67 67 66 66 65 65 64 64    700
NOV  63 63 62 62 61 61 60 60 60 59 59 58 58 57 57 57 56 56 55 55 55 54 54 53 53 53 52 52 51 51       569
DEC  51 50 50 50 49 49 49 48 48 48 47 47 47 46 46 46 46 45 45 45 45 45 44 44 44 44 43 43 43 43 43    462
                                                                                                        
-------------------------------------------------------------------------------------------------       
 Average Temperature (deg F [tenths deg F for monthly])                                                 
 DAY  1  2  3  4  5  6  7  8  9 10 11 12 13 14 15 16 17 18 19 20 21 22 23 24 25 26 27 28 29 30 31  MONTH
-------------------------------------------------------------------------------------------------       
JAN  32 32 31 31 31 31 31 31 31 31 31 31 31 31 31 31 31 31 31 31 31 31 31 32 32 32 32 32 32 33 33    314
FEB  33 33 33 34 34 34 34 35 35 35 35 36 36 36 37 37 37 37 38 38 38 39 39 39 40 40 40 40             365
MAR  41 41 42 42 42 42 43 43 44 44 44 44 45 45 45 46 46 46 47 47 47 48 48 48 49 49 49 49 50 50 50    457
APR  51 51 51 52 52 52 52 53 53 53 54 54 54 54 55 55 55 56 56 56 57 57 57 57 58 58 58 58 59 59       549
MAY  59 60 60 60 60 61 61 61 62 62 62 62 63 63 63 63 64 64 64 65 65 65 65 66 66 66 67 67 67 67 68    635
JUN  68 68 69 69 69 69 70 70 70 71 71 71 71 72 72 72 72 72 73 73 73 73 73 74 74 74 74 74 75 75       717
JUL  75 75 76 76 76 76 76 76 76 76 77 77 77 77 77 77 77 77 77 77 77 77 77 77 77 77 77 77 77 77 77    766
AUG  77 77 77 77 77 77 77 77 77 77 76 76 76 76 76 76 76 75 75 75 75 75 75 74 74 74 74 73 73 73 73    755
SEP  72 72 72 72 71 71 71 70 70 70 69 69 69 68 68 68 67 67 67 66 66 66 65 65 65 64 64 64 63 63       678
OCT  62 62 61 61 61 60 60 60 59 59 58 58 58 57 57 56 56 56 55 55 55 54 54 53 53 53 52 52 52 51 51    565
NOV  51 50 50 49 49 49 48 48 48 47 47 46 46 46 45 45 45 44 44 44 43 43 42 42 42 41 41 41 40 40       452
DEC  40 39 39 38 38 38 37 37 37 37 36 36 36 35 35 35 35 34 34 34 34 34 33 33 33 33 33 32 32 32 32    352
                                                                                                        
-------------------------------------------------------------------------------------------------       
 Heating Degree Days                                                                                    
 DAY  1  2  3  4  5  6  7  8  9 10 11 12 13 14 15 16 17 18 19 20 21 22 23 24 25 26 27 28 29 30 31  MONTH
-------------------------------------------------------------------------------------------------       
JAN  33 33 34 34 34 34 34 34 34 34 34 34 34 34 34 34 34 34 34 34 34 34 34 34 33 33 33 33 33 33 32   1044
FEB  32 32 32 31 31 31 31 30 30 30 30 29 29 29 29 28 28 28 27 27 27 26 26 26 26 25 25 25             800
MAR  24 24 24 23 23 23 22 22 22 21 21 21 20 20 20 19 19 19 18 18 18 17 17 17 16 16 16 16 15 15 15    601
APR  14 14 14 13 13 13 12 12 12 12 11 11 11 11 10 10 10 10  9  9  9  9  8  8  8  8  8  7  7  7       310
MAY   7  7  6  6  6  6  6  5  5  5  5  5  5  4  4  4  4  4  4  3  3  3  3  3  3  2  2  2  2  2  2    128
JUN   2  2  1  1  1  1  1  1  1  1  1  1  1  0  0  0  0  0  0  0  0  0  0  0  0  0  0  0  0  0        15
JUL   0  0  0  0  0  0  0  0  0  0  0  0  0  0  0  0  0  0  0  0  0  0  0  0  0  0  0  0  0  0  0      0
AUG   0  0  0  0  0  0  0  0  0  0  0  0  0  0  0  0  0  0  0  0  0  0  0  0  1  1  1  1  1  1  1      7
SEP   1  1  1  1  1  1  1  1  1  1  1  2  2  2  2  2  2  2  2  3  3  3  3  3  3  4  4  4  4  5        66
OCT   5  5  5  5  6  6  6  6  7  7  7  7  8  8  8  9  9  9 10 10 10 11 11 11 12 12 12 13 13 14 14    276
NOV  14 15 15 15 16 16 17 17 17 18 18 19 19 19 20 20 20 21 21 22 22 22 23 23 23 24 24 25 25 25       595
DEC  26 26 26 27 27 27 28 28 28 28 29 29 29 30 30 30 30 31 31 31 31 32 32 32 32 32 32 33 33 33 33    926
                                                                                                        
-------------------------------------------------------------------------------------------------       
 Cooling Degree Days                                                                                    
 DAY  1  2  3  4  5  6  7  8  9 10 11 12 13 14 15 16 17 18 19 20 21 22 23 24 25 26 27 28 29 30 31  MONTH
-------------------------------------------------------------------------------------------------       
JAN   0  0  0  0  0  0  0  0  0  0  0  0  0  0  0  0  0  0  0  0  0  0  0  0  0  0  0  0  0  0  0      0
FEB   0  0  0  0  0  0  0  0  0  0  0  0  0  0  0  0  0  0  0  0  0  0  0  0  0  0  0  0               0
MAR   0  0  0  0  0  0  0  0  0  0  0  0  0  0  0  0  0  0  0  0  0  0  0  0  0  0  0  0  0  0  0      0
APR   0  0  0  0  0  0  0  0  0  0  0  0  0  0  0  0  0  0  0  0  0  0  0  1  1  1  1  1  1  1         7
MAY   1  1  1  1  1  1  2  2  2  2  2  2  2  2  2  2  3  3  3  3  3  3  3  3  4  4  4  4  4  4  5     79
JUN   5  5  5  5  5  5  6  6  6  6  6  6  7  7  7  7  7  8  8  8  8  8  8  9  9  9  9  9 10 10       214
JUL  10 10 10 11 11 11 11 11 11 11 11 12 12 12 12 12 12 12 12 12 12 12 12 12 12 12 12 12 12 12 12    358
AUG  12 12 12 12 12 12 12 12 12 12 12 11 11 11 11 11 11 11 11 10 10 10 10 10 10  9  9  9  9  9  8    333
SEP   8  8  8  7  7  7  7  7  6  6  6  6  5  5  5  5  5  4  4  4  4  4  3  3  3  3  3  2  2  2       149
OCT   2  2  1  1  1  1  1  1  1  0  0  0  0  0  0  0  0  0  0  0  0  0  0  0  0  0  0  0  0  0  0     11
NOV   0  0  0  0  0  0  0  0  0  0  0  0  0  0  0  0  0  0  0  0  0  0  0  0  0  0  0  0  0  0         0
DEC   0  0  0  0  0  0  0  0  0  0  0  0  0  0  0  0  0  0  0  0  0  0  0  0  0  0  0  0  0  0  0      0
                                                                                                        
-------------------------------------------------------------------------------------------------       
 Total  Precipitation (Hundreths of an Inch)                                                            
 DAY  1  2  3  4  5  6  7  8  9 10 11 12 13 14 15 16 17 18 19 20 21 22 23 24 25 26 27 28 29 30 31  MONTH
-------------------------------------------------------------------------------------------------       
JAN   8  8  8  8  8  7  7  7  7  7  7  7  7  6  6  6  6  6  6  6  6  6  6  6  6  6  6  6  6  7  7    206
FEB   7  7  7  7  7  7  7  7  8  8  8  8  8  8  9  9  9  9  9  9 10 10 10 10 10 11 11 11             241
MAR  11 11 12 12 12 12 12 13 13 13 13 13 14 14 14 14 14 14 14 14 15 15 15 15 15 15 15 15 15 15 15    424
APR  15 15 15 15 15 15 15 15 15 15 15 16 16 16 16 16 16 16 16 16 16 16 16 16 16 16 15 15 15 15       465
MAY  16 15 15 15 15 15 15 15 15 15 15 15 16 16 16 16 16 16 16 16 16 16 16 16 16 16 16 16 16 16 17    486
JUN  16 17 17 17 17 17 17 17 17 17 17 17 17 17 17 16 16 16 16 16 16 16 16 15 15 15 15 15 14 14       485
JUL  14 14 13 13 13 13 13 12 12 12 12 12 11 11 11 11 11 11 11 10 10 10 10 10 10 10 10 10 10 10 10    350
AUG  10 10  9 10 10 10 10 10 10 10 10 10 10 10 10 10 11 11 11 11 11 11 12 12 12 12 13 13 13 14 14    340
SEP  14 15 15 15 15 16 16 16 16 16 16 16 16 16 16 16 16 16 16 16 16 16 15 15 15 15 14 14 14 13       461
OCT  13 12 12 12 11 11 11 10 10 10 10 10 10 10 10 10  9 10 10 10 10 10 10 10 10 11 11 11 11 12 12    329
NOV  12 13 13 13 14 14 14 14 15 15 15 15 15 15 15 15 16 16 16 16 16 16 15 15 15 15 15 15 15 15       443
DEC  14 14 14 14 14 13 13 13 13 13 12 12 12 12 12 11 11 11 11 11 10 10 10 10 10  9  9  9  9  9  8    353
                                                                                                        
