-------------------------------------------------------------------------------------------------       
 1971-2000 Daily/Monthly Station Normals                                                                
 Provided by National Climatic Data Center/NESDIS/NOAA                                                  
-------------------------------------------------------------------------------------------------       
 Station COOP ID:                           235298                                                      
 Station Name, State, Division, Call:       MARSHALL                           MO 01                    
 Latitude, Longitude, Elevation, Elements:  39 07 13 -093 12 53   790 XNP                               
-------------------------------------------------------------------------------------------------       
 Minimum Temperature (deg F [tenths deg F for monthly])                                                 
 DAY  1  2  3  4  5  6  7  8  9 10 11 12 13 14 15 16 17 18 19 20 21 22 23 24 25 26 27 28 29 30 31  MONTH
-------------------------------------------------------------------------------------------------       
JAN  18 17 17 17 17 17 17 16 16 16 16 16 16 16 16 16 16 16 16 16 16 16 16 16 16 17 17 17 17 17 18    165
FEB  18 18 18 19 19 19 19 20 20 20 20 21 21 21 22 22 22 23 23 23 24 24 24 25 25 26 26 26             217
MAR  27 27 27 28 28 29 29 29 30 30 30 31 31 32 32 32 33 33 33 33 34 34 34 35 35 35 36 36 36 36 37    320
APR  37 37 38 38 38 38 39 39 39 40 40 40 41 41 41 42 42 42 43 43 44 44 44 45 45 46 46 46 47 47       417
MAY  47 48 48 49 49 49 50 50 51 51 51 52 52 52 53 53 54 54 54 55 55 55 56 56 56 56 57 57 57 58 58    530
JUN  58 59 59 59 59 60 60 60 61 61 61 61 62 62 62 62 62 63 63 63 63 64 64 64 64 64 65 65 65 65       620
JUL  65 66 66 66 66 66 66 66 67 67 67 67 67 67 67 67 67 67 67 67 67 67 67 67 67 67 67 67 67 67 67    667
AUG  67 67 67 66 66 66 66 66 66 66 65 65 65 65 65 64 64 64 64 63 63 63 63 62 62 62 62 61 61 61 60    641
SEP  60 59 59 59 58 58 58 57 57 57 56 56 56 55 55 55 54 54 54 53 53 53 52 52 52 51 51 50 50 50       548
OCT  49 49 49 48 48 48 47 47 47 46 46 46 45 45 44 44 44 43 43 43 42 42 41 41 41 40 40 40 39 39 38    440
NOV  38 37 37 37 36 36 36 35 35 34 34 34 33 33 32 32 32 31 31 31 30 30 29 29 29 28 28 28 27 27       323
DEC  27 26 26 26 25 25 25 24 24 24 23 23 23 22 22 22 22 21 21 21 20 20 20 20 19 19 19 19 18 18 18    220
                                                                                                        
-------------------------------------------------------------------------------------------------       
 Maximum Temperature (deg F [tenths deg F for monthly])                                                 
 DAY  1  2  3  4  5  6  7  8  9 10 11 12 13 14 15 16 17 18 19 20 21 22 23 24 25 26 27 28 29 30 31  MONTH
-------------------------------------------------------------------------------------------------       
JAN  35 35 35 35 35 34 34 34 34 34 34 34 34 34 34 34 34 34 34 34 34 35 35 35 35 35 35 36 36 36 36    346
FEB  37 37 37 38 38 38 38 39 39 39 40 40 41 41 41 42 42 42 43 43 44 44 44 45 45 46 46 47             413
MAR  47 48 48 48 49 49 50 50 51 51 52 52 52 53 53 54 54 54 55 55 55 56 56 57 57 57 58 58 58 59 59    534
APR  59 60 60 60 61 61 61 62 62 62 63 63 63 64 64 64 65 65 65 66 66 66 67 67 67 67 68 68 68 69       641
MAY  69 70 70 70 71 71 71 72 72 72 72 73 73 73 74 74 74 75 75 75 76 76 76 77 77 77 78 78 78 79 79    741
JUN  79 80 80 80 80 81 81 81 82 82 82 82 83 83 83 83 84 84 84 84 85 85 85 85 85 86 86 86 86 86       831
JUL  87 87 87 87 87 87 87 88 88 88 88 88 88 88 88 88 88 88 89 89 89 89 89 89 89 89 89 89 88 88 88    881
AUG  88 88 88 88 88 88 88 88 88 88 87 87 87 87 87 87 86 86 86 86 86 85 85 85 85 85 84 84 84 83 83    863
SEP  83 83 82 82 82 81 81 81 80 80 80 80 79 79 79 78 78 78 77 77 77 77 76 76 76 75 75 75 74 74       785
OCT  74 73 73 73 72 72 72 71 71 71 70 70 69 69 69 68 68 67 67 66 66 65 65 64 64 63 63 62 61 61 60    677
NOV  60 59 58 58 57 57 56 56 55 55 54 54 53 52 52 51 51 50 50 49 49 49 48 48 47 47 46 46 45 45       519
DEC  45 44 44 43 43 43 42 42 42 41 41 41 40 40 40 39 39 39 38 38 38 37 37 37 37 36 36 36 36 36 35    395
                                                                                                        
-------------------------------------------------------------------------------------------------       
 Average Temperature (deg F [tenths deg F for monthly])                                                 
 DAY  1  2  3  4  5  6  7  8  9 10 11 12 13 14 15 16 17 18 19 20 21 22 23 24 25 26 27 28 29 30 31  MONTH
-------------------------------------------------------------------------------------------------       
JAN  27 26 26 26 26 26 25 25 25 25 25 25 25 25 25 25 25 25 25 25 25 25 26 26 26 26 26 26 27 27 27    256
FEB  27 27 28 28 28 29 29 29 30 30 30 30 31 31 31 32 32 33 33 33 34 34 34 35 35 36 36 37             315
MAR  37 37 38 38 39 39 39 40 40 41 41 41 42 42 42 43 43 44 44 44 45 45 45 46 46 46 47 47 47 48 48    427
APR  48 48 49 49 49 50 50 50 51 51 51 52 52 52 53 53 53 54 54 54 55 55 55 56 56 57 57 57 58 58       529
MAY  58 59 59 59 60 60 61 61 61 62 62 62 63 63 63 64 64 64 65 65 65 66 66 66 67 67 67 68 68 68 69    636
JUN  69 69 69 70 70 70 71 71 71 71 72 72 72 72 73 73 73 73 74 74 74 74 74 75 75 75 75 75 76 76       726
JUL  76 76 76 76 77 77 77 77 77 77 77 77 77 77 78 78 78 78 78 78 78 78 78 78 78 78 78 78 78 78 77    774
AUG  78 77 77 77 77 77 77 77 77 77 76 76 76 76 76 76 75 75 75 75 74 74 74 74 73 73 73 73 72 72 72    752
SEP  71 71 71 70 70 70 69 69 69 68 68 68 68 67 67 67 66 66 66 65 65 65 64 64 64 63 63 63 62 62       667
OCT  62 61 61 61 60 60 60 59 59 58 58 58 57 57 57 56 56 55 55 54 54 54 53 53 52 52 51 51 50 50 49    559
NOV  49 48 48 47 47 46 46 45 45 44 44 44 43 43 42 42 41 41 40 40 40 39 39 38 38 38 37 37 36 36       421
DEC  36 35 35 35 34 34 33 33 33 32 32 32 32 31 31 31 30 30 30 29 29 29 29 28 28 28 28 27 27 27 27    308
                                                                                                        
-------------------------------------------------------------------------------------------------       
 Heating Degree Days                                                                                    
 DAY  1  2  3  4  5  6  7  8  9 10 11 12 13 14 15 16 17 18 19 20 21 22 23 24 25 26 27 28 29 30 31  MONTH
-------------------------------------------------------------------------------------------------       
JAN  39 39 39 39 39 39 40 40 40 40 40 40 40 40 40 40 40 40 40 40 40 40 39 39 39 39 39 39 38 38 38   1222
FEB  38 37 37 37 37 36 36 36 35 35 35 35 34 34 34 33 33 32 32 32 31 31 31 30 30 29 29 29             938
MAR  28 28 27 27 26 26 26 25 25 24 24 24 23 23 23 22 22 21 21 21 20 20 20 19 19 19 18 18 18 17 17    691
APR  17 16 16 16 16 15 15 15 14 14 14 13 13 13 13 12 12 12 11 11 11 10 10 10 10  9  9  9  8  8       372
MAY   8  8  7  7  7  6  6  6  6  5  5  5  5  5  4  4  4  4  3  3  3  3  3  3  2  2  2  2  2  2  2    134
JUN   1  1  1  1  1  1  1  1  1  1  0  0  0  0  0  0  0  0  0  0  0  0  0  0  0  0  0  0  0  0        10
JUL   0  0  0  0  0  0  0  0  0  0  0  0  0  0  0  0  0  0  0  0  0  0  0  0  0  0  0  0  0  0  0      0
AUG   0  0  0  0  0  0  0  0  0  0  0  0  0  0  0  0  0  0  0  0  0  0  0  0  1  1  1  1  1  1  1      7
SEP   1  1  1  1  1  1  1  2  2  2  2  2  2  2  2  2  3  3  3  3  3  3  3  4  4  4  4  4  5  5        76
OCT   5  5  5  5  6  6  6  6  7  7  7  8  8  8  9  9  9 10 10 11 11 11 12 12 13 13 14 14 15 15 16    293
NOV  16 17 17 18 18 19 19 20 20 21 21 21 22 22 23 23 24 24 25 25 25 26 26 27 27 28 28 28 29 29       688
DEC  29 30 30 31 31 31 32 32 32 33 33 33 34 34 34 34 35 35 35 36 36 36 36 37 37 37 37 38 38 38 38   1062
                                                                                                        
-------------------------------------------------------------------------------------------------       
 Cooling Degree Days                                                                                    
 DAY  1  2  3  4  5  6  7  8  9 10 11 12 13 14 15 16 17 18 19 20 21 22 23 24 25 26 27 28 29 30 31  MONTH
-------------------------------------------------------------------------------------------------       
JAN   0  0  0  0  0  0  0  0  0  0  0  0  0  0  0  0  0  0  0  0  0  0  0  0  0  0  0  0  0  0  0      0
FEB   0  0  0  0  0  0  0  0  0  0  0  0  0  0  0  0  0  0  0  0  0  0  0  0  0  0  0  0               0
MAR   0  0  0  0  0  0  0  0  0  0  0  0  0  0  0  0  0  0  0  0  0  0  0  0  0  0  0  0  0  0  0      0
APR   0  0  0  0  0  0  0  0  0  0  0  0  0  0  0  0  0  0  0  0  0  1  1  1  1  1  1  1  1  1         9
MAY   1  1  1  1  2  2  2  2  2  2  2  2  2  3  3  3  3  3  3  3  3  4  4  4  4  4  4  5  5  5  5     90
JUN   5  5  6  6  6  6  6  6  7  7  7  7  7  8  8  8  8  8  8  9  9  9  9  9 10 10 10 10 10 11       235
JUL  11 11 11 11 11 12 12 12 12 12 12 12 12 13 13 13 13 13 13 13 13 13 13 13 13 13 13 13 13 13 12    384
AUG  13 12 12 12 12 12 12 12 12 12 11 11 11 11 11 11 10 10 10 10 10 10  9  9  9  9  8  8  8  8  8    323
SEP   7  7  7  6  6  6  6  6  5  5  5  5  5  4  4  4  4  4  3  3  3  3  3  3  2  2  2  2  2  2       126
OCT   1  1  1  1  1  1  1  1  1  0  0  0  0  0  0  0  0  0  0  0  0  0  0  0  0  0  0  0  0  0  0      9
NOV   0  0  0  0  0  0  0  0  0  0  0  0  0  0  0  0  0  0  0  0  0  0  0  0  0  0  0  0  0  0         0
DEC   0  0  0  0  0  0  0  0  0  0  0  0  0  0  0  0  0  0  0  0  0  0  0  0  0  0  0  0  0  0  0      0
                                                                                                        
-------------------------------------------------------------------------------------------------       
 Total  Precipitation (Hundreths of an Inch)                                                            
 DAY  1  2  3  4  5  6  7  8  9 10 11 12 13 14 15 16 17 18 19 20 21 22 23 24 25 26 27 28 29 30 31  MONTH
-------------------------------------------------------------------------------------------------       
JAN   4  4  4  4  4  4  4  4  4  4  4  4  4  4  4  4  4  4  4  4  4  4  5  5  5  5  5  5  5  5  5    133
FEB   4  5  5  5  5  5  5  5  5  5  5  5  5  5  5  6  6  6  6  6  6  6  6  6  7  7  7  7             156
MAR   7  7  8  8  8  8  8  8  8  8  9  9  9  9  9  9  9  9 10 10 10 10 10 10 10 10 10 11 11 11 11    284
APR  11 11 11 11 11 11 11 12 12 12 12 12 12 12 12 13 13 13 13 13 13 13 13 14 14 14 14 14 14 15       376
MAY  15 15 15 15 15 15 15 15 16 16 16 16 16 16 16 16 16 16 16 16 16 16 16 16 16 16 16 16 15 15 15    485
JUN  15 15 15 15 15 15 14 14 14 14 14 14 14 14 14 14 14 13 13 13 13 13 13 13 13 13 13 13 13 13       413
JUL  13 13 13 13 13 12 12 12 12 12 12 12 12 12 12 12 12 12 12 11 11 11 11 11 11 11 11 11 10 10 10    362
AUG  10 10 10 10 10 10  9  9  9  9  9  9  9  9  9 10 10 10 10 10 10 10 10 10 11 11 11 11 11 12 12    310
SEP  12 12 13 13 13 13 13 13 14 14 14 14 14 14 14 14 14 14 14 14 14 14 14 13 13 13 13 13 12 12       401
OCT  12 12 11 11 11 11 11 10 10 10 10 10 10 10 10 10 10 10 10 10 10 10 10 10 10 10 10 10 10 10 10    319
NOV  10 11 11 11 11 11 11 11 11 11 11 11 11 11 11 11 11 11 11 10 10 10 10 10 10 10  9  9  9  9       314
DEC   8  8  8  8  8  7  7  7  7  6  6  6  6  6  6  6  5  5  5  5  5  5  5  5  5  5  4  4  4  4  4    180
                                                                                                        
