-------------------------------------------------------------------------------------------------       
 1971-2000 Daily/Monthly Station Normals                                                                
 Provided by National Climatic Data Center/NESDIS/NOAA                                                  
-------------------------------------------------------------------------------------------------       
 Station COOP ID:                           234315                                                      
 Station Name, State, Division, Call:       JOPLIN RGNL AP                     MO 04 JLN                
 Latitude, Longitude, Elevation, Elements:  37 08 48 -094 30 08   980 XNP                               
-------------------------------------------------------------------------------------------------       
 Minimum Temperature (deg F [tenths deg F for monthly])                                                 
 DAY  1  2  3  4  5  6  7  8  9 10 11 12 13 14 15 16 17 18 19 20 21 22 23 24 25 26 27 28 29 30 31  MONTH
-------------------------------------------------------------------------------------------------       
JAN  24 24 24 24 24 24 23 23 23 23 23 23 23 23 23 23 23 23 23 24 24 24 24 24 24 24 24 25 25 25 25    237
FEB  25 26 26 26 26 26 27 27 27 27 28 28 28 29 29 29 29 30 30 30 31 31 31 31 32 32 32 33             288
MAR  33 33 34 34 34 35 35 35 35 36 36 36 37 37 37 38 38 38 38 39 39 39 40 40 40 40 41 41 41 42 42    375
APR  42 42 43 43 43 44 44 44 44 45 45 45 46 46 46 46 47 47 47 48 48 48 48 49 49 49 50 50 50 51       463
MAY  51 51 51 52 52 52 53 53 53 54 54 54 55 55 55 55 56 56 56 57 57 57 58 58 58 59 59 59 60 60 60    555
JUN  61 61 61 61 62 62 62 63 63 63 63 64 64 64 65 65 65 65 66 66 66 66 66 67 67 67 67 67 68 68       645
JUL  68 68 68 68 68 69 69 69 69 69 69 69 69 69 70 70 70 70 70 70 70 70 70 70 70 70 70 70 70 70 70    694
AUG  70 70 70 69 69 69 69 69 69 69 69 68 68 68 68 68 68 67 67 67 67 67 66 66 66 66 65 65 65 65 64    675
SEP  64 64 63 63 63 62 62 62 61 61 61 61 60 60 59 59 59 58 58 58 57 57 57 56 56 56 55 55 55 54       592
OCT  54 53 53 53 52 52 51 51 51 50 50 50 49 49 48 48 48 47 47 47 46 46 45 45 45 44 44 44 43 43 43    481
NOV  42 42 41 41 41 40 40 40 39 39 38 38 38 37 37 37 36 36 36 35 35 35 34 34 34 33 33 32 32 32       369
DEC  32 31 31 31 30 30 30 29 29 29 28 28 28 28 27 27 27 27 26 26 26 26 26 25 25 25 25 25 24 24 24    274
                                                                                                        
-------------------------------------------------------------------------------------------------       
 Maximum Temperature (deg F [tenths deg F for monthly])                                                 
 DAY  1  2  3  4  5  6  7  8  9 10 11 12 13 14 15 16 17 18 19 20 21 22 23 24 25 26 27 28 29 30 31  MONTH
-------------------------------------------------------------------------------------------------       
JAN  42 42 42 42 42 42 42 42 42 42 42 42 42 42 42 42 42 42 42 42 42 42 42 43 43 43 43 44 44 44 44    424
FEB  45 45 45 46 46 46 47 47 47 48 48 48 49 49 49 49 50 50 50 51 51 51 52 52 52 53 53 53             490
MAR  54 54 54 55 55 55 56 56 56 57 57 57 58 58 59 59 59 60 60 60 61 61 61 62 62 62 63 63 64 64 64    589
APR  65 65 65 66 66 66 67 67 67 68 68 68 69 69 69 69 70 70 70 70 71 71 71 72 72 72 72 72 73 73       691
MAY  73 73 74 74 74 74 74 75 75 75 75 76 76 76 76 77 77 77 77 78 78 78 78 79 79 79 80 80 80 80 81    767
JUN  81 81 82 82 82 83 83 83 83 84 84 84 85 85 85 85 86 86 86 86 86 87 87 87 87 88 88 88 88 88       850
JUL  89 89 89 89 89 89 90 90 90 90 90 90 90 91 91 91 91 91 91 91 91 91 91 91 91 91 91 91 91 91 91    904
AUG  91 91 91 91 91 91 91 91 91 91 91 91 90 90 90 90 90 90 89 89 89 89 89 88 88 88 87 87 87 86 86    895
SEP  86 85 85 85 84 84 84 83 83 83 82 82 82 81 81 81 80 80 80 80 79 79 79 78 78 78 77 77 77 77       810
OCT  76 76 76 75 75 75 75 74 74 74 73 73 72 72 72 71 71 70 70 70 69 69 68 68 67 67 66 66 65 65 64    709
NOV  64 63 62 62 61 61 60 60 59 59 58 58 58 57 57 56 56 55 55 54 54 54 53 53 52 52 52 51 51 51       566
DEC  50 50 50 49 49 49 48 48 48 47 47 47 47 46 46 46 45 45 45 45 45 44 44 44 44 43 43 43 43 43 43    460
                                                                                                        
-------------------------------------------------------------------------------------------------       
 Average Temperature (deg F [tenths deg F for monthly])                                                 
 DAY  1  2  3  4  5  6  7  8  9 10 11 12 13 14 15 16 17 18 19 20 21 22 23 24 25 26 27 28 29 30 31  MONTH
-------------------------------------------------------------------------------------------------       
JAN  33 33 33 33 33 33 33 33 33 32 32 32 32 32 32 33 33 33 33 33 33 33 33 33 34 34 34 34 34 35 35    331
FEB  35 35 36 36 36 36 37 37 37 38 38 38 38 39 39 39 40 40 40 40 41 41 41 42 42 42 43 43             389
MAR  43 44 44 44 45 45 45 46 46 46 47 47 47 48 48 48 49 49 49 49 50 50 50 51 51 51 52 52 52 53 53    482
APR  53 54 54 54 55 55 55 56 56 56 56 57 57 57 58 58 58 59 59 59 59 60 60 60 60 61 61 61 61 62       577
MAY  62 62 62 63 63 63 64 64 64 64 65 65 65 65 66 66 66 67 67 67 67 68 68 68 69 69 69 70 70 70 71    661
JUN  71 71 71 72 72 72 73 73 73 74 74 74 74 75 75 75 75 76 76 76 76 76 77 77 77 77 78 78 78 78       748
JUL  78 78 79 79 79 79 79 79 79 80 80 80 80 80 80 80 80 80 80 80 80 80 81 81 81 81 81 81 81 81 80    799
AUG  81 80 80 80 80 80 80 80 80 80 80 80 79 79 79 79 79 79 78 78 78 78 77 77 77 77 76 76 76 75 75    785
SEP  75 74 74 74 73 73 73 73 72 72 72 71 71 71 70 70 70 69 69 69 68 68 68 67 67 67 66 66 66 65       701
OCT  65 65 64 64 64 63 63 63 62 62 62 61 61 60 60 60 59 59 58 58 58 57 57 56 56 56 55 55 54 54 53    595
NOV  53 52 52 52 51 51 50 50 49 49 48 48 48 47 47 46 46 46 45 45 45 44 44 43 43 43 42 42 42 41       468
DEC  41 41 40 40 40 39 39 39 38 38 38 37 37 37 37 36 36 36 36 36 35 35 35 35 34 34 34 34 34 34 33    367
                                                                                                        
-------------------------------------------------------------------------------------------------       
 Heating Degree Days                                                                                    
 DAY  1  2  3  4  5  6  7  8  9 10 11 12 13 14 15 16 17 18 19 20 21 22 23 24 25 26 27 28 29 30 31  MONTH
-------------------------------------------------------------------------------------------------       
JAN  32 32 32 32 32 32 32 32 33 33 33 33 33 33 33 32 32 32 32 32 32 32 32 32 31 31 31 31 31 30 30    990
FEB  30 30 29 29 29 29 28 28 28 27 27 27 27 26 26 26 25 25 25 25 24 24 24 23 23 23 22 22             731
MAR  22 21 21 21 20 20 20 19 19 19 18 18 18 17 17 17 16 16 16 16 15 15 15 14 14 14 13 13 13 12 12    521
APR  12 11 11 11 10 10 10 10  9  9  9  9  8  8  8  8  7  7  7  7  7  6  6  6  6  6  5  5  5  5       238
MAY   5  5  4  4  4  4  4  4  4  3  3  3  3  3  3  3  3  2  2  2  2  2  2  2  2  2  2  1  1  1  1     86
JUN   1  1  1  1  1  1  1  1  0  0  0  0  0  0  0  0  0  0  0  0  0  0  0  0  0  0  0  0  0  0         8
JUL   0  0  0  0  0  0  0  0  0  0  0  0  0  0  0  0  0  0  0  0  0  0  0  0  0  0  0  0  0  0  0      0
AUG   0  0  0  0  0  0  0  0  0  0  0  0  0  0  0  0  0  0  0  0  0  0  0  0  0  0  0  1  1  1  1      4
SEP   1  1  1  1  1  1  1  1  1  1  1  1  1  1  1  1  2  2  2  2  2  2  2  2  2  2  2  3  3  3        47
OCT   3  3  3  3  4  4  4  4  4  5  5  5  5  5  6  6  6  7  7  7  8  8  8  9  9 10 10 10 11 11 12    202
NOV  12 13 13 14 14 14 15 15 16 16 17 17 17 18 18 19 19 19 20 20 21 21 21 22 22 22 23 23 24 24       549
DEC  24 25 25 25 25 26 26 26 27 27 27 27 28 28 28 29 29 29 29 29 30 30 30 30 31 31 31 31 31 31 32    877
                                                                                                        
-------------------------------------------------------------------------------------------------       
 Cooling Degree Days                                                                                    
 DAY  1  2  3  4  5  6  7  8  9 10 11 12 13 14 15 16 17 18 19 20 21 22 23 24 25 26 27 28 29 30 31  MONTH
-------------------------------------------------------------------------------------------------       
JAN   0  0  0  0  0  0  0  0  0  0  0  0  0  0  0  0  0  0  0  0  0  0  0  0  0  0  0  0  0  0  0      0
FEB   0  0  0  0  0  0  0  0  0  0  0  0  0  0  0  0  0  0  0  0  0  0  0  0  0  0  0  0               0
MAR   0  0  0  0  0  0  0  0  0  0  0  0  0  0  0  0  0  0  0  0  0  0  0  0  0  0  0  0  0  0  0      0
APR   0  0  0  0  0  0  0  0  0  0  0  0  0  0  1  1  1  1  1  1  1  1  1  1  1  1  1  2  2  2        19
MAY   2  2  2  2  2  2  2  3  3  3  3  3  3  3  4  4  4  4  4  4  5  5  5  5  5  6  6  6  6  6  7    121
JUN   7  7  7  7  8  8  8  8  9  9  9  9  9 10 10 10 10 11 11 11 11 11 12 12 12 12 12 13 13 13       299
JUL  13 13 13 14 14 14 14 14 14 15 15 15 15 15 15 15 15 15 15 15 15 16 16 16 16 16 16 16 16 16 15    462
AUG  16 15 15 15 15 15 15 15 15 15 15 15 14 14 14 14 14 14 13 13 13 13 13 12 12 12 12 11 11 11 11    422
SEP  10 10 10 10  9  9  9  9  8  8  8  7  7  7  7  6  6  6  6  6  5  5  5  5  4  4  4  4  3  3       200
OCT   3  3  3  2  2  2  2  2  2  2  1  1  1  1  1  1  1  1  0  0  0  0  0  0  0  0  0  0  0  0  0     31
NOV   0  0  0  0  0  0  0  0  0  0  0  0  0  0  0  0  0  0  0-99  0  0  0  0  0  0  0  0  0  0         1
DEC   0  0  0  0  0  0  0  0  0  0  0  0  0  0  0  0  0  0  0  0  0  0  0  0  0  0  0  0  0  0  0      0
                                                                                                        
-------------------------------------------------------------------------------------------------       
 Total  Precipitation (Hundreths of an Inch)                                                            
 DAY  1  2  3  4  5  6  7  8  9 10 11 12 13 14 15 16 17 18 19 20 21 22 23 24 25 26 27 28 29 30 31  MONTH
-------------------------------------------------------------------------------------------------       
JAN   7  7  6  6  6  6  6  6  6  6  6  6  6  6  6  6  5  5  5  5  6  6  6  6  6  6  6  6  6  6  6    184
FEB   6  7  7  7  7  7  7  7  7  7  8  8  8  8  8  8  8  8  9  9  9  9  9  9  9  9 10 10             225
MAR  10 10 10 10 10 11 11 11 11 11 11 11 11 12 12 12 12 12 12 12 12 12 12 13 13 13 13 13 13 13 13    362
APR  13 13 14 14 14 14 14 14 14 14 14 14 14 14 14 14 15 15 15 15 15 15 15 15 15 15 15 15 15 15       432
MAY  15 15 15 15 15 15 15 16 16 16 16 16 16 16 16 16 16 16 17 17 17 17 17 17 17 17 18 18 18 18 18    507
JUN  18 18 19 19 19 19 19 19 19 19 19 19 19 19 19 19 19 18 18 18 18 18 17 17 17 17 16 16 16 15       542
JUL  15 15 14 14 14 13 13 13 12 12 12 12 11 11 11 11 11 11 10 10 10 10 10 10 10 10 10 10 10 10 10    355
AUG  10 10 10 10 10 11 11 11 11 11 11 11 11 12 12 12 12 12 13 13 13 13 14 14 14 14 15 15 15 15 16    382
SEP  16 16 17 17 17 17 18 18 18 18 18 18 18 18 18 18 18 18 18 18 18 18 18 17 17 17 17 16 16 16       522
OCT  15 15 15 14 14 14 14 13 13 13 13 12 12 12 12 12 12 12 12 12 12 12 12 12 12 12 12 12 12 12 13    394
NOV  13 13 13 13 13 13 14 14 14 14 14 14 14 14 14 14 14 14 14 14 14 14 14 13 13 13 13 13 13 12       406
DEC  12 12 12 12 12 11 11 11 11 11 10 10 10 10 10 10  9  9  9  9  9  8  8  8  8  8  8  7  7  7  7    296
                                                                                                        
