-------------------------------------------------------------------------------------------------       
 1971-2000 Daily/Monthly Station Normals                                                                
 Provided by National Climatic Data Center/NESDIS/NOAA                                                  
-------------------------------------------------------------------------------------------------       
 Station COOP ID:                           232547                                                      
 Station Name, State, Division, Call:       ELLINGTON                          MO 05                    
 Latitude, Longitude, Elevation, Elements:  37 14 00 -090 58 12   730   P                               
-------------------------------------------------------------------------------------------------       
 Total  Precipitation (Hundreths of an Inch)                                                            
 DAY  1  2  3  4  5  6  7  8  9 10 11 12 13 14 15 16 17 18 19 20 21 22 23 24 25 26 27 28 29 30 31  MONTH
-------------------------------------------------------------------------------------------------       
JAN  10 10 10  9  9  9  9  9  9  9  9  9  8  8  8  8  8  8  8  8  8  8  8  8  8  8  8  8  8  8  8    263
FEB   8  8  8  9  9  9  9  9  9  9  9  9  9 10 10 10 10 10 10 10 11 11 11 11 11 11 11 12             273
MAR  12 12 12 12 13 13 13 13 13 13 13 14 14 14 14 14 14 14 14 14 15 15 15 15 15 15 15 15 15 15 15    430
APR  15 15 15 15 16 16 16 16 16 16 16 16 16 16 16 16 16 16 16 16 16 16 15 15 15 15 15 15 15 15       468
MAY  15 15 15 15 15 15 15 15 15 15 15 15 14 14 14 14 14 14 14 14 14 14 14 14 14 14 14 14 14 14 14    446
JUN  14 14 14 14 14 14 14 14 14 14 14 14 14 14 14 14 14 13 13 13 13 13 13 13 13 13 13 13 13 13       407
JUL  13 12 12 12 12 12 12 12 12 12 12 12 11 11 11 11 11 11 11 11 11 11 11 11 11 11 11 11 11 11 11    354
AUG  11 11 11 11 11 11 11 11 11 11 11 11 11 11 11 11 11 11 12 12 12 12 12 12 12 12 12 12 13 13 13    357
SEP  13 13 13 13 13 14 14 14 14 14 14 14 14 14 13 13 13 13 13 13 13 13 13 12 12 12 12 11 11 11       389
OCT  11 10 10 10 10 10  9  9  9  9  9  9  9  9  9  9  9  9  9 10 10 10 10 10 11 11 11 12 12 13 13    311
NOV  13 14 14 15 15 15 16 16 16 16 17 17 17 17 17 17 17 17 18 18 18 17 17 17 17 17 17 17 17 16       492
DEC  16 16 16 16 15 15 15 15 15 14 14 14 14 13 13 13 13 13 12 12 12 12 12 11 11 11 11 11 10 10 10    405
                                                                                                        
