-------------------------------------------------------------------------------------------------       
 1971-2000 Daily/Monthly Station Normals                                                                
 Provided by National Climatic Data Center/NESDIS/NOAA                                                  
-------------------------------------------------------------------------------------------------       
 Station COOP ID:                           237514                                                      
 Station Name, State, Division, Call:       SALISBURY                          MO 01                    
 Latitude, Longitude, Elevation, Elements:  39 25 28 -092 48 35   730 XNP                               
-------------------------------------------------------------------------------------------------       
 Minimum Temperature (deg F [tenths deg F for monthly])                                                 
 DAY  1  2  3  4  5  6  7  8  9 10 11 12 13 14 15 16 17 18 19 20 21 22 23 24 25 26 27 28 29 30 31  MONTH
-------------------------------------------------------------------------------------------------       
JAN  16 16 16 16 15 15 15 15 15 15 15 15 15 14 14 14 14 14 15 15 15 15 15 15 15 15 15 16 16 16 16    151
FEB  17 17 17 17 18 18 18 18 19 19 19 20 20 20 21 21 21 22 22 22 23 23 23 24 24 24 25 25             206
MAR  25 26 26 27 27 27 28 28 28 29 29 29 30 30 30 31 31 32 32 32 33 33 33 33 34 34 34 35 35 35 36    307
APR  36 36 37 37 37 38 38 38 39 39 39 40 40 40 41 41 41 42 42 42 43 43 43 44 44 45 45 45 46 46       409
MAY  47 47 47 48 48 48 49 49 49 50 50 51 51 51 52 52 52 53 53 53 54 54 54 55 55 55 56 56 56 57 57    519
JUN  57 58 58 58 59 59 59 60 60 60 60 61 61 61 62 62 62 62 62 63 63 63 63 64 64 64 64 64 64 65       614
JUL  65 65 65 65 65 66 66 66 66 66 66 66 66 66 66 66 66 66 66 66 67 67 66 66 66 66 66 66 66 66 66    659
AUG  66 66 66 66 65 65 65 65 65 65 65 64 64 64 64 64 63 63 63 63 63 62 62 62 62 61 61 61 60 60 60    634
SEP  59 59 59 59 58 58 57 57 57 56 56 56 55 55 55 54 54 54 53 53 53 52 52 51 51 51 50 50 49 49       544
OCT  49 48 48 47 47 47 46 46 46 45 45 44 44 44 43 43 42 42 42 41 41 41 40 40 40 39 39 38 38 38 37    429
NOV  37 37 36 36 35 35 35 34 34 34 33 33 33 32 32 31 31 31 30 30 30 29 29 28 28 28 27 27 27 26       316
DEC  26 26 25 25 24 24 24 23 23 23 22 22 22 21 21 21 20 20 20 20 19 19 19 18 18 18 18 17 17 17 16    209
                                                                                                        
-------------------------------------------------------------------------------------------------       
 Maximum Temperature (deg F [tenths deg F for monthly])                                                 
 DAY  1  2  3  4  5  6  7  8  9 10 11 12 13 14 15 16 17 18 19 20 21 22 23 24 25 26 27 28 29 30 31  MONTH
-------------------------------------------------------------------------------------------------       
JAN  35 35 34 34 34 34 34 34 34 34 34 34 34 34 34 34 34 34 34 34 34 34 34 34 35 35 35 35 36 36 36    344
FEB  37 37 37 37 38 38 38 39 39 39 40 40 40 41 41 42 42 42 43 43 44 44 44 45 45 46 46 47             412
MAR  47 47 48 48 49 49 50 50 51 51 51 52 52 53 53 53 54 54 55 55 55 56 56 57 57 57 58 58 58 59 59    533
APR  59 60 60 60 61 61 61 62 62 63 63 63 64 64 64 65 65 65 66 66 66 67 67 67 68 68 68 69 69 69       644
MAY  70 70 70 71 71 72 72 72 73 73 73 74 74 74 75 75 75 76 76 76 77 77 77 78 78 78 78 79 79 79 80    749
JUN  80 80 81 81 81 82 82 82 82 83 83 83 83 84 84 84 84 85 85 85 85 85 86 86 86 86 86 86 87 87       838
JUL  87 87 87 87 88 88 88 88 88 88 88 88 88 88 88 89 89 89 89 89 89 89 89 89 89 89 89 89 89 89 89    884
AUG  89 89 89 89 89 88 88 88 88 88 88 88 88 88 87 87 87 87 87 86 86 86 86 86 85 85 85 85 84 84 84    869
SEP  83 83 83 83 82 82 82 81 81 81 80 80 80 80 79 79 79 78 78 78 77 77 77 76 76 76 75 75 75 74       790
OCT  74 74 73 73 73 72 72 71 71 71 70 70 69 69 68 68 68 67 67 66 66 65 65 64 64 63 62 62 61 61 60    677
NOV  60 59 58 58 57 57 56 56 55 55 54 54 53 52 52 51 51 50 50 49 49 49 48 48 47 47 46 46 45 45       519
DEC  44 44 44 43 43 42 42 42 41 41 41 40 40 40 39 39 39 38 38 38 37 37 37 37 36 36 36 36 35 35 35    392
                                                                                                        
-------------------------------------------------------------------------------------------------       
 Average Temperature (deg F [tenths deg F for monthly])                                                 
 DAY  1  2  3  4  5  6  7  8  9 10 11 12 13 14 15 16 17 18 19 20 21 22 23 24 25 26 27 28 29 30 31  MONTH
-------------------------------------------------------------------------------------------------       
JAN  26 26 25 25 25 25 25 25 24 24 24 24 24 24 24 24 24 24 24 24 25 25 25 25 25 25 25 26 26 26 26    248
FEB  27 27 27 27 28 28 28 29 29 29 30 30 30 30 31 31 32 32 32 33 33 33 34 34 35 35 35 36             309
MAR  36 37 37 37 38 38 39 39 39 40 40 41 41 41 42 42 43 43 43 44 44 44 45 45 45 46 46 46 47 47 47    420
APR  48 48 48 49 49 49 50 50 50 51 51 51 52 52 53 53 53 54 54 54 55 55 55 56 56 56 57 57 57 58       527
MAY  58 59 59 59 60 60 60 61 61 61 62 62 62 63 63 63 64 64 64 65 65 66 66 66 67 67 67 67 68 68 68    634
JUN  69 69 69 70 70 70 71 71 71 71 72 72 72 72 73 73 73 73 74 74 74 74 74 75 75 75 75 75 76 76       726
JUL  76 76 76 76 76 77 77 77 77 77 77 77 77 77 77 77 77 78 78 78 78 78 78 78 78 78 78 78 77 77 77    772
AUG  77 77 77 77 77 77 77 77 77 77 76 76 76 76 76 76 75 75 75 75 74 74 74 74 74 73 73 73 72 72 72    752
SEP  71 71 71 71 70 70 70 69 69 69 68 68 68 67 67 67 66 66 66 65 65 64 64 64 63 63 63 62 62 62       667
OCT  61 61 61 60 60 59 59 59 58 58 57 57 57 56 56 55 55 55 54 54 53 53 52 52 52 51 51 50 50 49 49    553
NOV  48 48 47 47 46 46 46 45 45 44 44 43 43 42 42 41 41 41 40 40 39 39 39 38 38 37 37 36 36 36       418
DEC  35 35 34 34 34 33 33 33 32 32 31 31 31 30 30 30 30 29 29 29 28 28 28 28 27 27 27 27 26 26 26    301
                                                                                                        
-------------------------------------------------------------------------------------------------       
 Heating Degree Days                                                                                    
 DAY  1  2  3  4  5  6  7  8  9 10 11 12 13 14 15 16 17 18 19 20 21 22 23 24 25 26 27 28 29 30 31  MONTH
-------------------------------------------------------------------------------------------------       
JAN  39 40 40 40 40 40 40 40 41 41 41 41 41 41 41 41 41 41 41 41 40 40 40 40 40 40 40 39 39 39 39   1247
FEB  38 38 38 38 37 37 37 36 36 36 35 35 35 34 34 34 33 33 33 32 32 32 31 31 30 30 30 29             954
MAR  29 28 28 28 27 27 26 26 26 25 25 24 24 24 23 23 22 22 22 21 21 21 20 20 20 19 19 19 18 18 18    713
APR  17 17 17 16 16 16 15 15 15 14 14 14 13 13 13 12 12 12 11 11 11 11 10 10 10  9  9  9  9  8       379
MAY   8  8  7  7  7  7  6  6  6  6  5  5  5  5  5  4  4  4  4  3  3  3  3  3  3  2  2  2  2  2  2    139
JUN   1  1  1  1  1  1  1  1  1  0  0  0  0  0  0  0  0  0  0  0  0  0  0  0  0  0  0  0  0  0         9
JUL   0  0  0  0  0  0  0  0  0  0  0  0  0  0  0  0  0  0  0  0  0  0  0  0  0  0  0  0  0  0  0      0
AUG   0  0  0  0  0  0  0  0  0  0  0  0  0  0  0  0  0  0  0  0  0  1  1  1  1  1  1  1  1  1  1     10
SEP   1  1  1  1  1  1  1  1  1  2  2  2  2  2  2  2  2  3  3  3  3  3  3  4  4  4  4  5  5  5        74
OCT   5  6  6  6  6  7  7  7  7  8  8  8  9  9  9 10 10 11 11 11 12 12 13 13 13 14 14 15 15 16 16    314
NOV  17 17 18 18 19 19 20 20 20 21 21 22 22 23 23 24 24 24 25 25 26 26 27 27 27 28 28 29 29 30       699
DEC  30 30 31 31 31 32 32 33 33 33 34 34 34 35 35 35 35 36 36 36 37 37 37 37 38 38 38 39 39 39 39   1084
                                                                                                        
-------------------------------------------------------------------------------------------------       
 Cooling Degree Days                                                                                    
 DAY  1  2  3  4  5  6  7  8  9 10 11 12 13 14 15 16 17 18 19 20 21 22 23 24 25 26 27 28 29 30 31  MONTH
-------------------------------------------------------------------------------------------------       
JAN   0  0  0  0  0  0  0  0  0  0  0  0  0  0  0  0  0  0  0  0  0  0  0  0  0  0  0  0  0  0  0      0
FEB   0  0  0  0  0  0  0  0  0  0  0  0  0  0  0  0  0  0  0  0  0  0  0  0  0  0  0  0               0
MAR   0  0  0  0  0  0  0  0  0  0  0  0  0  0  0  0  0  0  0  0  0  0  0  0  0  0  0  0  0  0  0      0
APR   0  0  0  0  0  0  0  0  0  0  0  0  0  0  0  0  0  0  0  0  0  1  1  1  1  1  1  1  1  1         9
MAY   1  1  1  1  2  2  2  2  2  2  2  2  2  2  3  3  3  3  3  3  3  4  4  4  4  4  4  5  5  5  5     89
JUN   5  5  6  6  6  6  6  7  7  7  7  7  8  8  8  8  8  8  9  9  9  9  9  9 10 10 10 10 10 11       238
JUL  11 11 11 11 11 11 12 12 12 12 12 12 12 12 12 12 12 13 13 13 13 13 13 13 13 13 13 13 13 12 12    378
AUG  12 12 12 12 12 12 12 12 12 12 12 11 11 11 11 11 11 10 10 10 10 10  9  9  9  9  9  8  8  8  8    325
SEP   7  7  7  7  6  6  6  6  5  5  5  5  4  4  4  4  4  3  3  3  3  3  3  2  2  2  2  2  2  2       124
OCT   2  1  1  1  1  1  1  1  1  1  1  1  0  0  0  0  0  0  0  0  0  0  0  0  0  0  0  0  0  0  0     13
NOV   0  0  0  0  0  0  0  0  0  0  0  0  0  0  0  0  0  0  0  0  0  0  0  0  0  0  0  0  0  0         0
DEC   0  0  0  0  0  0  0  0  0  0  0  0  0  0  0  0  0  0  0  0  0  0  0  0  0  0  0  0  0  0  0      0
                                                                                                        
-------------------------------------------------------------------------------------------------       
 Total  Precipitation (Hundreths of an Inch)                                                            
 DAY  1  2  3  4  5  6  7  8  9 10 11 12 13 14 15 16 17 18 19 20 21 22 23 24 25 26 27 28 29 30 31  MONTH
-------------------------------------------------------------------------------------------------       
JAN   6  5  5  5  5  5  5  5  5  5  5  5  5  5  5  5  5  5  5  5  5  5  5  5  5  5  5  5  5  5  5    156
FEB   5  5  6  6  6  6  6  6  6  6  6  6  6  6  7  7  7  7  7  7  7  7  7  7  7  8  8  8             183
MAR   8  8  8  8  8  8  9  9  9  9  9  9  9  9  9  9  9 10 10 10 10 10 10 10 10 10 10 10 10 10 11    288
APR  11 11 11 11 11 11 11 11 11 11 12 12 12 12 12 12 12 12 13 13 13 13 13 14 14 14 14 14 15 15       371
MAY  15 15 16 16 16 16 16 16 16 17 17 17 17 17 17 17 17 17 17 17 17 17 17 17 17 17 17 17 17 17 17    516
JUN  17 17 16 16 16 16 16 16 16 16 16 16 15 15 15 15 15 15 15 15 15 15 15 15 14 14 14 14 14 14       458
JUL  14 14 14 14 14 14 14 14 13 13 13 13 13 13 13 13 13 13 13 13 13 13 13 13 13 13 12 12 12 12 12    406
AUG  12 12 12 12 12 12 12 12 12 12 12 12 12 12 12 13 13 13 13 13 13 13 13 13 14 14 14 14 14 14 15    396
SEP  15 15 15 15 15 15 15 15 16 16 16 16 16 16 16 16 15 15 15 15 15 15 15 14 14 14 14 14 13 13       449
OCT  13 12 12 12 12 11 11 11 11 11 10 10 10 10 10 10 10 10 10 10 10 10  9 10 10 10 10 10 10 10 10    325
NOV  10 10 10 10 10 11 11 11 11 11 11 11 11 11 11 11 11 11 11 11 11 10 10 10 10 10 10 10 10  9       315
DEC   9  9  9  9  9  9  9  8  8  8  8  8  8  8  7  7  7  7  7  7  7  7  6  6  6  6  6  6  6  6  6    229
                                                                                                        
