-------------------------------------------------------------------------------------------------       
 1971-2000 Daily/Monthly Station Normals                                                                
 Provided by National Climatic Data Center/NESDIS/NOAA                                                  
-------------------------------------------------------------------------------------------------       
 Station COOP ID:                           231704                                                      
 Station Name, State, Division, Call:       CLIFTON CITY                       MO 03                    
 Latitude, Longitude, Elevation, Elements:  38 45 00 -093 01 00   730   P                               
-------------------------------------------------------------------------------------------------       
 Total  Precipitation (Hundreths of an Inch)                                                            
 DAY  1  2  3  4  5  6  7  8  9 10 11 12 13 14 15 16 17 18 19 20 21 22 23 24 25 26 27 28 29 30 31  MONTH
-------------------------------------------------------------------------------------------------       
JAN   5  5  5  5  5  5  5  5  5  5  5  5  5  5  5  5  5  5  5  4  4  4  4  4  5  5  5  5  5  5  5    150
FEB   5  5  5  5  5  5  5  5  5  5  5  5  6  6  6  6  6  6  6  6  6  7  7  7  7  7  7  7             163
MAR   8  8  8  8  8  8  8  9  9  9  9  9  9  9 10 10 10 10 10 10 10 10 10 10 11 11 11 11 11 11 11    296
APR  11 11 11 12 12 12 12 12 12 12 12 12 12 12 13 13 13 13 13 13 13 13 14 14 14 14 14 14 14 14       381
MAY  15 15 15 15 15 15 15 15 15 15 15 16 16 16 16 16 16 16 16 16 15 15 15 15 15 15 15 15 15 15 15    474
JUN  15 14 14 14 14 14 14 14 14 14 14 13 13 13 13 13 13 13 13 13 13 13 13 13 13 13 13 14 14 14       405
JUL  14 14 14 14 14 14 14 14 14 14 14 14 14 14 14 14 14 14 14 14 14 13 13 13 13 13 13 13 13 12 12    422
AUG  12 12 12 11 11 11 11 11 11 11 11 11 11 11 11 11 11 11 11 11 11 11 11 11 11 11 11 11 11 12 12    346
SEP  12 12 13 13 13 13 13 13 13 13 13 13 13 13 14 13 13 13 13 13 13 13 13 13 13 13 13 12 12 12       386
OCT  12 12 11 11 11 11 11 11 11 10 10 10 10 10 10 10 10 10 10 10 10 10 10 10 10 11 11 11 11 11 11    327
NOV  11 11 12 12 12 12 12 12 12 12 12 12 12 12 12 12 12 12 12 12 12 12 11 11 11 11 11 11 10 10       348
DEC  10 10  9  9  9  9  9  8  8  8  8  8  7  7  7  7  7  7  7  6  6  6  6  6  6  6  6  6  6  5  5    224
                                                                                                        
